    -0.167407    -3.623395
    -0.165733    -3.623423
    -0.164059    -3.623455
    -0.162385    -3.623489
    -0.160710    -3.623525
    -0.159036    -3.623563
    -0.157362    -3.623603
    -0.155688    -3.623645
    -0.154014    -3.623688
    -0.152340    -3.623732
    -0.150666    -3.623777
    -0.148992    -3.623823
    -0.147318    -3.623869
    -0.145644    -3.623916
    -0.143970    -3.623963
    -0.142296    -3.624010
    -0.140622    -3.624057
    -0.138948    -3.624103
    -0.137274    -3.624149
    -0.135599    -3.624194
    -0.133925    -3.624238
    -0.132251    -3.624281
    -0.130577    -3.624323
    -0.128903    -3.624363
    -0.127229    -3.624402
    -0.125555    -3.624439
    -0.123881    -3.624474
    -0.122207    -3.624507
    -0.120533    -3.624538
    -0.118859    -3.624566
    -0.117185    -3.624592
    -0.115511    -3.624616
    -0.113837    -3.624636
    -0.112163    -3.624654
    -0.110488    -3.624669
    -0.108814    -3.624680
    -0.107140    -3.624688
    -0.105466    -3.624693
    -0.103792    -3.624694
    -0.102118    -3.624692
    -0.100444    -3.624685
    -0.098770    -3.624675
    -0.097096    -3.624661
    -0.095422    -3.624643
    -0.093748    -3.624620
    -0.092074    -3.624593
    -0.090400    -3.624562
    -0.088726    -3.624525
    -0.087051    -3.624485
    -0.085377    -3.624439
    -0.083703    -3.624389
    -0.082029    -3.624334
    -0.080355    -3.624273
    -0.078681    -3.624208
    -0.077007    -3.624137
    -0.075333    -3.624061
    -0.073659    -3.623979
    -0.071985    -3.623892
    -0.070311    -3.623800
    -0.068637    -3.623701
    -0.066963    -3.623597
    -0.065289    -3.623488
    -0.063615    -3.623372
    -0.061940    -3.623250
    -0.060266    -3.623122
    -0.058592    -3.622989
    -0.056918    -3.622849
    -0.055244    -3.622702
    -0.053570    -3.622550
    -0.051896    -3.622391
    -0.050222    -3.622225
    -0.048548    -3.622053
    -0.046874    -3.621875
    -0.045200    -3.621690
    -0.043526    -3.621498
    -0.041852    -3.621299
    -0.040178    -3.621094
    -0.038504    -3.620882
    -0.036829    -3.620662
    -0.035155    -3.620436
    -0.033481    -3.620203
    -0.031807    -3.619963
    -0.030133    -3.619716
    -0.028459    -3.619461
    -0.026785    -3.619200
    -0.025111    -3.618931
    -0.023437    -3.618655
    -0.021763    -3.618371
    -0.020089    -3.618080
    -0.018415    -3.617782
    -0.016741    -3.617476
    -0.015067    -3.617163
    -0.013393    -3.616842
    -0.011718    -3.616514
    -0.010044    -3.616178
    -0.008370    -3.615834
    -0.006696    -3.615483
    -0.005022    -3.615124
    -0.003348    -3.614758
    -0.001674    -3.614383
     0.000000    -3.614009
     0.001674    -3.614381
     0.003348    -3.614756
     0.005022    -3.615122
     0.006696    -3.615481
     0.008370    -3.615832
     0.010044    -3.616176
     0.011718    -3.616512
     0.013393    -3.616840
     0.015067    -3.617161
     0.016741    -3.617474
     0.018415    -3.617780
     0.020089    -3.618078
     0.021763    -3.618369
     0.023437    -3.618653
     0.025111    -3.618929
     0.026785    -3.619198
     0.028459    -3.619459
     0.030133    -3.619714
     0.031807    -3.619961
     0.033481    -3.620201
     0.035155    -3.620434
     0.036829    -3.620660
     0.038504    -3.620879
     0.040178    -3.621092
     0.041852    -3.621297
     0.043526    -3.621496
     0.045200    -3.621687
     0.046874    -3.621872
     0.048548    -3.622051
     0.050222    -3.622223
     0.051896    -3.622388
     0.053570    -3.622547
     0.055244    -3.622700
     0.056918    -3.622846
     0.058592    -3.622986
     0.060266    -3.623120
     0.061940    -3.623247
     0.063615    -3.623369
     0.065289    -3.623485
     0.066963    -3.623594
     0.068637    -3.623698
     0.070311    -3.623796
     0.071985    -3.623889
     0.073659    -3.623976
     0.075333    -3.624057
     0.077007    -3.624133
     0.078681    -3.624204
     0.080355    -3.624269
     0.082029    -3.624330
     0.083703    -3.624385
     0.085377    -3.624435
     0.087051    -3.624480
     0.088726    -3.624521
     0.090400    -3.624557
     0.092074    -3.624588
     0.093748    -3.624615
     0.095422    -3.624638
     0.097096    -3.624656
     0.098770    -3.624670
     0.100444    -3.624680
     0.102118    -3.624686
     0.103792    -3.624689
     0.105466    -3.624687
     0.107140    -3.624683
     0.108814    -3.624674
     0.110488    -3.624663
     0.112163    -3.624648
     0.113837    -3.624630
     0.115511    -3.624609
     0.117185    -3.624586
     0.118859    -3.624560
     0.120533    -3.624531
     0.122207    -3.624500
     0.123881    -3.624467
     0.125555    -3.624432
     0.127229    -3.624395
     0.128903    -3.624356
     0.130577    -3.624315
     0.132251    -3.624274
     0.133925    -3.624231
     0.135599    -3.624186
     0.137274    -3.624141
     0.138948    -3.624095
     0.140622    -3.624049
     0.142296    -3.624002
     0.143970    -3.623955
     0.145644    -3.623908
     0.147318    -3.623861
     0.148992    -3.623815
     0.150666    -3.623769
     0.152340    -3.623723
     0.154014    -3.623679
     0.155688    -3.623636
     0.157362    -3.623594
     0.159036    -3.623554
     0.160710    -3.623516
     0.162385    -3.623480
     0.164059    -3.623446
     0.165733    -3.623414
     0.167407    -3.623386


    -0.167407    -3.535839
    -0.165733    -3.536968
    -0.164059    -3.538093
    -0.162385    -3.539212
    -0.160710    -3.540325
    -0.159036    -3.541434
    -0.157362    -3.542537
    -0.155688    -3.543635
    -0.154014    -3.544727
    -0.152340    -3.545813
    -0.150666    -3.546893
    -0.148992    -3.547968
    -0.147318    -3.549037
    -0.145644    -3.550099
    -0.143970    -3.551156
    -0.142296    -3.552206
    -0.140622    -3.553250
    -0.138948    -3.554288
    -0.137274    -3.555319
    -0.135599    -3.556344
    -0.133925    -3.557363
    -0.132251    -3.558374
    -0.130577    -3.559379
    -0.128903    -3.560378
    -0.127229    -3.561369
    -0.125555    -3.562354
    -0.123881    -3.563331
    -0.122207    -3.564302
    -0.120533    -3.565266
    -0.118859    -3.566222
    -0.117185    -3.567171
    -0.115511    -3.568113
    -0.113837    -3.569048
    -0.112163    -3.569976
    -0.110488    -3.570896
    -0.108814    -3.571808
    -0.107140    -3.572713
    -0.105466    -3.573611
    -0.103792    -3.574501
    -0.102118    -3.575383
    -0.100444    -3.576258
    -0.098770    -3.577125
    -0.097096    -3.577985
    -0.095422    -3.578836
    -0.093748    -3.579680
    -0.092074    -3.580516
    -0.090400    -3.581344
    -0.088726    -3.582165
    -0.087051    -3.582977
    -0.085377    -3.583781
    -0.083703    -3.584578
    -0.082029    -3.585366
    -0.080355    -3.586146
    -0.078681    -3.586919
    -0.077007    -3.587683
    -0.075333    -3.588439
    -0.073659    -3.589187
    -0.071985    -3.589927
    -0.070311    -3.590659
    -0.068637    -3.591382
    -0.066963    -3.592098
    -0.065289    -3.592805
    -0.063615    -3.593504
    -0.061940    -3.594195
    -0.060266    -3.594878
    -0.058592    -3.595552
    -0.056918    -3.596219
    -0.055244    -3.596877
    -0.053570    -3.597526
    -0.051896    -3.598168
    -0.050222    -3.598801
    -0.048548    -3.599426
    -0.046874    -3.600043
    -0.045200    -3.600652
    -0.043526    -3.601252
    -0.041852    -3.601844
    -0.040178    -3.602428
    -0.038504    -3.603004
    -0.036829    -3.603571
    -0.035155    -3.604130
    -0.033481    -3.604681
    -0.031807    -3.605224
    -0.030133    -3.605759
    -0.028459    -3.606285
    -0.026785    -3.606803
    -0.025111    -3.607314
    -0.023437    -3.607816
    -0.021763    -3.608309
    -0.020089    -3.608795
    -0.018415    -3.609273
    -0.016741    -3.609742
    -0.015067    -3.610204
    -0.013393    -3.610657
    -0.011718    -3.611103
    -0.010044    -3.611540
    -0.008370    -3.611970
    -0.006696    -3.612392
    -0.005022    -3.612805
    -0.003348    -3.613211
    -0.001674    -3.613609
     0.000000    -3.613991
     0.001674    -3.613611
     0.003348    -3.613213
     0.005022    -3.612808
     0.006696    -3.612394
     0.008370    -3.611972
     0.010044    -3.611543
     0.011718    -3.611105
     0.013393    -3.610660
     0.015067    -3.610207
     0.016741    -3.609745
     0.018415    -3.609276
     0.020089    -3.608798
     0.021763    -3.608312
     0.023437    -3.607818
     0.025111    -3.607316
     0.026785    -3.606806
     0.028459    -3.606288
     0.030133    -3.605762
     0.031807    -3.605227
     0.033481    -3.604684
     0.035155    -3.604134
     0.036829    -3.603574
     0.038504    -3.603007
     0.040178    -3.602431
     0.041852    -3.601848
     0.043526    -3.601256
     0.045200    -3.600655
     0.046874    -3.600047
     0.048548    -3.599430
     0.050222    -3.598805
     0.051896    -3.598172
     0.053570    -3.597530
     0.055244    -3.596880
     0.056918    -3.596222
     0.058592    -3.595556
     0.060266    -3.594882
     0.061940    -3.594199
     0.063615    -3.593508
     0.065289    -3.592809
     0.066963    -3.592102
     0.068637    -3.591386
     0.070311    -3.590663
     0.071985    -3.589931
     0.073659    -3.589191
     0.075333    -3.588443
     0.077007    -3.587687
     0.078681    -3.586923
     0.080355    -3.586150
     0.082029    -3.585370
     0.083703    -3.584581
     0.085377    -3.583785
     0.087051    -3.582981
     0.088726    -3.582168
     0.090400    -3.581348
     0.092074    -3.580520
     0.093748    -3.579684
     0.095422    -3.578840
     0.097096    -3.577988
     0.098770    -3.577129
     0.100444    -3.576261
     0.102118    -3.575387
     0.103792    -3.574504
     0.105466    -3.573614
     0.107140    -3.572716
     0.108814    -3.571811
     0.110488    -3.570898
     0.112163    -3.569978
     0.113837    -3.569051
     0.115511    -3.568116
     0.117185    -3.567173
     0.118859    -3.566224
     0.120533    -3.565267
     0.122207    -3.564304
     0.123881    -3.563333
     0.125555    -3.562355
     0.127229    -3.561370
     0.128903    -3.560379
     0.130577    -3.559380
     0.132251    -3.558375
     0.133925    -3.557363
     0.135599    -3.556345
     0.137274    -3.555320
     0.138948    -3.554288
     0.140622    -3.553250
     0.142296    -3.552206
     0.143970    -3.551155
     0.145644    -3.550099
     0.147318    -3.549036
     0.148992    -3.547967
     0.150666    -3.546892
     0.152340    -3.545811
     0.154014    -3.544725
     0.155688    -3.543633
     0.157362    -3.542535
     0.159036    -3.541432
     0.160710    -3.540323
     0.162385    -3.539209
     0.164059    -3.538090
     0.165733    -3.536965
     0.167407    -3.535836


    -0.167407    -2.347371
    -0.165733    -2.342253
    -0.164059    -2.337251
    -0.162385    -2.332364
    -0.160710    -2.327588
    -0.159036    -2.322922
    -0.157362    -2.318362
    -0.155688    -2.313907
    -0.154014    -2.309553
    -0.152340    -2.305299
    -0.150666    -2.301140
    -0.148992    -2.297076
    -0.147318    -2.293102
    -0.145644    -2.289217
    -0.143970    -2.285418
    -0.142296    -2.281703
    -0.140622    -2.278068
    -0.138948    -2.274512
    -0.137274    -2.271033
    -0.135599    -2.267628
    -0.133925    -2.264295
    -0.132251    -2.261031
    -0.130577    -2.257836
    -0.128903    -2.254707
    -0.127229    -2.251641
    -0.125555    -2.248639
    -0.123881    -2.245696
    -0.122207    -2.242813
    -0.120533    -2.239988
    -0.118859    -2.237218
    -0.117185    -2.234503
    -0.115511    -2.231841
    -0.113837    -2.229231
    -0.112163    -2.226672
    -0.110488    -2.224162
    -0.108814    -2.221701
    -0.107140    -2.219287
    -0.105466    -2.216920
    -0.103792    -2.214598
    -0.102118    -2.212321
    -0.100444    -2.210087
    -0.098770    -2.207897
    -0.097096    -2.205748
    -0.095422    -2.203641
    -0.093748    -2.201575
    -0.092074    -2.199549
    -0.090400    -2.197562
    -0.088726    -2.195614
    -0.087051    -2.193705
    -0.085377    -2.191833
    -0.083703    -2.189999
    -0.082029    -2.188202
    -0.080355    -2.186441
    -0.078681    -2.184716
    -0.077007    -2.183027
    -0.075333    -2.181373
    -0.073659    -2.179754
    -0.071985    -2.178169
    -0.070311    -2.176619
    -0.068637    -2.175103
    -0.066963    -2.173621
    -0.065289    -2.172172
    -0.063615    -2.170756
    -0.061940    -2.169373
    -0.060266    -2.168023
    -0.058592    -2.166705
    -0.056918    -2.165420
    -0.055244    -2.164166
    -0.053570    -2.162945
    -0.051896    -2.161756
    -0.050222    -2.160598
    -0.048548    -2.159471
    -0.046874    -2.158376
    -0.045200    -2.157312
    -0.043526    -2.156279
    -0.041852    -2.155277
    -0.040178    -2.154306
    -0.038504    -2.153365
    -0.036829    -2.152455
    -0.035155    -2.151575
    -0.033481    -2.150726
    -0.031807    -2.149906
    -0.030133    -2.149117
    -0.028459    -2.148358
    -0.026785    -2.147630
    -0.025111    -2.146930
    -0.023437    -2.146261
    -0.021763    -2.145621
    -0.020089    -2.145011
    -0.018415    -2.144431
    -0.016741    -2.143880
    -0.015067    -2.143359
    -0.013393    -2.142866
    -0.011718    -2.142403
    -0.010044    -2.141970
    -0.008370    -2.141565
    -0.006696    -2.141189
    -0.005022    -2.140843
    -0.003348    -2.140525
    -0.001674    -2.140237
     0.000000    -2.139987
     0.001674    -2.140241
     0.003348    -2.140530
     0.005022    -2.140847
     0.006696    -2.141194
     0.008370    -2.141570
     0.010044    -2.141975
     0.011718    -2.142408
     0.013393    -2.142871
     0.015067    -2.143364
     0.016741    -2.143885
     0.018415    -2.144436
     0.020089    -2.145017
     0.021763    -2.145627
     0.023437    -2.146267
     0.025111    -2.146936
     0.026785    -2.147635
     0.028459    -2.148365
     0.030133    -2.149124
     0.031807    -2.149913
     0.033481    -2.150732
     0.035155    -2.151581
     0.036829    -2.152461
     0.038504    -2.153371
     0.040178    -2.154312
     0.041852    -2.155284
     0.043526    -2.156286
     0.045200    -2.157319
     0.046874    -2.158383
     0.048548    -2.159478
     0.050222    -2.160605
     0.051896    -2.161763
     0.053570    -2.162953
     0.055244    -2.164174
     0.056918    -2.165427
     0.058592    -2.166713
     0.060266    -2.168030
     0.061940    -2.169381
     0.063615    -2.170764
     0.065289    -2.172180
     0.066963    -2.173629
     0.068637    -2.175111
     0.070311    -2.176627
     0.071985    -2.178178
     0.073659    -2.179762
     0.075333    -2.181381
     0.077007    -2.183035
     0.078681    -2.184725
     0.080355    -2.186450
     0.082029    -2.188211
     0.083703    -2.190008
     0.085377    -2.191842
     0.087051    -2.193714
     0.088726    -2.195623
     0.090400    -2.197571
     0.092074    -2.199558
     0.093748    -2.201584
     0.095422    -2.203651
     0.097096    -2.205758
     0.098770    -2.207907
     0.100444    -2.210097
     0.102118    -2.212331
     0.103792    -2.214608
     0.105466    -2.216930
     0.107140    -2.219298
     0.108814    -2.221712
     0.110488    -2.224173
     0.112163    -2.226683
     0.113837    -2.229242
     0.115511    -2.231852
     0.117185    -2.234514
     0.118859    -2.237229
     0.120533    -2.239999
     0.122207    -2.242824
     0.123881    -2.245708
     0.125555    -2.248650
     0.127229    -2.251653
     0.128903    -2.254718
     0.130577    -2.257847
     0.132251    -2.261043
     0.133925    -2.264306
     0.135599    -2.267639
     0.137274    -2.271044
     0.138948    -2.274524
     0.140622    -2.278079
     0.142296    -2.281714
     0.143970    -2.285429
     0.145644    -2.289228
     0.147318    -2.293113
     0.148992    -2.297087
     0.150666    -2.301151
     0.152340    -2.305309
     0.154014    -2.309564
     0.155688    -2.313917
     0.157362    -2.318372
     0.159036    -2.322931
     0.160710    -2.327598
     0.162385    -2.332373
     0.164059    -2.337260
     0.165733    -2.342262
     0.167407    -2.347380


    -0.167407    -2.274774
    -0.165733    -2.270402
    -0.164059    -2.266196
    -0.162385    -2.262149
    -0.160710    -2.258255
    -0.159036    -2.254505
    -0.157362    -2.250893
    -0.155688    -2.247412
    -0.154014    -2.244055
    -0.152340    -2.240815
    -0.150666    -2.237686
    -0.148992    -2.234661
    -0.147318    -2.231735
    -0.145644    -2.228902
    -0.143970    -2.226158
    -0.142296    -2.223497
    -0.140622    -2.220915
    -0.138948    -2.218407
    -0.137274    -2.215971
    -0.135599    -2.213601
    -0.133925    -2.211296
    -0.132251    -2.209051
    -0.130577    -2.206864
    -0.128903    -2.204732
    -0.127229    -2.202653
    -0.125555    -2.200625
    -0.123881    -2.198646
    -0.122207    -2.196712
    -0.120533    -2.194824
    -0.118859    -2.192979
    -0.117185    -2.191176
    -0.115511    -2.189413
    -0.113837    -2.187690
    -0.112163    -2.186004
    -0.110488    -2.184356
    -0.108814    -2.182743
    -0.107140    -2.181165
    -0.105466    -2.179622
    -0.103792    -2.178112
    -0.102118    -2.176636
    -0.100444    -2.175191
    -0.098770    -2.173778
    -0.097096    -2.172396
    -0.095422    -2.171045
    -0.093748    -2.169724
    -0.092074    -2.168433
    -0.090400    -2.167172
    -0.088726    -2.165939
    -0.087051    -2.164736
    -0.085377    -2.163561
    -0.083703    -2.162414
    -0.082029    -2.161296
    -0.080355    -2.160205
    -0.078681    -2.159143
    -0.077007    -2.158108
    -0.075333    -2.157100
    -0.073659    -2.156120
    -0.071985    -2.155168
    -0.070311    -2.154242
    -0.068637    -2.153344
    -0.066963    -2.152473
    -0.065289    -2.151628
    -0.063615    -2.150811
    -0.061940    -2.150021
    -0.060266    -2.149258
    -0.058592    -2.148521
    -0.056918    -2.147812
    -0.055244    -2.147130
    -0.053570    -2.146474
    -0.051896    -2.145846
    -0.050222    -2.145244
    -0.048548    -2.144670
    -0.046874    -2.144122
    -0.045200    -2.143602
    -0.043526    -2.143109
    -0.041852    -2.142643
    -0.040178    -2.142204
    -0.038504    -2.141793
    -0.036829    -2.141408
    -0.035155    -2.141052
    -0.033481    -2.140722
    -0.031807    -2.140420
    -0.030133    -2.140146
    -0.028459    -2.139899
    -0.026785    -2.139679
    -0.025111    -2.139488
    -0.023437    -2.139324
    -0.021763    -2.139188
    -0.020089    -2.139080
    -0.018415    -2.139000
    -0.016741    -2.138948
    -0.015067    -2.138923
    -0.013393    -2.138927
    -0.011718    -2.138960
    -0.010044    -2.139020
    -0.008370    -2.139109
    -0.006696    -2.139226
    -0.005022    -2.139372
    -0.003348    -2.139546
    -0.001674    -2.139749
     0.000000    -2.139970
     0.001674    -2.139745
     0.003348    -2.139542
     0.005022    -2.139368
     0.006696    -2.139223
     0.008370    -2.139106
     0.010044    -2.139017
     0.011718    -2.138957
     0.013393    -2.138925
     0.015067    -2.138921
     0.016741    -2.138945
     0.018415    -2.138997
     0.020089    -2.139078
     0.021763    -2.139186
     0.023437    -2.139322
     0.025111    -2.139486
     0.026785    -2.139678
     0.028459    -2.139897
     0.030133    -2.140144
     0.031807    -2.140419
     0.033481    -2.140721
     0.035155    -2.141051
     0.036829    -2.141408
     0.038504    -2.141792
     0.040178    -2.142204
     0.041852    -2.142643
     0.043526    -2.143109
     0.045200    -2.143603
     0.046874    -2.144123
     0.048548    -2.144671
     0.050222    -2.145245
     0.051896    -2.145847
     0.053570    -2.146476
     0.055244    -2.147131
     0.056918    -2.147814
     0.058592    -2.148523
     0.060266    -2.149260
     0.061940    -2.150023
     0.063615    -2.150814
     0.065289    -2.151631
     0.066963    -2.152475
     0.068637    -2.153347
     0.070311    -2.154245
     0.071985    -2.155171
     0.073659    -2.156124
     0.075333    -2.157104
     0.077007    -2.158112
     0.078681    -2.159147
     0.080355    -2.160210
     0.082029    -2.161300
     0.083703    -2.162419
     0.085377    -2.163566
     0.087051    -2.164741
     0.088726    -2.165944
     0.090400    -2.167177
     0.092074    -2.168439
     0.093748    -2.169730
     0.095422    -2.171051
     0.097096    -2.172402
     0.098770    -2.173784
     0.100444    -2.175197
     0.102118    -2.176642
     0.103792    -2.178119
     0.105466    -2.179628
     0.107140    -2.181172
     0.108814    -2.182749
     0.110488    -2.184362
     0.112163    -2.186011
     0.113837    -2.187697
     0.115511    -2.189420
     0.117185    -2.191183
     0.118859    -2.192986
     0.120533    -2.194831
     0.122207    -2.196719
     0.123881    -2.198653
     0.125555    -2.200632
     0.127229    -2.202660
     0.128903    -2.204739
     0.130577    -2.206871
     0.132251    -2.209058
     0.133925    -2.211302
     0.135599    -2.213608
     0.137274    -2.215977
     0.138948    -2.218414
     0.140622    -2.220921
     0.142296    -2.223504
     0.143970    -2.226165
     0.145644    -2.228909
     0.147318    -2.231741
     0.148992    -2.234667
     0.150666    -2.237692
     0.152340    -2.240821
     0.154014    -2.244061
     0.155688    -2.247419
     0.157362    -2.250899
     0.159036    -2.254511
     0.160710    -2.258260
     0.162385    -2.262155
     0.164059    -2.266201
     0.165733    -2.270407
     0.167407    -2.274779


    -0.167407    -2.077612
    -0.165733    -2.070874
    -0.164059    -2.064018
    -0.162385    -2.057054
    -0.160710    -2.049989
    -0.159036    -2.042833
    -0.157362    -2.035593
    -0.155688    -2.028280
    -0.154014    -2.020902
    -0.152340    -2.013466
    -0.150666    -2.005980
    -0.148992    -1.998454
    -0.147318    -1.990892
    -0.145644    -1.983304
    -0.143970    -1.975695
    -0.142296    -1.968072
    -0.140622    -1.960441
    -0.138948    -1.952808
    -0.137274    -1.945178
    -0.135599    -1.937555
    -0.133925    -1.929946
    -0.132251    -1.922355
    -0.130577    -1.914785
    -0.128903    -1.907242
    -0.127229    -1.899728
    -0.125555    -1.892248
    -0.123881    -1.884804
    -0.122207    -1.877401
    -0.120533    -1.870041
    -0.118859    -1.862728
    -0.117185    -1.855463
    -0.115511    -1.848250
    -0.113837    -1.841090
    -0.112163    -1.833987
    -0.110488    -1.826943
    -0.108814    -1.819960
    -0.107140    -1.813040
    -0.105466    -1.806188
    -0.103792    -1.799416
    -0.102118    -1.792828
    -0.100444    -1.786557
    -0.098770    -1.780386
    -0.097096    -1.774275
    -0.095422    -1.768220
    -0.093748    -1.762220
    -0.092074    -1.756277
    -0.090400    -1.750391
    -0.088726    -1.744562
    -0.087051    -1.738793
    -0.085377    -1.733084
    -0.083703    -1.727435
    -0.082029    -1.721849
    -0.080355    -1.716324
    -0.078681    -1.710864
    -0.077007    -1.705467
    -0.075333    -1.700135
    -0.073659    -1.694869
    -0.071985    -1.689670
    -0.070311    -1.684539
    -0.068637    -1.679475
    -0.066963    -1.674481
    -0.065289    -1.669556
    -0.063615    -1.664702
    -0.061940    -1.659920
    -0.060266    -1.655209
    -0.058592    -1.650573
    -0.056918    -1.646010
    -0.055244    -1.641523
    -0.053570    -1.637111
    -0.051896    -1.632778
    -0.050222    -1.628522
    -0.048548    -1.624347
    -0.046874    -1.620253
    -0.045200    -1.616241
    -0.043526    -1.612314
    -0.041852    -1.608472
    -0.040178    -1.604719
    -0.038504    -1.601056
    -0.036829    -1.597485
    -0.035155    -1.594009
    -0.033481    -1.590631
    -0.031807    -1.587354
    -0.030133    -1.584182
    -0.028459    -1.581117
    -0.026785    -1.578166
    -0.025111    -1.575331
    -0.023437    -1.572619
    -0.021763    -1.570036
    -0.020089    -1.567586
    -0.018415    -1.565279
    -0.016741    -1.563119
    -0.015067    -1.561117
    -0.013393    -1.559278
    -0.011718    -1.557613
    -0.010044    -1.556130
    -0.008370    -1.554837
    -0.006696    -1.553743
    -0.005022    -1.552854
    -0.003348    -1.552177
    -0.001674    -1.551717
     0.000000    -1.551481
     0.001674    -1.551717
     0.003348    -1.552175
     0.005022    -1.552851
     0.006696    -1.553739
     0.008370    -1.554832
     0.010044    -1.556124
     0.011718    -1.557606
     0.013393    -1.559270
     0.015067    -1.561107
     0.016741    -1.563109
     0.018415    -1.565268
     0.020089    -1.567575
     0.021763    -1.570024
     0.023437    -1.572607
     0.025111    -1.575318
     0.026785    -1.578152
     0.028459    -1.581103
     0.030133    -1.584167
     0.031807    -1.587339
     0.033481    -1.590616
     0.035155    -1.593993
     0.036829    -1.597469
     0.038504    -1.601040
     0.040178    -1.604702
     0.041852    -1.608456
     0.043526    -1.612297
     0.045200    -1.616224
     0.046874    -1.620235
     0.048548    -1.624329
     0.050222    -1.628504
     0.051896    -1.632759
     0.053570    -1.637093
     0.055244    -1.641504
     0.056918    -1.645991
     0.058592    -1.650554
     0.060266    -1.655191
     0.061940    -1.659901
     0.063615    -1.664683
     0.065289    -1.669537
     0.066963    -1.674461
     0.068637    -1.679456
     0.070311    -1.684519
     0.071985    -1.689651
     0.073659    -1.694850
     0.075333    -1.700115
     0.077007    -1.705447
     0.078681    -1.710844
     0.080355    -1.716304
     0.082029    -1.721828
     0.083703    -1.727415
     0.085377    -1.733064
     0.087051    -1.738773
     0.088726    -1.744542
     0.090400    -1.750370
     0.092074    -1.756256
     0.093748    -1.762199
     0.095422    -1.768198
     0.097096    -1.774253
     0.098770    -1.780363
     0.100444    -1.786532
     0.102118    -1.792798
     0.103792    -1.799384
     0.105466    -1.806158
     0.107140    -1.813011
     0.108814    -1.819931
     0.110488    -1.826915
     0.112163    -1.833960
     0.113837    -1.841063
     0.115511    -1.848222
     0.117185    -1.855436
     0.118859    -1.862701
     0.120533    -1.870015
     0.122207    -1.877376
     0.123881    -1.884779
     0.125555    -1.892223
     0.127229    -1.899704
     0.128903    -1.907218
     0.130577    -1.914762
     0.132251    -1.922332
     0.133925    -1.929924
     0.135599    -1.937534
     0.137274    -1.945156
     0.138948    -1.952787
     0.140622    -1.960421
     0.142296    -1.968053
     0.143970    -1.975676
     0.145644    -1.983286
     0.147318    -1.990875
     0.148992    -1.998436
     0.150666    -2.005964
     0.152340    -2.013450
     0.154014    -2.020887
     0.155688    -2.028266
     0.157362    -2.035580
     0.159036    -2.042819
     0.160710    -2.049976
     0.162385    -2.057042
     0.164059    -2.064007
     0.165733    -2.070863
     0.167407    -2.077602


    -0.167407    -2.053133
    -0.165733    -2.046706
    -0.164059    -2.040224
    -0.162385    -2.033691
    -0.160710    -2.027111
    -0.159036    -2.020486
    -0.157362    -2.013820
    -0.155688    -2.007118
    -0.154014    -2.000382
    -0.152340    -1.993616
    -0.150666    -1.986825
    -0.148992    -1.980011
    -0.147318    -1.973179
    -0.145644    -1.966331
    -0.143970    -1.959471
    -0.142296    -1.952604
    -0.140622    -1.945731
    -0.138948    -1.938857
    -0.137274    -1.931984
    -0.135599    -1.925116
    -0.133925    -1.918256
    -0.132251    -1.911406
    -0.130577    -1.904570
    -0.128903    -1.897751
    -0.127229    -1.890950
    -0.125555    -1.884170
    -0.123881    -1.877415
    -0.122207    -1.870685
    -0.120533    -1.863985
    -0.118859    -1.857315
    -0.117185    -1.850678
    -0.115511    -1.844075
    -0.113837    -1.837510
    -0.112163    -1.830982
    -0.110488    -1.824495
    -0.108814    -1.818050
    -0.107140    -1.811647
    -0.105466    -1.805286
    -0.103792    -1.798958
    -0.102118    -1.792561
    -0.100444    -1.785967
    -0.098770    -1.779393
    -0.097096    -1.772884
    -0.095422    -1.766445
    -0.093748    -1.760080
    -0.092074    -1.753789
    -0.090400    -1.747574
    -0.088726    -1.741436
    -0.087051    -1.735376
    -0.085377    -1.729395
    -0.083703    -1.723494
    -0.082029    -1.717673
    -0.080355    -1.711933
    -0.078681    -1.706274
    -0.077007    -1.700698
    -0.075333    -1.695205
    -0.073659    -1.689795
    -0.071985    -1.684469
    -0.070311    -1.679227
    -0.068637    -1.674070
    -0.066963    -1.668998
    -0.065289    -1.664011
    -0.063615    -1.659111
    -0.061940    -1.654296
    -0.060266    -1.649569
    -0.058592    -1.644929
    -0.056918    -1.640377
    -0.055244    -1.635913
    -0.053570    -1.631539
    -0.051896    -1.627253
    -0.050222    -1.623058
    -0.048548    -1.618955
    -0.046874    -1.614943
    -0.045200    -1.611024
    -0.043526    -1.607200
    -0.041852    -1.603471
    -0.040178    -1.599839
    -0.038504    -1.596306
    -0.036829    -1.592874
    -0.035155    -1.589544
    -0.033481    -1.586320
    -0.031807    -1.583204
    -0.030133    -1.580199
    -0.028459    -1.577310
    -0.026785    -1.574539
    -0.025111    -1.571891
    -0.023437    -1.569373
    -0.021763    -1.566988
    -0.020089    -1.564743
    -0.018415    -1.562646
    -0.016741    -1.560702
    -0.015067    -1.558921
    -0.013393    -1.557310
    -0.011718    -1.555877
    -0.010044    -1.554631
    -0.008370    -1.553580
    -0.006696    -1.552731
    -0.005022    -1.552092
    -0.003348    -1.551668
    -0.001674    -1.551463
     0.000000    -1.551476
     0.001674    -1.551461
     0.003348    -1.551664
     0.005022    -1.552087
     0.006696    -1.552725
     0.008370    -1.553573
     0.010044    -1.554623
     0.011718    -1.555868
     0.013393    -1.557300
     0.015067    -1.558910
     0.016741    -1.560691
     0.018415    -1.562633
     0.020089    -1.564730
     0.021763    -1.566974
     0.023437    -1.569358
     0.025111    -1.571876
     0.026785    -1.574523
     0.028459    -1.577293
     0.030133    -1.580182
     0.031807    -1.583186
     0.033481    -1.586302
     0.035155    -1.589525
     0.036829    -1.592854
     0.038504    -1.596286
     0.040178    -1.599819
     0.041852    -1.603450
     0.043526    -1.607179
     0.045200    -1.611003
     0.046874    -1.614921
     0.048548    -1.618932
     0.050222    -1.623036
     0.051896    -1.627230
     0.053570    -1.631515
     0.055244    -1.635889
     0.056918    -1.640353
     0.058592    -1.644905
     0.060266    -1.649544
     0.061940    -1.654271
     0.063615    -1.659085
     0.065289    -1.663985
     0.066963    -1.668972
     0.068637    -1.674044
     0.070311    -1.679201
     0.071985    -1.684442
     0.073659    -1.689768
     0.075333    -1.695178
     0.077007    -1.700671
     0.078681    -1.706247
     0.080355    -1.711905
     0.082029    -1.717645
     0.083703    -1.723466
     0.085377    -1.729367
     0.087051    -1.735348
     0.088726    -1.741408
     0.090400    -1.747546
     0.092074    -1.753761
     0.093748    -1.760052
     0.095422    -1.766418
     0.097096    -1.772857
     0.098770    -1.779367
     0.100444    -1.785943
     0.102118    -1.792543
     0.103792    -1.798942
     0.105466    -1.805267
     0.107140    -1.811628
     0.108814    -1.818030
     0.110488    -1.824475
     0.112163    -1.830962
     0.113837    -1.837489
     0.115511    -1.844055
     0.117185    -1.850657
     0.118859    -1.857294
     0.120533    -1.863964
     0.122207    -1.870664
     0.123881    -1.877394
     0.125555    -1.884149
     0.127229    -1.890928
     0.128903    -1.897729
     0.130577    -1.904549
     0.132251    -1.911385
     0.133925    -1.918234
     0.135599    -1.925095
     0.137274    -1.931963
     0.138948    -1.938835
     0.140622    -1.945709
     0.142296    -1.952582
     0.143970    -1.959450
     0.145644    -1.966309
     0.147318    -1.973157
     0.148992    -1.979990
     0.150666    -1.986803
     0.152340    -1.993595
     0.154014    -2.000360
     0.155688    -2.007096
     0.157362    -2.013799
     0.159036    -2.020465
     0.160710    -2.027090
     0.162385    -2.033671
     0.164059    -2.040204
     0.165733    -2.046686
     0.167407    -2.053113


    -0.167407    -1.579033
    -0.165733    -1.575882
    -0.164059    -1.572757
    -0.162385    -1.569661
    -0.160710    -1.566594
    -0.159036    -1.563556
    -0.157362    -1.560548
    -0.155688    -1.557571
    -0.154014    -1.554626
    -0.152340    -1.551713
    -0.150666    -1.548834
    -0.148992    -1.545989
    -0.147318    -1.543179
    -0.145644    -1.540405
    -0.143970    -1.537668
    -0.142296    -1.534968
    -0.140622    -1.532306
    -0.138948    -1.529683
    -0.137274    -1.527100
    -0.135599    -1.524558
    -0.133925    -1.522057
    -0.132251    -1.519598
    -0.130577    -1.517182
    -0.128903    -1.514810
    -0.127229    -1.512482
    -0.125555    -1.510199
    -0.123881    -1.507962
    -0.122207    -1.505772
    -0.120533    -1.503628
    -0.118859    -1.501533
    -0.117185    -1.499487
    -0.115511    -1.497489
    -0.113837    -1.495542
    -0.112163    -1.493645
    -0.110488    -1.491799
    -0.108814    -1.490005
    -0.107140    -1.488263
    -0.105466    -1.486574
    -0.103792    -1.484938
    -0.102118    -1.483355
    -0.100444    -1.481827
    -0.098770    -1.480354
    -0.097096    -1.478936
    -0.095422    -1.477573
    -0.093748    -1.476266
    -0.092074    -1.475015
    -0.090400    -1.473821
    -0.088726    -1.472683
    -0.087051    -1.471602
    -0.085377    -1.470579
    -0.083703    -1.469613
    -0.082029    -1.468705
    -0.080355    -1.467854
    -0.078681    -1.467062
    -0.077007    -1.466327
    -0.075333    -1.465650
    -0.073659    -1.465031
    -0.071985    -1.464470
    -0.070311    -1.463967
    -0.068637    -1.463521
    -0.066963    -1.463133
    -0.065289    -1.462802
    -0.063615    -1.462528
    -0.061940    -1.462311
    -0.060266    -1.462150
    -0.058592    -1.462044
    -0.056918    -1.461994
    -0.055244    -1.461998
    -0.053570    -1.462057
    -0.051896    -1.462168
    -0.050222    -1.462332
    -0.048548    -1.462546
    -0.046874    -1.462811
    -0.045200    -1.463125
    -0.043526    -1.463485
    -0.041852    -1.463892
    -0.040178    -1.464343
    -0.038504    -1.464836
    -0.036829    -1.465369
    -0.035155    -1.465939
    -0.033481    -1.466546
    -0.031807    -1.467184
    -0.030133    -1.467852
    -0.028459    -1.468545
    -0.026785    -1.469258
    -0.025111    -1.469983
    -0.023437    -1.470714
    -0.021763    -1.471444
    -0.020089    -1.472166
    -0.018415    -1.472873
    -0.016741    -1.473558
    -0.015067    -1.474212
    -0.013393    -1.474828
    -0.011718    -1.475398
    -0.010044    -1.475913
    -0.008370    -1.476366
    -0.006696    -1.476747
    -0.005022    -1.477051
    -0.003348    -1.477271
    -0.001674    -1.477404
     0.000000    -1.477446
     0.001674    -1.477399
     0.003348    -1.477262
     0.005022    -1.477040
     0.006696    -1.476735
     0.008370    -1.476354
     0.010044    -1.475902
     0.011718    -1.475388
     0.013393    -1.474819
     0.015067    -1.474203
     0.016741    -1.473550
     0.018415    -1.472866
     0.020089    -1.472160
     0.021763    -1.471439
     0.023437    -1.470710
     0.025111    -1.469981
     0.026785    -1.469258
     0.028459    -1.468549
     0.030133    -1.467859
     0.031807    -1.467194
     0.033481    -1.466557
     0.035155    -1.465953
     0.036829    -1.465384
     0.038504    -1.464851
     0.040178    -1.464359
     0.041852    -1.463909
     0.043526    -1.463502
     0.045200    -1.463142
     0.046874    -1.462828
     0.048548    -1.462563
     0.050222    -1.462349
     0.051896    -1.462185
     0.053570    -1.462074
     0.055244    -1.462015
     0.056918    -1.462011
     0.058592    -1.462061
     0.060266    -1.462166
     0.061940    -1.462327
     0.063615    -1.462544
     0.065289    -1.462818
     0.066963    -1.463149
     0.068637    -1.463537
     0.070311    -1.463982
     0.071985    -1.464485
     0.073659    -1.465046
     0.075333    -1.465665
     0.077007    -1.466341
     0.078681    -1.467076
     0.080355    -1.467868
     0.082029    -1.468719
     0.083703    -1.469627
     0.085377    -1.470592
     0.087051    -1.471615
     0.088726    -1.472696
     0.090400    -1.473833
     0.092074    -1.475027
     0.093748    -1.476278
     0.095422    -1.477584
     0.097096    -1.478947
     0.098770    -1.480365
     0.100444    -1.481838
     0.102118    -1.483366
     0.103792    -1.484948
     0.105466    -1.486583
     0.107140    -1.488272
     0.108814    -1.490014
     0.110488    -1.491808
     0.112163    -1.493654
     0.113837    -1.495550
     0.115511    -1.497497
     0.117185    -1.499494
     0.118859    -1.501541
     0.120533    -1.503636
     0.122207    -1.505778
     0.123881    -1.507969
     0.125555    -1.510205
     0.127229    -1.512488
     0.128903    -1.514815
     0.130577    -1.517187
     0.132251    -1.519603
     0.133925    -1.522062
     0.135599    -1.524563
     0.137274    -1.527105
     0.138948    -1.529687
     0.140622    -1.532310
     0.142296    -1.534972
     0.143970    -1.537671
     0.145644    -1.540408
     0.147318    -1.543182
     0.148992    -1.545992
     0.150666    -1.548837
     0.152340    -1.551715
     0.154014    -1.554628
     0.155688    -1.557573
     0.157362    -1.560549
     0.159036    -1.563557
     0.160710    -1.566595
     0.162385    -1.569662
     0.164059    -1.572758
     0.165733    -1.575882
     0.167407    -1.579033


    -0.167407    -1.549976
    -0.165733    -1.547059
    -0.164059    -1.544186
    -0.162385    -1.541357
    -0.160710    -1.538572
    -0.159036    -1.535833
    -0.157362    -1.533139
    -0.155688    -1.530492
    -0.154014    -1.527890
    -0.152340    -1.525336
    -0.150666    -1.522828
    -0.148992    -1.520368
    -0.147318    -1.517955
    -0.145644    -1.515590
    -0.143970    -1.513274
    -0.142296    -1.511005
    -0.140622    -1.508785
    -0.138948    -1.506614
    -0.137274    -1.504491
    -0.135599    -1.502417
    -0.133925    -1.500392
    -0.132251    -1.498417
    -0.130577    -1.496490
    -0.128903    -1.494613
    -0.127229    -1.492785
    -0.125555    -1.491007
    -0.123881    -1.489277
    -0.122207    -1.487598
    -0.120533    -1.485967
    -0.118859    -1.484386
    -0.117185    -1.482855
    -0.115511    -1.481372
    -0.113837    -1.479939
    -0.112163    -1.478556
    -0.110488    -1.477221
    -0.108814    -1.475936
    -0.107140    -1.474700
    -0.105466    -1.473513
    -0.103792    -1.472375
    -0.102118    -1.471285
    -0.100444    -1.470245
    -0.098770    -1.469254
    -0.097096    -1.468311
    -0.095422    -1.467416
    -0.093748    -1.466571
    -0.092074    -1.465773
    -0.090400    -1.465024
    -0.088726    -1.464323
    -0.087051    -1.463670
    -0.085377    -1.463064
    -0.083703    -1.462507
    -0.082029    -1.461997
    -0.080355    -1.461534
    -0.078681    -1.461119
    -0.077007    -1.460751
    -0.075333    -1.460429
    -0.073659    -1.460154
    -0.071985    -1.459925
    -0.070311    -1.459743
    -0.068637    -1.459606
    -0.066963    -1.459515
    -0.065289    -1.459469
    -0.063615    -1.459468
    -0.061940    -1.459511
    -0.060266    -1.459598
    -0.058592    -1.459728
    -0.056918    -1.459902
    -0.055244    -1.460117
    -0.053570    -1.460375
    -0.051896    -1.460673
    -0.050222    -1.461011
    -0.048548    -1.461388
    -0.046874    -1.461803
    -0.045200    -1.462255
    -0.043526    -1.462743
    -0.041852    -1.463265
    -0.040178    -1.463819
    -0.038504    -1.464403
    -0.036829    -1.465016
    -0.035155    -1.465654
    -0.033481    -1.466315
    -0.031807    -1.466995
    -0.030133    -1.467691
    -0.028459    -1.468400
    -0.026785    -1.469119
    -0.025111    -1.469844
    -0.023437    -1.470574
    -0.021763    -1.471303
    -0.020089    -1.472026
    -0.018415    -1.472735
    -0.016741    -1.473425
    -0.015067    -1.474086
    -0.013393    -1.474711
    -0.011718    -1.475291
    -0.010044    -1.475817
    -0.008370    -1.476280
    -0.006696    -1.476672
    -0.005022    -1.476987
    -0.003348    -1.477218
    -0.001674    -1.477361
     0.000000    -1.477411
     0.001674    -1.477368
     0.003348    -1.477231
     0.005022    -1.477004
     0.006696    -1.476691
     0.008370    -1.476300
     0.010044    -1.475837
     0.011718    -1.475312
     0.013393    -1.474733
     0.015067    -1.474109
     0.016741    -1.473447
     0.018415    -1.472758
     0.020089    -1.472048
     0.021763    -1.471325
     0.023437    -1.470595
     0.025111    -1.469864
     0.026785    -1.469136
     0.028459    -1.468415
     0.030133    -1.467703
     0.031807    -1.467004
     0.033481    -1.466321
     0.035155    -1.465659
     0.036829    -1.465020
     0.038504    -1.464406
     0.040178    -1.463821
     0.041852    -1.463267
     0.043526    -1.462745
     0.045200    -1.462257
     0.046874    -1.461805
     0.048548    -1.461389
     0.050222    -1.461012
     0.051896    -1.460674
     0.053570    -1.460376
     0.055244    -1.460118
     0.056918    -1.459903
     0.058592    -1.459729
     0.060266    -1.459599
     0.061940    -1.459512
     0.063615    -1.459468
     0.065289    -1.459470
     0.066963    -1.459516
     0.068637    -1.459607
     0.070311    -1.459743
     0.071985    -1.459926
     0.073659    -1.460155
     0.075333    -1.460429
     0.077007    -1.460751
     0.078681    -1.461119
     0.080355    -1.461535
     0.082029    -1.461997
     0.083703    -1.462507
     0.085377    -1.463065
     0.087051    -1.463670
     0.088726    -1.464323
     0.090400    -1.465024
     0.092074    -1.465774
     0.093748    -1.466571
     0.095422    -1.467417
     0.097096    -1.468311
     0.098770    -1.469254
     0.100444    -1.470246
     0.102118    -1.471286
     0.103792    -1.472375
     0.105466    -1.473513
     0.107140    -1.474700
     0.108814    -1.475936
     0.110488    -1.477222
     0.112163    -1.478556
     0.113837    -1.479940
     0.115511    -1.481373
     0.117185    -1.482855
     0.118859    -1.484387
     0.120533    -1.485968
     0.122207    -1.487598
     0.123881    -1.489278
     0.125555    -1.491007
     0.127229    -1.492786
     0.128903    -1.494614
     0.130577    -1.496491
     0.132251    -1.498418
     0.133925    -1.500393
     0.135599    -1.502418
     0.137274    -1.504492
     0.138948    -1.506615
     0.140622    -1.508786
     0.142296    -1.511006
     0.143970    -1.513275
     0.145644    -1.515591
     0.147318    -1.517956
     0.148992    -1.520369
     0.150666    -1.522829
     0.152340    -1.525337
     0.154014    -1.527891
     0.155688    -1.530493
     0.157362    -1.533140
     0.159036    -1.535834
     0.160710    -1.538573
     0.162385    -1.541358
     0.164059    -1.544187
     0.165733    -1.547061
     0.167407    -1.549978


    -0.167407    -1.202763
    -0.165733    -1.197823
    -0.164059    -1.192831
    -0.162385    -1.187786
    -0.160710    -1.182688
    -0.159036    -1.177539
    -0.157362    -1.172339
    -0.155688    -1.167641
    -0.154014    -1.163220
    -0.152340    -1.158755
    -0.150666    -1.154244
    -0.148992    -1.149686
    -0.147318    -1.145081
    -0.145644    -1.140427
    -0.143970    -1.135723
    -0.142296    -1.130969
    -0.140622    -1.126164
    -0.138948    -1.121307
    -0.137274    -1.116397
    -0.135599    -1.111434
    -0.133925    -1.106418
    -0.132251    -1.101346
    -0.130577    -1.096220
    -0.128903    -1.091037
    -0.127229    -1.085799
    -0.125555    -1.080504
    -0.123881    -1.075152
    -0.122207    -1.069743
    -0.120533    -1.064276
    -0.118859    -1.058752
    -0.117185    -1.053170
    -0.115511    -1.047530
    -0.113837    -1.041833
    -0.112163    -1.036078
    -0.110488    -1.030266
    -0.108814    -1.024396
    -0.107140    -1.018471
    -0.105466    -1.012489
    -0.103792    -1.006452
    -0.102118    -1.000360
    -0.100444    -0.994214
    -0.098770    -0.988016
    -0.097096    -0.981766
    -0.095422    -0.975465
    -0.093748    -0.969115
    -0.092074    -0.962717
    -0.090400    -0.956274
    -0.088726    -0.949786
    -0.087051    -0.943255
    -0.085377    -0.936685
    -0.083703    -0.930076
    -0.082029    -0.923432
    -0.080355    -0.916754
    -0.078681    -0.910046
    -0.077007    -0.903311
    -0.075333    -0.896552
    -0.073659    -0.889772
    -0.071985    -0.882975
    -0.070311    -0.876164
    -0.068637    -0.869344
    -0.066963    -0.862520
    -0.065289    -0.855695
    -0.063615    -0.848874
    -0.061940    -0.842064
    -0.060266    -0.835268
    -0.058592    -0.828494
    -0.056918    -0.821748
    -0.055244    -0.815035
    -0.053570    -0.808364
    -0.051896    -0.801740
    -0.050222    -0.795173
    -0.048548    -0.788669
    -0.046874    -0.782239
    -0.045200    -0.775891
    -0.043526    -0.769634
    -0.041852    -0.763478
    -0.040178    -0.757435
    -0.038504    -0.751514
    -0.036829    -0.745727
    -0.035155    -0.740087
    -0.033481    -0.734604
    -0.031807    -0.729291
    -0.030133    -0.724161
    -0.028459    -0.719227
    -0.026785    -0.714501
    -0.025111    -0.709995
    -0.023437    -0.705723
    -0.021763    -0.701696
    -0.020089    -0.697926
    -0.018415    -0.694424
    -0.016741    -0.691200
    -0.015067    -0.688262
    -0.013393    -0.685620
    -0.011718    -0.683280
    -0.010044    -0.681247
    -0.008370    -0.679526
    -0.006696    -0.678119
    -0.005022    -0.677029
    -0.003348    -0.676257
    -0.001674    -0.675797
     0.000000    -0.675642
     0.001674    -0.675793
     0.003348    -0.676254
     0.005022    -0.677030
     0.006696    -0.678121
     0.008370    -0.679529
     0.010044    -0.681250
     0.011718    -0.683283
     0.013393    -0.685623
     0.015067    -0.688265
     0.016741    -0.691202
     0.018415    -0.694426
     0.020089    -0.697928
     0.021763    -0.701697
     0.023437    -0.705724
     0.025111    -0.709996
     0.026785    -0.714501
     0.028459    -0.719227
     0.030133    -0.724161
     0.031807    -0.729291
     0.033481    -0.734603
     0.035155    -0.740086
     0.036829    -0.745726
     0.038504    -0.751513
     0.040178    -0.757433
     0.041852    -0.763477
     0.043526    -0.769632
     0.045200    -0.775889
     0.046874    -0.782237
     0.048548    -0.788667
     0.050222    -0.795170
     0.051896    -0.801738
     0.053570    -0.808361
     0.055244    -0.815033
     0.056918    -0.821745
     0.058592    -0.828492
     0.060266    -0.835266
     0.061940    -0.842061
     0.063615    -0.848871
     0.065289    -0.855692
     0.066963    -0.862516
     0.068637    -0.869341
     0.070311    -0.876161
     0.071985    -0.882971
     0.073659    -0.889769
     0.075333    -0.896549
     0.077007    -0.903308
     0.078681    -0.910043
     0.080355    -0.916751
     0.082029    -0.923428
     0.083703    -0.930073
     0.085377    -0.936682
     0.087051    -0.943252
     0.088726    -0.949783
     0.090400    -0.956271
     0.092074    -0.962714
     0.093748    -0.969112
     0.095422    -0.975462
     0.097096    -0.981763
     0.098770    -0.988013
     0.100444    -0.994211
     0.102118    -1.000357
     0.103792    -1.006449
     0.105466    -1.012486
     0.107140    -1.018468
     0.108814    -1.024394
     0.110488    -1.030263
     0.112163    -1.036075
     0.113837    -1.041830
     0.115511    -1.047528
     0.117185    -1.053168
     0.118859    -1.058750
     0.120533    -1.064274
     0.122207    -1.069741
     0.123881    -1.075150
     0.125555    -1.080502
     0.127229    -1.085797
     0.128903    -1.091036
     0.130577    -1.096218
     0.132251    -1.101345
     0.133925    -1.106417
     0.135599    -1.111434
     0.137274    -1.116397
     0.138948    -1.121306
     0.140622    -1.126163
     0.142296    -1.130969
     0.143970    -1.135723
     0.145644    -1.140427
     0.147318    -1.145081
     0.148992    -1.149687
     0.150666    -1.154244
     0.152340    -1.158755
     0.154014    -1.163220
     0.155688    -1.167641
     0.157362    -1.172332
     0.159036    -1.177531
     0.160710    -1.182681
     0.162385    -1.187778
     0.164059    -1.192822
     0.165733    -1.197814
     0.167407    -1.202754


    -0.167407    -1.197385
    -0.165733    -1.193256
    -0.164059    -1.189089
    -0.162385    -1.184882
    -0.160710    -1.180634
    -0.159036    -1.176344
    -0.157362    -1.172009
    -0.155688    -1.167077
    -0.154014    -1.161771
    -0.152340    -1.156413
    -0.150666    -1.151002
    -0.148992    -1.145541
    -0.147318    -1.140028
    -0.145644    -1.134466
    -0.143970    -1.128854
    -0.142296    -1.123192
    -0.140622    -1.117483
    -0.138948    -1.111725
    -0.137274    -1.105921
    -0.135599    -1.100070
    -0.133925    -1.094175
    -0.132251    -1.088235
    -0.130577    -1.082251
    -0.128903    -1.076226
    -0.127229    -1.070159
    -0.125555    -1.064052
    -0.123881    -1.057907
    -0.122207    -1.051724
    -0.120533    -1.045505
    -0.118859    -1.039252
    -0.117185    -1.032965
    -0.115511    -1.026646
    -0.113837    -1.020297
    -0.112163    -1.013919
    -0.110488    -1.007515
    -0.108814    -1.001085
    -0.107140    -0.994633
    -0.105466    -0.988158
    -0.103792    -0.981664
    -0.102118    -0.975152
    -0.100444    -0.968625
    -0.098770    -0.962084
    -0.097096    -0.955532
    -0.095422    -0.948971
    -0.093748    -0.942403
    -0.092074    -0.935830
    -0.090400    -0.929255
    -0.088726    -0.922681
    -0.087051    -0.916109
    -0.085377    -0.909543
    -0.083703    -0.902985
    -0.082029    -0.896438
    -0.080355    -0.889905
    -0.078681    -0.883388
    -0.077007    -0.876891
    -0.075333    -0.870416
    -0.073659    -0.863967
    -0.071985    -0.857546
    -0.070311    -0.851158
    -0.068637    -0.844805
    -0.066963    -0.838492
    -0.065289    -0.832220
    -0.063615    -0.825995
    -0.061940    -0.819820
    -0.060266    -0.813699
    -0.058592    -0.807636
    -0.056918    -0.801634
    -0.055244    -0.795699
    -0.053570    -0.789835
    -0.051896    -0.784045
    -0.050222    -0.778336
    -0.048548    -0.772711
    -0.046874    -0.767176
    -0.045200    -0.761735
    -0.043526    -0.756395
    -0.041852    -0.751161
    -0.040178    -0.746039
    -0.038504    -0.741034
    -0.036829    -0.736152
    -0.035155    -0.731402
    -0.033481    -0.726788
    -0.031807    -0.722318
    -0.030133    -0.718000
    -0.028459    -0.713840
    -0.026785    -0.709847
    -0.025111    -0.706028
    -0.023437    -0.702392
    -0.021763    -0.698947
    -0.020089    -0.695702
    -0.018415    -0.692666
    -0.016741    -0.689848
    -0.015067    -0.687257
    -0.013393    -0.684903
    -0.011718    -0.682794
    -0.010044    -0.680939
    -0.008370    -0.679348
    -0.006696    -0.678029
    -0.005022    -0.676989
    -0.003348    -0.676234
    -0.001674    -0.675776
     0.000000    -0.675624
     0.001674    -0.675779
     0.003348    -0.676236
     0.005022    -0.676987
     0.006696    -0.678025
     0.008370    -0.679343
     0.010044    -0.680933
     0.011718    -0.682787
     0.013393    -0.684896
     0.015067    -0.687250
     0.016741    -0.689841
     0.018415    -0.692659
     0.020089    -0.695695
     0.021763    -0.698939
     0.023437    -0.702384
     0.025111    -0.706020
     0.026785    -0.709839
     0.028459    -0.713832
     0.030133    -0.717992
     0.031807    -0.722311
     0.033481    -0.726781
     0.035155    -0.731395
     0.036829    -0.736146
     0.038504    -0.741027
     0.040178    -0.746032
     0.041852    -0.751155
     0.043526    -0.756389
     0.045200    -0.761730
     0.046874    -0.767170
     0.048548    -0.772706
     0.050222    -0.778331
     0.051896    -0.784041
     0.053570    -0.789830
     0.055244    -0.795695
     0.056918    -0.801631
     0.058592    -0.807632
     0.060266    -0.813696
     0.061940    -0.819817
     0.063615    -0.825993
     0.065289    -0.832218
     0.066963    -0.838489
     0.068637    -0.844803
     0.070311    -0.851156
     0.071985    -0.857545
     0.073659    -0.863965
     0.075333    -0.870415
     0.077007    -0.876890
     0.078681    -0.883387
     0.080355    -0.889904
     0.082029    -0.896438
     0.083703    -0.902985
     0.085377    -0.909543
     0.087051    -0.916109
     0.088726    -0.922681
     0.090400    -0.929256
     0.092074    -0.935830
     0.093748    -0.942403
     0.095422    -0.948971
     0.097096    -0.955533
     0.098770    -0.962085
     0.100444    -0.968625
     0.102118    -0.975153
     0.103792    -0.981664
     0.105466    -0.988158
     0.107140    -0.994633
     0.108814    -1.001086
     0.110488    -1.007515
     0.112163    -1.013919
     0.113837    -1.020297
     0.115511    -1.026646
     0.117185    -1.032964
     0.118859    -1.039251
     0.120533    -1.045505
     0.122207    -1.051723
     0.123881    -1.057906
     0.125555    -1.064051
     0.127229    -1.070157
     0.128903    -1.076224
     0.130577    -1.082249
     0.132251    -1.088232
     0.133925    -1.094172
     0.135599    -1.100067
     0.137274    -1.105918
     0.138948    -1.111722
     0.140622    -1.117479
     0.142296    -1.123188
     0.143970    -1.128849
     0.145644    -1.134461
     0.147318    -1.140023
     0.148992    -1.145535
     0.150666    -1.150997
     0.152340    -1.156407
     0.154014    -1.161765
     0.155688    -1.167071
     0.157362    -1.172010
     0.159036    -1.176345
     0.160710    -1.180635
     0.162385    -1.184883
     0.164059    -1.189090
     0.165733    -1.193258
     0.167407    -1.197387


    -0.167407    -0.452083
    -0.165733    -0.448771
    -0.164059    -0.445503
    -0.162385    -0.442281
    -0.160710    -0.439104
    -0.159036    -0.435974
    -0.157362    -0.432892
    -0.155688    -0.429857
    -0.154014    -0.426871
    -0.152340    -0.423933
    -0.150666    -0.421046
    -0.148992    -0.418208
    -0.147318    -0.415421
    -0.145644    -0.412686
    -0.143970    -0.410003
    -0.142296    -0.407372
    -0.140622    -0.404794
    -0.138948    -0.402269
    -0.137274    -0.399799
    -0.135599    -0.397383
    -0.133925    -0.395022
    -0.132251    -0.392717
    -0.130577    -0.390468
    -0.128903    -0.388275
    -0.127229    -0.386139
    -0.125555    -0.384060
    -0.123881    -0.382038
    -0.122207    -0.380075
    -0.120533    -0.378170
    -0.118859    -0.376323
    -0.117185    -0.374535
    -0.115511    -0.372806
    -0.113837    -0.371137
    -0.112163    -0.369527
    -0.110488    -0.367976
    -0.108814    -0.366485
    -0.107140    -0.365053
    -0.105466    -0.363681
    -0.103792    -0.362368
    -0.102118    -0.361115
    -0.100444    -0.359921
    -0.098770    -0.358785
    -0.097096    -0.357709
    -0.095422    -0.356690
    -0.093748    -0.355729
    -0.092074    -0.354826
    -0.090400    -0.353978
    -0.088726    -0.353187
    -0.087051    -0.352450
    -0.085377    -0.351768
    -0.083703    -0.351138
    -0.082029    -0.350560
    -0.080355    -0.350033
    -0.078681    -0.349554
    -0.077007    -0.349123
    -0.075333    -0.348737
    -0.073659    -0.348395
    -0.071985    -0.348094
    -0.070311    -0.347832
    -0.068637    -0.347607
    -0.066963    -0.347415
    -0.065289    -0.347254
    -0.063615    -0.347121
    -0.061940    -0.347011
    -0.060266    -0.346921
    -0.058592    -0.346847
    -0.056918    -0.346783
    -0.055244    -0.346726
    -0.053570    -0.346670
    -0.051896    -0.346610
    -0.050222    -0.346538
    -0.048548    -0.346449
    -0.046874    -0.346336
    -0.045200    -0.346192
    -0.043526    -0.346008
    -0.041852    -0.345776
    -0.040178    -0.345488
    -0.038504    -0.345134
    -0.036829    -0.344705
    -0.035155    -0.344190
    -0.033481    -0.343579
    -0.031807    -0.342863
    -0.030133    -0.342028
    -0.028459    -0.341065
    -0.026785    -0.339963
    -0.025111    -0.338710
    -0.023437    -0.337296
    -0.021763    -0.335710
    -0.020089    -0.333942
    -0.018415    -0.331983
    -0.016741    -0.329824
    -0.015067    -0.327459
    -0.013393    -0.324880
    -0.011718    -0.322082
    -0.010044    -0.319062
    -0.008370    -0.315817
    -0.006696    -0.312347
    -0.005022    -0.308652
    -0.003348    -0.304735
    -0.001674    -0.300598
     0.000000    -0.296267
     0.001674    -0.300616
     0.003348    -0.304753
     0.005022    -0.308671
     0.006696    -0.312367
     0.008370    -0.315838
     0.010044    -0.319083
     0.011718    -0.322103
     0.013393    -0.324901
     0.015067    -0.327481
     0.016741    -0.329847
     0.018415    -0.332006
     0.020089    -0.333965
     0.021763    -0.335733
     0.023437    -0.337320
     0.025111    -0.338734
     0.026785    -0.339987
     0.028459    -0.341090
     0.030133    -0.342053
     0.031807    -0.342887
     0.033481    -0.343604
     0.035155    -0.344214
     0.036829    -0.344729
     0.038504    -0.345158
     0.040178    -0.345512
     0.041852    -0.345800
     0.043526    -0.346032
     0.045200    -0.346216
     0.046874    -0.346360
     0.048548    -0.346473
     0.050222    -0.346561
     0.051896    -0.346633
     0.053570    -0.346693
     0.055244    -0.346749
     0.056918    -0.346806
     0.058592    -0.346869
     0.060266    -0.346943
     0.061940    -0.347033
     0.063615    -0.347142
     0.065289    -0.347275
     0.066963    -0.347436
     0.068637    -0.347627
     0.070311    -0.347852
     0.071985    -0.348114
     0.073659    -0.348414
     0.075333    -0.348756
     0.077007    -0.349141
     0.078681    -0.349572
     0.080355    -0.350051
     0.082029    -0.350578
     0.083703    -0.351155
     0.085377    -0.351785
     0.087051    -0.352467
     0.088726    -0.353203
     0.090400    -0.353994
     0.092074    -0.354841
     0.093748    -0.355744
     0.095422    -0.356705
     0.097096    -0.357723
     0.098770    -0.358799
     0.100444    -0.359934
     0.102118    -0.361128
     0.103792    -0.362381
     0.105466    -0.363693
     0.107140    -0.365065
     0.108814    -0.366496
     0.110488    -0.367987
     0.112163    -0.369538
     0.113837    -0.371148
     0.115511    -0.372817
     0.117185    -0.374546
     0.118859    -0.376333
     0.120533    -0.378180
     0.122207    -0.380085
     0.123881    -0.382048
     0.125555    -0.384069
     0.127229    -0.386148
     0.128903    -0.388284
     0.130577    -0.390476
     0.132251    -0.392725
     0.133925    -0.395031
     0.135599    -0.397391
     0.137274    -0.399807
     0.138948    -0.402277
     0.140622    -0.404801
     0.142296    -0.407379
     0.143970    -0.410010
     0.145644    -0.412694
     0.147318    -0.415429
     0.148992    -0.418216
     0.150666    -0.421053
     0.152340    -0.423941
     0.154014    -0.426878
     0.155688    -0.429864
     0.157362    -0.432899
     0.159036    -0.435981
     0.160710    -0.439111
     0.162385    -0.442288
     0.164059    -0.445510
     0.165733    -0.448778
     0.167407    -0.452090


    -0.167407    -0.385918
    -0.165733    -0.380516
    -0.164059    -0.375121
    -0.162385    -0.369734
    -0.160710    -0.364354
    -0.159036    -0.358983
    -0.157362    -0.353620
    -0.155688    -0.348266
    -0.154014    -0.342921
    -0.152340    -0.337585
    -0.150666    -0.332258
    -0.148992    -0.326942
    -0.147318    -0.321636
    -0.145644    -0.316340
    -0.143970    -0.311056
    -0.142296    -0.305784
    -0.140622    -0.300524
    -0.138948    -0.295276
    -0.137274    -0.290042
    -0.135599    -0.284821
    -0.133925    -0.279615
    -0.132251    -0.274425
    -0.130577    -0.269251
    -0.128903    -0.264093
    -0.127229    -0.258954
    -0.125555    -0.253833
    -0.123881    -0.248733
    -0.122207    -0.243655
    -0.120533    -0.238599
    -0.118859    -0.233567
    -0.117185    -0.228562
    -0.115511    -0.223584
    -0.113837    -0.218636
    -0.112163    -0.213720
    -0.110488    -0.208840
    -0.108814    -0.203996
    -0.107140    -0.199193
    -0.105466    -0.194434
    -0.103792    -0.189723
    -0.102118    -0.185064
    -0.100444    -0.180462
    -0.098770    -0.175921
    -0.097096    -0.171449
    -0.095422    -0.167052
    -0.093748    -0.162736
    -0.092074    -0.158511
    -0.090400    -0.154385
    -0.088726    -0.150370
    -0.087051    -0.146476
    -0.085377    -0.142716
    -0.083703    -0.139105
    -0.082029    -0.135659
    -0.080355    -0.132395
    -0.078681    -0.129333
    -0.077007    -0.126493
    -0.075333    -0.123899
    -0.073659    -0.121575
    -0.071985    -0.119546
    -0.070311    -0.117840
    -0.068637    -0.116482
    -0.066963    -0.115500
    -0.065289    -0.114918
    -0.063615    -0.114760
    -0.061940    -0.115044
    -0.060266    -0.115785
    -0.058592    -0.116992
    -0.056918    -0.118668
    -0.055244    -0.120810
    -0.053570    -0.123407
    -0.051896    -0.126444
    -0.050222    -0.129898
    -0.048548    -0.133745
    -0.046874    -0.137955
    -0.045200    -0.142499
    -0.043526    -0.147344
    -0.041852    -0.152458
    -0.040178    -0.157809
    -0.038504    -0.163368
    -0.036829    -0.169103
    -0.035155    -0.174988
    -0.033481    -0.180996
    -0.031807    -0.187101
    -0.030133    -0.193280
    -0.028459    -0.199511
    -0.026785    -0.205773
    -0.025111    -0.212045
    -0.023437    -0.218309
    -0.021763    -0.224546
    -0.020089    -0.230740
    -0.018415    -0.236874
    -0.016741    -0.242932
    -0.015067    -0.248899
    -0.013393    -0.254760
    -0.011718    -0.260500
    -0.010044    -0.266107
    -0.008370    -0.271567
    -0.006696    -0.276868
    -0.005022    -0.281999
    -0.003348    -0.286948
    -0.001674    -0.291707
     0.000000    -0.296246
     0.001674    -0.291690
     0.003348    -0.286932
     0.005022    -0.281983
     0.006696    -0.276853
     0.008370    -0.271552
     0.010044    -0.266092
     0.011718    -0.260486
     0.013393    -0.254746
     0.015067    -0.248886
     0.016741    -0.242920
     0.018415    -0.236862
     0.020089    -0.230729
     0.021763    -0.224535
     0.023437    -0.218298
     0.025111    -0.212034
     0.026785    -0.205763
     0.028459    -0.199501
     0.030133    -0.193271
     0.031807    -0.187092
     0.033481    -0.180987
     0.035155    -0.174980
     0.036829    -0.169095
     0.038504    -0.163359
     0.040178    -0.157801
     0.041852    -0.152449
     0.043526    -0.147336
     0.045200    -0.142491
     0.046874    -0.137947
     0.048548    -0.133736
     0.050222    -0.129889
     0.051896    -0.126435
     0.053570    -0.123398
     0.055244    -0.120801
     0.056918    -0.118658
     0.058592    -0.116982
     0.060266    -0.115774
     0.061940    -0.115032
     0.063615    -0.114748
     0.065289    -0.114905
     0.066963    -0.115487
     0.068637    -0.116468
     0.070311    -0.117826
     0.071985    -0.119532
     0.073659    -0.121560
     0.075333    -0.123884
     0.077007    -0.126477
     0.078681    -0.129316
     0.080355    -0.132378
     0.082029    -0.135641
     0.083703    -0.139087
     0.085377    -0.142698
     0.087051    -0.146457
     0.088726    -0.150351
     0.090400    -0.154366
     0.092074    -0.158492
     0.093748    -0.162717
     0.095422    -0.167032
     0.097096    -0.171430
     0.098770    -0.175902
     0.100444    -0.180442
     0.102118    -0.185045
     0.103792    -0.189704
     0.105466    -0.194415
     0.107140    -0.199174
     0.108814    -0.203977
     0.110488    -0.208821
     0.112163    -0.213702
     0.113837    -0.218618
     0.115511    -0.223566
     0.117185    -0.228544
     0.118859    -0.233549
     0.120533    -0.238581
     0.122207    -0.243638
     0.123881    -0.248717
     0.125555    -0.253817
     0.127229    -0.258938
     0.128903    -0.264078
     0.130577    -0.269235
     0.132251    -0.274410
     0.133925    -0.279601
     0.135599    -0.284808
     0.137274    -0.290028
     0.138948    -0.295263
     0.140622    -0.300511
     0.142296    -0.305772
     0.143970    -0.311045
     0.145644    -0.316330
     0.147318    -0.321626
     0.148992    -0.326932
     0.150666    -0.332249
     0.152340    -0.337576
     0.154014    -0.342913
     0.155688    -0.348259
     0.157362    -0.353614
     0.159036    -0.358977
     0.160710    -0.364349
     0.162385    -0.369729
     0.164059    -0.375117
     0.165733    -0.380512
     0.167407    -0.385915


    -0.167407     0.616844
    -0.165733     0.608359
    -0.164059     0.599854
    -0.162385     0.591331
    -0.160710     0.582789
    -0.159036     0.574229
    -0.157362     0.565652
    -0.155688     0.557058
    -0.154014     0.548448
    -0.152340     0.539823
    -0.150666     0.531183
    -0.148992     0.522529
    -0.147318     0.513863
    -0.145644     0.505184
    -0.143970     0.496493
    -0.142296     0.487792
    -0.140622     0.479082
    -0.138948     0.470364
    -0.137274     0.461638
    -0.135599     0.452906
    -0.133925     0.444169
    -0.132251     0.435429
    -0.130577     0.426686
    -0.128903     0.417944
    -0.127229     0.409202
    -0.125555     0.400463
    -0.123881     0.391728
    -0.122207     0.383001
    -0.120533     0.374282
    -0.118859     0.365575
    -0.117185     0.356881
    -0.115511     0.348203
    -0.113837     0.339545
    -0.112163     0.330909
    -0.110488     0.322300
    -0.108814     0.313720
    -0.107140     0.305174
    -0.105466     0.296666
    -0.103792     0.288202
    -0.102118     0.279786
    -0.100444     0.271426
    -0.098770     0.263126
    -0.097096     0.254895
    -0.095422     0.246740
    -0.093748     0.238670
    -0.092074     0.230695
    -0.090400     0.222825
    -0.088726     0.215073
    -0.087051     0.207452
    -0.085377     0.199975
    -0.083703     0.192660
    -0.082029     0.185524
    -0.080355     0.178586
    -0.078681     0.171867
    -0.077007     0.165391
    -0.075333     0.159182
    -0.073659     0.153267
    -0.071985     0.147673
    -0.070311     0.142430
    -0.068637     0.137566
    -0.066963     0.133111
    -0.065289     0.129092
    -0.063615     0.125535
    -0.061940     0.122461
    -0.060266     0.119889
    -0.058592     0.117829
    -0.056918     0.116289
    -0.055244     0.115267
    -0.053570     0.114758
    -0.051896     0.114748
    -0.050222     0.115219
    -0.048548     0.116151
    -0.046874     0.117519
    -0.045200     0.119296
    -0.043526     0.121454
    -0.041852     0.123966
    -0.040178     0.126806
    -0.038504     0.129948
    -0.036829     0.133368
    -0.035155     0.137042
    -0.033481     0.140951
    -0.031807     0.145075
    -0.030133     0.149397
    -0.028459     0.153902
    -0.026785     0.158575
    -0.025111     0.163403
    -0.023437     0.168375
    -0.021763     0.173480
    -0.020089     0.178710
    -0.018415     0.184055
    -0.016741     0.189509
    -0.015067     0.195064
    -0.013393     0.200714
    -0.011718     0.206453
    -0.010044     0.212277
    -0.008370     0.218180
    -0.006696     0.224158
    -0.005022     0.230207
    -0.003348     0.236324
    -0.001674     0.242504
     0.000000     0.248743
     0.001674     0.242509
     0.003348     0.236328
     0.005022     0.230212
     0.006696     0.224163
     0.008370     0.218185
     0.010044     0.212283
     0.011718     0.206459
     0.013393     0.200720
     0.015067     0.195071
     0.016741     0.189516
     0.018415     0.184063
     0.020089     0.178718
     0.021763     0.173489
     0.023437     0.168384
     0.025111     0.163412
     0.026785     0.158585
     0.028459     0.153912
     0.030133     0.149408
     0.031807     0.145086
     0.033481     0.140963
     0.035155     0.137054
     0.036829     0.133380
     0.038504     0.129960
     0.040178     0.126819
     0.041852     0.123979
     0.043526     0.121467
     0.045200     0.119308
     0.046874     0.117532
     0.048548     0.116164
     0.050222     0.115232
     0.051896     0.114760
     0.053570     0.114770
     0.055244     0.115279
     0.056918     0.116300
     0.058592     0.117840
     0.060266     0.119899
     0.061940     0.122471
     0.063615     0.125544
     0.065289     0.129101
     0.066963     0.133119
     0.068637     0.137573
     0.070311     0.142436
     0.071985     0.147679
     0.073659     0.153272
     0.075333     0.159187
     0.077007     0.165395
     0.078681     0.171871
     0.080355     0.178589
     0.082029     0.185526
     0.083703     0.192662
     0.085377     0.199977
     0.087051     0.207453
     0.088726     0.215074
     0.090400     0.222825
     0.092074     0.230694
     0.093748     0.238669
     0.095422     0.246738
     0.097096     0.254893
     0.098770     0.263124
     0.100444     0.271423
     0.102118     0.279784
     0.103792     0.288199
     0.105466     0.296663
     0.107140     0.305170
     0.108814     0.313715
     0.110488     0.322295
     0.112163     0.330904
     0.113837     0.339540
     0.115511     0.348197
     0.117185     0.356875
     0.118859     0.365568
     0.120533     0.374276
     0.122207     0.382994
     0.123881     0.391721
     0.125555     0.400456
     0.127229     0.409194
     0.128903     0.417936
     0.130577     0.426679
     0.132251     0.435421
     0.133925     0.444161
     0.135599     0.452897
     0.137274     0.461629
     0.138948     0.470355
     0.140622     0.479073
     0.142296     0.487783
     0.143970     0.496484
     0.145644     0.505174
     0.147318     0.513853
     0.148992     0.522519
     0.150666     0.531173
     0.152340     0.539813
     0.154014     0.548438
     0.155688     0.557047
     0.157362     0.565641
     0.159036     0.574218
     0.160710     0.582778
     0.162385     0.591320
     0.164059     0.599843
     0.165733     0.608348
     0.167407     0.616833


    -0.167407     0.891801
    -0.165733     0.886423
    -0.164059     0.881025
    -0.162385     0.875606
    -0.160710     0.870167
    -0.159036     0.864707
    -0.157362     0.859225
    -0.155688     0.853721
    -0.154014     0.848194
    -0.152340     0.842645
    -0.150666     0.837072
    -0.148992     0.831475
    -0.147318     0.825854
    -0.145644     0.820208
    -0.143970     0.814537
    -0.142296     0.808840
    -0.140622     0.803117
    -0.138948     0.797368
    -0.137274     0.791591
    -0.135599     0.785788
    -0.133925     0.779956
    -0.132251     0.774097
    -0.130577     0.768208
    -0.128903     0.762291
    -0.127229     0.756345
    -0.125555     0.750369
    -0.123881     0.744364
    -0.122207     0.738328
    -0.120533     0.732262
    -0.118859     0.726165
    -0.117185     0.720038
    -0.115511     0.713880
    -0.113837     0.707690
    -0.112163     0.701470
    -0.110488     0.695218
    -0.108814     0.688935
    -0.107140     0.682621
    -0.105466     0.676276
    -0.103792     0.669900
    -0.102118     0.663493
    -0.100444     0.657055
    -0.098770     0.650587
    -0.097096     0.644088
    -0.095422     0.637560
    -0.093748     0.631003
    -0.092074     0.624416
    -0.090400     0.617801
    -0.088726     0.611158
    -0.087051     0.604487
    -0.085377     0.597790
    -0.083703     0.591066
    -0.082029     0.584317
    -0.080355     0.577544
    -0.078681     0.570747
    -0.077007     0.563927
    -0.075333     0.557085
    -0.073659     0.550222
    -0.071985     0.543339
    -0.070311     0.536437
    -0.068637     0.529517
    -0.066963     0.522581
    -0.065289     0.515629
    -0.063615     0.508663
    -0.061940     0.501685
    -0.060266     0.494694
    -0.058592     0.487694
    -0.056918     0.480684
    -0.055244     0.473667
    -0.053570     0.466645
    -0.051896     0.459617
    -0.050222     0.452587
    -0.048548     0.445556
    -0.046874     0.438524
    -0.045200     0.431495
    -0.043526     0.424468
    -0.041852     0.417447
    -0.040178     0.410432
    -0.038504     0.403426
    -0.036829     0.396430
    -0.035155     0.389445
    -0.033481     0.382474
    -0.031807     0.375518
    -0.030133     0.368579
    -0.028459     0.361659
    -0.026785     0.354760
    -0.025111     0.347883
    -0.023437     0.341030
    -0.021763     0.334203
    -0.020089     0.327404
    -0.018415     0.320636
    -0.016741     0.313899
    -0.015067     0.307196
    -0.013393     0.300529
    -0.011718     0.293900
    -0.010044     0.287311
    -0.008370     0.280764
    -0.006696     0.274262
    -0.005022     0.267807
    -0.003348     0.261402
    -0.001674     0.255048
     0.000000     0.248753
     0.001674     0.255045
     0.003348     0.261398
     0.005022     0.267804
     0.006696     0.274259
     0.008370     0.280761
     0.010044     0.287308
     0.011718     0.293897
     0.013393     0.300527
     0.015067     0.307194
     0.016741     0.313897
     0.018415     0.320634
     0.020089     0.327403
     0.021763     0.334202
     0.023437     0.341029
     0.025111     0.347882
     0.026785     0.354759
     0.028459     0.361658
     0.030133     0.368579
     0.031807     0.375517
     0.033481     0.382473
     0.035155     0.389444
     0.036829     0.396429
     0.038504     0.403425
     0.040178     0.410431
     0.041852     0.417446
     0.043526     0.424467
     0.045200     0.431493
     0.046874     0.438523
     0.048548     0.445554
     0.050222     0.452586
     0.051896     0.459616
     0.053570     0.466643
     0.055244     0.473666
     0.056918     0.480682
     0.058592     0.487691
     0.060266     0.494692
     0.061940     0.501682
     0.063615     0.508661
     0.065289     0.515626
     0.066963     0.522578
     0.068637     0.529514
     0.070311     0.536433
     0.071985     0.543335
     0.073659     0.550218
     0.075333     0.557081
     0.077007     0.563922
     0.078681     0.570742
     0.080355     0.577539
     0.082029     0.584312
     0.083703     0.591061
     0.085377     0.597784
     0.087051     0.604482
     0.088726     0.611152
     0.090400     0.617795
     0.092074     0.624410
     0.093748     0.630996
     0.095422     0.637554
     0.097096     0.644082
     0.098770     0.650580
     0.100444     0.657048
     0.102118     0.663485
     0.103792     0.669892
     0.105466     0.676268
     0.107140     0.682613
     0.108814     0.688927
     0.110488     0.695210
     0.112163     0.701461
     0.113837     0.707682
     0.115511     0.713871
     0.117185     0.720029
     0.118859     0.726156
     0.120533     0.732253
     0.122207     0.738319
     0.123881     0.744354
     0.125555     0.750360
     0.127229     0.756336
     0.128903     0.762282
     0.130577     0.768199
     0.132251     0.774087
     0.133925     0.779946
     0.135599     0.785778
     0.137274     0.791581
     0.138948     0.797358
     0.140622     0.803107
     0.142296     0.808830
     0.143970     0.814527
     0.145644     0.820198
     0.147318     0.825844
     0.148992     0.831465
     0.150666     0.837062
     0.152340     0.842635
     0.154014     0.848184
     0.155688     0.853711
     0.157362     0.859215
     0.159036     0.864697
     0.160710     0.870157
     0.162385     0.875596
     0.164059     0.881014
     0.165733     0.886412
     0.167407     0.891790


    -0.167407     1.819766
    -0.165733     1.812507
    -0.164059     1.805276
    -0.162385     1.798077
    -0.160710     1.790910
    -0.159036     1.783779
    -0.157362     1.776683
    -0.155688     1.769627
    -0.154014     1.762611
    -0.152340     1.755638
    -0.150666     1.748710
    -0.148992     1.741828
    -0.147318     1.734996
    -0.145644     1.728215
    -0.143970     1.721487
    -0.142296     1.714814
    -0.140622     1.708198
    -0.138948     1.701642
    -0.137274     1.695147
    -0.135599     1.688716
    -0.133925     1.682350
    -0.132251     1.676052
    -0.130577     1.669824
    -0.128903     1.663668
    -0.127229     1.657585
    -0.125555     1.651578
    -0.123881     1.645648
    -0.122207     1.639799
    -0.120533     1.634030
    -0.118859     1.628345
    -0.117185     1.622746
    -0.115511     1.617233
    -0.113837     1.611809
    -0.112163     1.606476
    -0.110488     1.601235
    -0.108814     1.596088
    -0.107140     1.591036
    -0.105466     1.586081
    -0.103792     1.581225
    -0.102118     1.576469
    -0.100444     1.571815
    -0.098770     1.567263
    -0.097096     1.562815
    -0.095422     1.558472
    -0.093748     1.554235
    -0.092074     1.550107
    -0.090400     1.546086
    -0.088726     1.542175
    -0.087051     1.538375
    -0.085377     1.534686
    -0.083703     1.531109
    -0.082029     1.527645
    -0.080355     1.524295
    -0.078681     1.521058
    -0.077007     1.517937
    -0.075333     1.514930
    -0.073659     1.512039
    -0.071985     1.509264
    -0.070311     1.506605
    -0.068637     1.504063
    -0.066963     1.501637
    -0.065289     1.499328
    -0.063615     1.497136
    -0.061940     1.495060
    -0.060266     1.493101
    -0.058592     1.491259
    -0.056918     1.489534
    -0.055244     1.487924
    -0.053570     1.486431
    -0.051896     1.485053
    -0.050222     1.483791
    -0.048548     1.482644
    -0.046874     1.481611
    -0.045200     1.480692
    -0.043526     1.479887
    -0.041852     1.479195
    -0.040178     1.478615
    -0.038504     1.478146
    -0.036829     1.477789
    -0.035155     1.477543
    -0.033481     1.477405
    -0.031807     1.477377
    -0.030133     1.477457
    -0.028459     1.477644
    -0.026785     1.477938
    -0.025111     1.478337
    -0.023437     1.478842
    -0.021763     1.479450
    -0.020089     1.480161
    -0.018415     1.480974
    -0.016741     1.481888
    -0.015067     1.482902
    -0.013393     1.484016
    -0.011718     1.485228
    -0.010044     1.486537
    -0.008370     1.487942
    -0.006696     1.489443
    -0.005022     1.491038
    -0.003348     1.492726
    -0.001674     1.494506
     0.000000     1.496364
     0.001674     1.494516
     0.003348     1.492736
     0.005022     1.491048
     0.006696     1.489454
     0.008370     1.487953
     0.010044     1.486548
     0.011718     1.485240
     0.013393     1.484028
     0.015067     1.482915
     0.016741     1.481901
     0.018415     1.480987
     0.020089     1.480174
     0.021763     1.479463
     0.023437     1.478855
     0.025111     1.478351
     0.026785     1.477952
     0.028459     1.477659
     0.030133     1.477472
     0.031807     1.477392
     0.033481     1.477421
     0.035155     1.477558
     0.036829     1.477805
     0.038504     1.478162
     0.040178     1.478631
     0.041852     1.479211
     0.043526     1.479903
     0.045200     1.480708
     0.046874     1.481627
     0.048548     1.482660
     0.050222     1.483808
     0.051896     1.485070
     0.053570     1.486448
     0.055244     1.487941
     0.056918     1.489550
     0.058592     1.491276
     0.060266     1.493118
     0.061940     1.495077
     0.063615     1.497152
     0.065289     1.499344
     0.066963     1.501653
     0.068637     1.504079
     0.070311     1.506621
     0.071985     1.509280
     0.073659     1.512055
     0.075333     1.514946
     0.077007     1.517952
     0.078681     1.521074
     0.080355     1.524310
     0.082029     1.527660
     0.083703     1.531124
     0.085377     1.534701
     0.087051     1.538390
     0.088726     1.542190
     0.090400     1.546100
     0.092074     1.550120
     0.093748     1.554249
     0.095422     1.558485
     0.097096     1.562827
     0.098770     1.567275
     0.100444     1.571827
     0.102118     1.576481
     0.103792     1.581237
     0.105466     1.586093
     0.107140     1.591047
     0.108814     1.596098
     0.110488     1.601245
     0.112163     1.606486
     0.113837     1.611818
     0.115511     1.617242
     0.117185     1.622754
     0.118859     1.628353
     0.120533     1.634038
     0.122207     1.639806
     0.123881     1.645655
     0.125555     1.651584
     0.127229     1.657591
     0.128903     1.663673
     0.130577     1.669829
     0.132251     1.676057
     0.133925     1.682355
     0.135599     1.688720
     0.137274     1.695151
     0.138948     1.701645
     0.140622     1.708201
     0.142296     1.714816
     0.143970     1.721489
     0.145644     1.728217
     0.147318     1.734997
     0.148992     1.741829
     0.150666     1.748710
     0.152340     1.755638
     0.154014     1.762611
     0.155688     1.769626
     0.157362     1.776682
     0.159036     1.783777
     0.160710     1.790909
     0.162385     1.798075
     0.164059     1.805274
     0.165733     1.812504
     0.167407     1.819763


    -0.167407     1.971852
    -0.165733     1.965749
    -0.164059     1.959650
    -0.162385     1.953554
    -0.160710     1.947463
    -0.159036     1.941377
    -0.157362     1.935296
    -0.155688     1.929222
    -0.154014     1.923154
    -0.152340     1.917093
    -0.150666     1.911039
    -0.148992     1.904995
    -0.147318     1.898959
    -0.145644     1.892933
    -0.143970     1.886916
    -0.142296     1.880911
    -0.140622     1.874918
    -0.138948     1.868936
    -0.137274     1.862967
    -0.135599     1.857012
    -0.133925     1.851071
    -0.132251     1.845145
    -0.130577     1.839234
    -0.128903     1.833339
    -0.127229     1.827462
    -0.125555     1.821602
    -0.123881     1.815761
    -0.122207     1.809939
    -0.120533     1.804137
    -0.118859     1.798356
    -0.117185     1.792596
    -0.115511     1.786859
    -0.113837     1.781145
    -0.112163     1.775454
    -0.110488     1.769789
    -0.108814     1.764149
    -0.107140     1.758535
    -0.105466     1.752949
    -0.103792     1.747390
    -0.102118     1.741861
    -0.100444     1.736361
    -0.098770     1.730892
    -0.097096     1.725455
    -0.095422     1.720050
    -0.093748     1.714678
    -0.092074     1.709340
    -0.090400     1.704037
    -0.088726     1.698771
    -0.087051     1.693541
    -0.085377     1.688349
    -0.083703     1.683196
    -0.082029     1.678082
    -0.080355     1.673009
    -0.078681     1.667978
    -0.077007     1.662989
    -0.075333     1.658043
    -0.073659     1.653141
    -0.071985     1.648285
    -0.070311     1.643476
    -0.068637     1.638713
    -0.066963     1.633998
    -0.065289     1.629333
    -0.063615     1.624718
    -0.061940     1.620154
    -0.060266     1.615641
    -0.058592     1.611182
    -0.056918     1.606777
    -0.055244     1.602427
    -0.053570     1.598133
    -0.051896     1.593896
    -0.050222     1.589717
    -0.048548     1.585597
    -0.046874     1.581537
    -0.045200     1.577538
    -0.043526     1.573601
    -0.041852     1.569727
    -0.040178     1.565917
    -0.038504     1.562172
    -0.036829     1.558494
    -0.035155     1.554882
    -0.033481     1.551339
    -0.031807     1.547864
    -0.030133     1.544460
    -0.028459     1.541128
    -0.026785     1.537867
    -0.025111     1.534680
    -0.023437     1.531567
    -0.021763     1.528530
    -0.020089     1.525569
    -0.018415     1.522686
    -0.016741     1.519881
    -0.015067     1.517156
    -0.013393     1.514511
    -0.011718     1.511949
    -0.010044     1.509469
    -0.008370     1.507073
    -0.006696     1.504762
    -0.005022     1.502536
    -0.003348     1.500398
    -0.001674     1.498348
     0.000000     1.496400
     0.001674     1.498339
     0.003348     1.500390
     0.005022     1.502528
     0.006696     1.504754
     0.008370     1.507065
     0.010044     1.509462
     0.011718     1.511942
     0.013393     1.514505
     0.015067     1.517150
     0.016741     1.519876
     0.018415     1.522681
     0.020089     1.525565
     0.021763     1.528526
     0.023437     1.531564
     0.025111     1.534677
     0.026785     1.537864
     0.028459     1.541125
     0.030133     1.544458
     0.031807     1.547863
     0.033481     1.551337
     0.035155     1.554881
     0.036829     1.558493
     0.038504     1.562172
     0.040178     1.565918
     0.041852     1.569728
     0.043526     1.573602
     0.045200     1.577540
     0.046874     1.581539
     0.048548     1.585600
     0.050222     1.589720
     0.051896     1.593900
     0.053570     1.598137
     0.055244     1.602431
     0.056918     1.606782
     0.058592     1.611187
     0.060266     1.615647
     0.061940     1.620159
     0.063615     1.624724
     0.065289     1.629339
     0.066963     1.634005
     0.068637     1.638720
     0.070311     1.643483
     0.071985     1.648293
     0.073659     1.653150
     0.075333     1.658051
     0.077007     1.662997
     0.078681     1.667987
     0.080355     1.673019
     0.082029     1.678092
     0.083703     1.683206
     0.085377     1.688360
     0.087051     1.693552
     0.088726     1.698782
     0.090400     1.704049
     0.092074     1.709352
     0.093748     1.714690
     0.095422     1.720062
     0.097096     1.725467
     0.098770     1.730905
     0.100444     1.736374
     0.102118     1.741874
     0.103792     1.747404
     0.105466     1.752963
     0.107140     1.758549
     0.108814     1.764163
     0.110488     1.769804
     0.112163     1.775469
     0.113837     1.781160
     0.115511     1.786874
     0.117185     1.792612
     0.118859     1.798372
     0.120533     1.804153
     0.122207     1.809955
     0.123881     1.815777
     0.125555     1.821619
     0.127229     1.827479
     0.128903     1.833356
     0.130577     1.839251
     0.132251     1.845162
     0.133925     1.851088
     0.135599     1.857029
     0.137274     1.862985
     0.138948     1.868953
     0.140622     1.874935
     0.142296     1.880929
     0.143970     1.886934
     0.145644     1.892950
     0.147318     1.898977
     0.148992     1.905013
     0.150666     1.911058
     0.152340     1.917111
     0.154014     1.923172
     0.155688     1.929240
     0.157362     1.935315
     0.159036     1.941395
     0.160710     1.947481
     0.162385     1.953573
     0.164059     1.959668
     0.165733     1.965767
     0.167407     1.971870


    -0.167407     2.324261
    -0.165733     2.317867
    -0.164059     2.311514
    -0.162385     2.305203
    -0.160710     2.298933
    -0.159036     2.292707
    -0.157362     2.286524
    -0.155688     2.280386
    -0.154014     2.274293
    -0.152340     2.268246
    -0.150666     2.262246
    -0.148992     2.256293
    -0.147318     2.250389
    -0.145644     2.244534
    -0.143970     2.238728
    -0.142296     2.232973
    -0.140622     2.227268
    -0.138948     2.221615
    -0.137274     2.216014
    -0.135599     2.210466
    -0.133925     2.204971
    -0.132251     2.199530
    -0.130577     2.194144
    -0.128903     2.188812
    -0.127229     2.183537
    -0.125555     2.178317
    -0.123881     2.173154
    -0.122207     2.168048
    -0.120533     2.162999
    -0.118859     2.158009
    -0.117185     2.153077
    -0.115511     2.148204
    -0.113837     2.143391
    -0.112163     2.138637
    -0.110488     2.133945
    -0.108814     2.129312
    -0.107140     2.124742
    -0.105466     2.120232
    -0.103792     2.115785
    -0.102118     2.111401
    -0.100444     2.107079
    -0.098770     2.102821
    -0.097096     2.098626
    -0.095422     2.094495
    -0.093748     2.090429
    -0.092074     2.086427
    -0.090400     2.082491
    -0.088726     2.078620
    -0.087051     2.074814
    -0.085377     2.071075
    -0.083703     2.067403
    -0.082029     2.063797
    -0.080355     2.060258
    -0.078681     2.056787
    -0.077007     2.053384
    -0.075333     2.050049
    -0.073659     2.046782
    -0.071985     2.043584
    -0.070311     2.040454
    -0.068637     2.037394
    -0.066963     2.034404
    -0.065289     2.031483
    -0.063615     2.028633
    -0.061940     2.025852
    -0.060266     2.023143
    -0.058592     2.020504
    -0.056918     2.017936
    -0.055244     2.015440
    -0.053570     2.013015
    -0.051896     2.010662
    -0.050222     2.008382
    -0.048548     2.006173
    -0.046874     2.004037
    -0.045200     2.001974
    -0.043526     1.999984
    -0.041852     1.998066
    -0.040178     1.996223
    -0.038504     1.994452
    -0.036829     1.992756
    -0.035155     1.991133
    -0.033481     1.989585
    -0.031807     1.988111
    -0.030133     1.986711
    -0.028459     1.985386
    -0.026785     1.984136
    -0.025111     1.982961
    -0.023437     1.981861
    -0.021763     1.980837
    -0.020089     1.979888
    -0.018415     1.979014
    -0.016741     1.978216
    -0.015067     1.977494
    -0.013393     1.976848
    -0.011718     1.976277
    -0.010044     1.975782
    -0.008370     1.975363
    -0.006696     1.975018
    -0.005022     1.974749
    -0.003348     1.974555
    -0.001674     1.974437
     0.000000     1.974395
     0.001674     1.974430
     0.003348     1.974541
     0.005022     1.974728
     0.006696     1.974992
     0.008370     1.975332
     0.010044     1.975748
     0.011718     1.976241
     0.013393     1.976810
     0.015067     1.977455
     0.016741     1.978177
     0.018415     1.978974
     0.020089     1.979847
     0.021763     1.980796
     0.023437     1.981820
     0.025111     1.982920
     0.026785     1.984095
     0.028459     1.985345
     0.030133     1.986670
     0.031807     1.988070
     0.033481     1.989545
     0.035155     1.991094
     0.036829     1.992717
     0.038504     1.994414
     0.040178     1.996184
     0.041852     1.998029
     0.043526     1.999946
     0.045200     2.001937
     0.046874     2.004001
     0.048548     2.006138
     0.050222     2.008347
     0.051896     2.010628
     0.053570     2.012982
     0.055244     2.015407
     0.056918     2.017904
     0.058592     2.020472
     0.060266     2.023111
     0.061940     2.025821
     0.063615     2.028602
     0.065289     2.031453
     0.066963     2.034375
     0.068637     2.037366
     0.070311     2.040426
     0.071985     2.043556
     0.073659     2.046755
     0.075333     2.050022
     0.077007     2.053358
     0.078681     2.056762
     0.080355     2.060234
     0.082029     2.063773
     0.083703     2.067379
     0.085377     2.071052
     0.087051     2.074792
     0.088726     2.078598
     0.090400     2.082470
     0.092074     2.086407
     0.093748     2.090409
     0.095422     2.094476
     0.097096     2.098608
     0.098770     2.102803
     0.100444     2.107062
     0.102118     2.111385
     0.103792     2.115770
     0.105466     2.120218
     0.107140     2.124728
     0.108814     2.129300
     0.110488     2.133932
     0.112163     2.138626
     0.113837     2.143380
     0.115511     2.148194
     0.117185     2.153068
     0.118859     2.158001
     0.120533     2.162992
     0.122207     2.168041
     0.123881     2.173148
     0.125555     2.178312
     0.127229     2.183533
     0.128903     2.188810
     0.130577     2.194142
     0.132251     2.199529
     0.133925     2.204971
     0.135599     2.210467
     0.137274     2.216016
     0.138948     2.221618
     0.140622     2.227272
     0.142296     2.232977
     0.143970     2.238733
     0.145644     2.244540
     0.147318     2.250396
     0.148992     2.256301
     0.150666     2.262254
     0.152340     2.268255
     0.154014     2.274303
     0.155688     2.280397
     0.157362     2.286536
     0.159036     2.292719
     0.160710     2.298947
     0.162385     2.305217
     0.164059     2.311529
     0.165733     2.317883
     0.167407     2.324277


    -0.167407     2.334958
    -0.165733     2.328451
    -0.164059     2.321977
    -0.162385     2.315538
    -0.160710     2.309134
    -0.159036     2.302767
    -0.157362     2.296437
    -0.155688     2.290147
    -0.154014     2.283897
    -0.152340     2.277688
    -0.150666     2.271522
    -0.148992     2.265399
    -0.147318     2.259321
    -0.145644     2.253288
    -0.143970     2.247302
    -0.142296     2.241363
    -0.140622     2.235473
    -0.138948     2.229632
    -0.137274     2.223841
    -0.135599     2.218102
    -0.133925     2.212416
    -0.132251     2.206782
    -0.130577     2.201202
    -0.128903     2.195677
    -0.127229     2.190208
    -0.125555     2.184795
    -0.123881     2.179439
    -0.122207     2.174141
    -0.120533     2.168902
    -0.118859     2.163722
    -0.117185     2.158602
    -0.115511     2.153543
    -0.113837     2.148546
    -0.112163     2.143610
    -0.110488     2.138737
    -0.108814     2.133928
    -0.107140     2.129182
    -0.105466     2.124500
    -0.103792     2.119884
    -0.102118     2.115333
    -0.100444     2.110848
    -0.098770     2.106430
    -0.097096     2.102079
    -0.095422     2.097795
    -0.093748     2.093579
    -0.092074     2.089432
    -0.090400     2.085353
    -0.088726     2.081344
    -0.087051     2.077404
    -0.085377     2.073534
    -0.083703     2.069734
    -0.082029     2.066005
    -0.080355     2.062347
    -0.078681     2.058761
    -0.077007     2.055246
    -0.075333     2.051803
    -0.073659     2.048433
    -0.071985     2.045135
    -0.070311     2.041910
    -0.068637     2.038758
    -0.066963     2.035679
    -0.065289     2.032674
    -0.063615     2.029743
    -0.061940     2.026886
    -0.060266     2.024103
    -0.058592     2.021394
    -0.056918     2.018760
    -0.055244     2.016201
    -0.053570     2.013717
    -0.051896     2.011308
    -0.050222     2.008974
    -0.048548     2.006716
    -0.046874     2.004533
    -0.045200     2.002426
    -0.043526     2.000395
    -0.041852     1.998440
    -0.040178     1.996560
    -0.038504     1.994757
    -0.036829     1.993031
    -0.035155     1.991380
    -0.033481     1.989806
    -0.031807     1.988308
    -0.030133     1.986887
    -0.028459     1.985542
    -0.026785     1.984274
    -0.025111     1.983083
    -0.023437     1.981968
    -0.021763     1.980929
    -0.020089     1.979968
    -0.018415     1.979083
    -0.016741     1.978275
    -0.015067     1.977544
    -0.013393     1.976889
    -0.011718     1.976312
    -0.010044     1.975811
    -0.008370     1.975389
    -0.006696     1.975044
    -0.005022     1.974777
    -0.003348     1.974588
    -0.001674     1.974476
     0.000000     1.974441
     0.001674     1.974483
     0.003348     1.974601
     0.005022     1.974796
     0.006696     1.975068
     0.008370     1.975417
     0.010044     1.975842
     0.011718     1.976344
     0.013393     1.976922
     0.015067     1.977577
     0.016741     1.978309
     0.018415     1.979117
     0.020089     1.980002
     0.021763     1.980963
     0.023437     1.982001
     0.025111     1.983116
     0.026785     1.984307
     0.028459     1.985574
     0.030133     1.986918
     0.031807     1.988339
     0.033481     1.989836
     0.035155     1.991409
     0.036829     1.993059
     0.038504     1.994785
     0.040178     1.996587
     0.041852     1.998465
     0.043526     2.000420
     0.045200     2.002450
     0.046874     2.004556
     0.048548     2.006738
     0.050222     2.008995
     0.051896     2.011328
     0.053570     2.013737
     0.055244     2.016220
     0.056918     2.018778
     0.058592     2.021412
     0.060266     2.024120
     0.061940     2.026902
     0.063615     2.029759
     0.065289     2.032689
     0.066963     2.035694
     0.068637     2.038772
     0.070311     2.041923
     0.071985     2.045148
     0.073659     2.048445
     0.075333     2.051815
     0.077007     2.055258
     0.078681     2.058772
     0.080355     2.062358
     0.082029     2.066015
     0.083703     2.069744
     0.085377     2.073543
     0.087051     2.077412
     0.088726     2.081352
     0.090400     2.085361
     0.092074     2.089439
     0.093748     2.093586
     0.095422     2.097802
     0.097096     2.102085
     0.098770     2.106436
     0.100444     2.110854
     0.102118     2.115339
     0.103792     2.119889
     0.105466     2.124506
     0.107140     2.129187
     0.108814     2.133932
     0.110488     2.138741
     0.112163     2.143614
     0.113837     2.148549
     0.115511     2.153547
     0.117185     2.158606
     0.118859     2.163725
     0.120533     2.168905
     0.122207     2.174144
     0.123881     2.179442
     0.125555     2.184797
     0.127229     2.190210
     0.128903     2.195679
     0.130577     2.201204
     0.132251     2.206784
     0.133925     2.212418
     0.135599     2.218104
     0.137274     2.223843
     0.138948     2.229634
     0.140622     2.235474
     0.142296     2.241364
     0.143970     2.247303
     0.145644     2.253289
     0.147318     2.259322
     0.148992     2.265401
     0.150666     2.271524
     0.152340     2.277690
     0.154014     2.283899
     0.155688     2.290149
     0.157362     2.296439
     0.159036     2.302769
     0.160710     2.309136
     0.162385     2.315540
     0.164059     2.321980
     0.165733     2.328454
     0.167407     2.334961


