    -0.167407    -4.009462
    -0.165733    -4.009996
    -0.164059    -4.010528
    -0.162385    -4.011058
    -0.160710    -4.011585
    -0.159036    -4.012108
    -0.157362    -4.012629
    -0.155688    -4.013146
    -0.154014    -4.013660
    -0.152340    -4.014170
    -0.150666    -4.014676
    -0.148992    -4.015179
    -0.147318    -4.015677
    -0.145644    -4.016171
    -0.143970    -4.016660
    -0.142296    -4.017145
    -0.140622    -4.017625
    -0.138948    -4.018100
    -0.137274    -4.018570
    -0.135599    -4.019034
    -0.133925    -4.019494
    -0.132251    -4.019947
    -0.130577    -4.020396
    -0.128903    -4.020838
    -0.127229    -4.021274
    -0.125555    -4.021705
    -0.123881    -4.022129
    -0.122207    -4.022547
    -0.120533    -4.022959
    -0.118859    -4.023364
    -0.117185    -4.023762
    -0.115511    -4.024153
    -0.113837    -4.024538
    -0.112163    -4.024916
    -0.110488    -4.025286
    -0.108814    -4.025649
    -0.107140    -4.026005
    -0.105466    -4.026353
    -0.103792    -4.026694
    -0.102118    -4.027027
    -0.100444    -4.027353
    -0.098770    -4.027670
    -0.097096    -4.027980
    -0.095422    -4.028281
    -0.093748    -4.028575
    -0.092074    -4.028860
    -0.090400    -4.029136
    -0.088726    -4.029405
    -0.087051    -4.029665
    -0.085377    -4.029916
    -0.083703    -4.030158
    -0.082029    -4.030392
    -0.080355    -4.030617
    -0.078681    -4.030833
    -0.077007    -4.031040
    -0.075333    -4.031238
    -0.073659    -4.031427
    -0.071985    -4.031606
    -0.070311    -4.031776
    -0.068637    -4.031937
    -0.066963    -4.032089
    -0.065289    -4.032231
    -0.063615    -4.032363
    -0.061940    -4.032486
    -0.060266    -4.032599
    -0.058592    -4.032703
    -0.056918    -4.032796
    -0.055244    -4.032880
    -0.053570    -4.032954
    -0.051896    -4.033018
    -0.050222    -4.033072
    -0.048548    -4.033115
    -0.046874    -4.033149
    -0.045200    -4.033173
    -0.043526    -4.033186
    -0.041852    -4.033189
    -0.040178    -4.033182
    -0.038504    -4.033164
    -0.036829    -4.033136
    -0.035155    -4.033098
    -0.033481    -4.033049
    -0.031807    -4.032989
    -0.030133    -4.032919
    -0.028459    -4.032839
    -0.026785    -4.032748
    -0.025111    -4.032646
    -0.023437    -4.032533
    -0.021763    -4.032410
    -0.020089    -4.032276
    -0.018415    -4.032132
    -0.016741    -4.031976
    -0.015067    -4.031810
    -0.013393    -4.031633
    -0.011718    -4.031445
    -0.010044    -4.031246
    -0.008370    -4.031036
    -0.006696    -4.030815
    -0.005022    -4.030583
    -0.003348    -4.030341
    -0.001674    -4.030087
     0.000000    -4.029828
     0.001674    -4.030092
     0.003348    -4.030345
     0.005022    -4.030588
     0.006696    -4.030820
     0.008370    -4.031041
     0.010044    -4.031251
     0.011718    -4.031450
     0.013393    -4.031638
     0.015067    -4.031815
     0.016741    -4.031982
     0.018415    -4.032137
     0.020089    -4.032282
     0.021763    -4.032416
     0.023437    -4.032539
     0.025111    -4.032652
     0.026785    -4.032754
     0.028459    -4.032845
     0.030133    -4.032925
     0.031807    -4.032995
     0.033481    -4.033055
     0.035155    -4.033104
     0.036829    -4.033142
     0.038504    -4.033170
     0.040178    -4.033188
     0.041852    -4.033195
     0.043526    -4.033192
     0.045200    -4.033178
     0.046874    -4.033155
     0.048548    -4.033121
     0.050222    -4.033077
     0.051896    -4.033023
     0.053570    -4.032959
     0.055244    -4.032885
     0.056918    -4.032801
     0.058592    -4.032707
     0.060266    -4.032604
     0.061940    -4.032490
     0.063615    -4.032367
     0.065289    -4.032235
     0.066963    -4.032092
     0.068637    -4.031941
     0.070311    -4.031780
     0.071985    -4.031609
     0.073659    -4.031429
     0.075333    -4.031240
     0.077007    -4.031042
     0.078681    -4.030835
     0.080355    -4.030618
     0.082029    -4.030393
     0.083703    -4.030159
     0.085377    -4.029916
     0.087051    -4.029665
     0.088726    -4.029405
     0.090400    -4.029136
     0.092074    -4.028859
     0.093748    -4.028573
     0.095422    -4.028280
     0.097096    -4.027978
     0.098770    -4.027668
     0.100444    -4.027350
     0.102118    -4.027024
     0.103792    -4.026691
     0.105466    -4.026350
     0.107140    -4.026001
     0.108814    -4.025645
     0.110488    -4.025281
     0.112163    -4.024910
     0.113837    -4.024532
     0.115511    -4.024147
     0.117185    -4.023755
     0.118859    -4.023357
     0.120533    -4.022951
     0.122207    -4.022539
     0.123881    -4.022121
     0.125555    -4.021696
     0.127229    -4.021265
     0.128903    -4.020829
     0.130577    -4.020386
     0.132251    -4.019937
     0.133925    -4.019483
     0.135599    -4.019023
     0.137274    -4.018558
     0.138948    -4.018088
     0.140622    -4.017612
     0.142296    -4.017132
     0.143970    -4.016647
     0.145644    -4.016157
     0.147318    -4.015663
     0.148992    -4.015165
     0.150666    -4.014662
     0.152340    -4.014155
     0.154014    -4.013645
     0.155688    -4.013131
     0.157362    -4.012613
     0.159036    -4.012092
     0.160710    -4.011568
     0.162385    -4.011041
     0.164059    -4.010512
     0.165733    -4.009979
     0.167407    -4.009445


    -0.167407    -3.949291
    -0.165733    -3.950571
    -0.164059    -3.951843
    -0.162385    -3.953107
    -0.160710    -3.954364
    -0.159036    -3.955612
    -0.157362    -3.956853
    -0.155688    -3.958085
    -0.154014    -3.959309
    -0.152340    -3.960525
    -0.150666    -3.961733
    -0.148992    -3.962933
    -0.147318    -3.964123
    -0.145644    -3.965306
    -0.143970    -3.966480
    -0.142296    -3.967645
    -0.140622    -3.968801
    -0.138948    -3.969948
    -0.137274    -3.971087
    -0.135599    -3.972217
    -0.133925    -3.973337
    -0.132251    -3.974449
    -0.130577    -3.975551
    -0.128903    -3.976645
    -0.127229    -3.977728
    -0.125555    -3.978803
    -0.123881    -3.979868
    -0.122207    -3.980924
    -0.120533    -3.981970
    -0.118859    -3.983007
    -0.117185    -3.984034
    -0.115511    -3.985051
    -0.113837    -3.986059
    -0.112163    -3.987057
    -0.110488    -3.988045
    -0.108814    -3.989023
    -0.107140    -3.989991
    -0.105466    -3.990949
    -0.103792    -3.991898
    -0.102118    -3.992836
    -0.100444    -3.993764
    -0.098770    -3.994682
    -0.097096    -3.995589
    -0.095422    -3.996487
    -0.093748    -3.997374
    -0.092074    -3.998251
    -0.090400    -3.999117
    -0.088726    -3.999973
    -0.087051    -4.000819
    -0.085377    -4.001654
    -0.083703    -4.002479
    -0.082029    -4.003293
    -0.080355    -4.004097
    -0.078681    -4.004890
    -0.077007    -4.005672
    -0.075333    -4.006444
    -0.073659    -4.007205
    -0.071985    -4.007955
    -0.070311    -4.008694
    -0.068637    -4.009423
    -0.066963    -4.010141
    -0.065289    -4.010848
    -0.063615    -4.011544
    -0.061940    -4.012230
    -0.060266    -4.012904
    -0.058592    -4.013568
    -0.056918    -4.014220
    -0.055244    -4.014862
    -0.053570    -4.015493
    -0.051896    -4.016113
    -0.050222    -4.016721
    -0.048548    -4.017319
    -0.046874    -4.017906
    -0.045200    -4.018481
    -0.043526    -4.019046
    -0.041852    -4.019600
    -0.040178    -4.020142
    -0.038504    -4.020673
    -0.036829    -4.021194
    -0.035155    -4.021703
    -0.033481    -4.022201
    -0.031807    -4.022688
    -0.030133    -4.023164
    -0.028459    -4.023628
    -0.026785    -4.024082
    -0.025111    -4.024524
    -0.023437    -4.024956
    -0.021763    -4.025376
    -0.020089    -4.025785
    -0.018415    -4.026183
    -0.016741    -4.026569
    -0.015067    -4.026945
    -0.013393    -4.027310
    -0.011718    -4.027663
    -0.010044    -4.028005
    -0.008370    -4.028337
    -0.006696    -4.028657
    -0.005022    -4.028966
    -0.003348    -4.029264
    -0.001674    -4.029551
     0.000000    -4.029820
     0.001674    -4.029546
     0.003348    -4.029260
     0.005022    -4.028962
     0.006696    -4.028653
     0.008370    -4.028333
     0.010044    -4.028002
     0.011718    -4.027660
     0.013393    -4.027307
     0.015067    -4.026942
     0.016741    -4.026567
     0.018415    -4.026180
     0.020089    -4.025783
     0.021763    -4.025374
     0.023437    -4.024954
     0.025111    -4.024523
     0.026785    -4.024081
     0.028459    -4.023627
     0.030133    -4.023163
     0.031807    -4.022687
     0.033481    -4.022200
     0.035155    -4.021703
     0.036829    -4.021194
     0.038504    -4.020674
     0.040178    -4.020142
     0.041852    -4.019600
     0.043526    -4.019047
     0.045200    -4.018483
     0.046874    -4.017907
     0.048548    -4.017321
     0.050222    -4.016723
     0.051896    -4.016115
     0.053570    -4.015495
     0.055244    -4.014865
     0.056918    -4.014223
     0.058592    -4.013571
     0.060266    -4.012907
     0.061940    -4.012233
     0.063615    -4.011548
     0.065289    -4.010852
     0.066963    -4.010145
     0.068637    -4.009427
     0.070311    -4.008698
     0.071985    -4.007959
     0.073659    -4.007209
     0.075333    -4.006448
     0.077007    -4.005677
     0.078681    -4.004894
     0.080355    -4.004101
     0.082029    -4.003298
     0.083703    -4.002484
     0.085377    -4.001659
     0.087051    -4.000824
     0.088726    -3.999979
     0.090400    -3.999123
     0.092074    -3.998256
     0.093748    -3.997379
     0.095422    -3.996492
     0.097096    -3.995595
     0.098770    -3.994687
     0.100444    -3.993769
     0.102118    -3.992841
     0.103792    -3.991903
     0.105466    -3.990955
     0.107140    -3.989997
     0.108814    -3.989028
     0.110488    -3.988050
     0.112163    -3.987062
     0.113837    -3.986064
     0.115511    -3.985057
     0.117185    -3.984039
     0.118859    -3.983012
     0.120533    -3.981975
     0.122207    -3.980929
     0.123881    -3.979873
     0.125555    -3.978808
     0.127229    -3.977733
     0.128903    -3.976649
     0.130577    -3.975556
     0.132251    -3.974453
     0.133925    -3.973342
     0.135599    -3.972221
     0.137274    -3.971091
     0.138948    -3.969952
     0.140622    -3.968805
     0.142296    -3.967648
     0.143970    -3.966483
     0.145644    -3.965309
     0.147318    -3.964126
     0.148992    -3.962935
     0.150666    -3.961736
     0.152340    -3.960528
     0.154014    -3.959312
     0.155688    -3.958087
     0.157362    -3.956855
     0.159036    -3.955614
     0.160710    -3.954365
     0.162385    -3.953109
     0.164059    -3.951844
     0.165733    -3.950572
     0.167407    -3.949292


    -0.167407    -2.485161
    -0.165733    -2.481166
    -0.164059    -2.477279
    -0.162385    -2.473496
    -0.160710    -2.469812
    -0.159036    -2.466225
    -0.157362    -2.462729
    -0.155688    -2.459322
    -0.154014    -2.455999
    -0.152340    -2.452756
    -0.150666    -2.449592
    -0.148992    -2.446502
    -0.147318    -2.443483
    -0.145644    -2.440534
    -0.143970    -2.437650
    -0.142296    -2.434830
    -0.140622    -2.432071
    -0.138948    -2.429372
    -0.137274    -2.426729
    -0.135599    -2.424142
    -0.133925    -2.421607
    -0.132251    -2.419124
    -0.130577    -2.416691
    -0.128903    -2.414306
    -0.127229    -2.411968
    -0.125555    -2.409675
    -0.123881    -2.407426
    -0.122207    -2.405221
    -0.120533    -2.403057
    -0.118859    -2.400934
    -0.117185    -2.398850
    -0.115511    -2.396805
    -0.113837    -2.394799
    -0.112163    -2.392829
    -0.110488    -2.390896
    -0.108814    -2.388998
    -0.107140    -2.387135
    -0.105466    -2.385307
    -0.103792    -2.383512
    -0.102118    -2.381750
    -0.100444    -2.380021
    -0.098770    -2.378324
    -0.097096    -2.376658
    -0.095422    -2.375024
    -0.093748    -2.373421
    -0.092074    -2.371848
    -0.090400    -2.370305
    -0.088726    -2.368792
    -0.087051    -2.367308
    -0.085377    -2.365854
    -0.083703    -2.364428
    -0.082029    -2.363031
    -0.080355    -2.361662
    -0.078681    -2.360321
    -0.077007    -2.359008
    -0.075333    -2.357723
    -0.073659    -2.356466
    -0.071985    -2.355236
    -0.070311    -2.354033
    -0.068637    -2.352857
    -0.066963    -2.351708
    -0.065289    -2.350586
    -0.063615    -2.349490
    -0.061940    -2.348422
    -0.060266    -2.347379
    -0.058592    -2.346363
    -0.056918    -2.345374
    -0.055244    -2.344410
    -0.053570    -2.343473
    -0.051896    -2.342562
    -0.050222    -2.341676
    -0.048548    -2.340817
    -0.046874    -2.339984
    -0.045200    -2.339176
    -0.043526    -2.338394
    -0.041852    -2.337638
    -0.040178    -2.336908
    -0.038504    -2.336203
    -0.036829    -2.335524
    -0.035155    -2.334870
    -0.033481    -2.334242
    -0.031807    -2.333640
    -0.030133    -2.333063
    -0.028459    -2.332512
    -0.026785    -2.331986
    -0.025111    -2.331485
    -0.023437    -2.331010
    -0.021763    -2.330560
    -0.020089    -2.330136
    -0.018415    -2.329737
    -0.016741    -2.329363
    -0.015067    -2.329014
    -0.013393    -2.328691
    -0.011718    -2.328393
    -0.010044    -2.328121
    -0.008370    -2.327873
    -0.006696    -2.327651
    -0.005022    -2.327454
    -0.003348    -2.327282
    -0.001674    -2.327135
     0.000000    -2.327028
     0.001674    -2.327148
     0.003348    -2.327295
     0.005022    -2.327467
     0.006696    -2.327664
     0.008370    -2.327887
     0.010044    -2.328134
     0.011718    -2.328407
     0.013393    -2.328705
     0.015067    -2.329028
     0.016741    -2.329377
     0.018415    -2.329751
     0.020089    -2.330150
     0.021763    -2.330574
     0.023437    -2.331024
     0.025111    -2.331499
     0.026785    -2.332000
     0.028459    -2.332526
     0.030133    -2.333077
     0.031807    -2.333654
     0.033481    -2.334256
     0.035155    -2.334884
     0.036829    -2.335538
     0.038504    -2.336217
     0.040178    -2.336921
     0.041852    -2.337652
     0.043526    -2.338408
     0.045200    -2.339189
     0.046874    -2.339997
     0.048548    -2.340830
     0.050222    -2.341689
     0.051896    -2.342575
     0.053570    -2.343486
     0.055244    -2.344423
     0.056918    -2.345386
     0.058592    -2.346376
     0.060266    -2.347392
     0.061940    -2.348434
     0.063615    -2.349503
     0.065289    -2.350598
     0.066963    -2.351720
     0.068637    -2.352869
     0.070311    -2.354044
     0.071985    -2.355247
     0.073659    -2.356477
     0.075333    -2.357734
     0.077007    -2.359019
     0.078681    -2.360332
     0.080355    -2.361672
     0.082029    -2.363041
     0.083703    -2.364438
     0.085377    -2.365864
     0.087051    -2.367318
     0.088726    -2.368802
     0.090400    -2.370315
     0.092074    -2.371857
     0.093748    -2.373430
     0.095422    -2.375033
     0.097096    -2.376667
     0.098770    -2.378333
     0.100444    -2.380030
     0.102118    -2.381759
     0.103792    -2.383520
     0.105466    -2.385315
     0.107140    -2.387143
     0.108814    -2.389006
     0.110488    -2.390904
     0.112163    -2.392837
     0.113837    -2.394806
     0.115511    -2.396813
     0.117185    -2.398858
     0.118859    -2.400941
     0.120533    -2.403064
     0.122207    -2.405228
     0.123881    -2.407434
     0.125555    -2.409682
     0.127229    -2.411975
     0.128903    -2.414313
     0.130577    -2.416698
     0.132251    -2.419131
     0.133925    -2.421614
     0.135599    -2.424148
     0.137274    -2.426736
     0.138948    -2.429378
     0.140622    -2.432078
     0.142296    -2.434836
     0.143970    -2.437656
     0.145644    -2.440540
     0.147318    -2.443489
     0.148992    -2.446508
     0.150666    -2.449598
     0.152340    -2.452762
     0.154014    -2.456004
     0.155688    -2.459328
     0.157362    -2.462735
     0.159036    -2.466231
     0.160710    -2.469818
     0.162385    -2.473501
     0.164059    -2.477284
     0.165733    -2.481171
     0.167407    -2.485166


    -0.167407    -2.446727
    -0.165733    -2.443440
    -0.164059    -2.440272
    -0.162385    -2.437214
    -0.160710    -2.434258
    -0.159036    -2.431399
    -0.157362    -2.428629
    -0.155688    -2.425942
    -0.154014    -2.423334
    -0.152340    -2.420798
    -0.150666    -2.418332
    -0.148992    -2.415930
    -0.147318    -2.413588
    -0.145644    -2.411304
    -0.143970    -2.409075
    -0.142296    -2.406896
    -0.140622    -2.404767
    -0.138948    -2.402684
    -0.137274    -2.400645
    -0.135599    -2.398648
    -0.133925    -2.396692
    -0.132251    -2.394775
    -0.130577    -2.392895
    -0.128903    -2.391052
    -0.127229    -2.389243
    -0.125555    -2.387468
    -0.123881    -2.385725
    -0.122207    -2.384015
    -0.120533    -2.382335
    -0.118859    -2.380685
    -0.117185    -2.379065
    -0.115511    -2.377473
    -0.113837    -2.375909
    -0.112163    -2.374374
    -0.110488    -2.372865
    -0.108814    -2.371383
    -0.107140    -2.369927
    -0.105466    -2.368498
    -0.103792    -2.367094
    -0.102118    -2.365715
    -0.100444    -2.364362
    -0.098770    -2.363033
    -0.097096    -2.361729
    -0.095422    -2.360449
    -0.093748    -2.359194
    -0.092074    -2.357963
    -0.090400    -2.356756
    -0.088726    -2.355573
    -0.087051    -2.354414
    -0.085377    -2.353279
    -0.083703    -2.352167
    -0.082029    -2.351079
    -0.080355    -2.350014
    -0.078681    -2.348973
    -0.077007    -2.347956
    -0.075333    -2.346962
    -0.073659    -2.345992
    -0.071985    -2.345045
    -0.070311    -2.344122
    -0.068637    -2.343222
    -0.066963    -2.342346
    -0.065289    -2.341493
    -0.063615    -2.340664
    -0.061940    -2.339859
    -0.060266    -2.339077
    -0.058592    -2.338319
    -0.056918    -2.337584
    -0.055244    -2.336874
    -0.053570    -2.336187
    -0.051896    -2.335524
    -0.050222    -2.334885
    -0.048548    -2.334269
    -0.046874    -2.333678
    -0.045200    -2.333111
    -0.043526    -2.332567
    -0.041852    -2.332048
    -0.040178    -2.331553
    -0.038504    -2.331082
    -0.036829    -2.330636
    -0.035155    -2.330213
    -0.033481    -2.329815
    -0.031807    -2.329442
    -0.030133    -2.329092
    -0.028459    -2.328768
    -0.026785    -2.328467
    -0.025111    -2.328192
    -0.023437    -2.327940
    -0.021763    -2.327714
    -0.020089    -2.327512
    -0.018415    -2.327335
    -0.016741    -2.327182
    -0.015067    -2.327055
    -0.013393    -2.326952
    -0.011718    -2.326874
    -0.010044    -2.326821
    -0.008370    -2.326793
    -0.006696    -2.326789
    -0.005022    -2.326811
    -0.003348    -2.326858
    -0.001674    -2.326929
     0.000000    -2.327011
     0.001674    -2.326917
     0.003348    -2.326845
     0.005022    -2.326799
     0.006696    -2.326777
     0.008370    -2.326781
     0.010044    -2.326809
     0.011718    -2.326863
     0.013393    -2.326941
     0.015067    -2.327044
     0.016741    -2.327172
     0.018415    -2.327325
     0.020089    -2.327502
     0.021763    -2.327704
     0.023437    -2.327931
     0.025111    -2.328183
     0.026785    -2.328459
     0.028459    -2.328759
     0.030133    -2.329084
     0.031807    -2.329434
     0.033481    -2.329808
     0.035155    -2.330206
     0.036829    -2.330629
     0.038504    -2.331076
     0.040178    -2.331547
     0.041852    -2.332043
     0.043526    -2.332562
     0.045200    -2.333106
     0.046874    -2.333674
     0.048548    -2.334266
     0.050222    -2.334881
     0.051896    -2.335521
     0.053570    -2.336185
     0.055244    -2.336872
     0.056918    -2.337583
     0.058592    -2.338318
     0.060266    -2.339077
     0.061940    -2.339859
     0.063615    -2.340665
     0.065289    -2.341494
     0.066963    -2.342347
     0.068637    -2.343224
     0.070311    -2.344124
     0.071985    -2.345048
     0.073659    -2.345995
     0.075333    -2.346966
     0.077007    -2.347960
     0.078681    -2.348978
     0.080355    -2.350019
     0.082029    -2.351084
     0.083703    -2.352173
     0.085377    -2.353285
     0.087051    -2.354421
     0.088726    -2.355580
     0.090400    -2.356764
     0.092074    -2.357971
     0.093748    -2.359203
     0.095422    -2.360458
     0.097096    -2.361738
     0.098770    -2.363042
     0.100444    -2.364372
     0.102118    -2.365725
     0.103792    -2.367104
     0.105466    -2.368509
     0.107140    -2.369939
     0.108814    -2.371395
     0.110488    -2.372877
     0.112163    -2.374386
     0.113837    -2.375922
     0.115511    -2.377486
     0.117185    -2.379078
     0.118859    -2.380698
     0.120533    -2.382349
     0.122207    -2.384029
     0.123881    -2.385740
     0.125555    -2.387482
     0.127229    -2.389258
     0.128903    -2.391067
     0.130577    -2.392911
     0.132251    -2.394790
     0.133925    -2.396708
     0.135599    -2.398664
     0.137274    -2.400660
     0.138948    -2.402699
     0.140622    -2.404782
     0.142296    -2.406912
     0.143970    -2.409091
     0.145644    -2.411320
     0.147318    -2.413604
     0.148992    -2.415946
     0.150666    -2.418348
     0.152340    -2.420814
     0.154014    -2.423350
     0.155688    -2.425958
     0.157362    -2.428645
     0.159036    -2.431415
     0.160710    -2.434274
     0.162385    -2.437229
     0.164059    -2.440287
     0.165733    -2.443455
     0.167407    -2.446742


    -0.167407    -2.209011
    -0.165733    -2.200035
    -0.164059    -2.191001
    -0.162385    -2.181920
    -0.160710    -2.172801
    -0.159036    -2.163652
    -0.157362    -2.154483
    -0.155688    -2.145301
    -0.154014    -2.136113
    -0.152340    -2.126926
    -0.150666    -2.117747
    -0.148992    -2.108582
    -0.147318    -2.099436
    -0.145644    -2.090315
    -0.143970    -2.081223
    -0.142296    -2.072167
    -0.140622    -2.063149
    -0.138948    -2.054175
    -0.137274    -2.045249
    -0.135599    -2.036374
    -0.133925    -2.027555
    -0.132251    -2.018794
    -0.130577    -2.010095
    -0.128903    -2.001462
    -0.127229    -1.992897
    -0.125555    -1.984403
    -0.123881    -1.975984
    -0.122207    -1.967641
    -0.120533    -1.959378
    -0.118859    -1.951197
    -0.117185    -1.943100
    -0.115511    -1.935089
    -0.113837    -1.927167
    -0.112163    -1.919336
    -0.110488    -1.911598
    -0.108814    -1.903954
    -0.107140    -1.896406
    -0.105466    -1.888957
    -0.103792    -1.881606
    -0.102118    -1.874357
    -0.100444    -1.867211
    -0.098770    -1.860168
    -0.097096    -1.853230
    -0.095422    -1.846399
    -0.093748    -1.839674
    -0.092074    -1.833058
    -0.090400    -1.826551
    -0.088726    -1.820154
    -0.087051    -1.813868
    -0.085377    -1.807693
    -0.083703    -1.801630
    -0.082029    -1.795680
    -0.080355    -1.789843
    -0.078681    -1.784118
    -0.077007    -1.778508
    -0.075333    -1.773011
    -0.073659    -1.767629
    -0.071985    -1.762361
    -0.070311    -1.757207
    -0.068637    -1.752167
    -0.066963    -1.747242
    -0.065289    -1.742431
    -0.063615    -1.737734
    -0.061940    -1.733152
    -0.060266    -1.728683
    -0.058592    -1.724328
    -0.056918    -1.720086
    -0.055244    -1.715958
    -0.053570    -1.711943
    -0.051896    -1.708041
    -0.050222    -1.704252
    -0.048548    -1.700576
    -0.046874    -1.697012
    -0.045200    -1.693561
    -0.043526    -1.690222
    -0.041852    -1.686995
    -0.040178    -1.683881
    -0.038504    -1.680880
    -0.036829    -1.677992
    -0.035155    -1.675217
    -0.033481    -1.672556
    -0.031807    -1.670009
    -0.030133    -1.667577
    -0.028459    -1.665261
    -0.026785    -1.663061
    -0.025111    -1.660978
    -0.023437    -1.659014
    -0.021763    -1.657170
    -0.020089    -1.655448
    -0.018415    -1.653849
    -0.016741    -1.652376
    -0.015067    -1.651030
    -0.013393    -1.649816
    -0.011718    -1.648734
    -0.010044    -1.647788
    -0.008370    -1.646981
    -0.006696    -1.646314
    -0.005022    -1.645791
    -0.003348    -1.645412
    -0.001674    -1.645179
     0.000000    -1.645096
     0.001674    -1.645170
     0.003348    -1.645401
     0.005022    -1.645780
     0.006696    -1.646304
     0.008370    -1.646970
     0.010044    -1.647778
     0.011718    -1.648724
     0.013393    -1.649806
     0.015067    -1.651021
     0.016741    -1.652366
     0.018415    -1.653840
     0.020089    -1.655440
     0.021763    -1.657163
     0.023437    -1.659007
     0.025111    -1.660972
     0.026785    -1.663055
     0.028459    -1.665256
     0.030133    -1.667573
     0.031807    -1.670005
     0.033481    -1.672552
     0.035155    -1.675213
     0.036829    -1.677988
     0.038504    -1.680876
     0.040178    -1.683877
     0.041852    -1.686991
     0.043526    -1.690217
     0.045200    -1.693556
     0.046874    -1.697007
     0.048548    -1.700570
     0.050222    -1.704246
     0.051896    -1.708035
     0.053570    -1.711936
     0.055244    -1.715951
     0.056918    -1.720078
     0.058592    -1.724319
     0.060266    -1.728674
     0.061940    -1.733142
     0.063615    -1.737724
     0.065289    -1.742420
     0.066963    -1.747231
     0.068637    -1.752156
     0.070311    -1.757195
     0.071985    -1.762348
     0.073659    -1.767616
     0.075333    -1.772998
     0.077007    -1.778494
     0.078681    -1.784104
     0.080355    -1.789828
     0.082029    -1.795665
     0.083703    -1.801615
     0.085377    -1.807677
     0.087051    -1.813852
     0.088726    -1.820138
     0.090400    -1.826534
     0.092074    -1.833041
     0.093748    -1.839657
     0.095422    -1.846381
     0.097096    -1.853212
     0.098770    -1.860149
     0.100444    -1.867192
     0.102118    -1.874338
     0.103792    -1.881587
     0.105466    -1.888937
     0.107140    -1.896386
     0.108814    -1.903934
     0.110488    -1.911578
     0.112163    -1.919316
     0.113837    -1.927147
     0.115511    -1.935069
     0.117185    -1.943079
     0.118859    -1.951176
     0.120533    -1.959357
     0.122207    -1.967620
     0.123881    -1.975963
     0.125555    -1.984382
     0.127229    -1.992876
     0.128903    -2.001441
     0.130577    -2.010074
     0.132251    -2.018773
     0.133925    -2.027534
     0.135599    -2.036353
     0.137274    -2.045228
     0.138948    -2.054154
     0.140622    -2.063128
     0.142296    -2.072146
     0.143970    -2.081203
     0.145644    -2.090294
     0.147318    -2.099415
     0.148992    -2.108561
     0.150666    -2.117727
     0.152340    -2.126906
     0.154014    -2.136093
     0.155688    -2.145281
     0.157362    -2.154464
     0.159036    -2.163633
     0.160710    -2.172782
     0.162385    -2.181901
     0.164059    -2.190983
     0.165733    -2.200017
     0.167407    -2.208993


    -0.167407    -2.160277
    -0.165733    -2.152086
    -0.164059    -2.143866
    -0.162385    -2.135622
    -0.160710    -2.127360
    -0.159036    -2.119086
    -0.157362    -2.110805
    -0.155688    -2.102522
    -0.154014    -2.094242
    -0.152340    -2.085971
    -0.150666    -2.077713
    -0.148992    -2.069473
    -0.147318    -2.061254
    -0.145644    -2.053062
    -0.143970    -2.044899
    -0.142296    -2.036771
    -0.140622    -2.028680
    -0.138948    -2.020630
    -0.137274    -2.012624
    -0.135599    -2.004666
    -0.133925    -1.996758
    -0.132251    -1.988904
    -0.130577    -1.981106
    -0.128903    -1.973367
    -0.127229    -1.965689
    -0.125555    -1.958075
    -0.123881    -1.950527
    -0.122207    -1.943047
    -0.120533    -1.935637
    -0.118859    -1.928300
    -0.117185    -1.921036
    -0.115511    -1.913847
    -0.113837    -1.906736
    -0.112163    -1.899703
    -0.110488    -1.892751
    -0.108814    -1.885880
    -0.107140    -1.879092
    -0.105466    -1.872388
    -0.103792    -1.865769
    -0.102118    -1.859236
    -0.100444    -1.852791
    -0.098770    -1.846433
    -0.097096    -1.840164
    -0.095422    -1.833984
    -0.093748    -1.827895
    -0.092074    -1.821897
    -0.090400    -1.815991
    -0.088726    -1.810177
    -0.087051    -1.804455
    -0.085377    -1.798827
    -0.083703    -1.793292
    -0.082029    -1.787851
    -0.080355    -1.782504
    -0.078681    -1.777252
    -0.077007    -1.772095
    -0.075333    -1.767034
    -0.073659    -1.762067
    -0.071985    -1.757197
    -0.070311    -1.752422
    -0.068637    -1.747743
    -0.066963    -1.743161
    -0.065289    -1.738674
    -0.063615    -1.734285
    -0.061940    -1.729992
    -0.060266    -1.725796
    -0.058592    -1.721697
    -0.056918    -1.717696
    -0.055244    -1.713792
    -0.053570    -1.709985
    -0.051896    -1.706277
    -0.050222    -1.702666
    -0.048548    -1.699155
    -0.046874    -1.695742
    -0.045200    -1.692428
    -0.043526    -1.689214
    -0.041852    -1.686100
    -0.040178    -1.683086
    -0.038504    -1.680175
    -0.036829    -1.677365
    -0.035155    -1.674659
    -0.033481    -1.672057
    -0.031807    -1.669561
    -0.030133    -1.667172
    -0.028459    -1.664891
    -0.026785    -1.662722
    -0.025111    -1.660665
    -0.023437    -1.658723
    -0.021763    -1.656898
    -0.020089    -1.655193
    -0.018415    -1.653612
    -0.016741    -1.652155
    -0.015067    -1.650827
    -0.013393    -1.649630
    -0.011718    -1.648567
    -0.010044    -1.647641
    -0.008370    -1.646854
    -0.006696    -1.646209
    -0.005022    -1.645707
    -0.003348    -1.645351
    -0.001674    -1.645141
     0.000000    -1.645077
     0.001674    -1.645150
     0.003348    -1.645360
     0.005022    -1.645716
     0.006696    -1.646217
     0.008370    -1.646862
     0.010044    -1.647648
     0.011718    -1.648574
     0.013393    -1.649636
     0.015067    -1.650832
     0.016741    -1.652159
     0.018415    -1.653614
     0.020089    -1.655195
     0.021763    -1.656898
     0.023437    -1.658721
     0.025111    -1.660662
     0.026785    -1.662718
     0.028459    -1.664887
     0.030133    -1.667166
     0.031807    -1.669554
     0.033481    -1.672050
     0.035155    -1.674651
     0.036829    -1.677356
     0.038504    -1.680165
     0.040178    -1.683077
     0.041852    -1.686090
     0.043526    -1.689203
     0.045200    -1.692417
     0.046874    -1.695731
     0.048548    -1.699144
     0.050222    -1.702656
     0.051896    -1.706266
     0.053570    -1.709974
     0.055244    -1.713781
     0.056918    -1.717685
     0.058592    -1.721686
     0.060266    -1.725785
     0.061940    -1.729981
     0.063615    -1.734273
     0.065289    -1.738663
     0.066963    -1.743149
     0.068637    -1.747731
     0.070311    -1.752410
     0.071985    -1.757185
     0.073659    -1.762055
     0.075333    -1.767021
     0.077007    -1.772083
     0.078681    -1.777240
     0.080355    -1.782492
     0.082029    -1.787838
     0.083703    -1.793279
     0.085377    -1.798814
     0.087051    -1.804442
     0.088726    -1.810164
     0.090400    -1.815978
     0.092074    -1.821884
     0.093748    -1.827882
     0.095422    -1.833971
     0.097096    -1.840150
     0.098770    -1.846419
     0.100444    -1.852776
     0.102118    -1.859222
     0.103792    -1.865755
     0.105466    -1.872374
     0.107140    -1.879078
     0.108814    -1.885866
     0.110488    -1.892736
     0.112163    -1.899689
     0.113837    -1.906721
     0.115511    -1.913832
     0.117185    -1.921020
     0.118859    -1.928284
     0.120533    -1.935622
     0.122207    -1.943032
     0.123881    -1.950512
     0.125555    -1.958060
     0.127229    -1.965674
     0.128903    -1.973351
     0.130577    -1.981090
     0.132251    -1.988888
     0.133925    -1.996742
     0.135599    -2.004650
     0.137274    -2.012608
     0.138948    -2.020613
     0.140622    -2.028663
     0.142296    -2.036754
     0.143970    -2.044883
     0.145644    -2.053045
     0.147318    -2.061238
     0.148992    -2.069457
     0.150666    -2.077697
     0.152340    -2.085955
     0.154014    -2.094226
     0.155688    -2.102506
     0.157362    -2.110789
     0.159036    -2.119070
     0.160710    -2.127344
     0.162385    -2.135606
     0.164059    -2.143850
     0.165733    -2.152071
     0.167407    -2.160261


    -0.167407    -1.741078
    -0.165733    -1.738350
    -0.164059    -1.735639
    -0.162385    -1.732947
    -0.160710    -1.730272
    -0.159036    -1.727615
    -0.157362    -1.724977
    -0.155688    -1.722358
    -0.154014    -1.719757
    -0.152340    -1.717176
    -0.150666    -1.714613
    -0.148992    -1.712071
    -0.147318    -1.709548
    -0.145644    -1.707046
    -0.143970    -1.704564
    -0.142296    -1.702102
    -0.140622    -1.699662
    -0.138948    -1.697242
    -0.137274    -1.694844
    -0.135599    -1.692468
    -0.133925    -1.690114
    -0.132251    -1.687783
    -0.130577    -1.685474
    -0.128903    -1.683188
    -0.127229    -1.680925
    -0.125555    -1.678686
    -0.123881    -1.676471
    -0.122207    -1.674280
    -0.120533    -1.672114
    -0.118859    -1.669973
    -0.117185    -1.667856
    -0.115511    -1.665766
    -0.113837    -1.663701
    -0.112163    -1.661662
    -0.110488    -1.659651
    -0.108814    -1.657666
    -0.107140    -1.655708
    -0.105466    -1.653779
    -0.103792    -1.651877
    -0.102118    -1.650004
    -0.100444    -1.648160
    -0.098770    -1.646345
    -0.097096    -1.644560
    -0.095422    -1.642805
    -0.093748    -1.641080
    -0.092074    -1.639386
    -0.090400    -1.637724
    -0.088726    -1.636093
    -0.087051    -1.634494
    -0.085377    -1.632928
    -0.083703    -1.631395
    -0.082029    -1.629896
    -0.080355    -1.628430
    -0.078681    -1.626998
    -0.077007    -1.625602
    -0.075333    -1.624240
    -0.073659    -1.622914
    -0.071985    -1.621623
    -0.070311    -1.620369
    -0.068637    -1.619152
    -0.066963    -1.617972
    -0.065289    -1.616830
    -0.063615    -1.615725
    -0.061940    -1.614658
    -0.060266    -1.613630
    -0.058592    -1.612641
    -0.056918    -1.611691
    -0.055244    -1.610780
    -0.053570    -1.609909
    -0.051896    -1.609078
    -0.050222    -1.608286
    -0.048548    -1.607535
    -0.046874    -1.606823
    -0.045200    -1.606151
    -0.043526    -1.605519
    -0.041852    -1.604927
    -0.040178    -1.604374
    -0.038504    -1.603860
    -0.036829    -1.603384
    -0.035155    -1.602945
    -0.033481    -1.602544
    -0.031807    -1.602179
    -0.030133    -1.601849
    -0.028459    -1.601552
    -0.026785    -1.601288
    -0.025111    -1.601054
    -0.023437    -1.600849
    -0.021763    -1.600670
    -0.020089    -1.600516
    -0.018415    -1.600384
    -0.016741    -1.600271
    -0.015067    -1.600175
    -0.013393    -1.600092
    -0.011718    -1.600021
    -0.010044    -1.599957
    -0.008370    -1.599898
    -0.006696    -1.599842
    -0.005022    -1.599786
    -0.003348    -1.599729
    -0.001674    -1.599669
     0.000000    -1.599610
     0.001674    -1.599672
     0.003348    -1.599732
     0.005022    -1.599790
     0.006696    -1.599846
     0.008370    -1.599902
     0.010044    -1.599961
     0.011718    -1.600025
     0.013393    -1.600097
     0.015067    -1.600180
     0.016741    -1.600276
     0.018415    -1.600389
     0.020089    -1.600522
     0.021763    -1.600676
     0.023437    -1.600855
     0.025111    -1.601060
     0.026785    -1.601294
     0.028459    -1.601559
     0.030133    -1.601856
     0.031807    -1.602186
     0.033481    -1.602551
     0.035155    -1.602953
     0.036829    -1.603391
     0.038504    -1.603867
     0.040178    -1.604382
     0.041852    -1.604935
     0.043526    -1.605527
     0.045200    -1.606159
     0.046874    -1.606831
     0.048548    -1.607543
     0.050222    -1.608295
     0.051896    -1.609086
     0.053570    -1.609918
     0.055244    -1.610789
     0.056918    -1.611699
     0.058592    -1.612649
     0.060266    -1.613639
     0.061940    -1.614666
     0.063615    -1.615733
     0.065289    -1.616838
     0.066963    -1.617980
     0.068637    -1.619160
     0.070311    -1.620377
     0.071985    -1.621631
     0.073659    -1.622921
     0.075333    -1.624247
     0.077007    -1.625609
     0.078681    -1.627006
     0.080355    -1.628437
     0.082029    -1.629902
     0.083703    -1.631402
     0.085377    -1.632935
     0.087051    -1.634501
     0.088726    -1.636099
     0.090400    -1.637729
     0.092074    -1.639392
     0.093748    -1.641085
     0.095422    -1.642810
     0.097096    -1.644565
     0.098770    -1.646350
     0.100444    -1.648164
     0.102118    -1.650008
     0.103792    -1.651881
     0.105466    -1.653782
     0.107140    -1.655712
     0.108814    -1.657669
     0.110488    -1.659654
     0.112163    -1.661665
     0.113837    -1.663703
     0.115511    -1.665768
     0.117185    -1.667858
     0.118859    -1.669974
     0.120533    -1.672115
     0.122207    -1.674282
     0.123881    -1.676472
     0.125555    -1.678687
     0.127229    -1.680926
     0.128903    -1.683188
     0.130577    -1.685474
     0.132251    -1.687783
     0.133925    -1.690114
     0.135599    -1.692468
     0.137274    -1.694844
     0.138948    -1.697241
     0.140622    -1.699661
     0.142296    -1.702101
     0.143970    -1.704562
     0.145644    -1.707044
     0.147318    -1.709547
     0.148992    -1.712069
     0.150666    -1.714612
     0.152340    -1.717174
     0.154014    -1.719755
     0.155688    -1.722356
     0.157362    -1.724975
     0.159036    -1.727613
     0.160710    -1.730269
     0.162385    -1.732944
     0.164059    -1.735637
     0.165733    -1.738347
     0.167407    -1.741075


    -0.167407    -1.729670
    -0.165733    -1.726783
    -0.164059    -1.723923
    -0.162385    -1.721090
    -0.160710    -1.718284
    -0.159036    -1.715507
    -0.157362    -1.712757
    -0.155688    -1.710035
    -0.154014    -1.707341
    -0.152340    -1.704676
    -0.150666    -1.702040
    -0.148992    -1.699432
    -0.147318    -1.696854
    -0.145644    -1.694305
    -0.143970    -1.691785
    -0.142296    -1.689295
    -0.140622    -1.686834
    -0.138948    -1.684404
    -0.137274    -1.682004
    -0.135599    -1.679634
    -0.133925    -1.677294
    -0.132251    -1.674986
    -0.130577    -1.672708
    -0.128903    -1.670462
    -0.127229    -1.668246
    -0.125555    -1.666063
    -0.123881    -1.663911
    -0.122207    -1.661790
    -0.120533    -1.659702
    -0.118859    -1.657646
    -0.117185    -1.655623
    -0.115511    -1.653632
    -0.113837    -1.651674
    -0.112163    -1.649749
    -0.110488    -1.647857
    -0.108814    -1.645999
    -0.107140    -1.644174
    -0.105466    -1.642382
    -0.103792    -1.640625
    -0.102118    -1.638902
    -0.100444    -1.637213
    -0.098770    -1.635559
    -0.097096    -1.633940
    -0.095422    -1.632355
    -0.093748    -1.630806
    -0.092074    -1.629292
    -0.090400    -1.627813
    -0.088726    -1.626370
    -0.087051    -1.624963
    -0.085377    -1.623592
    -0.083703    -1.622257
    -0.082029    -1.620958
    -0.080355    -1.619696
    -0.078681    -1.618471
    -0.077007    -1.617283
    -0.075333    -1.616132
    -0.073659    -1.615018
    -0.071985    -1.613941
    -0.070311    -1.612902
    -0.068637    -1.611901
    -0.066963    -1.610937
    -0.065289    -1.610011
    -0.063615    -1.609124
    -0.061940    -1.608274
    -0.060266    -1.607462
    -0.058592    -1.606689
    -0.056918    -1.605953
    -0.055244    -1.605256
    -0.053570    -1.604597
    -0.051896    -1.603976
    -0.050222    -1.603393
    -0.048548    -1.602847
    -0.046874    -1.602340
    -0.045200    -1.601869
    -0.043526    -1.601436
    -0.041852    -1.601039
    -0.040178    -1.600679
    -0.038504    -1.600354
    -0.036829    -1.600064
    -0.035155    -1.599808
    -0.033481    -1.599586
    -0.031807    -1.599396
    -0.030133    -1.599237
    -0.028459    -1.599108
    -0.026785    -1.599009
    -0.025111    -1.598936
    -0.023437    -1.598888
    -0.021763    -1.598864
    -0.020089    -1.598861
    -0.018415    -1.598877
    -0.016741    -1.598910
    -0.015067    -1.598957
    -0.013393    -1.599015
    -0.011718    -1.599082
    -0.010044    -1.599156
    -0.008370    -1.599233
    -0.006696    -1.599312
    -0.005022    -1.599390
    -0.003348    -1.599466
    -0.001674    -1.599539
     0.000000    -1.599602
     0.001674    -1.599535
     0.003348    -1.599463
     0.005022    -1.599386
     0.006696    -1.599308
     0.008370    -1.599229
     0.010044    -1.599151
     0.011718    -1.599077
     0.013393    -1.599010
     0.015067    -1.598951
     0.016741    -1.598904
     0.018415    -1.598871
     0.020089    -1.598854
     0.021763    -1.598857
     0.023437    -1.598881
     0.025111    -1.598928
     0.026785    -1.599000
     0.028459    -1.599100
     0.030133    -1.599228
     0.031807    -1.599386
     0.033481    -1.599576
     0.035155    -1.599798
     0.036829    -1.600053
     0.038504    -1.600343
     0.040178    -1.600667
     0.041852    -1.601028
     0.043526    -1.601424
     0.045200    -1.601857
     0.046874    -1.602327
     0.048548    -1.602835
     0.050222    -1.603380
     0.051896    -1.603963
     0.053570    -1.604584
     0.055244    -1.605243
     0.056918    -1.605940
     0.058592    -1.606675
     0.060266    -1.607448
     0.061940    -1.608260
     0.063615    -1.609109
     0.065289    -1.609997
     0.066963    -1.610923
     0.068637    -1.611886
     0.070311    -1.612888
     0.071985    -1.613927
     0.073659    -1.615003
     0.075333    -1.616117
     0.077007    -1.617268
     0.078681    -1.618456
     0.080355    -1.619682
     0.082029    -1.620944
     0.083703    -1.622242
     0.085377    -1.623577
     0.087051    -1.624948
     0.088726    -1.626355
     0.090400    -1.627798
     0.092074    -1.629277
     0.093748    -1.630791
     0.095422    -1.632341
     0.097096    -1.633926
     0.098770    -1.635545
     0.100444    -1.637199
     0.102118    -1.638888
     0.103792    -1.640611
     0.105466    -1.642369
     0.107140    -1.644160
     0.108814    -1.645985
     0.110488    -1.647844
     0.112163    -1.649736
     0.113837    -1.651661
     0.115511    -1.653619
     0.117185    -1.655611
     0.118859    -1.657634
     0.120533    -1.659690
     0.122207    -1.661779
     0.123881    -1.663899
     0.125555    -1.666052
     0.127229    -1.668236
     0.128903    -1.670451
     0.130577    -1.672698
     0.132251    -1.674976
     0.133925    -1.677285
     0.135599    -1.679624
     0.137274    -1.681994
     0.138948    -1.684395
     0.140622    -1.686826
     0.142296    -1.689286
     0.143970    -1.691777
     0.145644    -1.694297
     0.147318    -1.696846
     0.148992    -1.699425
     0.150666    -1.702033
     0.152340    -1.704670
     0.154014    -1.707335
     0.155688    -1.710029
     0.157362    -1.712751
     0.159036    -1.715501
     0.160710    -1.718279
     0.162385    -1.721085
     0.164059    -1.723918
     0.165733    -1.726779
     0.167407    -1.729667


    -0.167407    -1.333032
    -0.165733    -1.326905
    -0.164059    -1.320730
    -0.162385    -1.314504
    -0.160710    -1.308228
    -0.159036    -1.301903
    -0.157362    -1.295527
    -0.155688    -1.289102
    -0.154014    -1.282627
    -0.152340    -1.276103
    -0.150666    -1.269529
    -0.148992    -1.262907
    -0.147318    -1.256236
    -0.145644    -1.249516
    -0.143970    -1.242749
    -0.142296    -1.235934
    -0.140622    -1.229072
    -0.138948    -1.222165
    -0.137274    -1.215213
    -0.135599    -1.208219
    -0.133925    -1.201193
    -0.132251    -1.194215
    -0.130577    -1.187611
    -0.128903    -1.181119
    -0.127229    -1.174599
    -0.125555    -1.168038
    -0.123881    -1.161433
    -0.122207    -1.154784
    -0.120533    -1.148088
    -0.118859    -1.141348
    -0.117185    -1.134562
    -0.115511    -1.127730
    -0.113837    -1.120854
    -0.112163    -1.113932
    -0.110488    -1.106966
    -0.108814    -1.099956
    -0.107140    -1.092903
    -0.105466    -1.085808
    -0.103792    -1.078670
    -0.102118    -1.071491
    -0.100444    -1.064273
    -0.098770    -1.057016
    -0.097096    -1.049721
    -0.095422    -1.042390
    -0.093748    -1.035025
    -0.092074    -1.027627
    -0.090400    -1.020198
    -0.088726    -1.012740
    -0.087051    -1.005256
    -0.085377    -0.997746
    -0.083703    -0.990215
    -0.082029    -0.982665
    -0.080355    -0.975097
    -0.078681    -0.967517
    -0.077007    -0.959927
    -0.075333    -0.952329
    -0.073659    -0.944729
    -0.071985    -0.937130
    -0.070311    -0.929537
    -0.068637    -0.921953
    -0.066963    -0.914383
    -0.065289    -0.906833
    -0.063615    -0.899307
    -0.061940    -0.891812
    -0.060266    -0.884353
    -0.058592    -0.876937
    -0.056918    -0.869569
    -0.055244    -0.862257
    -0.053570    -0.855009
    -0.051896    -0.847831
    -0.050222    -0.840732
    -0.048548    -0.833721
    -0.046874    -0.826805
    -0.045200    -0.819994
    -0.043526    -0.813298
    -0.041852    -0.806727
    -0.040178    -0.800291
    -0.038504    -0.794000
    -0.036829    -0.787865
    -0.035155    -0.781898
    -0.033481    -0.776110
    -0.031807    -0.770513
    -0.030133    -0.765119
    -0.028459    -0.759938
    -0.026785    -0.754984
    -0.025111    -0.750267
    -0.023437    -0.745799
    -0.021763    -0.741591
    -0.020089    -0.737654
    -0.018415    -0.733998
    -0.016741    -0.730631
    -0.015067    -0.727564
    -0.013393    -0.724802
    -0.011718    -0.722354
    -0.010044    -0.720225
    -0.008370    -0.718419
    -0.006696    -0.716940
    -0.005022    -0.715789
    -0.003348    -0.714968
    -0.001674    -0.714475
     0.000000    -0.714310
     0.001674    -0.714471
     0.003348    -0.714958
     0.005022    -0.715775
     0.006696    -0.716925
     0.008370    -0.718404
     0.010044    -0.720211
     0.011718    -0.722340
     0.013393    -0.724788
     0.015067    -0.727549
     0.016741    -0.730617
     0.018415    -0.733983
     0.020089    -0.737640
     0.021763    -0.741577
     0.023437    -0.745785
     0.025111    -0.750253
     0.026785    -0.754970
     0.028459    -0.759924
     0.030133    -0.765105
     0.031807    -0.770500
     0.033481    -0.776097
     0.035155    -0.781885
     0.036829    -0.787852
     0.038504    -0.793987
     0.040178    -0.800278
     0.041852    -0.806715
     0.043526    -0.813286
     0.045200    -0.819983
     0.046874    -0.826794
     0.048548    -0.833710
     0.050222    -0.840722
     0.051896    -0.847821
     0.053570    -0.854999
     0.055244    -0.862248
     0.056918    -0.869560
     0.058592    -0.876928
     0.060266    -0.884345
     0.061940    -0.891804
     0.063615    -0.899300
     0.065289    -0.906826
     0.066963    -0.914376
     0.068637    -0.921946
     0.070311    -0.929530
     0.071985    -0.937125
     0.073659    -0.944724
     0.075333    -0.952324
     0.077007    -0.959922
     0.078681    -0.967513
     0.080355    -0.975093
     0.082029    -0.982661
     0.083703    -0.990212
     0.085377    -0.997743
     0.087051    -1.005253
     0.088726    -1.012738
     0.090400    -1.020196
     0.092074    -1.027625
     0.093748    -1.035023
     0.095422    -1.042389
     0.097096    -1.049720
     0.098770    -1.057014
     0.100444    -1.064272
     0.102118    -1.071490
     0.103792    -1.078669
     0.105466    -1.085807
     0.107140    -1.092903
     0.108814    -1.099956
     0.110488    -1.106966
     0.112163    -1.113932
     0.113837    -1.120853
     0.115511    -1.127730
     0.117185    -1.134561
     0.118859    -1.141348
     0.120533    -1.148088
     0.122207    -1.154783
     0.123881    -1.161433
     0.125555    -1.168037
     0.127229    -1.174598
     0.128903    -1.181117
     0.130577    -1.187606
     0.132251    -1.194198
     0.133925    -1.201178
     0.135599    -1.208205
     0.137274    -1.215199
     0.138948    -1.222151
     0.140622    -1.229058
     0.142296    -1.235919
     0.143970    -1.242734
     0.145644    -1.249501
     0.147318    -1.256220
     0.148992    -1.262891
     0.150666    -1.269513
     0.152340    -1.276086
     0.154014    -1.282610
     0.155688    -1.289084
     0.157362    -1.295509
     0.159036    -1.301884
     0.160710    -1.308209
     0.162385    -1.314484
     0.164059    -1.320709
     0.165733    -1.326885
     0.167407    -1.333011


    -0.167407    -1.319079
    -0.165733    -1.313507
    -0.164059    -1.307900
    -0.162385    -1.302257
    -0.160710    -1.296578
    -0.159036    -1.290862
    -0.157362    -1.285109
    -0.155688    -1.279318
    -0.154014    -1.273488
    -0.152340    -1.267620
    -0.150666    -1.261712
    -0.148992    -1.255764
    -0.147318    -1.249775
    -0.145644    -1.243745
    -0.143970    -1.237673
    -0.142296    -1.231558
    -0.140622    -1.225401
    -0.138948    -1.219199
    -0.137274    -1.212953
    -0.135599    -1.206659
    -0.133925    -1.200309
    -0.132251    -1.193822
    -0.130577    -1.186873
    -0.128903    -1.179725
    -0.127229    -1.172518
    -0.125555    -1.165266
    -0.123881    -1.157974
    -0.122207    -1.150643
    -0.120533    -1.143275
    -0.118859    -1.135871
    -0.117185    -1.128433
    -0.115511    -1.120963
    -0.113837    -1.113462
    -0.112163    -1.105932
    -0.110488    -1.098375
    -0.108814    -1.090792
    -0.107140    -1.083185
    -0.105466    -1.075557
    -0.103792    -1.067909
    -0.102118    -1.060244
    -0.100444    -1.052564
    -0.098770    -1.044871
    -0.097096    -1.037168
    -0.095422    -1.029456
    -0.093748    -1.021740
    -0.092074    -1.014021
    -0.090400    -1.006303
    -0.088726    -0.998587
    -0.087051    -0.990878
    -0.085377    -0.983178
    -0.083703    -0.975491
    -0.082029    -0.967819
    -0.080355    -0.960166
    -0.078681    -0.952536
    -0.077007    -0.944933
    -0.075333    -0.937359
    -0.073659    -0.929819
    -0.071985    -0.922316
    -0.070311    -0.914856
    -0.068637    -0.907441
    -0.066963    -0.900076
    -0.065289    -0.892766
    -0.063615    -0.885515
    -0.061940    -0.878328
    -0.060266    -0.871209
    -0.058592    -0.864164
    -0.056918    -0.857197
    -0.055244    -0.850314
    -0.053570    -0.843520
    -0.051896    -0.836821
    -0.050222    -0.830223
    -0.048548    -0.823731
    -0.046874    -0.817351
    -0.045200    -0.811090
    -0.043526    -0.804953
    -0.041852    -0.798949
    -0.040178    -0.793083
    -0.038504    -0.787362
    -0.036829    -0.781794
    -0.035155    -0.776386
    -0.033481    -0.771146
    -0.031807    -0.766081
    -0.030133    -0.761200
    -0.028459    -0.756510
    -0.026785    -0.752020
    -0.025111    -0.747739
    -0.023437    -0.743674
    -0.021763    -0.739835
    -0.020089    -0.736230
    -0.018415    -0.732869
    -0.016741    -0.729759
    -0.015067    -0.726910
    -0.013393    -0.724330
    -0.011718    -0.722027
    -0.010044    -0.720010
    -0.008370    -0.718286
    -0.006696    -0.716862
    -0.005022    -0.715745
    -0.003348    -0.714941
    -0.001674    -0.714457
     0.000000    -0.714296
     0.001674    -0.714460
     0.003348    -0.714950
     0.005022    -0.715757
     0.006696    -0.716873
     0.008370    -0.718297
     0.010044    -0.720020
     0.011718    -0.722037
     0.013393    -0.724339
     0.015067    -0.726918
     0.016741    -0.729767
     0.018415    -0.732876
     0.020089    -0.736237
     0.021763    -0.739842
     0.023437    -0.743680
     0.025111    -0.747745
     0.026785    -0.752026
     0.028459    -0.756516
     0.030133    -0.761205
     0.031807    -0.766086
     0.033481    -0.771151
     0.035155    -0.776391
     0.036829    -0.781799
     0.038504    -0.787366
     0.040178    -0.793087
     0.041852    -0.798953
     0.043526    -0.804957
     0.045200    -0.811093
     0.046874    -0.817354
     0.048548    -0.823734
     0.050222    -0.830226
     0.051896    -0.836824
     0.053570    -0.843523
     0.055244    -0.850317
     0.056918    -0.857200
     0.058592    -0.864166
     0.060266    -0.871212
     0.061940    -0.878330
     0.063615    -0.885517
     0.065289    -0.892768
     0.066963    -0.900078
     0.068637    -0.907443
     0.070311    -0.914857
     0.071985    -0.922318
     0.073659    -0.929820
     0.075333    -0.937360
     0.077007    -0.944934
     0.078681    -0.952537
     0.080355    -0.960167
     0.082029    -0.967819
     0.083703    -0.975491
     0.085377    -0.983178
     0.087051    -0.990878
     0.088726    -0.998587
     0.090400    -1.006302
     0.092074    -1.014020
     0.093748    -1.021739
     0.095422    -1.029455
     0.097096    -1.037166
     0.098770    -1.044869
     0.100444    -1.052562
     0.102118    -1.060242
     0.103792    -1.067906
     0.105466    -1.075554
     0.107140    -1.083182
     0.108814    -1.090788
     0.110488    -1.098370
     0.112163    -1.105927
     0.113837    -1.113457
     0.115511    -1.120958
     0.117185    -1.128427
     0.118859    -1.135865
     0.120533    -1.143268
     0.122207    -1.150636
     0.123881    -1.157967
     0.125555    -1.165259
     0.127229    -1.172511
     0.128903    -1.179719
     0.130577    -1.186869
     0.132251    -1.193829
     0.133925    -1.200314
     0.135599    -1.206662
     0.137274    -1.212955
     0.138948    -1.219201
     0.140622    -1.225402
     0.142296    -1.231559
     0.143970    -1.237674
     0.145644    -1.243745
     0.147318    -1.249775
     0.148992    -1.255764
     0.150666    -1.261712
     0.152340    -1.267620
     0.154014    -1.273488
     0.155688    -1.279318
     0.157362    -1.285109
     0.159036    -1.290862
     0.160710    -1.296577
     0.162385    -1.302256
     0.164059    -1.307899
     0.165733    -1.313506
     0.167407    -1.319078


    -0.167407    -0.498404
    -0.165733    -0.493660
    -0.164059    -0.488959
    -0.162385    -0.484302
    -0.160710    -0.479690
    -0.159036    -0.475124
    -0.157362    -0.470604
    -0.155688    -0.466132
    -0.154014    -0.461708
    -0.152340    -0.457333
    -0.150666    -0.453008
    -0.148992    -0.448734
    -0.147318    -0.444512
    -0.145644    -0.440343
    -0.143970    -0.436227
    -0.142296    -0.432166
    -0.140622    -0.428160
    -0.138948    -0.424210
    -0.137274    -0.420318
    -0.135599    -0.416483
    -0.133925    -0.412707
    -0.132251    -0.408991
    -0.130577    -0.405335
    -0.128903    -0.401741
    -0.127229    -0.398208
    -0.125555    -0.394738
    -0.123881    -0.391332
    -0.122207    -0.387989
    -0.120533    -0.384712
    -0.118859    -0.381500
    -0.117185    -0.378355
    -0.115511    -0.375276
    -0.113837    -0.372265
    -0.112163    -0.369321
    -0.110488    -0.366446
    -0.108814    -0.363640
    -0.107140    -0.360903
    -0.105466    -0.358235
    -0.103792    -0.355637
    -0.102118    -0.353109
    -0.100444    -0.350651
    -0.098770    -0.348263
    -0.097096    -0.345946
    -0.095422    -0.343698
    -0.093748    -0.341520
    -0.092074    -0.339411
    -0.090400    -0.337372
    -0.088726    -0.335401
    -0.087051    -0.333498
    -0.085377    -0.331662
    -0.083703    -0.329892
    -0.082029    -0.328188
    -0.080355    -0.326547
    -0.078681    -0.324969
    -0.077007    -0.323452
    -0.075333    -0.321994
    -0.073659    -0.320594
    -0.071985    -0.319249
    -0.070311    -0.317956
    -0.068637    -0.316714
    -0.066963    -0.315519
    -0.065289    -0.314368
    -0.063615    -0.313257
    -0.061940    -0.312184
    -0.060266    -0.311143
    -0.058592    -0.310131
    -0.056918    -0.309143
    -0.055244    -0.308173
    -0.053570    -0.307217
    -0.051896    -0.306268
    -0.050222    -0.305320
    -0.048548    -0.304367
    -0.046874    -0.303401
    -0.045200    -0.302415
    -0.043526    -0.301401
    -0.041852    -0.300350
    -0.040178    -0.299255
    -0.038504    -0.298105
    -0.036829    -0.296892
    -0.035155    -0.295606
    -0.033481    -0.294235
    -0.031807    -0.292772
    -0.030133    -0.291203
    -0.028459    -0.289520
    -0.026785    -0.287711
    -0.025111    -0.285767
    -0.023437    -0.283675
    -0.021763    -0.281427
    -0.020089    -0.279013
    -0.018415    -0.276423
    -0.016741    -0.273649
    -0.015067    -0.270683
    -0.013393    -0.267518
    -0.011718    -0.264147
    -0.010044    -0.260566
    -0.008370    -0.256770
    -0.006696    -0.252757
    -0.005022    -0.248525
    -0.003348    -0.244073
    -0.001674    -0.239401
     0.000000    -0.234537
     0.001674    -0.239427
     0.003348    -0.244099
     0.005022    -0.248552
     0.006696    -0.252785
     0.008370    -0.256799
     0.010044    -0.260595
     0.011718    -0.264177
     0.013393    -0.267548
     0.015067    -0.270714
     0.016741    -0.273680
     0.018415    -0.276455
     0.020089    -0.279045
     0.021763    -0.281459
     0.023437    -0.283708
     0.025111    -0.285799
     0.026785    -0.287744
     0.028459    -0.289553
     0.030133    -0.291236
     0.031807    -0.292804
     0.033481    -0.294268
     0.035155    -0.295638
     0.036829    -0.296925
     0.038504    -0.298138
     0.040178    -0.299287
     0.041852    -0.300382
     0.043526    -0.301432
     0.045200    -0.302446
     0.046874    -0.303432
     0.048548    -0.304397
     0.050222    -0.305350
     0.051896    -0.306298
     0.053570    -0.307246
     0.055244    -0.308202
     0.056918    -0.309171
     0.058592    -0.310159
     0.060266    -0.311171
     0.061940    -0.312211
     0.063615    -0.313284
     0.065289    -0.314394
     0.066963    -0.315544
     0.068637    -0.316739
     0.070311    -0.317980
     0.071985    -0.319272
     0.073659    -0.320617
     0.075333    -0.322017
     0.077007    -0.323474
     0.078681    -0.324991
     0.080355    -0.326568
     0.082029    -0.328208
     0.083703    -0.329912
     0.085377    -0.331681
     0.087051    -0.333517
     0.088726    -0.335419
     0.090400    -0.337390
     0.092074    -0.339429
     0.093748    -0.341537
     0.095422    -0.343714
     0.097096    -0.345961
     0.098770    -0.348279
     0.100444    -0.350666
     0.102118    -0.353124
     0.103792    -0.355651
     0.105466    -0.358249
     0.107140    -0.360916
     0.108814    -0.363653
     0.110488    -0.366459
     0.112163    -0.369333
     0.113837    -0.372277
     0.115511    -0.375288
     0.117185    -0.378366
     0.118859    -0.381511
     0.120533    -0.384723
     0.122207    -0.387999
     0.123881    -0.391341
     0.125555    -0.394747
     0.127229    -0.398217
     0.128903    -0.401749
     0.130577    -0.405344
     0.132251    -0.408999
     0.133925    -0.412716
     0.135599    -0.416491
     0.137274    -0.420326
     0.138948    -0.424218
     0.140622    -0.428167
     0.142296    -0.432173
     0.143970    -0.436234
     0.145644    -0.440350
     0.147318    -0.444519
     0.148992    -0.448741
     0.150666    -0.453015
     0.152340    -0.457339
     0.154014    -0.461714
     0.155688    -0.466138
     0.157362    -0.470610
     0.159036    -0.475130
     0.160710    -0.479697
     0.162385    -0.484309
     0.164059    -0.488965
     0.165733    -0.493666
     0.167407    -0.498410


    -0.167407    -0.460242
    -0.165733    -0.453689
    -0.164059    -0.447139
    -0.162385    -0.440592
    -0.160710    -0.434048
    -0.159036    -0.427506
    -0.157362    -0.420968
    -0.155688    -0.414433
    -0.154014    -0.407901
    -0.152340    -0.401372
    -0.150666    -0.394847
    -0.148992    -0.388325
    -0.147318    -0.381807
    -0.145644    -0.375292
    -0.143970    -0.368781
    -0.142296    -0.362274
    -0.140622    -0.355771
    -0.138948    -0.349272
    -0.137274    -0.342777
    -0.135599    -0.336285
    -0.133925    -0.329798
    -0.132251    -0.323316
    -0.130577    -0.316837
    -0.128903    -0.310363
    -0.127229    -0.303894
    -0.125555    -0.297428
    -0.123881    -0.290968
    -0.122207    -0.284512
    -0.120533    -0.278061
    -0.118859    -0.271615
    -0.117185    -0.265174
    -0.115511    -0.258738
    -0.113837    -0.252308
    -0.112163    -0.245883
    -0.110488    -0.239464
    -0.108814    -0.233050
    -0.107140    -0.226643
    -0.105466    -0.220243
    -0.103792    -0.213849
    -0.102118    -0.207462
    -0.100444    -0.201084
    -0.098770    -0.194714
    -0.097096    -0.188352
    -0.095422    -0.182001
    -0.093748    -0.175661
    -0.092074    -0.169332
    -0.090400    -0.163017
    -0.088726    -0.156717
    -0.087051    -0.150433
    -0.085377    -0.144169
    -0.083703    -0.137927
    -0.082029    -0.131710
    -0.080355    -0.125522
    -0.078681    -0.119369
    -0.077007    -0.113257
    -0.075333    -0.107193
    -0.073659    -0.101188
    -0.071985    -0.095253
    -0.070311    -0.089405
    -0.068637    -0.083663
    -0.066963    -0.078054
    -0.065289    -0.072613
    -0.063615    -0.067386
    -0.061940    -0.062433
    -0.060266    -0.057836
    -0.058592    -0.053703
    -0.056918    -0.050175
    -0.055244    -0.047424
    -0.053570    -0.045648
    -0.051896    -0.045041
    -0.050222    -0.045740
    -0.048548    -0.047782
    -0.046874    -0.051087
    -0.045200    -0.055482
    -0.043526    -0.060759
    -0.041852    -0.066716
    -0.040178    -0.073181
    -0.038504    -0.080014
    -0.036829    -0.087109
    -0.035155    -0.094384
    -0.033481    -0.101776
    -0.031807    -0.109235
    -0.030133    -0.116723
    -0.028459    -0.124208
    -0.026785    -0.131664
    -0.025111    -0.139069
    -0.023437    -0.146404
    -0.021763    -0.153653
    -0.020089    -0.160799
    -0.018415    -0.167831
    -0.016741    -0.174734
    -0.015067    -0.181498
    -0.013393    -0.188112
    -0.011718    -0.194565
    -0.010044    -0.200848
    -0.008370    -0.206952
    -0.006696    -0.212870
    -0.005022    -0.218593
    -0.003348    -0.224116
    -0.001674    -0.229432
     0.000000    -0.234511
     0.001674    -0.229408
     0.003348    -0.224092
     0.005022    -0.218570
     0.006696    -0.212848
     0.008370    -0.206931
     0.010044    -0.200828
     0.011718    -0.194545
     0.013393    -0.188093
     0.015067    -0.181480
     0.016741    -0.174717
     0.018415    -0.167814
     0.020089    -0.160783
     0.021763    -0.153637
     0.023437    -0.146389
     0.025111    -0.139055
     0.026785    -0.131650
     0.028459    -0.124195
     0.030133    -0.116710
     0.031807    -0.109223
     0.033481    -0.101764
     0.035155    -0.094372
     0.036829    -0.087097
     0.038504    -0.080002
     0.040178    -0.073168
     0.041852    -0.066703
     0.043526    -0.060745
     0.045200    -0.055467
     0.046874    -0.051071
     0.048548    -0.047766
     0.050222    -0.045722
     0.051896    -0.045023
     0.053570    -0.045630
     0.055244    -0.047405
     0.056918    -0.050156
     0.058592    -0.053685
     0.060266    -0.057818
     0.061940    -0.062415
     0.063615    -0.067368
     0.065289    -0.072596
     0.066963    -0.078037
     0.068637    -0.083646
     0.070311    -0.089388
     0.071985    -0.095236
     0.073659    -0.101171
     0.075333    -0.107177
     0.077007    -0.113241
     0.078681    -0.119353
     0.080355    -0.125506
     0.082029    -0.131694
     0.083703    -0.137911
     0.085377    -0.144154
     0.087051    -0.150418
     0.088726    -0.156702
     0.090400    -0.163003
     0.092074    -0.169318
     0.093748    -0.175647
     0.095422    -0.181988
     0.097096    -0.188339
     0.098770    -0.194701
     0.100444    -0.201071
     0.102118    -0.207450
     0.103792    -0.213837
     0.105466    -0.220231
     0.107140    -0.226632
     0.108814    -0.233040
     0.110488    -0.239453
     0.112163    -0.245873
     0.113837    -0.252299
     0.115511    -0.258730
     0.117185    -0.265166
     0.118859    -0.271607
     0.120533    -0.278054
     0.122207    -0.284505
     0.123881    -0.290962
     0.125555    -0.297423
     0.127229    -0.303888
     0.128903    -0.310358
     0.130577    -0.316833
     0.132251    -0.323312
     0.133925    -0.329795
     0.135599    -0.336283
     0.137274    -0.342774
     0.138948    -0.349270
     0.140622    -0.355770
     0.142296    -0.362274
     0.143970    -0.368781
     0.145644    -0.375293
     0.147318    -0.381808
     0.148992    -0.388327
     0.150666    -0.394849
     0.152340    -0.401375
     0.154014    -0.407904
     0.155688    -0.414437
     0.157362    -0.420973
     0.159036    -0.427512
     0.160710    -0.434054
     0.162385    -0.440598
     0.164059    -0.447146
     0.165733    -0.453697
     0.167407    -0.460250


    -0.167407     0.657381
    -0.165733     0.648605
    -0.164059     0.639803
    -0.162385     0.630975
    -0.160710     0.622121
    -0.159036     0.613242
    -0.157362     0.604337
    -0.155688     0.595407
    -0.154014     0.586452
    -0.152340     0.577473
    -0.150666     0.568470
    -0.148992     0.559443
    -0.147318     0.550393
    -0.145644     0.541319
    -0.143970     0.532223
    -0.142296     0.523105
    -0.140622     0.513965
    -0.138948     0.504804
    -0.137274     0.495621
    -0.135599     0.486418
    -0.133925     0.477196
    -0.132251     0.467953
    -0.130577     0.458692
    -0.128903     0.449413
    -0.127229     0.440115
    -0.125555     0.430801
    -0.123881     0.421470
    -0.122207     0.412123
    -0.120533     0.402762
    -0.118859     0.393386
    -0.117185     0.383997
    -0.115511     0.374595
    -0.113837     0.365181
    -0.112163     0.355757
    -0.110488     0.346323
    -0.108814     0.336881
    -0.107140     0.327432
    -0.105466     0.317976
    -0.103792     0.308516
    -0.102118     0.299052
    -0.100444     0.289587
    -0.098770     0.280123
    -0.097096     0.270660
    -0.095422     0.261201
    -0.093748     0.251749
    -0.092074     0.242305
    -0.090400     0.232874
    -0.088726     0.223457
    -0.087051     0.214058
    -0.085377     0.204682
    -0.083703     0.195332
    -0.082029     0.186014
    -0.080355     0.176735
    -0.078681     0.167500
    -0.077007     0.158318
    -0.075333     0.149199
    -0.073659     0.140156
    -0.071985     0.131202
    -0.070311     0.122356
    -0.068637     0.113640
    -0.066963     0.105085
    -0.065289     0.096726
    -0.063615     0.088613
    -0.061940     0.080810
    -0.060266     0.073401
    -0.058592     0.066498
    -0.056918     0.060243
    -0.055244     0.054816
    -0.053570     0.050415
    -0.051896     0.047239
    -0.050222     0.045429
    -0.048548     0.045028
    -0.046874     0.045956
    -0.045200     0.048049
    -0.043526     0.051102
    -0.041852     0.054918
    -0.040178     0.059329
    -0.038504     0.064203
    -0.036829     0.069438
    -0.035155     0.074957
    -0.033481     0.080704
    -0.031807     0.086636
    -0.030133     0.092720
    -0.028459     0.098931
    -0.026785     0.105250
    -0.025111     0.111662
    -0.023437     0.118155
    -0.021763     0.124720
    -0.020089     0.131348
    -0.018415     0.138035
    -0.016741     0.144773
    -0.015067     0.151560
    -0.013393     0.158391
    -0.011718     0.165263
    -0.010044     0.172174
    -0.008370     0.179121
    -0.006696     0.186102
    -0.005022     0.193115
    -0.003348     0.200158
    -0.001674     0.207230
     0.000000     0.214322
     0.001674     0.207225
     0.003348     0.200154
     0.005022     0.193111
     0.006696     0.186098
     0.008370     0.179117
     0.010044     0.172171
     0.011718     0.165260
     0.013393     0.158389
     0.015067     0.151558
     0.016741     0.144772
     0.018415     0.138033
     0.020089     0.131348
     0.021763     0.124719
     0.023437     0.118155
     0.025111     0.111662
     0.026785     0.105250
     0.028459     0.098931
     0.030133     0.092720
     0.031807     0.086637
     0.033481     0.080705
     0.035155     0.074958
     0.036829     0.069438
     0.038504     0.064203
     0.040178     0.059329
     0.041852     0.054917
     0.043526     0.051101
     0.045200     0.048047
     0.046874     0.045953
     0.048548     0.045023
     0.050222     0.045424
     0.051896     0.047232
     0.053570     0.050408
     0.055244     0.054808
     0.056918     0.060236
     0.058592     0.066490
     0.060266     0.073393
     0.061940     0.080802
     0.063615     0.088606
     0.065289     0.096719
     0.066963     0.105077
     0.068637     0.113633
     0.070311     0.122349
     0.071985     0.131195
     0.073659     0.140149
     0.075333     0.149192
     0.077007     0.158311
     0.078681     0.167493
     0.080355     0.176728
     0.082029     0.186008
     0.083703     0.195325
     0.085377     0.204675
     0.087051     0.214051
     0.088726     0.223450
     0.090400     0.232867
     0.092074     0.242299
     0.093748     0.251742
     0.095422     0.261195
     0.097096     0.270654
     0.098770     0.280116
     0.100444     0.289581
     0.102118     0.299047
     0.103792     0.308510
     0.105466     0.317971
     0.107140     0.327426
     0.108814     0.336876
     0.110488     0.346319
     0.112163     0.355752
     0.113837     0.365177
     0.115511     0.374591
     0.117185     0.383993
     0.118859     0.393382
     0.120533     0.402758
     0.122207     0.412120
     0.123881     0.421467
     0.125555     0.430798
     0.127229     0.440113
     0.128903     0.449410
     0.130577     0.458690
     0.132251     0.467952
     0.133925     0.477194
     0.135599     0.486417
     0.137274     0.495621
     0.138948     0.504803
     0.140622     0.513965
     0.142296     0.523105
     0.143970     0.532224
     0.145644     0.541320
     0.147318     0.550394
     0.148992     0.559445
     0.150666     0.568472
     0.152340     0.577475
     0.154014     0.586455
     0.155688     0.595410
     0.157362     0.604340
     0.159036     0.613245
     0.160710     0.622125
     0.162385     0.630979
     0.164059     0.639808
     0.165733     0.648610
     0.167407     0.657386


    -0.167407     0.885365
    -0.165733     0.879645
    -0.164059     0.873912
    -0.162385     0.868165
    -0.160710     0.862403
    -0.159036     0.856627
    -0.157362     0.850837
    -0.155688     0.845031
    -0.154014     0.839210
    -0.152340     0.833373
    -0.150666     0.827520
    -0.148992     0.821650
    -0.147318     0.815764
    -0.145644     0.809861
    -0.143970     0.803940
    -0.142296     0.798000
    -0.140622     0.792042
    -0.138948     0.786066
    -0.137274     0.780069
    -0.135599     0.774053
    -0.133925     0.768017
    -0.132251     0.761960
    -0.130577     0.755881
    -0.128903     0.749781
    -0.127229     0.743658
    -0.125555     0.737513
    -0.123881     0.731344
    -0.122207     0.725152
    -0.120533     0.718936
    -0.118859     0.712695
    -0.117185     0.706429
    -0.115511     0.700137
    -0.113837     0.693820
    -0.112163     0.687476
    -0.110488     0.681105
    -0.108814     0.674708
    -0.107140     0.668282
    -0.105466     0.661829
    -0.103792     0.655348
    -0.102118     0.648839
    -0.100444     0.642301
    -0.098770     0.635734
    -0.097096     0.629138
    -0.095422     0.622513
    -0.093748     0.615859
    -0.092074     0.609175
    -0.090400     0.602463
    -0.088726     0.595721
    -0.087051     0.588950
    -0.085377     0.582149
    -0.083703     0.575320
    -0.082029     0.568463
    -0.080355     0.561576
    -0.078681     0.554662
    -0.077007     0.547721
    -0.075333     0.540752
    -0.073659     0.533756
    -0.071985     0.526734
    -0.070311     0.519687
    -0.068637     0.512614
    -0.066963     0.505518
    -0.065289     0.498398
    -0.063615     0.491255
    -0.061940     0.484091
    -0.060266     0.476905
    -0.058592     0.469700
    -0.056918     0.462475
    -0.055244     0.455233
    -0.053570     0.447974
    -0.051896     0.440699
    -0.050222     0.433409
    -0.048548     0.426106
    -0.046874     0.418791
    -0.045200     0.411465
    -0.043526     0.404129
    -0.041852     0.396785
    -0.040178     0.389433
    -0.038504     0.382076
    -0.036829     0.374714
    -0.035155     0.367349
    -0.033481     0.359982
    -0.031807     0.352615
    -0.030133     0.345249
    -0.028459     0.337885
    -0.026785     0.330525
    -0.025111     0.323169
    -0.023437     0.315820
    -0.021763     0.308479
    -0.020089     0.301146
    -0.018415     0.293824
    -0.016741     0.286513
    -0.015067     0.279216
    -0.013393     0.271932
    -0.011718     0.264664
    -0.010044     0.257412
    -0.008370     0.250179
    -0.006696     0.242964
    -0.005022     0.235770
    -0.003348     0.228598
    -0.001674     0.221449
     0.000000     0.214332
     0.001674     0.221455
     0.003348     0.228604
     0.005022     0.235777
     0.006696     0.242971
     0.008370     0.250186
     0.010044     0.257419
     0.011718     0.264671
     0.013393     0.271940
     0.015067     0.279224
     0.016741     0.286522
     0.018415     0.293833
     0.020089     0.301155
     0.021763     0.308488
     0.023437     0.315829
     0.025111     0.323179
     0.026785     0.330534
     0.028459     0.337895
     0.030133     0.345259
     0.031807     0.352625
     0.033481     0.359992
     0.035155     0.367359
     0.036829     0.374724
     0.038504     0.382086
     0.040178     0.389443
     0.041852     0.396795
     0.043526     0.404139
     0.045200     0.411475
     0.046874     0.418801
     0.048548     0.426116
     0.050222     0.433419
     0.051896     0.440709
     0.053570     0.447983
     0.055244     0.455242
     0.056918     0.462485
     0.058592     0.469709
     0.060266     0.476914
     0.061940     0.484099
     0.063615     0.491264
     0.065289     0.498406
     0.066963     0.505526
     0.068637     0.512622
     0.070311     0.519694
     0.071985     0.526742
     0.073659     0.533763
     0.075333     0.540759
     0.077007     0.547727
     0.078681     0.554669
     0.080355     0.561583
     0.082029     0.568469
     0.083703     0.575326
     0.085377     0.582155
     0.087051     0.588955
     0.088726     0.595726
     0.090400     0.602468
     0.092074     0.609180
     0.093748     0.615863
     0.095422     0.622517
     0.097096     0.629142
     0.098770     0.635738
     0.100444     0.642304
     0.102118     0.648842
     0.103792     0.655352
     0.105466     0.661832
     0.107140     0.668285
     0.108814     0.674710
     0.110488     0.681108
     0.112163     0.687478
     0.113837     0.693822
     0.115511     0.700139
     0.117185     0.706431
     0.118859     0.712697
     0.120533     0.718938
     0.122207     0.725154
     0.123881     0.731346
     0.125555     0.737514
     0.127229     0.743659
     0.128903     0.749782
     0.130577     0.755882
     0.132251     0.761961
     0.133925     0.768018
     0.135599     0.774054
     0.137274     0.780070
     0.138948     0.786066
     0.140622     0.792043
     0.142296     0.798001
     0.143970     0.803940
     0.145644     0.809861
     0.147318     0.815765
     0.148992     0.821651
     0.150666     0.827520
     0.152340     0.833373
     0.154014     0.839210
     0.155688     0.845031
     0.157362     0.850837
     0.159036     0.856628
     0.160710     0.862404
     0.162385     0.868165
     0.164059     0.873912
     0.165733     0.879646
     0.167407     0.885366


    -0.167407     1.832051
    -0.165733     1.824157
    -0.164059     1.816279
    -0.162385     1.808420
    -0.160710     1.800581
    -0.159036     1.792765
    -0.157362     1.784974
    -0.155688     1.777209
    -0.154014     1.769472
    -0.152340     1.761767
    -0.150666     1.754094
    -0.148992     1.746456
    -0.147318     1.738856
    -0.145644     1.731295
    -0.143970     1.723775
    -0.142296     1.716300
    -0.140622     1.708871
    -0.138948     1.701491
    -0.137274     1.694162
    -0.135599     1.686886
    -0.133925     1.679666
    -0.132251     1.672504
    -0.130577     1.665404
    -0.128903     1.658366
    -0.127229     1.651394
    -0.125555     1.644490
    -0.123881     1.637657
    -0.122207     1.630897
    -0.120533     1.624213
    -0.118859     1.617606
    -0.117185     1.611081
    -0.115511     1.604638
    -0.113837     1.598281
    -0.112163     1.592012
    -0.110488     1.585833
    -0.108814     1.579747
    -0.107140     1.573756
    -0.105466     1.567862
    -0.103792     1.562068
    -0.102118     1.556377
    -0.100444     1.550789
    -0.098770     1.545308
    -0.097096     1.539936
    -0.095422     1.534674
    -0.093748     1.529525
    -0.092074     1.524490
    -0.090400     1.519572
    -0.088726     1.514772
    -0.087051     1.510093
    -0.085377     1.505535
    -0.083703     1.501101
    -0.082029     1.496791
    -0.080355     1.492608
    -0.078681     1.488553
    -0.077007     1.484627
    -0.075333     1.480831
    -0.073659     1.477167
    -0.071985     1.473635
    -0.070311     1.470237
    -0.068637     1.466973
    -0.066963     1.463844
    -0.065289     1.460851
    -0.063615     1.457994
    -0.061940     1.455274
    -0.060266     1.452691
    -0.058592     1.450246
    -0.056918     1.447938
    -0.055244     1.445769
    -0.053570     1.443737
    -0.051896     1.441843
    -0.050222     1.440087
    -0.048548     1.438469
    -0.046874     1.436987
    -0.045200     1.435643
    -0.043526     1.434435
    -0.041852     1.433362
    -0.040178     1.432425
    -0.038504     1.431623
    -0.036829     1.430954
    -0.035155     1.430418
    -0.033481     1.430014
    -0.031807     1.429742
    -0.030133     1.429599
    -0.028459     1.429585
    -0.026785     1.429700
    -0.025111     1.429940
    -0.023437     1.430307
    -0.021763     1.430797
    -0.020089     1.431410
    -0.018415     1.432145
    -0.016741     1.433000
    -0.015067     1.433973
    -0.013393     1.435064
    -0.011718     1.436270
    -0.010044     1.437591
    -0.008370     1.439024
    -0.006696     1.440568
    -0.005022     1.442221
    -0.003348     1.443982
    -0.001674     1.445849
     0.000000     1.447816
     0.001674     1.445859
     0.003348     1.443992
     0.005022     1.442231
     0.006696     1.440578
     0.008370     1.439034
     0.010044     1.437601
     0.011718     1.436281
     0.013393     1.435075
     0.015067     1.433985
     0.016741     1.433012
     0.018415     1.432157
     0.020089     1.431423
     0.021763     1.430810
     0.023437     1.430320
     0.025111     1.429954
     0.026785     1.429713
     0.028459     1.429599
     0.030133     1.429613
     0.031807     1.429756
     0.033481     1.430029
     0.035155     1.430433
     0.036829     1.430969
     0.038504     1.431638
     0.040178     1.432441
     0.041852     1.433378
     0.043526     1.434451
     0.045200     1.435659
     0.046874     1.437004
     0.048548     1.438485
     0.050222     1.440104
     0.051896     1.441860
     0.053570     1.443754
     0.055244     1.445786
     0.056918     1.447956
     0.058592     1.450264
     0.060266     1.452709
     0.061940     1.455292
     0.063615     1.458012
     0.065289     1.460869
     0.066963     1.463862
     0.068637     1.466991
     0.070311     1.470255
     0.071985     1.473654
     0.073659     1.477185
     0.075333     1.480850
     0.077007     1.484645
     0.078681     1.488571
     0.080355     1.492627
     0.082029     1.496809
     0.083703     1.501119
     0.085377     1.505553
     0.087051     1.510111
     0.088726     1.514790
     0.090400     1.519590
     0.092074     1.524508
     0.093748     1.529542
     0.095422     1.534691
     0.097096     1.539953
     0.098770     1.545325
     0.100444     1.550806
     0.102118     1.556393
     0.103792     1.562084
     0.105466     1.567878
     0.107140     1.573771
     0.108814     1.579762
     0.110488     1.585847
     0.112163     1.592026
     0.113837     1.598295
     0.115511     1.604652
     0.117185     1.611094
     0.118859     1.617619
     0.120533     1.624225
     0.122207     1.630909
     0.123881     1.637669
     0.125555     1.644502
     0.127229     1.651405
     0.128903     1.658376
     0.130577     1.665414
     0.132251     1.672514
     0.133925     1.679675
     0.135599     1.686895
     0.137274     1.694170
     0.138948     1.701499
     0.140622     1.708879
     0.142296     1.716307
     0.143970     1.723782
     0.145644     1.731301
     0.147318     1.738861
     0.148992     1.746461
     0.150666     1.754099
     0.152340     1.761771
     0.154014     1.769476
     0.155688     1.777212
     0.157362     1.784977
     0.159036     1.792768
     0.160710     1.800583
     0.162385     1.808422
     0.164059     1.816280
     0.165733     1.824158
     0.167407     1.832052


    -0.167407     1.946814
    -0.165733     1.940284
    -0.164059     1.933765
    -0.162385     1.927259
    -0.160710     1.920765
    -0.159036     1.914284
    -0.157362     1.907818
    -0.155688     1.901366
    -0.154014     1.894929
    -0.152340     1.888507
    -0.150666     1.882102
    -0.148992     1.875713
    -0.147318     1.869342
    -0.145644     1.862989
    -0.143970     1.856653
    -0.142296     1.850337
    -0.140622     1.844040
    -0.138948     1.837763
    -0.137274     1.831507
    -0.135599     1.825271
    -0.133925     1.819057
    -0.132251     1.812865
    -0.130577     1.806695
    -0.128903     1.800548
    -0.127229     1.794425
    -0.125555     1.788325
    -0.123881     1.782250
    -0.122207     1.776200
    -0.120533     1.770176
    -0.118859     1.764177
    -0.117185     1.758204
    -0.115511     1.752259
    -0.113837     1.746341
    -0.112163     1.740450
    -0.110488     1.734588
    -0.108814     1.728755
    -0.107140     1.722951
    -0.105466     1.717177
    -0.103792     1.711433
    -0.102118     1.705720
    -0.100444     1.700039
    -0.098770     1.694389
    -0.097096     1.688772
    -0.095422     1.683188
    -0.093748     1.677638
    -0.092074     1.672122
    -0.090400     1.666641
    -0.088726     1.661195
    -0.087051     1.655785
    -0.085377     1.650412
    -0.083703     1.645076
    -0.082029     1.639779
    -0.080355     1.634520
    -0.078681     1.629300
    -0.077007     1.624121
    -0.075333     1.618983
    -0.073659     1.613887
    -0.071985     1.608833
    -0.070311     1.603823
    -0.068637     1.598858
    -0.066963     1.593937
    -0.065289     1.589063
    -0.063615     1.584235
    -0.061940     1.579456
    -0.060266     1.574726
    -0.058592     1.570046
    -0.056918     1.565417
    -0.055244     1.560841
    -0.053570     1.556318
    -0.051896     1.551849
    -0.050222     1.547436
    -0.048548     1.543080
    -0.046874     1.538783
    -0.045200     1.534544
    -0.043526     1.530366
    -0.041852     1.526251
    -0.040178     1.522198
    -0.038504     1.518211
    -0.036829     1.514289
    -0.035155     1.510435
    -0.033481     1.506650
    -0.031807     1.502936
    -0.030133     1.499293
    -0.028459     1.495724
    -0.026785     1.492230
    -0.025111     1.488812
    -0.023437     1.485473
    -0.021763     1.482213
    -0.020089     1.479034
    -0.018415     1.475939
    -0.016741     1.472928
    -0.015067     1.470003
    -0.013393     1.467165
    -0.011718     1.464418
    -0.010044     1.461761
    -0.008370     1.459198
    -0.006696     1.456729
    -0.005022     1.454356
    -0.003348     1.452080
    -0.001674     1.449905
     0.000000     1.447835
     0.001674     1.449896
     0.003348     1.452072
     0.005022     1.454347
     0.006696     1.456720
     0.008370     1.459190
     0.010044     1.461754
     0.011718     1.464410
     0.013393     1.467158
     0.015067     1.469995
     0.016741     1.472921
     0.018415     1.475932
     0.020089     1.479028
     0.021763     1.482207
     0.023437     1.485467
     0.025111     1.488806
     0.026785     1.492224
     0.028459     1.495718
     0.030133     1.499288
     0.031807     1.502930
     0.033481     1.506645
     0.035155     1.510430
     0.036829     1.514284
     0.038504     1.518206
     0.040178     1.522194
     0.041852     1.526246
     0.043526     1.530362
     0.045200     1.534540
     0.046874     1.538778
     0.048548     1.543076
     0.050222     1.547432
     0.051896     1.551845
     0.053570     1.556314
     0.055244     1.560837
     0.056918     1.565413
     0.058592     1.570042
     0.060266     1.574722
     0.061940     1.579452
     0.063615     1.584232
     0.065289     1.589059
     0.066963     1.593933
     0.068637     1.598854
     0.070311     1.603820
     0.071985     1.608830
     0.073659     1.613884
     0.075333     1.618980
     0.077007     1.624118
     0.078681     1.629297
     0.080355     1.634516
     0.082029     1.639775
     0.083703     1.645073
     0.085377     1.650409
     0.087051     1.655782
     0.088726     1.661191
     0.090400     1.666637
     0.092074     1.672119
     0.093748     1.677635
     0.095422     1.683185
     0.097096     1.688769
     0.098770     1.694386
     0.100444     1.700036
     0.102118     1.705717
     0.103792     1.711430
     0.105466     1.717174
     0.107140     1.722948
     0.108814     1.728752
     0.110488     1.734585
     0.112163     1.740447
     0.113837     1.746338
     0.115511     1.752256
     0.117185     1.758202
     0.118859     1.764174
     0.120533     1.770173
     0.122207     1.776198
     0.123881     1.782248
     0.125555     1.788323
     0.127229     1.794422
     0.128903     1.800546
     0.130577     1.806693
     0.132251     1.812862
     0.133925     1.819055
     0.135599     1.825269
     0.137274     1.831505
     0.138948     1.837761
     0.140622     1.844038
     0.142296     1.850335
     0.143970     1.856652
     0.145644     1.862987
     0.147318     1.869340
     0.148992     1.875712
     0.150666     1.882100
     0.152340     1.888506
     0.154014     1.894927
     0.155688     1.901364
     0.157362     1.907816
     0.159036     1.914283
     0.160710     1.920763
     0.162385     1.927257
     0.164059     1.933764
     0.165733     1.940282
     0.167407     1.946812


    -0.167407     2.319248
    -0.165733     2.311466
    -0.164059     2.303715
    -0.162385     2.295997
    -0.160710     2.288314
    -0.159036     2.280666
    -0.157362     2.273056
    -0.155688     2.265485
    -0.154014     2.257953
    -0.152340     2.250463
    -0.150666     2.243015
    -0.148992     2.235611
    -0.147318     2.228253
    -0.145644     2.220940
    -0.143970     2.213676
    -0.142296     2.206460
    -0.140622     2.199294
    -0.138948     2.192179
    -0.137274     2.185116
    -0.135599     2.178107
    -0.133925     2.171152
    -0.132251     2.164253
    -0.130577     2.157410
    -0.128903     2.150625
    -0.127229     2.143899
    -0.125555     2.137232
    -0.123881     2.130626
    -0.122207     2.124082
    -0.120533     2.117600
    -0.118859     2.111182
    -0.117185     2.104828
    -0.115511     2.098540
    -0.113837     2.092318
    -0.112163     2.086164
    -0.110488     2.080077
    -0.108814     2.074060
    -0.107140     2.068112
    -0.105466     2.062235
    -0.103792     2.056429
    -0.102118     2.050696
    -0.100444     2.045036
    -0.098770     2.039450
    -0.097096     2.033939
    -0.095422     2.028503
    -0.093748     2.023144
    -0.092074     2.017861
    -0.090400     2.012656
    -0.088726     2.007530
    -0.087051     2.002484
    -0.085377     1.997517
    -0.083703     1.992631
    -0.082029     1.987826
    -0.080355     1.983104
    -0.078681     1.978465
    -0.077007     1.973909
    -0.075333     1.969437
    -0.073659     1.965051
    -0.071985     1.960750
    -0.070311     1.956536
    -0.068637     1.952408
    -0.066963     1.948368
    -0.065289     1.944417
    -0.063615     1.940554
    -0.061940     1.936782
    -0.060266     1.933099
    -0.058592     1.929508
    -0.056918     1.926008
    -0.055244     1.922600
    -0.053570     1.919285
    -0.051896     1.916063
    -0.050222     1.912936
    -0.048548     1.909903
    -0.046874     1.906965
    -0.045200     1.904124
    -0.043526     1.901378
    -0.041852     1.898730
    -0.040178     1.896179
    -0.038504     1.893726
    -0.036829     1.891372
    -0.035155     1.889118
    -0.033481     1.886963
    -0.031807     1.884908
    -0.030133     1.882954
    -0.028459     1.881102
    -0.026785     1.879351
    -0.025111     1.877703
    -0.023437     1.876158
    -0.021763     1.874716
    -0.020089     1.873378
    -0.018415     1.872145
    -0.016741     1.871017
    -0.015067     1.869996
    -0.013393     1.869081
    -0.011718     1.868273
    -0.010044     1.867573
    -0.008370     1.866981
    -0.006696     1.866497
    -0.005022     1.866122
    -0.003348     1.865855
    -0.001674     1.865694
     0.000000     1.865638
     0.001674     1.865688
     0.003348     1.865844
     0.005022     1.866109
     0.006696     1.866482
     0.008370     1.866964
     0.010044     1.867554
     0.011718     1.868252
     0.013393     1.869058
     0.015067     1.869971
     0.016741     1.870991
     0.018415     1.872118
     0.020089     1.873349
     0.021763     1.874686
     0.023437     1.876127
     0.025111     1.877672
     0.026785     1.879320
     0.028459     1.881071
     0.030133     1.882923
     0.031807     1.884877
     0.033481     1.886932
     0.035155     1.889087
     0.036829     1.891341
     0.038504     1.893695
     0.040178     1.896148
     0.041852     1.898699
     0.043526     1.901348
     0.045200     1.904093
     0.046874     1.906935
     0.048548     1.909873
     0.050222     1.912906
     0.051896     1.916034
     0.053570     1.919255
     0.055244     1.922571
     0.056918     1.925979
     0.058592     1.929479
     0.060266     1.933071
     0.061940     1.936753
     0.063615     1.940526
     0.065289     1.944389
     0.066963     1.948341
     0.068637     1.952381
     0.070311     1.956509
     0.071985     1.960723
     0.073659     1.965025
     0.075333     1.969411
     0.077007     1.973883
     0.078681     1.978439
     0.080355     1.983079
     0.082029     1.987802
     0.083703     1.992607
     0.085377     1.997493
     0.087051     2.002460
     0.088726     2.007508
     0.090400     2.012634
     0.092074     2.017839
     0.093748     2.023122
     0.095422     2.028482
     0.097096     2.033919
     0.098770     2.039430
     0.100444     2.045017
     0.102118     2.050678
     0.103792     2.056411
     0.105466     2.062217
     0.107140     2.068095
     0.108814     2.074043
     0.110488     2.080061
     0.112163     2.086148
     0.113837     2.092304
     0.115511     2.098526
     0.117185     2.104815
     0.118859     2.111169
     0.120533     2.117588
     0.122207     2.124070
     0.123881     2.130615
     0.125555     2.137222
     0.127229     2.143889
     0.128903     2.150616
     0.130577     2.157402
     0.132251     2.164245
     0.133925     2.171145
     0.135599     2.178100
     0.137274     2.185110
     0.138948     2.192174
     0.140622     2.199289
     0.142296     2.206456
     0.143970     2.213673
     0.145644     2.220938
     0.147318     2.228251
     0.148992     2.235610
     0.150666     2.243015
     0.152340     2.250463
     0.154014     2.257954
     0.155688     2.265486
     0.157362     2.273058
     0.159036     2.280669
     0.160710     2.288317
     0.162385     2.296000
     0.164059     2.303719
     0.165733     2.311470
     0.167407     2.319253


    -0.167407     2.347361
    -0.165733     2.339479
    -0.164059     2.331611
    -0.162385     2.323757
    -0.160710     2.315920
    -0.159036     2.308100
    -0.157362     2.300300
    -0.155688     2.292522
    -0.154014     2.284766
    -0.152340     2.277035
    -0.150666     2.269331
    -0.148992     2.261654
    -0.147318     2.254008
    -0.145644     2.246393
    -0.143970     2.238811
    -0.142296     2.231263
    -0.140622     2.223753
    -0.138948     2.216280
    -0.137274     2.208847
    -0.135599     2.201456
    -0.133925     2.194108
    -0.132251     2.186805
    -0.130577     2.179548
    -0.128903     2.172340
    -0.127229     2.165181
    -0.125555     2.158073
    -0.123881     2.151019
    -0.122207     2.144019
    -0.120533     2.137075
    -0.118859     2.130189
    -0.117185     2.123363
    -0.115511     2.116598
    -0.113837     2.109895
    -0.112163     2.103256
    -0.110488     2.096683
    -0.108814     2.090177
    -0.107140     2.083740
    -0.105466     2.077374
    -0.103792     2.071079
    -0.102118     2.064857
    -0.100444     2.058709
    -0.098770     2.052638
    -0.097096     2.046645
    -0.095422     2.040730
    -0.093748     2.034896
    -0.092074     2.029143
    -0.090400     2.023473
    -0.088726     2.017887
    -0.087051     2.012387
    -0.085377     2.006974
    -0.083703     2.001649
    -0.082029     1.996413
    -0.080355     1.991268
    -0.078681     1.986214
    -0.077007     1.981253
    -0.075333     1.976386
    -0.073659     1.971614
    -0.071985     1.966937
    -0.070311     1.962358
    -0.068637     1.957876
    -0.066963     1.953493
    -0.065289     1.949210
    -0.063615     1.945028
    -0.061940     1.940947
    -0.060266     1.936968
    -0.058592     1.933092
    -0.056918     1.929320
    -0.055244     1.925652
    -0.053570     1.922089
    -0.051896     1.918632
    -0.050222     1.915281
    -0.048548     1.912037
    -0.046874     1.908900
    -0.045200     1.905871
    -0.043526     1.902950
    -0.041852     1.900138
    -0.040178     1.897435
    -0.038504     1.894842
    -0.036829     1.892358
    -0.035155     1.889984
    -0.033481     1.887721
    -0.031807     1.885568
    -0.030133     1.883526
    -0.028459     1.881594
    -0.026785     1.879774
    -0.025111     1.878064
    -0.023437     1.876466
    -0.021763     1.874979
    -0.020089     1.873602
    -0.018415     1.872337
    -0.016741     1.871181
    -0.015067     1.870137
    -0.013393     1.869202
    -0.011718     1.868377
    -0.010044     1.867661
    -0.008370     1.867054
    -0.006696     1.866557
    -0.005022     1.866168
    -0.003348     1.865890
    -0.001674     1.865724
     0.000000     1.865670
     0.001674     1.865730
     0.003348     1.865900
     0.005022     1.866180
     0.006696     1.866569
     0.008370     1.867068
     0.010044     1.867676
     0.011718     1.868393
     0.013393     1.869219
     0.015067     1.870155
     0.016741     1.871201
     0.018415     1.872357
     0.020089     1.873623
     0.021763     1.875000
     0.023437     1.876487
     0.025111     1.878085
     0.026785     1.879794
     0.028459     1.881615
     0.030133     1.883546
     0.031807     1.885587
     0.033481     1.887740
     0.035155     1.890003
     0.036829     1.892376
     0.038504     1.894859
     0.040178     1.897452
     0.041852     1.900154
     0.043526     1.902966
     0.045200     1.905886
     0.046874     1.908915
     0.048548     1.912051
     0.050222     1.915294
     0.051896     1.918645
     0.053570     1.922102
     0.055244     1.925664
     0.056918     1.929331
     0.058592     1.933103
     0.060266     1.936979
     0.061940     1.940957
     0.063615     1.945038
     0.065289     1.949220
     0.066963     1.953503
     0.068637     1.957886
     0.070311     1.962367
     0.071985     1.966946
     0.073659     1.971622
     0.075333     1.976394
     0.077007     1.981261
     0.078681     1.986222
     0.080355     1.991275
     0.082029     1.996421
     0.083703     2.001656
     0.085377     2.006981
     0.087051     2.012394
     0.088726     2.017894
     0.090400     2.023479
     0.092074     2.029149
     0.093748     2.034901
     0.095422     2.040735
     0.097096     2.046650
     0.098770     2.052643
     0.100444     2.058714
     0.102118     2.064861
     0.103792     2.071083
     0.105466     2.077378
     0.107140     2.083745
     0.108814     2.090182
     0.110488     2.096687
     0.112163     2.103260
     0.113837     2.109899
     0.115511     2.116601
     0.117185     2.123367
     0.118859     2.130193
     0.120533     2.137079
     0.122207     2.144022
     0.123881     2.151022
     0.125555     2.158077
     0.127229     2.165184
     0.128903     2.172343
     0.130577     2.179551
     0.132251     2.186808
     0.133925     2.194111
     0.135599     2.201459
     0.137274     2.208851
     0.138948     2.216283
     0.140622     2.223756
     0.142296     2.231267
     0.143970     2.238814
     0.145644     2.246396
     0.147318     2.254011
     0.148992     2.261658
     0.150666     2.269334
     0.152340     2.277039
     0.154014     2.284770
     0.155688     2.292525
     0.157362     2.300304
     0.159036     2.308104
     0.160710     2.315924
     0.162385     2.323761
     0.164059     2.331615
     0.165733     2.339484
     0.167407     2.347365


