    -0.167407    -3.573414
    -0.165733    -3.573359
    -0.164059    -3.573306
    -0.162385    -3.573258
    -0.160710    -3.573212
    -0.159036    -3.573169
    -0.157362    -3.573129
    -0.155688    -3.573091
    -0.154014    -3.573056
    -0.152340    -3.573022
    -0.150666    -3.572990
    -0.148992    -3.572960
    -0.147318    -3.572931
    -0.145644    -3.572904
    -0.143970    -3.572877
    -0.142296    -3.572851
    -0.140622    -3.572825
    -0.138948    -3.572800
    -0.137274    -3.572775
    -0.135599    -3.572750
    -0.133925    -3.572725
    -0.132251    -3.572699
    -0.130577    -3.572673
    -0.128903    -3.572646
    -0.127229    -3.572619
    -0.125555    -3.572590
    -0.123881    -3.572560
    -0.122207    -3.572529
    -0.120533    -3.572497
    -0.118859    -3.572462
    -0.117185    -3.572426
    -0.115511    -3.572388
    -0.113837    -3.572348
    -0.112163    -3.572306
    -0.110488    -3.572261
    -0.108814    -3.572214
    -0.107140    -3.572164
    -0.105466    -3.572111
    -0.103792    -3.572056
    -0.102118    -3.571997
    -0.100444    -3.571935
    -0.098770    -3.571871
    -0.097096    -3.571802
    -0.095422    -3.571730
    -0.093748    -3.571655
    -0.092074    -3.571576
    -0.090400    -3.571493
    -0.088726    -3.571406
    -0.087051    -3.571315
    -0.085377    -3.571220
    -0.083703    -3.571121
    -0.082029    -3.571017
    -0.080355    -3.570909
    -0.078681    -3.570797
    -0.077007    -3.570679
    -0.075333    -3.570557
    -0.073659    -3.570431
    -0.071985    -3.570299
    -0.070311    -3.570163
    -0.068637    -3.570021
    -0.066963    -3.569874
    -0.065289    -3.569722
    -0.063615    -3.569565
    -0.061940    -3.569402
    -0.060266    -3.569234
    -0.058592    -3.569060
    -0.056918    -3.568881
    -0.055244    -3.568696
    -0.053570    -3.568505
    -0.051896    -3.568309
    -0.050222    -3.568107
    -0.048548    -3.567898
    -0.046874    -3.567684
    -0.045200    -3.567464
    -0.043526    -3.567237
    -0.041852    -3.567005
    -0.040178    -3.566766
    -0.038504    -3.566521
    -0.036829    -3.566269
    -0.035155    -3.566011
    -0.033481    -3.565747
    -0.031807    -3.565476
    -0.030133    -3.565199
    -0.028459    -3.564915
    -0.026785    -3.564624
    -0.025111    -3.564327
    -0.023437    -3.564023
    -0.021763    -3.563712
    -0.020089    -3.563394
    -0.018415    -3.563070
    -0.016741    -3.562739
    -0.015067    -3.562400
    -0.013393    -3.562055
    -0.011718    -3.561702
    -0.010044    -3.561343
    -0.008370    -3.560976
    -0.006696    -3.560603
    -0.005022    -3.560222
    -0.003348    -3.559834
    -0.001674    -3.559438
     0.000000    -3.559044
     0.001674    -3.559436
     0.003348    -3.559831
     0.005022    -3.560219
     0.006696    -3.560600
     0.008370    -3.560974
     0.010044    -3.561340
     0.011718    -3.561700
     0.013393    -3.562052
     0.015067    -3.562398
     0.016741    -3.562736
     0.018415    -3.563067
     0.020089    -3.563392
     0.021763    -3.563710
     0.023437    -3.564020
     0.025111    -3.564324
     0.026785    -3.564622
     0.028459    -3.564912
     0.030133    -3.565196
     0.031807    -3.565474
     0.033481    -3.565744
     0.035155    -3.566009
     0.036829    -3.566267
     0.038504    -3.566518
     0.040178    -3.566763
     0.041852    -3.567002
     0.043526    -3.567234
     0.045200    -3.567461
     0.046874    -3.567681
     0.048548    -3.567895
     0.050222    -3.568103
     0.051896    -3.568306
     0.053570    -3.568502
     0.055244    -3.568693
     0.056918    -3.568878
     0.058592    -3.569057
     0.060266    -3.569230
     0.061940    -3.569399
     0.063615    -3.569561
     0.065289    -3.569718
     0.066963    -3.569870
     0.068637    -3.570017
     0.070311    -3.570159
     0.071985    -3.570295
     0.073659    -3.570427
     0.075333    -3.570554
     0.077007    -3.570675
     0.078681    -3.570793
     0.080355    -3.570905
     0.082029    -3.571013
     0.083703    -3.571117
     0.085377    -3.571216
     0.087051    -3.571311
     0.088726    -3.571402
     0.090400    -3.571488
     0.092074    -3.571571
     0.093748    -3.571650
     0.095422    -3.571726
     0.097096    -3.571797
     0.098770    -3.571866
     0.100444    -3.571930
     0.102118    -3.571992
     0.103792    -3.572050
     0.105466    -3.572106
     0.107140    -3.572158
     0.108814    -3.572208
     0.110488    -3.572255
     0.112163    -3.572300
     0.113837    -3.572342
     0.115511    -3.572382
     0.117185    -3.572420
     0.118859    -3.572456
     0.120533    -3.572491
     0.122207    -3.572523
     0.123881    -3.572554
     0.125555    -3.572584
     0.127229    -3.572613
     0.128903    -3.572640
     0.130577    -3.572667
     0.132251    -3.572693
     0.133925    -3.572718
     0.135599    -3.572743
     0.137274    -3.572768
     0.138948    -3.572793
     0.140622    -3.572818
     0.142296    -3.572844
     0.143970    -3.572870
     0.145644    -3.572897
     0.147318    -3.572925
     0.148992    -3.572953
     0.150666    -3.572984
     0.152340    -3.573015
     0.154014    -3.573049
     0.155688    -3.573084
     0.157362    -3.573122
     0.159036    -3.573162
     0.160710    -3.573205
     0.162385    -3.573251
     0.164059    -3.573299
     0.165733    -3.573351
     0.167407    -3.573407


    -0.167407    -3.481112
    -0.165733    -3.482218
    -0.164059    -3.483319
    -0.162385    -3.484416
    -0.160710    -3.485508
    -0.159036    -3.486595
    -0.157362    -3.487677
    -0.155688    -3.488754
    -0.154014    -3.489825
    -0.152340    -3.490892
    -0.150666    -3.491953
    -0.148992    -3.493009
    -0.147318    -3.494059
    -0.145644    -3.495103
    -0.143970    -3.496142
    -0.142296    -3.497175
    -0.140622    -3.498203
    -0.138948    -3.499224
    -0.137274    -3.500239
    -0.135599    -3.501249
    -0.133925    -3.502252
    -0.132251    -3.503249
    -0.130577    -3.504239
    -0.128903    -3.505224
    -0.127229    -3.506202
    -0.125555    -3.507173
    -0.123881    -3.508138
    -0.122207    -3.509096
    -0.120533    -3.510048
    -0.118859    -3.510993
    -0.117185    -3.511931
    -0.115511    -3.512862
    -0.113837    -3.513787
    -0.112163    -3.514704
    -0.110488    -3.515615
    -0.108814    -3.516518
    -0.107140    -3.517415
    -0.105466    -3.518304
    -0.103792    -3.519186
    -0.102118    -3.520061
    -0.100444    -3.520929
    -0.098770    -3.521789
    -0.097096    -3.522642
    -0.095422    -3.523488
    -0.093748    -3.524326
    -0.092074    -3.525157
    -0.090400    -3.525981
    -0.088726    -3.526797
    -0.087051    -3.527605
    -0.085377    -3.528406
    -0.083703    -3.529199
    -0.082029    -3.529985
    -0.080355    -3.530763
    -0.078681    -3.531534
    -0.077007    -3.532297
    -0.075333    -3.533052
    -0.073659    -3.533800
    -0.071985    -3.534539
    -0.070311    -3.535272
    -0.068637    -3.535996
    -0.066963    -3.536713
    -0.065289    -3.537422
    -0.063615    -3.538123
    -0.061940    -3.538816
    -0.060266    -3.539502
    -0.058592    -3.540179
    -0.056918    -3.540849
    -0.055244    -3.541512
    -0.053570    -3.542166
    -0.051896    -3.542813
    -0.050222    -3.543451
    -0.048548    -3.544082
    -0.046874    -3.544706
    -0.045200    -3.545321
    -0.043526    -3.545929
    -0.041852    -3.546529
    -0.040178    -3.547121
    -0.038504    -3.547705
    -0.036829    -3.548282
    -0.035155    -3.548851
    -0.033481    -3.549412
    -0.031807    -3.549965
    -0.030133    -3.550511
    -0.028459    -3.551049
    -0.026785    -3.551579
    -0.025111    -3.552101
    -0.023437    -3.552616
    -0.021763    -3.553124
    -0.020089    -3.553623
    -0.018415    -3.554115
    -0.016741    -3.554600
    -0.015067    -3.555077
    -0.013393    -3.555546
    -0.011718    -3.556008
    -0.010044    -3.556462
    -0.008370    -3.556909
    -0.006696    -3.557349
    -0.005022    -3.557781
    -0.003348    -3.558205
    -0.001674    -3.558623
     0.000000    -3.559024
     0.001674    -3.558625
     0.003348    -3.558208
     0.005022    -3.557784
     0.006696    -3.557352
     0.008370    -3.556912
     0.010044    -3.556465
     0.011718    -3.556011
     0.013393    -3.555549
     0.015067    -3.555080
     0.016741    -3.554603
     0.018415    -3.554119
     0.020089    -3.553626
     0.021763    -3.553127
     0.023437    -3.552620
     0.025111    -3.552105
     0.026785    -3.551582
     0.028459    -3.551052
     0.030133    -3.550514
     0.031807    -3.549968
     0.033481    -3.549415
     0.035155    -3.548854
     0.036829    -3.548285
     0.038504    -3.547709
     0.040178    -3.547124
     0.041852    -3.546532
     0.043526    -3.545932
     0.045200    -3.545325
     0.046874    -3.544709
     0.048548    -3.544086
     0.050222    -3.543455
     0.051896    -3.542816
     0.053570    -3.542170
     0.055244    -3.541515
     0.056918    -3.540853
     0.058592    -3.540183
     0.060266    -3.539505
     0.061940    -3.538820
     0.063615    -3.538126
     0.065289    -3.537425
     0.066963    -3.536716
     0.068637    -3.536000
     0.070311    -3.535275
     0.071985    -3.534543
     0.073659    -3.533803
     0.075333    -3.533056
     0.077007    -3.532300
     0.078681    -3.531537
     0.080355    -3.530767
     0.082029    -3.529989
     0.083703    -3.529203
     0.085377    -3.528409
     0.087051    -3.527608
     0.088726    -3.526800
     0.090400    -3.525984
     0.092074    -3.525160
     0.093748    -3.524329
     0.095422    -3.523491
     0.097096    -3.522645
     0.098770    -3.521792
     0.100444    -3.520931
     0.102118    -3.520063
     0.103792    -3.519188
     0.105466    -3.518306
     0.107140    -3.517417
     0.108814    -3.516520
     0.110488    -3.515617
     0.112163    -3.514706
     0.113837    -3.513788
     0.115511    -3.512864
     0.117185    -3.511932
     0.118859    -3.510994
     0.120533    -3.510049
     0.122207    -3.509097
     0.123881    -3.508139
     0.125555    -3.507174
     0.127229    -3.506202
     0.128903    -3.505224
     0.130577    -3.504240
     0.132251    -3.503249
     0.133925    -3.502252
     0.135599    -3.501248
     0.137274    -3.500239
     0.138948    -3.499223
     0.140622    -3.498202
     0.142296    -3.497174
     0.143970    -3.496141
     0.145644    -3.495102
     0.147318    -3.494057
     0.148992    -3.493007
     0.150666    -3.491951
     0.152340    -3.490890
     0.154014    -3.489823
     0.155688    -3.488751
     0.157362    -3.487674
     0.159036    -3.486592
     0.160710    -3.485505
     0.162385    -3.484413
     0.164059    -3.483316
     0.165733    -3.482214
     0.167407    -3.481108


    -0.167407    -2.331327
    -0.165733    -2.326048
    -0.164059    -2.320885
    -0.162385    -2.315834
    -0.160710    -2.310893
    -0.159036    -2.306062
    -0.157362    -2.301336
    -0.155688    -2.296716
    -0.154014    -2.292197
    -0.152340    -2.287778
    -0.150666    -2.283456
    -0.148992    -2.279229
    -0.147318    -2.275094
    -0.145644    -2.271050
    -0.143970    -2.267094
    -0.142296    -2.263223
    -0.140622    -2.259435
    -0.138948    -2.255728
    -0.137274    -2.252100
    -0.135599    -2.248548
    -0.133925    -2.245071
    -0.132251    -2.241666
    -0.130577    -2.238332
    -0.128903    -2.235066
    -0.127229    -2.231866
    -0.125555    -2.228732
    -0.123881    -2.225661
    -0.122207    -2.222651
    -0.120533    -2.219702
    -0.118859    -2.216810
    -0.117185    -2.213976
    -0.115511    -2.211197
    -0.113837    -2.208473
    -0.112163    -2.205802
    -0.110488    -2.203182
    -0.108814    -2.200614
    -0.107140    -2.198094
    -0.105466    -2.195624
    -0.103792    -2.193201
    -0.102118    -2.190824
    -0.100444    -2.188493
    -0.098770    -2.186208
    -0.097096    -2.183966
    -0.095422    -2.181767
    -0.093748    -2.179611
    -0.092074    -2.177497
    -0.090400    -2.175425
    -0.088726    -2.173392
    -0.087051    -2.171400
    -0.085377    -2.169448
    -0.083703    -2.167534
    -0.082029    -2.165659
    -0.080355    -2.163821
    -0.078681    -2.162022
    -0.077007    -2.160259
    -0.075333    -2.158533
    -0.073659    -2.156843
    -0.071985    -2.155190
    -0.070311    -2.153572
    -0.068637    -2.151989
    -0.066963    -2.150441
    -0.065289    -2.148928
    -0.063615    -2.147449
    -0.061940    -2.146005
    -0.060266    -2.144594
    -0.058592    -2.143217
    -0.056918    -2.141874
    -0.055244    -2.140564
    -0.053570    -2.139286
    -0.051896    -2.138042
    -0.050222    -2.136830
    -0.048548    -2.135651
    -0.046874    -2.134504
    -0.045200    -2.133389
    -0.043526    -2.132307
    -0.041852    -2.131256
    -0.040178    -2.130237
    -0.038504    -2.129249
    -0.036829    -2.128293
    -0.035155    -2.127368
    -0.033481    -2.126475
    -0.031807    -2.125613
    -0.030133    -2.124781
    -0.028459    -2.123981
    -0.026785    -2.123211
    -0.025111    -2.122473
    -0.023437    -2.121764
    -0.021763    -2.121087
    -0.020089    -2.120439
    -0.018415    -2.119823
    -0.016741    -2.119236
    -0.015067    -2.118679
    -0.013393    -2.118153
    -0.011718    -2.117657
    -0.010044    -2.117190
    -0.008370    -2.116754
    -0.006696    -2.116347
    -0.005022    -2.115970
    -0.003348    -2.115623
    -0.001674    -2.115305
     0.000000    -2.115028
     0.001674    -2.115308
     0.003348    -2.115626
     0.005022    -2.115974
     0.006696    -2.116351
     0.008370    -2.116758
     0.010044    -2.117195
     0.011718    -2.117661
     0.013393    -2.118158
     0.015067    -2.118684
     0.016741    -2.119241
     0.018415    -2.119827
     0.020089    -2.120444
     0.021763    -2.121092
     0.023437    -2.121770
     0.025111    -2.122478
     0.026785    -2.123217
     0.028459    -2.123987
     0.030133    -2.124787
     0.031807    -2.125618
     0.033481    -2.126481
     0.035155    -2.127374
     0.036829    -2.128299
     0.038504    -2.129255
     0.040178    -2.130243
     0.041852    -2.131262
     0.043526    -2.132313
     0.045200    -2.133396
     0.046874    -2.134511
     0.048548    -2.135658
     0.050222    -2.136837
     0.051896    -2.138049
     0.053570    -2.139293
     0.055244    -2.140571
     0.056918    -2.141881
     0.058592    -2.143225
     0.060266    -2.144602
     0.061940    -2.146013
     0.063615    -2.147457
     0.065289    -2.148936
     0.066963    -2.150449
     0.068637    -2.151997
     0.070311    -2.153580
     0.071985    -2.155198
     0.073659    -2.156852
     0.075333    -2.158542
     0.077007    -2.160268
     0.078681    -2.162031
     0.080355    -2.163830
     0.082029    -2.165668
     0.083703    -2.167543
     0.085377    -2.169457
     0.087051    -2.171410
     0.088726    -2.173402
     0.090400    -2.175434
     0.092074    -2.177507
     0.093748    -2.179621
     0.095422    -2.181777
     0.097096    -2.183976
     0.098770    -2.186218
     0.100444    -2.188504
     0.102118    -2.190835
     0.103792    -2.193211
     0.105466    -2.195635
     0.107140    -2.198105
     0.108814    -2.200625
     0.110488    -2.203194
     0.112163    -2.205813
     0.113837    -2.208485
     0.115511    -2.211209
     0.117185    -2.213988
     0.118859    -2.216822
     0.120533    -2.219713
     0.122207    -2.222663
     0.123881    -2.225673
     0.125555    -2.228744
     0.127229    -2.231878
     0.128903    -2.235078
     0.130577    -2.238344
     0.132251    -2.241678
     0.133925    -2.245083
     0.135599    -2.248560
     0.137274    -2.252112
     0.138948    -2.255740
     0.140622    -2.259447
     0.142296    -2.263235
     0.143970    -2.267106
     0.145644    -2.271062
     0.147318    -2.275106
     0.148992    -2.279240
     0.150666    -2.283467
     0.152340    -2.287789
     0.154014    -2.292208
     0.155688    -2.296726
     0.157362    -2.301347
     0.159036    -2.306072
     0.160710    -2.310903
     0.162385    -2.315843
     0.164059    -2.320894
     0.165733    -2.326057
     0.167407    -2.331335


    -0.167407    -2.251987
    -0.165733    -2.247451
    -0.164059    -2.243085
    -0.162385    -2.238883
    -0.160710    -2.234840
    -0.159036    -2.230947
    -0.157362    -2.227198
    -0.155688    -2.223587
    -0.154014    -2.220106
    -0.152340    -2.216749
    -0.150666    -2.213509
    -0.148992    -2.210381
    -0.147318    -2.207357
    -0.145644    -2.204432
    -0.143970    -2.201602
    -0.142296    -2.198860
    -0.140622    -2.196203
    -0.138948    -2.193625
    -0.137274    -2.191123
    -0.135599    -2.188692
    -0.133925    -2.186329
    -0.132251    -2.184031
    -0.130577    -2.181794
    -0.128903    -2.179616
    -0.127229    -2.177494
    -0.125555    -2.175426
    -0.123881    -2.173409
    -0.122207    -2.171441
    -0.120533    -2.169521
    -0.118859    -2.167646
    -0.117185    -2.165815
    -0.115511    -2.164026
    -0.113837    -2.162279
    -0.112163    -2.160571
    -0.110488    -2.158902
    -0.108814    -2.157271
    -0.107140    -2.155676
    -0.105466    -2.154117
    -0.103792    -2.152593
    -0.102118    -2.151103
    -0.100444    -2.149646
    -0.098770    -2.148222
    -0.097096    -2.146831
    -0.095422    -2.145471
    -0.093748    -2.144142
    -0.092074    -2.142845
    -0.090400    -2.141577
    -0.088726    -2.140340
    -0.087051    -2.139132
    -0.085377    -2.137954
    -0.083703    -2.136805
    -0.082029    -2.135685
    -0.080355    -2.134593
    -0.078681    -2.133530
    -0.077007    -2.132496
    -0.075333    -2.131489
    -0.073659    -2.130511
    -0.071985    -2.129560
    -0.070311    -2.128638
    -0.068637    -2.127743
    -0.066963    -2.126876
    -0.065289    -2.126037
    -0.063615    -2.125225
    -0.061940    -2.124441
    -0.060266    -2.123684
    -0.058592    -2.122955
    -0.056918    -2.122253
    -0.055244    -2.121579
    -0.053570    -2.120932
    -0.051896    -2.120313
    -0.050222    -2.119721
    -0.048548    -2.119157
    -0.046874    -2.118621
    -0.045200    -2.118112
    -0.043526    -2.117631
    -0.041852    -2.117178
    -0.040178    -2.116752
    -0.038504    -2.116354
    -0.036829    -2.115984
    -0.035155    -2.115642
    -0.033481    -2.115328
    -0.031807    -2.115042
    -0.030133    -2.114784
    -0.028459    -2.114554
    -0.026785    -2.114353
    -0.025111    -2.114179
    -0.023437    -2.114034
    -0.021763    -2.113918
    -0.020089    -2.113830
    -0.018415    -2.113770
    -0.016741    -2.113739
    -0.015067    -2.113737
    -0.013393    -2.113764
    -0.011718    -2.113819
    -0.010044    -2.113903
    -0.008370    -2.114017
    -0.006696    -2.114159
    -0.005022    -2.114330
    -0.003348    -2.114531
    -0.001674    -2.114760
     0.000000    -2.115008
     0.001674    -2.114757
     0.003348    -2.114527
     0.005022    -2.114327
     0.006696    -2.114156
     0.008370    -2.114014
     0.010044    -2.113901
     0.011718    -2.113817
     0.013393    -2.113761
     0.015067    -2.113735
     0.016741    -2.113737
     0.018415    -2.113768
     0.020089    -2.113828
     0.021763    -2.113916
     0.023437    -2.114033
     0.025111    -2.114178
     0.026785    -2.114352
     0.028459    -2.114553
     0.030133    -2.114783
     0.031807    -2.115041
     0.033481    -2.115328
     0.035155    -2.115642
     0.036829    -2.115984
     0.038504    -2.116354
     0.040178    -2.116752
     0.041852    -2.117178
     0.043526    -2.117631
     0.045200    -2.118113
     0.046874    -2.118622
     0.048548    -2.119158
     0.050222    -2.119722
     0.051896    -2.120314
     0.053570    -2.120933
     0.055244    -2.121580
     0.056918    -2.122255
     0.058592    -2.122956
     0.060266    -2.123686
     0.061940    -2.124443
     0.063615    -2.125227
     0.065289    -2.126039
     0.066963    -2.126879
     0.068637    -2.127746
     0.070311    -2.128641
     0.071985    -2.129563
     0.073659    -2.130514
     0.075333    -2.131492
     0.077007    -2.132499
     0.078681    -2.133534
     0.080355    -2.134597
     0.082029    -2.135688
     0.083703    -2.136809
     0.085377    -2.137958
     0.087051    -2.139136
     0.088726    -2.140344
     0.090400    -2.141581
     0.092074    -2.142849
     0.093748    -2.144147
     0.095422    -2.145476
     0.097096    -2.146835
     0.098770    -2.148227
     0.100444    -2.149651
     0.102118    -2.151108
     0.103792    -2.152598
     0.105466    -2.154122
     0.107140    -2.155681
     0.108814    -2.157276
     0.110488    -2.158907
     0.112163    -2.160576
     0.113837    -2.162284
     0.115511    -2.164032
     0.117185    -2.165820
     0.118859    -2.167651
     0.120533    -2.169526
     0.122207    -2.171446
     0.123881    -2.173414
     0.125555    -2.175431
     0.127229    -2.177500
     0.128903    -2.179621
     0.130577    -2.181799
     0.132251    -2.184036
     0.133925    -2.186334
     0.135599    -2.188697
     0.137274    -2.191128
     0.138948    -2.193630
     0.140622    -2.196208
     0.142296    -2.198865
     0.143970    -2.201607
     0.145644    -2.204437
     0.147318    -2.207361
     0.148992    -2.210385
     0.150666    -2.213514
     0.152340    -2.216754
     0.154014    -2.220111
     0.155688    -2.223591
     0.157362    -2.227203
     0.159036    -2.230951
     0.160710    -2.234844
     0.162385    -2.238887
     0.164059    -2.243089
     0.165733    -2.247455
     0.167407    -2.251991


    -0.167407    -2.059980
    -0.165733    -2.053562
    -0.164059    -2.047021
    -0.162385    -2.040364
    -0.160710    -2.033600
    -0.159036    -2.026736
    -0.157362    -2.019781
    -0.155688    -2.012743
    -0.154014    -2.005631
    -0.152340    -1.998454
    -0.150666    -1.991218
    -0.148992    -1.983933
    -0.147318    -1.976605
    -0.145644    -1.969242
    -0.143970    -1.961850
    -0.142296    -1.954437
    -0.140622    -1.947009
    -0.138948    -1.939571
    -0.137274    -1.932129
    -0.135599    -1.924689
    -0.133925    -1.917255
    -0.132251    -1.909833
    -0.130577    -1.902428
    -0.128903    -1.895042
    -0.127229    -1.887681
    -0.125555    -1.880348
    -0.123881    -1.873047
    -0.122207    -1.865781
    -0.120533    -1.858554
    -0.118859    -1.851368
    -0.117185    -1.844227
    -0.115511    -1.837133
    -0.113837    -1.830090
    -0.112163    -1.823099
    -0.110488    -1.816165
    -0.108814    -1.809302
    -0.107140    -1.802712
    -0.105466    -1.796426
    -0.103792    -1.790202
    -0.102118    -1.784025
    -0.100444    -1.777895
    -0.098770    -1.771813
    -0.097096    -1.765779
    -0.095422    -1.759795
    -0.093748    -1.753863
    -0.092074    -1.747983
    -0.090400    -1.742156
    -0.088726    -1.736385
    -0.087051    -1.730669
    -0.085377    -1.725010
    -0.083703    -1.719409
    -0.082029    -1.713867
    -0.080355    -1.708385
    -0.078681    -1.702964
    -0.077007    -1.697605
    -0.075333    -1.692309
    -0.073659    -1.687077
    -0.071985    -1.681909
    -0.070311    -1.676808
    -0.068637    -1.671773
    -0.066963    -1.666806
    -0.065289    -1.661908
    -0.063615    -1.657079
    -0.061940    -1.652322
    -0.060266    -1.647636
    -0.058592    -1.643023
    -0.056918    -1.638485
    -0.055244    -1.634021
    -0.053570    -1.629635
    -0.051896    -1.625326
    -0.050222    -1.621097
    -0.048548    -1.616949
    -0.046874    -1.612883
    -0.045200    -1.608902
    -0.043526    -1.605007
    -0.041852    -1.601200
    -0.040178    -1.597483
    -0.038504    -1.593860
    -0.036829    -1.590331
    -0.035155    -1.586902
    -0.033481    -1.583573
    -0.031807    -1.580349
    -0.030133    -1.577233
    -0.028459    -1.574229
    -0.026785    -1.571342
    -0.025111    -1.568575
    -0.023437    -1.565935
    -0.021763    -1.563426
    -0.020089    -1.561053
    -0.018415    -1.558824
    -0.016741    -1.556743
    -0.015067    -1.554818
    -0.013393    -1.553055
    -0.011718    -1.551462
    -0.010044    -1.550043
    -0.008370    -1.548807
    -0.006696    -1.547758
    -0.005022    -1.546902
    -0.003348    -1.546244
    -0.001674    -1.545787
     0.000000    -1.545536
     0.001674    -1.545787
     0.003348    -1.546243
     0.005022    -1.546900
     0.006696    -1.547755
     0.008370    -1.548802
     0.010044    -1.550038
     0.011718    -1.551455
     0.013393    -1.553048
     0.015067    -1.554810
     0.016741    -1.556734
     0.018415    -1.558813
     0.020089    -1.561042
     0.021763    -1.563414
     0.023437    -1.565922
     0.025111    -1.568562
     0.026785    -1.571328
     0.028459    -1.574215
     0.030133    -1.577218
     0.031807    -1.580334
     0.033481    -1.583557
     0.035155    -1.586886
     0.036829    -1.590315
     0.038504    -1.593843
     0.040178    -1.597466
     0.041852    -1.601182
     0.043526    -1.604989
     0.045200    -1.608884
     0.046874    -1.612865
     0.048548    -1.616930
     0.050222    -1.621078
     0.051896    -1.625307
     0.053570    -1.629616
     0.055244    -1.634002
     0.056918    -1.638465
     0.058592    -1.643004
     0.060266    -1.647617
     0.061940    -1.652302
     0.063615    -1.657060
     0.065289    -1.661888
     0.066963    -1.666786
     0.068637    -1.671753
     0.070311    -1.676788
     0.071985    -1.681889
     0.073659    -1.687056
     0.075333    -1.692289
     0.077007    -1.697585
     0.078681    -1.702943
     0.080355    -1.708364
     0.082029    -1.713846
     0.083703    -1.719388
     0.085377    -1.724989
     0.087051    -1.730648
     0.088726    -1.736364
     0.090400    -1.742135
     0.092074    -1.747962
     0.093748    -1.753842
     0.095422    -1.759774
     0.097096    -1.765757
     0.098770    -1.771791
     0.100444    -1.777873
     0.102118    -1.784003
     0.103792    -1.790179
     0.105466    -1.796402
     0.107140    -1.802683
     0.108814    -1.809269
     0.110488    -1.816135
     0.112163    -1.823070
     0.113837    -1.830061
     0.115511    -1.837106
     0.117185    -1.844200
     0.118859    -1.851341
     0.120533    -1.858528
     0.122207    -1.865755
     0.123881    -1.873021
     0.125555    -1.880323
     0.127229    -1.887656
     0.128903    -1.895018
     0.130577    -1.902404
     0.132251    -1.909811
     0.133925    -1.917233
     0.135599    -1.924667
     0.137274    -1.932108
     0.138948    -1.939550
     0.140622    -1.946989
     0.142296    -1.954418
     0.143970    -1.961832
     0.145644    -1.969224
     0.147318    -1.976588
     0.148992    -1.983916
     0.150666    -1.991203
     0.152340    -1.998439
     0.154014    -2.005617
     0.155688    -2.012729
     0.157362    -2.019768
     0.159036    -2.026723
     0.160710    -2.033588
     0.162385    -2.040354
     0.164059    -2.047011
     0.165733    -2.053553
     0.167407    -2.059971


    -0.167407    -2.037828
    -0.165733    -2.031634
    -0.164059    -2.025385
    -0.162385    -2.019085
    -0.160710    -2.012736
    -0.159036    -2.006340
    -0.157362    -1.999903
    -0.155688    -1.993426
    -0.154014    -1.986913
    -0.152340    -1.980367
    -0.150666    -1.973793
    -0.148992    -1.967192
    -0.147318    -1.960569
    -0.145644    -1.953926
    -0.143970    -1.947268
    -0.142296    -1.940597
    -0.140622    -1.933916
    -0.138948    -1.927230
    -0.137274    -1.920540
    -0.135599    -1.913850
    -0.133925    -1.907163
    -0.132251    -1.900482
    -0.130577    -1.893809
    -0.128903    -1.887147
    -0.127229    -1.880500
    -0.125555    -1.873869
    -0.123881    -1.867257
    -0.122207    -1.860666
    -0.120533    -1.854099
    -0.118859    -1.847558
    -0.117185    -1.841045
    -0.115511    -1.834562
    -0.113837    -1.828110
    -0.112163    -1.821692
    -0.110488    -1.815308
    -0.108814    -1.808947
    -0.107140    -1.802411
    -0.105466    -1.795673
    -0.103792    -1.788978
    -0.102118    -1.782344
    -0.100444    -1.775774
    -0.098770    -1.769272
    -0.097096    -1.762837
    -0.095422    -1.756473
    -0.093748    -1.750180
    -0.092074    -1.743960
    -0.090400    -1.737812
    -0.088726    -1.731740
    -0.087051    -1.725743
    -0.085377    -1.719823
    -0.083703    -1.713980
    -0.082029    -1.708216
    -0.080355    -1.702531
    -0.078681    -1.696926
    -0.077007    -1.691401
    -0.075333    -1.685958
    -0.073659    -1.680596
    -0.071985    -1.675318
    -0.070311    -1.670122
    -0.068637    -1.665011
    -0.066963    -1.659983
    -0.065289    -1.655041
    -0.063615    -1.650185
    -0.061940    -1.645415
    -0.060266    -1.640731
    -0.058592    -1.636136
    -0.056918    -1.631629
    -0.055244    -1.627211
    -0.053570    -1.622883
    -0.051896    -1.618646
    -0.050222    -1.614501
    -0.048548    -1.610449
    -0.046874    -1.606491
    -0.045200    -1.602628
    -0.043526    -1.598863
    -0.041852    -1.595196
    -0.040178    -1.591630
    -0.038504    -1.588166
    -0.036829    -1.584807
    -0.035155    -1.581554
    -0.033481    -1.578412
    -0.031807    -1.575383
    -0.030133    -1.572470
    -0.028459    -1.569676
    -0.026785    -1.567007
    -0.025111    -1.564466
    -0.023437    -1.562058
    -0.021763    -1.559788
    -0.020089    -1.557662
    -0.018415    -1.555686
    -0.016741    -1.553865
    -0.015067    -1.552206
    -0.013393    -1.550715
    -0.011718    -1.549400
    -0.010044    -1.548265
    -0.008370    -1.547317
    -0.006696    -1.546561
    -0.005022    -1.546001
    -0.003348    -1.545642
    -0.001674    -1.545486
     0.000000    -1.545531
     0.001674    -1.545484
     0.003348    -1.545638
     0.005022    -1.545996
     0.006696    -1.546554
     0.008370    -1.547309
     0.010044    -1.548256
     0.011718    -1.549390
     0.013393    -1.550705
     0.015067    -1.552194
     0.016741    -1.553852
     0.018415    -1.555672
     0.020089    -1.557648
     0.021763    -1.559773
     0.023437    -1.562042
     0.025111    -1.564449
     0.026785    -1.566990
     0.028459    -1.569658
     0.030133    -1.572451
     0.031807    -1.575364
     0.033481    -1.578392
     0.035155    -1.581534
     0.036829    -1.584786
     0.038504    -1.588144
     0.040178    -1.591608
     0.041852    -1.595174
     0.043526    -1.598840
     0.045200    -1.602605
     0.046874    -1.606467
     0.048548    -1.610424
     0.050222    -1.614476
     0.051896    -1.618621
     0.053570    -1.622858
     0.055244    -1.627185
     0.056918    -1.631603
     0.058592    -1.636110
     0.060266    -1.640705
     0.061940    -1.645388
     0.063615    -1.650157
     0.065289    -1.655014
     0.066963    -1.659956
     0.068637    -1.664983
     0.070311    -1.670094
     0.071985    -1.675289
     0.073659    -1.680568
     0.075333    -1.685929
     0.077007    -1.691372
     0.078681    -1.696897
     0.080355    -1.702502
     0.082029    -1.708187
     0.083703    -1.713951
     0.085377    -1.719794
     0.087051    -1.725714
     0.088726    -1.731711
     0.090400    -1.737783
     0.092074    -1.743930
     0.093748    -1.750151
     0.095422    -1.756444
     0.097096    -1.762809
     0.098770    -1.769243
     0.100444    -1.775746
     0.102118    -1.782315
     0.103792    -1.788950
     0.105466    -1.795646
     0.107140    -1.802389
     0.108814    -1.808930
     0.110488    -1.815288
     0.112163    -1.821672
     0.113837    -1.828090
     0.115511    -1.834541
     0.117185    -1.841024
     0.118859    -1.847537
     0.120533    -1.854078
     0.122207    -1.860645
     0.123881    -1.867235
     0.125555    -1.873847
     0.127229    -1.880478
     0.128903    -1.887125
     0.130577    -1.893787
     0.132251    -1.900460
     0.133925    -1.907141
     0.135599    -1.913828
     0.137274    -1.920518
     0.138948    -1.927208
     0.140622    -1.933894
     0.142296    -1.940575
     0.143970    -1.947246
     0.145644    -1.953904
     0.147318    -1.960547
     0.148992    -1.967170
     0.150666    -1.973771
     0.152340    -1.980346
     0.154014    -1.986891
     0.155688    -1.993404
     0.157362    -1.999881
     0.159036    -2.006319
     0.160710    -2.012714
     0.162385    -2.019064
     0.164059    -2.025365
     0.165733    -2.031613
     0.167407    -2.037808


    -0.167407    -1.559127
    -0.165733    -1.555912
    -0.164059    -1.552725
    -0.162385    -1.549567
    -0.160710    -1.546437
    -0.159036    -1.543339
    -0.157362    -1.540271
    -0.155688    -1.537235
    -0.154014    -1.534232
    -0.152340    -1.531263
    -0.150666    -1.528329
    -0.148992    -1.525430
    -0.147318    -1.522568
    -0.145644    -1.519743
    -0.143970    -1.516956
    -0.142296    -1.514209
    -0.140622    -1.511501
    -0.138948    -1.508835
    -0.137274    -1.506210
    -0.135599    -1.503627
    -0.133925    -1.501088
    -0.132251    -1.498594
    -0.130577    -1.496144
    -0.128903    -1.493740
    -0.127229    -1.491383
    -0.125555    -1.489074
    -0.123881    -1.486813
    -0.122207    -1.484600
    -0.120533    -1.482438
    -0.118859    -1.480325
    -0.117185    -1.478264
    -0.115511    -1.476255
    -0.113837    -1.474298
    -0.112163    -1.472394
    -0.110488    -1.470543
    -0.108814    -1.468747
    -0.107140    -1.467005
    -0.105466    -1.465319
    -0.103792    -1.463688
    -0.102118    -1.462113
    -0.100444    -1.460595
    -0.098770    -1.459133
    -0.097096    -1.457729
    -0.095422    -1.456382
    -0.093748    -1.455094
    -0.092074    -1.453863
    -0.090400    -1.452690
    -0.088726    -1.451576
    -0.087051    -1.450521
    -0.085377    -1.449524
    -0.083703    -1.448586
    -0.082029    -1.447708
    -0.080355    -1.446887
    -0.078681    -1.446126
    -0.077007    -1.445424
    -0.075333    -1.444780
    -0.073659    -1.444194
    -0.071985    -1.443667
    -0.070311    -1.443197
    -0.068637    -1.442786
    -0.066963    -1.442431
    -0.065289    -1.442133
    -0.063615    -1.441892
    -0.061940    -1.441706
    -0.060266    -1.441575
    -0.058592    -1.441499
    -0.056918    -1.441476
    -0.055244    -1.441506
    -0.053570    -1.441588
    -0.051896    -1.441720
    -0.050222    -1.441902
    -0.048548    -1.442132
    -0.046874    -1.442408
    -0.045200    -1.442730
    -0.043526    -1.443095
    -0.041852    -1.443501
    -0.040178    -1.443947
    -0.038504    -1.444430
    -0.036829    -1.444947
    -0.035155    -1.445497
    -0.033481    -1.446076
    -0.031807    -1.446681
    -0.030133    -1.447308
    -0.028459    -1.447955
    -0.026785    -1.448614
    -0.025111    -1.449280
    -0.023437    -1.449945
    -0.021763    -1.450605
    -0.020089    -1.451251
    -0.018415    -1.451880
    -0.016741    -1.452483
    -0.015067    -1.453055
    -0.013393    -1.453589
    -0.011718    -1.454079
    -0.010044    -1.454518
    -0.008370    -1.454901
    -0.006696    -1.455223
    -0.005022    -1.455478
    -0.003348    -1.455662
    -0.001674    -1.455772
     0.000000    -1.455808
     0.001674    -1.455768
     0.003348    -1.455654
     0.005022    -1.455467
     0.006696    -1.455212
     0.008370    -1.454890
     0.010044    -1.454507
     0.011718    -1.454068
     0.013393    -1.453578
     0.015067    -1.453045
     0.016741    -1.452474
     0.018415    -1.451872
     0.020089    -1.451244
     0.021763    -1.450599
     0.023437    -1.449941
     0.025111    -1.449277
     0.026785    -1.448613
     0.028459    -1.447957
     0.030133    -1.447315
     0.031807    -1.446690
     0.033481    -1.446087
     0.035155    -1.445510
     0.036829    -1.444962
     0.038504    -1.444446
     0.040178    -1.443964
     0.041852    -1.443518
     0.043526    -1.443112
     0.045200    -1.442747
     0.046874    -1.442426
     0.048548    -1.442150
     0.050222    -1.441920
     0.051896    -1.441738
     0.053570    -1.441606
     0.055244    -1.441524
     0.056918    -1.441494
     0.058592    -1.441516
     0.060266    -1.441593
     0.061940    -1.441723
     0.063615    -1.441909
     0.065289    -1.442150
     0.066963    -1.442448
     0.068637    -1.442802
     0.070311    -1.443214
     0.071985    -1.443683
     0.073659    -1.444210
     0.075333    -1.444795
     0.077007    -1.445439
     0.078681    -1.446141
     0.080355    -1.446902
     0.082029    -1.447722
     0.083703    -1.448601
     0.085377    -1.449538
     0.087051    -1.450535
     0.088726    -1.451590
     0.090400    -1.452704
     0.092074    -1.453876
     0.093748    -1.455106
     0.095422    -1.456395
     0.097096    -1.457741
     0.098770    -1.459145
     0.100444    -1.460606
     0.102118    -1.462124
     0.103792    -1.463699
     0.105466    -1.465330
     0.107140    -1.467016
     0.108814    -1.468757
     0.110488    -1.470553
     0.112163    -1.472403
     0.113837    -1.474307
     0.115511    -1.476264
     0.117185    -1.478273
     0.118859    -1.480334
     0.120533    -1.482446
     0.122207    -1.484608
     0.123881    -1.486820
     0.125555    -1.489081
     0.127229    -1.491390
     0.128903    -1.493747
     0.130577    -1.496150
     0.132251    -1.498600
     0.133925    -1.501094
     0.135599    -1.503633
     0.137274    -1.506215
     0.138948    -1.508840
     0.140622    -1.511506
     0.142296    -1.514213
     0.143970    -1.516961
     0.145644    -1.519747
     0.147318    -1.522572
     0.148992    -1.525434
     0.150666    -1.528332
     0.152340    -1.531266
     0.154014    -1.534235
     0.155688    -1.537238
     0.157362    -1.540273
     0.159036    -1.543341
     0.160710    -1.546439
     0.162385    -1.549568
     0.164059    -1.552727
     0.165733    -1.555914
     0.167407    -1.559129


    -0.167407    -1.527296
    -0.165733    -1.524368
    -0.164059    -1.521486
    -0.162385    -1.518650
    -0.160710    -1.515860
    -0.159036    -1.513118
    -0.157362    -1.510423
    -0.155688    -1.507776
    -0.154014    -1.505178
    -0.152340    -1.502628
    -0.150666    -1.500127
    -0.148992    -1.497676
    -0.147318    -1.495274
    -0.145644    -1.492922
    -0.143970    -1.490620
    -0.142296    -1.488369
    -0.140622    -1.486167
    -0.138948    -1.484017
    -0.137274    -1.481917
    -0.135599    -1.479868
    -0.133925    -1.477869
    -0.132251    -1.475922
    -0.130577    -1.474026
    -0.128903    -1.472180
    -0.127229    -1.470386
    -0.125555    -1.468642
    -0.123881    -1.466950
    -0.122207    -1.465308
    -0.120533    -1.463717
    -0.118859    -1.462177
    -0.117185    -1.460688
    -0.115511    -1.459249
    -0.113837    -1.457861
    -0.112163    -1.456523
    -0.110488    -1.455236
    -0.108814    -1.453998
    -0.107140    -1.452811
    -0.105466    -1.451674
    -0.103792    -1.450586
    -0.102118    -1.449548
    -0.100444    -1.448559
    -0.098770    -1.447620
    -0.097096    -1.446729
    -0.095422    -1.445888
    -0.093748    -1.445095
    -0.092074    -1.444351
    -0.090400    -1.443655
    -0.088726    -1.443007
    -0.087051    -1.442407
    -0.085377    -1.441854
    -0.083703    -1.441349
    -0.082029    -1.440891
    -0.080355    -1.440480
    -0.078681    -1.440115
    -0.077007    -1.439797
    -0.075333    -1.439524
    -0.073659    -1.439297
    -0.071985    -1.439115
    -0.070311    -1.438978
    -0.068637    -1.438885
    -0.066963    -1.438836
    -0.065289    -1.438831
    -0.063615    -1.438868
    -0.061940    -1.438948
    -0.060266    -1.439069
    -0.058592    -1.439232
    -0.056918    -1.439434
    -0.055244    -1.439676
    -0.053570    -1.439957
    -0.051896    -1.440275
    -0.050222    -1.440630
    -0.048548    -1.441021
    -0.046874    -1.441445
    -0.045200    -1.441902
    -0.043526    -1.442390
    -0.041852    -1.442908
    -0.040178    -1.443453
    -0.038504    -1.444024
    -0.036829    -1.444618
    -0.035155    -1.445231
    -0.033481    -1.445862
    -0.031807    -1.446507
    -0.030133    -1.447161
    -0.028459    -1.447823
    -0.026785    -1.448489
    -0.025111    -1.449156
    -0.023437    -1.449821
    -0.021763    -1.450479
    -0.020089    -1.451127
    -0.018415    -1.451757
    -0.016741    -1.452365
    -0.015067    -1.452942
    -0.013393    -1.453484
    -0.011718    -1.453982
    -0.010044    -1.454430
    -0.008370    -1.454822
    -0.006696    -1.455153
    -0.005022    -1.455417
    -0.003348    -1.455609
    -0.001674    -1.455728
     0.000000    -1.455770
     0.001674    -1.455734
     0.003348    -1.455621
     0.005022    -1.455432
     0.006696    -1.455171
     0.008370    -1.454842
     0.010044    -1.454451
     0.011718    -1.454003
     0.013393    -1.453506
     0.015067    -1.452965
     0.016741    -1.452388
     0.018415    -1.451780
     0.020089    -1.451150
     0.021763    -1.450502
     0.023437    -1.449843
     0.025111    -1.449177
     0.026785    -1.448508
     0.028459    -1.447840
     0.030133    -1.447175
     0.031807    -1.446517
     0.033481    -1.445870
     0.035155    -1.445238
     0.036829    -1.444623
     0.038504    -1.444029
     0.040178    -1.443458
     0.041852    -1.442912
     0.043526    -1.442394
     0.045200    -1.441905
     0.046874    -1.441448
     0.048548    -1.441024
     0.050222    -1.440633
     0.051896    -1.440278
     0.053570    -1.439960
     0.055244    -1.439679
     0.056918    -1.439437
     0.058592    -1.439234
     0.060266    -1.439072
     0.061940    -1.438951
     0.063615    -1.438871
     0.065289    -1.438833
     0.066963    -1.438839
     0.068637    -1.438888
     0.070311    -1.438981
     0.071985    -1.439118
     0.073659    -1.439300
     0.075333    -1.439527
     0.077007    -1.439799
     0.078681    -1.440118
     0.080355    -1.440482
     0.082029    -1.440894
     0.083703    -1.441352
     0.085377    -1.441857
     0.087051    -1.442409
     0.088726    -1.443009
     0.090400    -1.443657
     0.092074    -1.444353
     0.093748    -1.445097
     0.095422    -1.445890
     0.097096    -1.446732
     0.098770    -1.447622
     0.100444    -1.448561
     0.102118    -1.449550
     0.103792    -1.450588
     0.105466    -1.451676
     0.107140    -1.452813
     0.108814    -1.454001
     0.110488    -1.455238
     0.112163    -1.456525
     0.113837    -1.457863
     0.115511    -1.459251
     0.117185    -1.460690
     0.118859    -1.462179
     0.120533    -1.463719
     0.122207    -1.465310
     0.123881    -1.466952
     0.125555    -1.468644
     0.127229    -1.470388
     0.128903    -1.472182
     0.130577    -1.474028
     0.132251    -1.475924
     0.133925    -1.477872
     0.135599    -1.479870
     0.137274    -1.481919
     0.138948    -1.484019
     0.140622    -1.486170
     0.142296    -1.488371
     0.143970    -1.490622
     0.145644    -1.492924
     0.147318    -1.495276
     0.148992    -1.497678
     0.150666    -1.500129
     0.152340    -1.502630
     0.154014    -1.505180
     0.155688    -1.507778
     0.157362    -1.510425
     0.159036    -1.513120
     0.160710    -1.515862
     0.162385    -1.518652
     0.164059    -1.521488
     0.165733    -1.524370
     0.167407    -1.527298


    -0.167407    -1.185158
    -0.165733    -1.180396
    -0.164059    -1.175582
    -0.162385    -1.170714
    -0.160710    -1.165794
    -0.159036    -1.160822
    -0.157362    -1.156363
    -0.155688    -1.152201
    -0.154014    -1.147995
    -0.152340    -1.143743
    -0.150666    -1.139445
    -0.148992    -1.135099
    -0.147318    -1.130705
    -0.145644    -1.126262
    -0.143970    -1.121768
    -0.142296    -1.117223
    -0.140622    -1.112627
    -0.138948    -1.107977
    -0.137274    -1.103274
    -0.135599    -1.098516
    -0.133925    -1.093703
    -0.132251    -1.088835
    -0.130577    -1.083909
    -0.128903    -1.078927
    -0.127229    -1.073887
    -0.125555    -1.068789
    -0.123881    -1.063632
    -0.122207    -1.058417
    -0.120533    -1.053142
    -0.118859    -1.047808
    -0.117185    -1.042414
    -0.115511    -1.036961
    -0.113837    -1.031448
    -0.112163    -1.025875
    -0.110488    -1.020243
    -0.108814    -1.014552
    -0.107140    -1.008802
    -0.105466    -1.002994
    -0.103792    -0.997129
    -0.102118    -0.991206
    -0.100444    -0.985228
    -0.098770    -0.979194
    -0.097096    -0.973106
    -0.095422    -0.966965
    -0.093748    -0.960772
    -0.092074    -0.954529
    -0.090400    -0.948238
    -0.088726    -0.941899
    -0.087051    -0.935516
    -0.085377    -0.929089
    -0.083703    -0.922622
    -0.082029    -0.916116
    -0.080355    -0.909574
    -0.078681    -0.902999
    -0.077007    -0.896394
    -0.075333    -0.889761
    -0.073659    -0.883105
    -0.071985    -0.876428
    -0.070311    -0.869735
    -0.068637    -0.863030
    -0.066963    -0.856316
    -0.065289    -0.849598
    -0.063615    -0.842881
    -0.061940    -0.836171
    -0.060266    -0.829472
    -0.058592    -0.822791
    -0.056918    -0.816134
    -0.055244    -0.809506
    -0.053570    -0.802916
    -0.051896    -0.796369
    -0.050222    -0.789875
    -0.048548    -0.783441
    -0.046874    -0.777075
    -0.045200    -0.770788
    -0.043526    -0.764587
    -0.041852    -0.758484
    -0.040178    -0.752489
    -0.038504    -0.746613
    -0.036829    -0.740866
    -0.035155    -0.735262
    -0.033481    -0.729812
    -0.031807    -0.724528
    -0.030133    -0.719424
    -0.028459    -0.714512
    -0.026785    -0.709805
    -0.025111    -0.705316
    -0.023437    -0.701059
    -0.021763    -0.697044
    -0.020089    -0.693285
    -0.018415    -0.689792
    -0.016741    -0.686576
    -0.015067    -0.683646
    -0.013393    -0.681010
    -0.011718    -0.678676
    -0.010044    -0.676649
    -0.008370    -0.674932
    -0.006696    -0.673530
    -0.005022    -0.672445
    -0.003348    -0.671677
    -0.001674    -0.671219
     0.000000    -0.671065
     0.001674    -0.671216
     0.003348    -0.671675
     0.005022    -0.672447
     0.006696    -0.673535
     0.008370    -0.674938
     0.010044    -0.676654
     0.011718    -0.678681
     0.013393    -0.681015
     0.015067    -0.683651
     0.016741    -0.686580
     0.018415    -0.689796
     0.020089    -0.693289
     0.021763    -0.697048
     0.023437    -0.701062
     0.025111    -0.705319
     0.026785    -0.709807
     0.028459    -0.714514
     0.030133    -0.719425
     0.031807    -0.724529
     0.033481    -0.729813
     0.035155    -0.735263
     0.036829    -0.740867
     0.038504    -0.746613
     0.040178    -0.752489
     0.041852    -0.758484
     0.043526    -0.764587
     0.045200    -0.770787
     0.046874    -0.777075
     0.048548    -0.783440
     0.050222    -0.789874
     0.051896    -0.796368
     0.053570    -0.802914
     0.055244    -0.809504
     0.056918    -0.816131
     0.058592    -0.822789
     0.060266    -0.829470
     0.061940    -0.836168
     0.063615    -0.842879
     0.065289    -0.849595
     0.066963    -0.856313
     0.068637    -0.863027
     0.070311    -0.869732
     0.071985    -0.876425
     0.073659    -0.883102
     0.075333    -0.889758
     0.077007    -0.896391
     0.078681    -0.902996
     0.080355    -0.909571
     0.082029    -0.916113
     0.083703    -0.922618
     0.085377    -0.929086
     0.087051    -0.935512
     0.088726    -0.941896
     0.090400    -0.948234
     0.092074    -0.954526
     0.093748    -0.960769
     0.095422    -0.966961
     0.097096    -0.973102
     0.098770    -0.979190
     0.100444    -0.985224
     0.102118    -0.991203
     0.103792    -0.997125
     0.105466    -1.002991
     0.107140    -1.008799
     0.108814    -1.014549
     0.110488    -1.020240
     0.112163    -1.025872
     0.113837    -1.031445
     0.115511    -1.036958
     0.117185    -1.042411
     0.118859    -1.047805
     0.120533    -1.053140
     0.122207    -1.058414
     0.123881    -1.063630
     0.125555    -1.068787
     0.127229    -1.073885
     0.128903    -1.078925
     0.130577    -1.083907
     0.132251    -1.088833
     0.133925    -1.093702
     0.135599    -1.098515
     0.137274    -1.103272
     0.138948    -1.107976
     0.140622    -1.112626
     0.142296    -1.117222
     0.143970    -1.121767
     0.145644    -1.126261
     0.147318    -1.130705
     0.148992    -1.135099
     0.150666    -1.139445
     0.152340    -1.143743
     0.154014    -1.147995
     0.155688    -1.152201
     0.157362    -1.156364
     0.159036    -1.160816
     0.160710    -1.165787
     0.162385    -1.170708
     0.164059    -1.175575
     0.165733    -1.180389
     0.167407    -1.185151


    -0.167407    -1.180451
    -0.165733    -1.176536
    -0.164059    -1.172582
    -0.162385    -1.168589
    -0.160710    -1.164555
    -0.159036    -1.160478
    -0.157362    -1.155792
    -0.155688    -1.150714
    -0.154014    -1.145582
    -0.152340    -1.140399
    -0.150666    -1.135163
    -0.148992    -1.129876
    -0.147318    -1.124538
    -0.145644    -1.119150
    -0.143970    -1.113711
    -0.142296    -1.108223
    -0.140622    -1.102686
    -0.138948    -1.097101
    -0.137274    -1.091469
    -0.135599    -1.085791
    -0.133925    -1.080066
    -0.132251    -1.074298
    -0.130577    -1.068485
    -0.128903    -1.062630
    -0.127229    -1.056734
    -0.125555    -1.050797
    -0.123881    -1.044822
    -0.122207    -1.038808
    -0.120533    -1.032759
    -0.118859    -1.026674
    -0.117185    -1.020556
    -0.115511    -1.014406
    -0.113837    -1.008225
    -0.112163    -1.002015
    -0.110488    -0.995779
    -0.108814    -0.989516
    -0.107140    -0.983230
    -0.105466    -0.976923
    -0.103792    -0.970595
    -0.102118    -0.964249
    -0.100444    -0.957888
    -0.098770    -0.951512
    -0.097096    -0.945125
    -0.095422    -0.938728
    -0.093748    -0.932323
    -0.092074    -0.925914
    -0.090400    -0.919501
    -0.088726    -0.913088
    -0.087051    -0.906678
    -0.085377    -0.900272
    -0.083703    -0.893873
    -0.082029    -0.887484
    -0.080355    -0.881108
    -0.078681    -0.874747
    -0.077007    -0.868404
    -0.075333    -0.862083
    -0.073659    -0.855785
    -0.071985    -0.849516
    -0.070311    -0.843276
    -0.068637    -0.837071
    -0.066963    -0.830902
    -0.065289    -0.824775
    -0.063615    -0.818691
    -0.061940    -0.812655
    -0.060266    -0.806671
    -0.058592    -0.800742
    -0.056918    -0.794872
    -0.055244    -0.789066
    -0.053570    -0.783328
    -0.051896    -0.777662
    -0.050222    -0.772072
    -0.048548    -0.766564
    -0.046874    -0.761143
    -0.045200    -0.755812
    -0.043526    -0.750579
    -0.041852    -0.745447
    -0.040178    -0.740423
    -0.038504    -0.735512
    -0.036829    -0.730721
    -0.035155    -0.726056
    -0.033481    -0.721524
    -0.031807    -0.717131
    -0.030133    -0.712884
    -0.028459    -0.708792
    -0.026785    -0.704861
    -0.025111    -0.701101
    -0.023437    -0.697517
    -0.021763    -0.694121
    -0.020089    -0.690919
    -0.018415    -0.687922
    -0.016741    -0.685138
    -0.015067    -0.682577
    -0.013393    -0.680248
    -0.011718    -0.678160
    -0.010044    -0.676323
    -0.008370    -0.674746
    -0.006696    -0.673437
    -0.005022    -0.672404
    -0.003348    -0.671653
    -0.001674    -0.671197
     0.000000    -0.671046
     0.001674    -0.671199
     0.003348    -0.671654
     0.005022    -0.672400
     0.006696    -0.673430
     0.008370    -0.674738
     0.010044    -0.676314
     0.011718    -0.678151
     0.013393    -0.680238
     0.015067    -0.682567
     0.016741    -0.685129
     0.018415    -0.687912
     0.020089    -0.690910
     0.021763    -0.694111
     0.023437    -0.697508
     0.025111    -0.701091
     0.026785    -0.704852
     0.028459    -0.708783
     0.030133    -0.712875
     0.031807    -0.717122
     0.033481    -0.721515
     0.035155    -0.726048
     0.036829    -0.730713
     0.038504    -0.735504
     0.040178    -0.740415
     0.041852    -0.745439
     0.043526    -0.750571
     0.045200    -0.755805
     0.046874    -0.761136
     0.048548    -0.766558
     0.050222    -0.772066
     0.051896    -0.777656
     0.053570    -0.783322
     0.055244    -0.789061
     0.056918    -0.794867
     0.058592    -0.800737
     0.060266    -0.806666
     0.061940    -0.812651
     0.063615    -0.818687
     0.065289    -0.824771
     0.066963    -0.830899
     0.068637    -0.837068
     0.070311    -0.843274
     0.071985    -0.849514
     0.073659    -0.855784
     0.075333    -0.862081
     0.077007    -0.868403
     0.078681    -0.874746
     0.080355    -0.881107
     0.082029    -0.887483
     0.083703    -0.893872
     0.085377    -0.900271
     0.087051    -0.906678
     0.088726    -0.913088
     0.090400    -0.919501
     0.092074    -0.925914
     0.093748    -0.932324
     0.095422    -0.938728
     0.097096    -0.945125
     0.098770    -0.951513
     0.100444    -0.957888
     0.102118    -0.964250
     0.103792    -0.970596
     0.105466    -0.976923
     0.107140    -0.983231
     0.108814    -0.989517
     0.110488    -0.995779
     0.112163    -1.002016
     0.113837    -1.008225
     0.115511    -1.014406
     0.117185    -1.020556
     0.118859    -1.026674
     0.120533    -1.032759
     0.122207    -1.038808
     0.123881    -1.044822
     0.125555    -1.050797
     0.127229    -1.056733
     0.128903    -1.062630
     0.130577    -1.068484
     0.132251    -1.074296
     0.133925    -1.080065
     0.135599    -1.085789
     0.137274    -1.091467
     0.138948    -1.097099
     0.140622    -1.102684
     0.142296    -1.108220
     0.143970    -1.113708
     0.145644    -1.119147
     0.147318    -1.124535
     0.148992    -1.129873
     0.150666    -1.135159
     0.152340    -1.140394
     0.154014    -1.145578
     0.155688    -1.150709
     0.157362    -1.155786
     0.159036    -1.160479
     0.160710    -1.164556
     0.162385    -1.168590
     0.164059    -1.172584
     0.165733    -1.176538
     0.167407    -1.180453


    -0.167407    -0.446258
    -0.165733    -0.443157
    -0.164059    -0.440100
    -0.162385    -0.437089
    -0.160710    -0.434124
    -0.159036    -0.431205
    -0.157362    -0.428334
    -0.155688    -0.425510
    -0.154014    -0.422734
    -0.152340    -0.420007
    -0.150666    -0.417329
    -0.148992    -0.414702
    -0.147318    -0.412124
    -0.145644    -0.409598
    -0.143970    -0.407123
    -0.142296    -0.404700
    -0.140622    -0.402329
    -0.138948    -0.400012
    -0.137274    -0.397748
    -0.135599    -0.395537
    -0.133925    -0.393381
    -0.132251    -0.391280
    -0.130577    -0.389234
    -0.128903    -0.387243
    -0.127229    -0.385308
    -0.125555    -0.383430
    -0.123881    -0.381608
    -0.122207    -0.379842
    -0.120533    -0.378134
    -0.118859    -0.376484
    -0.117185    -0.374891
    -0.115511    -0.373355
    -0.113837    -0.371878
    -0.112163    -0.370458
    -0.110488    -0.369097
    -0.108814    -0.367794
    -0.107140    -0.366549
    -0.105466    -0.365362
    -0.103792    -0.364233
    -0.102118    -0.363162
    -0.100444    -0.362148
    -0.098770    -0.361192
    -0.097096    -0.360293
    -0.095422    -0.359450
    -0.093748    -0.358663
    -0.092074    -0.357932
    -0.090400    -0.357255
    -0.088726    -0.356633
    -0.087051    -0.356064
    -0.085377    -0.355547
    -0.083703    -0.355082
    -0.082029    -0.354666
    -0.080355    -0.354300
    -0.078681    -0.353980
    -0.077007    -0.353707
    -0.075333    -0.353477
    -0.073659    -0.353289
    -0.071985    -0.353141
    -0.070311    -0.353031
    -0.068637    -0.352955
    -0.066963    -0.352913
    -0.065289    -0.352899
    -0.063615    -0.352911
    -0.061940    -0.352946
    -0.060266    -0.353000
    -0.058592    -0.353068
    -0.056918    -0.353147
    -0.055244    -0.353231
    -0.053570    -0.353314
    -0.051896    -0.353393
    -0.050222    -0.353459
    -0.048548    -0.353508
    -0.046874    -0.353532
    -0.045200    -0.353524
    -0.043526    -0.353476
    -0.041852    -0.353380
    -0.040178    -0.353226
    -0.038504    -0.353006
    -0.036829    -0.352710
    -0.035155    -0.352328
    -0.033481    -0.351850
    -0.031807    -0.351264
    -0.030133    -0.350559
    -0.028459    -0.349725
    -0.026785    -0.348750
    -0.025111    -0.347622
    -0.023437    -0.346332
    -0.021763    -0.344867
    -0.020089    -0.343218
    -0.018415    -0.341376
    -0.016741    -0.339331
    -0.015067    -0.337076
    -0.013393    -0.334605
    -0.011718    -0.331912
    -0.010044    -0.328994
    -0.008370    -0.325849
    -0.006696    -0.322475
    -0.005022    -0.318873
    -0.003348    -0.315047
    -0.001674    -0.311000
     0.000000    -0.306756
     0.001674    -0.311017
     0.003348    -0.315064
     0.005022    -0.318891
     0.006696    -0.322493
     0.008370    -0.325867
     0.010044    -0.329014
     0.011718    -0.331932
     0.013393    -0.334625
     0.015067    -0.337097
     0.016741    -0.339352
     0.018415    -0.341397
     0.020089    -0.343240
     0.021763    -0.344889
     0.023437    -0.346354
     0.025111    -0.347645
     0.026785    -0.348772
     0.028459    -0.349748
     0.030133    -0.350582
     0.031807    -0.351287
     0.033481    -0.351873
     0.035155    -0.352351
     0.036829    -0.352733
     0.038504    -0.353029
     0.040178    -0.353249
     0.041852    -0.353403
     0.043526    -0.353499
     0.045200    -0.353547
     0.046874    -0.353555
     0.048548    -0.353531
     0.050222    -0.353482
     0.051896    -0.353415
     0.053570    -0.353336
     0.055244    -0.353252
     0.056918    -0.353168
     0.058592    -0.353090
     0.060266    -0.353021
     0.061940    -0.352967
     0.063615    -0.352932
     0.065289    -0.352919
     0.066963    -0.352932
     0.068637    -0.352975
     0.070311    -0.353050
     0.071985    -0.353160
     0.073659    -0.353308
     0.075333    -0.353495
     0.077007    -0.353724
     0.078681    -0.353998
     0.080355    -0.354317
     0.082029    -0.354683
     0.083703    -0.355098
     0.085377    -0.355564
     0.087051    -0.356080
     0.088726    -0.356649
     0.090400    -0.357271
     0.092074    -0.357947
     0.093748    -0.358678
     0.095422    -0.359464
     0.097096    -0.360307
     0.098770    -0.361206
     0.100444    -0.362162
     0.102118    -0.363175
     0.103792    -0.364246
     0.105466    -0.365374
     0.107140    -0.366561
     0.108814    -0.367806
     0.110488    -0.369109
     0.112163    -0.370470
     0.113837    -0.371889
     0.115511    -0.373366
     0.117185    -0.374901
     0.118859    -0.376494
     0.120533    -0.378144
     0.122207    -0.379852
     0.123881    -0.381617
     0.125555    -0.383439
     0.127229    -0.385317
     0.128903    -0.387252
     0.130577    -0.389243
     0.132251    -0.391289
     0.133925    -0.393390
     0.135599    -0.395546
     0.137274    -0.397756
     0.138948    -0.400020
     0.140622    -0.402337
     0.142296    -0.404708
     0.143970    -0.407131
     0.145644    -0.409605
     0.147318    -0.412132
     0.148992    -0.414709
     0.150666    -0.417337
     0.152340    -0.420014
     0.154014    -0.422741
     0.155688    -0.425517
     0.157362    -0.428341
     0.159036    -0.431212
     0.160710    -0.434131
     0.162385    -0.437096
     0.164059    -0.440107
     0.165733    -0.443164
     0.167407    -0.446265


    -0.167407    -0.375714
    -0.165733    -0.370496
    -0.164059    -0.365286
    -0.162385    -0.360086
    -0.160710    -0.354894
    -0.159036    -0.349711
    -0.157362    -0.344539
    -0.155688    -0.339376
    -0.154014    -0.334224
    -0.152340    -0.329083
    -0.150666    -0.323953
    -0.148992    -0.318834
    -0.147318    -0.313728
    -0.145644    -0.308634
    -0.143970    -0.303554
    -0.142296    -0.298487
    -0.140622    -0.293434
    -0.138948    -0.288397
    -0.137274    -0.283375
    -0.135599    -0.278369
    -0.133925    -0.273381
    -0.132251    -0.268411
    -0.130577    -0.263460
    -0.128903    -0.258529
    -0.127229    -0.253620
    -0.125555    -0.248733
    -0.123881    -0.243870
    -0.122207    -0.239033
    -0.120533    -0.234223
    -0.118859    -0.229442
    -0.117185    -0.224692
    -0.115511    -0.219975
    -0.113837    -0.215294
    -0.112163    -0.210651
    -0.110488    -0.206050
    -0.108814    -0.201493
    -0.107140    -0.196984
    -0.105466    -0.192528
    -0.103792    -0.188128
    -0.102118    -0.183789
    -0.100444    -0.179518
    -0.098770    -0.175319
    -0.097096    -0.171200
    -0.095422    -0.167167
    -0.093748    -0.163230
    -0.092074    -0.159398
    -0.090400    -0.155679
    -0.088726    -0.152086
    -0.087051    -0.148630
    -0.085377    -0.145326
    -0.083703    -0.142187
    -0.082029    -0.139231
    -0.080355    -0.136473
    -0.078681    -0.133934
    -0.077007    -0.131633
    -0.075333    -0.129591
    -0.073659    -0.127830
    -0.071985    -0.126372
    -0.070311    -0.125239
    -0.068637    -0.124454
    -0.066963    -0.124037
    -0.065289    -0.124006
    -0.063615    -0.124378
    -0.061940    -0.125163
    -0.060266    -0.126370
    -0.058592    -0.128003
    -0.056918    -0.130058
    -0.055244    -0.132530
    -0.053570    -0.135407
    -0.051896    -0.138673
    -0.050222    -0.142307
    -0.048548    -0.146288
    -0.046874    -0.150591
    -0.045200    -0.155188
    -0.043526    -0.160054
    -0.041852    -0.165161
    -0.040178    -0.170482
    -0.038504    -0.175989
    -0.036829    -0.181659
    -0.035155    -0.187465
    -0.033481    -0.193385
    -0.031807    -0.199395
    -0.030133    -0.205475
    -0.028459    -0.211603
    -0.026785    -0.217761
    -0.025111    -0.223928
    -0.023437    -0.230088
    -0.021763    -0.236223
    -0.020089    -0.242315
    -0.018415    -0.248350
    -0.016741    -0.254310
    -0.015067    -0.260182
    -0.013393    -0.265949
    -0.011718    -0.271598
    -0.010044    -0.277116
    -0.008370    -0.282488
    -0.006696    -0.287702
    -0.005022    -0.292747
    -0.003348    -0.297610
    -0.001674    -0.302282
     0.000000    -0.306735
     0.001674    -0.302266
     0.003348    -0.297595
     0.005022    -0.292732
     0.006696    -0.287688
     0.008370    -0.282474
     0.010044    -0.277102
     0.011718    -0.271585
     0.013393    -0.265937
     0.015067    -0.260169
     0.016741    -0.254298
     0.018415    -0.248338
     0.020089    -0.242304
     0.021763    -0.236212
     0.023437    -0.230078
     0.025111    -0.223919
     0.026785    -0.217751
     0.028459    -0.211594
     0.030133    -0.205466
     0.031807    -0.199387
     0.033481    -0.193377
     0.035155    -0.187457
     0.036829    -0.181651
     0.038504    -0.175982
     0.040178    -0.170474
     0.041852    -0.165154
     0.043526    -0.160047
     0.045200    -0.155181
     0.046874    -0.150583
     0.048548    -0.146281
     0.050222    -0.142300
     0.051896    -0.138665
     0.053570    -0.135399
     0.055244    -0.132522
     0.056918    -0.130050
     0.058592    -0.127994
     0.060266    -0.126361
     0.061940    -0.125153
     0.063615    -0.124367
     0.065289    -0.123995
     0.066963    -0.124025
     0.068637    -0.124442
     0.070311    -0.125226
     0.071985    -0.126358
     0.073659    -0.127815
     0.075333    -0.129576
     0.077007    -0.131618
     0.078681    -0.133918
     0.080355    -0.136457
     0.082029    -0.139214
     0.083703    -0.142170
     0.085377    -0.145308
     0.087051    -0.148612
     0.088726    -0.152067
     0.090400    -0.155660
     0.092074    -0.159379
     0.093748    -0.163211
     0.095422    -0.167148
     0.097096    -0.171180
     0.098770    -0.175299
     0.100444    -0.179498
     0.102118    -0.183770
     0.103792    -0.188108
     0.105466    -0.192508
     0.107140    -0.196965
     0.108814    -0.201473
     0.110488    -0.206030
     0.112163    -0.210632
     0.113837    -0.215275
     0.115511    -0.219956
     0.117185    -0.224673
     0.118859    -0.229423
     0.120533    -0.234204
     0.122207    -0.239015
     0.123881    -0.243852
     0.125555    -0.248715
     0.127229    -0.253602
     0.128903    -0.258512
     0.130577    -0.263443
     0.132251    -0.268395
     0.133925    -0.273365
     0.135599    -0.278354
     0.137274    -0.283360
     0.138948    -0.288383
     0.140622    -0.293421
     0.142296    -0.298474
     0.143970    -0.303541
     0.145644    -0.308622
     0.147318    -0.313717
     0.148992    -0.318824
     0.150666    -0.323943
     0.152340    -0.329073
     0.154014    -0.334215
     0.155688    -0.339368
     0.157362    -0.344531
     0.159036    -0.349704
     0.160710    -0.354887
     0.162385    -0.360080
     0.164059    -0.365281
     0.165733    -0.370491
     0.167407    -0.375710


    -0.167407     0.610717
    -0.165733     0.602290
    -0.164059     0.593846
    -0.162385     0.585384
    -0.160710     0.576906
    -0.159036     0.568411
    -0.157362     0.559901
    -0.155688     0.551376
    -0.154014     0.542837
    -0.152340     0.534285
    -0.150666     0.525720
    -0.148992     0.517144
    -0.147318     0.508557
    -0.145644     0.499960
    -0.143970     0.491354
    -0.142296     0.482741
    -0.140622     0.474121
    -0.138948     0.465495
    -0.137274     0.456865
    -0.135599     0.448233
    -0.133925     0.439599
    -0.132251     0.430965
    -0.130577     0.422333
    -0.128903     0.413704
    -0.127229     0.405081
    -0.125555     0.396465
    -0.123881     0.387858
    -0.122207     0.379263
    -0.120533     0.370681
    -0.118859     0.362117
    -0.117185     0.353573
    -0.115511     0.345051
    -0.113837     0.336555
    -0.112163     0.328088
    -0.110488     0.319656
    -0.108814     0.311261
    -0.107140     0.302908
    -0.105466     0.294604
    -0.103792     0.286352
    -0.102118     0.278159
    -0.100444     0.270033
    -0.098770     0.261979
    -0.097096     0.254006
    -0.095422     0.246123
    -0.093748     0.238339
    -0.092074     0.230665
    -0.090400     0.223112
    -0.088726     0.215693
    -0.087051     0.208422
    -0.085377     0.201313
    -0.083703     0.194384
    -0.082029     0.187652
    -0.080355     0.181136
    -0.078681     0.174857
    -0.077007     0.168837
    -0.075333     0.163098
    -0.073659     0.157665
    -0.071985     0.152563
    -0.070311     0.147815
    -0.068637     0.143446
    -0.066963     0.139479
    -0.065289     0.135935
    -0.063615     0.132832
    -0.061940     0.130185
    -0.060266     0.128004
    -0.058592     0.126296
    -0.056918     0.125062
    -0.055244     0.124297
    -0.053570     0.123995
    -0.051896     0.124142
    -0.050222     0.124723
    -0.048548     0.125718
    -0.046874     0.127106
    -0.045200     0.128866
    -0.043526     0.130975
    -0.041852     0.133410
    -0.040178     0.136148
    -0.038504     0.139169
    -0.036829     0.142451
    -0.035155     0.145976
    -0.033481     0.149726
    -0.031807     0.153685
    -0.030133     0.157836
    -0.028459     0.162167
    -0.026785     0.166664
    -0.025111     0.171316
    -0.023437     0.176112
    -0.021763     0.181044
    -0.020089     0.186101
    -0.018415     0.191276
    -0.016741     0.196562
    -0.015067     0.201953
    -0.013393     0.207441
    -0.011718     0.213023
    -0.010044     0.218692
    -0.008370     0.224444
    -0.006696     0.230274
    -0.005022     0.236179
    -0.003348     0.242155
    -0.001674     0.248198
     0.000000     0.254302
     0.001674     0.248204
     0.003348     0.242161
     0.005022     0.236186
     0.006696     0.230281
     0.008370     0.224451
     0.010044     0.218699
     0.011718     0.213031
     0.013393     0.207450
     0.015067     0.201962
     0.016741     0.196572
     0.018415     0.191286
     0.020089     0.186111
     0.021763     0.181054
     0.023437     0.176123
     0.025111     0.171327
     0.026785     0.166676
     0.028459     0.162179
     0.030133     0.157849
     0.031807     0.153698
     0.033481     0.149740
     0.035155     0.145990
     0.036829     0.142465
     0.038504     0.139183
     0.040178     0.136162
     0.041852     0.133424
     0.043526     0.130990
     0.045200     0.128881
     0.046874     0.127121
     0.048548     0.125733
     0.050222     0.124738
     0.051896     0.124157
     0.053570     0.124010
     0.055244     0.124312
     0.056918     0.125076
     0.058592     0.126310
     0.060266     0.128017
     0.061940     0.130197
     0.063615     0.132844
     0.065289     0.135947
     0.066963     0.139490
     0.068637     0.143457
     0.070311     0.147825
     0.071985     0.152572
     0.073659     0.157674
     0.075333     0.163106
     0.077007     0.168844
     0.078681     0.174863
     0.080355     0.181142
     0.082029     0.187657
     0.083703     0.194388
     0.085377     0.201317
     0.087051     0.208425
     0.088726     0.215696
     0.090400     0.223114
     0.092074     0.230666
     0.093748     0.238340
     0.095422     0.246123
     0.097096     0.254006
     0.098770     0.261978
     0.100444     0.270031
     0.102118     0.278157
     0.103792     0.286350
     0.105466     0.294601
     0.107140     0.302905
     0.108814     0.311257
     0.110488     0.319651
     0.112163     0.328084
     0.113837     0.336550
     0.115511     0.345045
     0.117185     0.353567
     0.118859     0.362111
     0.120533     0.370675
     0.122207     0.379256
     0.123881     0.387851
     0.125555     0.396457
     0.127229     0.405073
     0.128903     0.413696
     0.130577     0.422324
     0.132251     0.430956
     0.133925     0.439590
     0.135599     0.448224
     0.137274     0.456856
     0.138948     0.465485
     0.140622     0.474110
     0.142296     0.482730
     0.143970     0.491343
     0.145644     0.499949
     0.147318     0.508545
     0.148992     0.517132
     0.150666     0.525708
     0.152340     0.534273
     0.154014     0.542825
     0.155688     0.551364
     0.157362     0.559888
     0.159036     0.568398
     0.160710     0.576893
     0.162385     0.585371
     0.164059     0.593833
     0.165733     0.602277
     0.167407     0.610703


    -0.167407     0.892310
    -0.165733     0.886979
    -0.164059     0.881627
    -0.162385     0.876254
    -0.160710     0.870859
    -0.159036     0.865442
    -0.157362     0.860002
    -0.155688     0.854539
    -0.154014     0.849053
    -0.152340     0.843543
    -0.150666     0.838009
    -0.148992     0.832450
    -0.147318     0.826865
    -0.145644     0.821255
    -0.143970     0.815619
    -0.142296     0.809956
    -0.140622     0.804266
    -0.138948     0.798549
    -0.137274     0.792804
    -0.135599     0.787030
    -0.133925     0.781228
    -0.132251     0.775398
    -0.130577     0.769538
    -0.128903     0.763648
    -0.127229     0.757728
    -0.125555     0.751778
    -0.123881     0.745798
    -0.122207     0.739787
    -0.120533     0.733745
    -0.118859     0.727673
    -0.117185     0.721569
    -0.115511     0.715433
    -0.113837     0.709267
    -0.112163     0.703068
    -0.110488     0.696839
    -0.108814     0.690578
    -0.107140     0.684286
    -0.105466     0.677963
    -0.103792     0.671608
    -0.102118     0.665223
    -0.100444     0.658808
    -0.098770     0.652362
    -0.097096     0.645887
    -0.095422     0.639382
    -0.093748     0.632847
    -0.092074     0.626285
    -0.090400     0.619694
    -0.088726     0.613077
    -0.087051     0.606432
    -0.085377     0.599761
    -0.083703     0.593066
    -0.082029     0.586345
    -0.080355     0.579601
    -0.078681     0.572835
    -0.077007     0.566046
    -0.075333     0.559237
    -0.073659     0.552408
    -0.071985     0.545560
    -0.070311     0.538695
    -0.068637     0.531813
    -0.066963     0.524917
    -0.065289     0.518006
    -0.063615     0.511082
    -0.061940     0.504148
    -0.060266     0.497203
    -0.058592     0.490250
    -0.056918     0.483289
    -0.055244     0.476323
    -0.053570     0.469353
    -0.051896     0.462380
    -0.050222     0.455406
    -0.048548     0.448433
    -0.046874     0.441461
    -0.045200     0.434494
    -0.043526     0.427532
    -0.041852     0.420576
    -0.040178     0.413630
    -0.038504     0.406694
    -0.036829     0.399770
    -0.035155     0.392860
    -0.033481     0.385966
    -0.031807     0.379089
    -0.030133     0.372232
    -0.028459     0.365395
    -0.026785     0.358582
    -0.025111     0.351793
    -0.023437     0.345031
    -0.021763     0.338298
    -0.020089     0.331595
    -0.018415     0.324925
    -0.016741     0.318289
    -0.015067     0.311690
    -0.013393     0.305130
    -0.011718     0.298610
    -0.010044     0.292134
    -0.008370     0.285702
    -0.006696     0.279319
    -0.005022     0.272985
    -0.003348     0.266704
    -0.001674     0.260478
     0.000000     0.254314
     0.001674     0.260473
     0.003348     0.266699
     0.005022     0.272980
     0.006696     0.279314
     0.008370     0.285698
     0.010044     0.292129
     0.011718     0.298606
     0.013393     0.305126
     0.015067     0.311687
     0.016741     0.318286
     0.018415     0.324922
     0.020089     0.331592
     0.021763     0.338295
     0.023437     0.345028
     0.025111     0.351790
     0.026785     0.358579
     0.028459     0.365392
     0.030133     0.372229
     0.031807     0.379086
     0.033481     0.385963
     0.035155     0.392857
     0.036829     0.399767
     0.038504     0.406691
     0.040178     0.413627
     0.041852     0.420573
     0.043526     0.427529
     0.045200     0.434491
     0.046874     0.441458
     0.048548     0.448429
     0.050222     0.455403
     0.051896     0.462377
     0.053570     0.469349
     0.055244     0.476319
     0.056918     0.483285
     0.058592     0.490246
     0.060266     0.497199
     0.061940     0.504143
     0.063615     0.511078
     0.065289     0.518001
     0.066963     0.524912
     0.068637     0.531808
     0.070311     0.538690
     0.071985     0.545555
     0.073659     0.552402
     0.075333     0.559231
     0.077007     0.566040
     0.078681     0.572828
     0.080355     0.579595
     0.082029     0.586339
     0.083703     0.593059
     0.085377     0.599754
     0.087051     0.606425
     0.088726     0.613069
     0.090400     0.619687
     0.092074     0.626277
     0.093748     0.632839
     0.095422     0.639373
     0.097096     0.645878
     0.098770     0.652353
     0.100444     0.658799
     0.102118     0.665214
     0.103792     0.671599
     0.105466     0.677953
     0.107140     0.684276
     0.108814     0.690568
     0.110488     0.696829
     0.112163     0.703058
     0.113837     0.709256
     0.115511     0.715423
     0.117185     0.721558
     0.118859     0.727662
     0.120533     0.733735
     0.122207     0.739776
     0.123881     0.745787
     0.125555     0.751767
     0.127229     0.757717
     0.128903     0.763637
     0.130577     0.769526
     0.132251     0.775386
     0.133925     0.781217
     0.135599     0.787019
     0.137274     0.792792
     0.138948     0.798537
     0.140622     0.804254
     0.142296     0.809944
     0.143970     0.815607
     0.145644     0.821243
     0.147318     0.826853
     0.148992     0.832438
     0.150666     0.837997
     0.152340     0.843531
     0.154014     0.849041
     0.155688     0.854528
     0.157362     0.859990
     0.159036     0.865430
     0.160710     0.870847
     0.162385     0.876242
     0.164059     0.881615
     0.165733     0.886967
     0.167407     0.892298


    -0.167407     1.817800
    -0.165733     1.810639
    -0.164059     1.803508
    -0.162385     1.796409
    -0.160710     1.789346
    -0.159036     1.782319
    -0.157362     1.775330
    -0.155688     1.768382
    -0.154014     1.761477
    -0.152340     1.754616
    -0.150666     1.747801
    -0.148992     1.741035
    -0.147318     1.734320
    -0.145644     1.727658
    -0.143970     1.721050
    -0.142296     1.714499
    -0.140622     1.708006
    -0.138948     1.701575
    -0.137274     1.695206
    -0.135599     1.688902
    -0.133925     1.682665
    -0.132251     1.676496
    -0.130577     1.670399
    -0.128903     1.664374
    -0.127229     1.658423
    -0.125555     1.652550
    -0.123881     1.646754
    -0.122207     1.641039
    -0.120533     1.635405
    -0.118859     1.629856
    -0.117185     1.624392
    -0.115511     1.619015
    -0.113837     1.613728
    -0.112163     1.608530
    -0.110488     1.603425
    -0.108814     1.598414
    -0.107140     1.593497
    -0.105466     1.588678
    -0.103792     1.583956
    -0.102118     1.579334
    -0.100444     1.574812
    -0.098770     1.570392
    -0.097096     1.566074
    -0.095422     1.561861
    -0.093748     1.557754
    -0.092074     1.553752
    -0.090400     1.549857
    -0.088726     1.546071
    -0.087051     1.542393
    -0.085377     1.538824
    -0.083703     1.535366
    -0.082029     1.532019
    -0.080355     1.528783
    -0.078681     1.525659
    -0.077007     1.522648
    -0.075333     1.519749
    -0.073659     1.516964
    -0.071985     1.514292
    -0.070311     1.511733
    -0.068637     1.509288
    -0.066963     1.506958
    -0.065289     1.504741
    -0.063615     1.502638
    -0.061940     1.500650
    -0.060266     1.498775
    -0.058592     1.497013
    -0.056918     1.495365
    -0.055244     1.493831
    -0.053570     1.492409
    -0.051896     1.491100
    -0.050222     1.489904
    -0.048548     1.488819
    -0.046874     1.487846
    -0.045200     1.486983
    -0.043526     1.486231
    -0.041852     1.485589
    -0.040178     1.485056
    -0.038504     1.484631
    -0.036829     1.484315
    -0.035155     1.484106
    -0.033481     1.484004
    -0.031807     1.484007
    -0.030133     1.484116
    -0.028459     1.484329
    -0.026785     1.484646
    -0.025111     1.485065
    -0.023437     1.485587
    -0.021763     1.486209
    -0.020089     1.486932
    -0.018415     1.487754
    -0.016741     1.488675
    -0.015067     1.489693
    -0.013393     1.490808
    -0.011718     1.492019
    -0.010044     1.493325
    -0.008370     1.494725
    -0.006696     1.496217
    -0.005022     1.497802
    -0.003348     1.499478
    -0.001674     1.501244
     0.000000     1.503085
     0.001674     1.501254
     0.003348     1.499488
     0.005022     1.497813
     0.006696     1.496228
     0.008370     1.494736
     0.010044     1.493337
     0.011718     1.492031
     0.013393     1.490821
     0.015067     1.489706
     0.016741     1.488688
     0.018415     1.487767
     0.020089     1.486945
     0.021763     1.486223
     0.023437     1.485601
     0.025111     1.485079
     0.026785     1.484660
     0.028459     1.484344
     0.030133     1.484131
     0.031807     1.484022
     0.033481     1.484019
     0.035155     1.484122
     0.036829     1.484331
     0.038504     1.484647
     0.040178     1.485072
     0.041852     1.485605
     0.043526     1.486247
     0.045200     1.486999
     0.046874     1.487862
     0.048548     1.488835
     0.050222     1.489920
     0.051896     1.491117
     0.053570     1.492426
     0.055244     1.493848
     0.056918     1.495382
     0.058592     1.497030
     0.060266     1.498791
     0.061940     1.500666
     0.063615     1.502655
     0.065289     1.504757
     0.066963     1.506974
     0.068637     1.509305
     0.070311     1.511749
     0.071985     1.514307
     0.073659     1.516979
     0.075333     1.519765
     0.077007     1.522663
     0.078681     1.525674
     0.080355     1.528798
     0.082029     1.532034
     0.083703     1.535381
     0.085377     1.538839
     0.087051     1.542407
     0.088726     1.546084
     0.090400     1.549871
     0.092074     1.553765
     0.093748     1.557766
     0.095422     1.561874
     0.097096     1.566087
     0.098770     1.570403
     0.100444     1.574823
     0.102118     1.579345
     0.103792     1.583967
     0.105466     1.588688
     0.107140     1.593508
     0.108814     1.598424
     0.110488     1.603435
     0.112163     1.608539
     0.113837     1.613736
     0.115511     1.619024
     0.117185     1.624400
     0.118859     1.629863
     0.120533     1.635412
     0.122207     1.641045
     0.123881     1.646760
     0.125555     1.652555
     0.127229     1.658429
     0.128903     1.664379
     0.130577     1.670403
     0.132251     1.676501
     0.133925     1.682669
     0.135599     1.688905
     0.137274     1.695209
     0.138948     1.701577
     0.140622     1.708009
     0.142296     1.714501
     0.143970     1.721051
     0.145644     1.727659
     0.147318     1.734321
     0.148992     1.741036
     0.150666     1.747801
     0.152340     1.754615
     0.154014     1.761476
     0.155688     1.768381
     0.157362     1.775329
     0.159036     1.782317
     0.160710     1.789344
     0.162385     1.796407
     0.164059     1.803505
     0.165733     1.810636
     0.167407     1.817797


    -0.167407     1.974904
    -0.165733     1.968847
    -0.164059     1.962793
    -0.162385     1.956741
    -0.160710     1.950693
    -0.159036     1.944648
    -0.157362     1.938609
    -0.155688     1.932574
    -0.154014     1.926545
    -0.152340     1.920523
    -0.150666     1.914508
    -0.148992     1.908500
    -0.147318     1.902501
    -0.145644     1.896510
    -0.143970     1.890529
    -0.142296     1.884559
    -0.140622     1.878599
    -0.138948     1.872651
    -0.137274     1.866716
    -0.135599     1.860793
    -0.133925     1.854884
    -0.132251     1.848990
    -0.130577     1.843112
    -0.128903     1.837249
    -0.127229     1.831403
    -0.125555     1.825574
    -0.123881     1.819764
    -0.122207     1.813974
    -0.120533     1.808203
    -0.118859     1.802452
    -0.117185     1.796724
    -0.115511     1.791018
    -0.113837     1.785335
    -0.112163     1.779676
    -0.110488     1.774042
    -0.108814     1.768434
    -0.107140     1.762853
    -0.105466     1.757299
    -0.103792     1.751773
    -0.102118     1.746277
    -0.100444     1.740811
    -0.098770     1.735375
    -0.097096     1.729972
    -0.095422     1.724602
    -0.093748     1.719265
    -0.092074     1.713963
    -0.090400     1.708696
    -0.088726     1.703466
    -0.087051     1.698274
    -0.085377     1.693119
    -0.083703     1.688004
    -0.082029     1.682929
    -0.080355     1.677895
    -0.078681     1.672903
    -0.077007     1.667953
    -0.075333     1.663048
    -0.073659     1.658187
    -0.071985     1.653372
    -0.070311     1.648604
    -0.068637     1.643884
    -0.066963     1.639211
    -0.065289     1.634589
    -0.063615     1.630017
    -0.061940     1.625496
    -0.060266     1.621027
    -0.058592     1.616612
    -0.056918     1.612251
    -0.055244     1.607945
    -0.053570     1.603695
    -0.051896     1.599503
    -0.050222     1.595368
    -0.048548     1.591292
    -0.046874     1.587277
    -0.045200     1.583322
    -0.043526     1.579429
    -0.041852     1.575599
    -0.040178     1.571833
    -0.038504     1.568131
    -0.036829     1.564495
    -0.035155     1.560926
    -0.033481     1.557425
    -0.031807     1.553992
    -0.030133     1.550629
    -0.028459     1.547336
    -0.026785     1.544115
    -0.025111     1.540966
    -0.023437     1.537891
    -0.021763     1.534891
    -0.020089     1.531966
    -0.018415     1.529117
    -0.016741     1.526346
    -0.015067     1.523653
    -0.013393     1.521040
    -0.011718     1.518507
    -0.010044     1.516055
    -0.008370     1.513686
    -0.006696     1.511400
    -0.005022     1.509198
    -0.003348     1.507082
    -0.001674     1.505051
     0.000000     1.503123
     0.001674     1.505043
     0.003348     1.507073
     0.005022     1.509190
     0.006696     1.511392
     0.008370     1.513678
     0.010044     1.516048
     0.011718     1.518500
     0.013393     1.521034
     0.015067     1.523648
     0.016741     1.526341
     0.018415     1.529112
     0.020089     1.531961
     0.021763     1.534887
     0.023437     1.537888
     0.025111     1.540963
     0.026785     1.544112
     0.028459     1.547334
     0.030133     1.550627
     0.031807     1.553991
     0.033481     1.557424
     0.035155     1.560926
     0.036829     1.564496
     0.038504     1.568132
     0.040178     1.571834
     0.041852     1.575601
     0.043526     1.579431
     0.045200     1.583325
     0.046874     1.587280
     0.048548     1.591296
     0.050222     1.595372
     0.051896     1.599507
     0.053570     1.603700
     0.055244     1.607950
     0.056918     1.612257
     0.058592     1.616618
     0.060266     1.621034
     0.061940     1.625503
     0.063615     1.630024
     0.065289     1.634597
     0.066963     1.639220
     0.068637     1.643892
     0.070311     1.648613
     0.071985     1.653382
     0.073659     1.658197
     0.075333     1.663058
     0.077007     1.667964
     0.078681     1.672913
     0.080355     1.677906
     0.082029     1.682940
     0.083703     1.688016
     0.085377     1.693131
     0.087051     1.698286
     0.088726     1.703479
     0.090400     1.708710
     0.092074     1.713977
     0.093748     1.719279
     0.095422     1.724616
     0.097096     1.729987
     0.098770     1.735390
     0.100444     1.740826
     0.102118     1.746292
     0.103792     1.751789
     0.105466     1.757315
     0.107140     1.762869
     0.108814     1.768451
     0.110488     1.774059
     0.112163     1.779693
     0.113837     1.785352
     0.115511     1.791035
     0.117185     1.796742
     0.118859     1.802470
     0.120533     1.808221
     0.122207     1.813992
     0.123881     1.819783
     0.125555     1.825593
     0.127229     1.831422
     0.128903     1.837268
     0.130577     1.843131
     0.132251     1.849010
     0.133925     1.854904
     0.135599     1.860813
     0.137274     1.866735
     0.138948     1.872671
     0.140622     1.878619
     0.142296     1.884579
     0.143970     1.890549
     0.145644     1.896530
     0.147318     1.902521
     0.148992     1.908520
     0.150666     1.914528
     0.152340     1.920543
     0.154014     1.926566
     0.155688     1.932595
     0.157362     1.938629
     0.159036     1.944669
     0.160710     1.950713
     0.162385     1.956761
     0.164059     1.962813
     0.165733     1.968868
     0.167407     1.974925


    -0.167407     2.325558
    -0.165733     2.319353
    -0.164059     2.313189
    -0.162385     2.307067
    -0.160710     2.300988
    -0.159036     2.294953
    -0.157362     2.288962
    -0.155688     2.283016
    -0.154014     2.277116
    -0.152340     2.271262
    -0.150666     2.265456
    -0.148992     2.259697
    -0.147318     2.253986
    -0.145644     2.248325
    -0.143970     2.242713
    -0.142296     2.237151
    -0.140622     2.231640
    -0.138948     2.226180
    -0.137274     2.220773
    -0.135599     2.215417
    -0.133925     2.210115
    -0.132251     2.204866
    -0.130577     2.199671
    -0.128903     2.194530
    -0.127229     2.189445
    -0.125555     2.184415
    -0.123881     2.179440
    -0.122207     2.174522
    -0.120533     2.169661
    -0.118859     2.164857
    -0.117185     2.160110
    -0.115511     2.155422
    -0.113837     2.150792
    -0.112163     2.146221
    -0.110488     2.141709
    -0.108814     2.137256
    -0.107140     2.132864
    -0.105466     2.128532
    -0.103792     2.124261
    -0.102118     2.120050
    -0.100444     2.115902
    -0.098770     2.111814
    -0.097096     2.107789
    -0.095422     2.103827
    -0.093748     2.099927
    -0.092074     2.096090
    -0.090400     2.092316
    -0.088726     2.088607
    -0.087051     2.084961
    -0.085377     2.081379
    -0.083703     2.077862
    -0.082029     2.074409
    -0.080355     2.071022
    -0.078681     2.067700
    -0.077007     2.064444
    -0.075333     2.061253
    -0.073659     2.058129
    -0.071985     2.055071
    -0.070311     2.052080
    -0.068637     2.049155
    -0.066963     2.046298
    -0.065289     2.043508
    -0.063615     2.040786
    -0.061940     2.038131
    -0.060266     2.035544
    -0.058592     2.033026
    -0.056918     2.030576
    -0.055244     2.028195
    -0.053570     2.025882
    -0.051896     2.023638
    -0.050222     2.021464
    -0.048548     2.019359
    -0.046874     2.017324
    -0.045200     2.015358
    -0.043526     2.013462
    -0.041852     2.011636
    -0.040178     2.009881
    -0.038504     2.008196
    -0.036829     2.006582
    -0.035155     2.005038
    -0.033481     2.003565
    -0.031807     2.002163
    -0.030133     2.000832
    -0.028459     1.999573
    -0.026785     1.998384
    -0.025111     1.997268
    -0.023437     1.996223
    -0.021763     1.995249
    -0.020089     1.994348
    -0.018415     1.993518
    -0.016741     1.992761
    -0.015067     1.992075
    -0.013393     1.991461
    -0.011718     1.990919
    -0.010044     1.990448
    -0.008370     1.990049
    -0.006696     1.989721
    -0.005022     1.989465
    -0.003348     1.989280
    -0.001674     1.989169
     0.000000     1.989129
     0.001674     1.989162
     0.003348     1.989267
     0.005022     1.989445
     0.006696     1.989696
     0.008370     1.990018
     0.010044     1.990414
     0.011718     1.990882
     0.013393     1.991422
     0.015067     1.992034
     0.016741     1.992719
     0.018415     1.993476
     0.020089     1.994305
     0.021763     1.995207
     0.023437     1.996180
     0.025111     1.997225
     0.026785     1.998341
     0.028459     1.999530
     0.030133     2.000789
     0.031807     2.002120
     0.033481     2.003523
     0.035155     2.004996
     0.036829     2.006540
     0.038504     2.008155
     0.040178     2.009841
     0.041852     2.011597
     0.043526     2.013423
     0.045200     2.015319
     0.046874     2.017285
     0.048548     2.019321
     0.050222     2.021427
     0.051896     2.023602
     0.053570     2.025846
     0.055244     2.028159
     0.056918     2.030541
     0.058592     2.032992
     0.060266     2.035511
     0.061940     2.038098
     0.063615     2.040754
     0.065289     2.043477
     0.066963     2.046267
     0.068637     2.049125
     0.070311     2.052050
     0.071985     2.055042
     0.073659     2.058101
     0.075333     2.061226
     0.077007     2.064417
     0.078681     2.067674
     0.080355     2.070997
     0.082029     2.074385
     0.083703     2.077838
     0.085377     2.081355
     0.087051     2.084938
     0.088726     2.088585
     0.090400     2.092295
     0.092074     2.096069
     0.093748     2.099907
     0.095422     2.103808
     0.097096     2.107771
     0.098770     2.111797
     0.100444     2.115885
     0.102118     2.120034
     0.103792     2.124246
     0.105466     2.128518
     0.107140     2.132851
     0.108814     2.137244
     0.110488     2.141697
     0.112163     2.146210
     0.113837     2.150782
     0.115511     2.155413
     0.117185     2.160102
     0.118859     2.164849
     0.120533     2.169654
     0.122207     2.174516
     0.123881     2.179435
     0.125555     2.184411
     0.127229     2.189442
     0.128903     2.194528
     0.130577     2.199670
     0.132251     2.204866
     0.133925     2.210116
     0.135599     2.215419
     0.137274     2.220775
     0.138948     2.226184
     0.140622     2.231644
     0.142296     2.237156
     0.143970     2.242719
     0.145644     2.248332
     0.147318     2.253994
     0.148992     2.259706
     0.150666     2.265466
     0.152340     2.271273
     0.154014     2.277128
     0.155688     2.283029
     0.157362     2.288975
     0.159036     2.294967
     0.160710     2.301003
     0.162385     2.307083
     0.164059     2.313205
     0.165733     2.319370
     0.167407     2.325576


    -0.167407     2.333842
    -0.165733     2.327535
    -0.164059     2.321263
    -0.162385     2.315029
    -0.160710     2.308833
    -0.159036     2.302675
    -0.157362     2.296557
    -0.155688     2.290481
    -0.154014     2.284447
    -0.152340     2.278455
    -0.150666     2.272508
    -0.148992     2.266606
    -0.147318     2.260750
    -0.145644     2.254940
    -0.143970     2.249179
    -0.142296     2.243466
    -0.140622     2.237802
    -0.138948     2.232189
    -0.137274     2.226627
    -0.135599     2.221117
    -0.133925     2.215660
    -0.132251     2.210256
    -0.130577     2.204907
    -0.128903     2.199612
    -0.127229     2.194373
    -0.125555     2.189190
    -0.123881     2.184065
    -0.122207     2.178996
    -0.120533     2.173986
    -0.118859     2.169035
    -0.117185     2.164143
    -0.115511     2.159311
    -0.113837     2.154540
    -0.112163     2.149829
    -0.110488     2.145180
    -0.108814     2.140593
    -0.107140     2.136069
    -0.105466     2.131607
    -0.103792     2.127209
    -0.102118     2.122874
    -0.100444     2.118604
    -0.098770     2.114398
    -0.097096     2.110258
    -0.095422     2.106182
    -0.093748     2.102173
    -0.092074     2.098229
    -0.090400     2.094352
    -0.088726     2.090542
    -0.087051     2.086798
    -0.085377     2.083122
    -0.083703     2.079513
    -0.082029     2.075973
    -0.080355     2.072500
    -0.078681     2.069096
    -0.077007     2.065761
    -0.075333     2.062494
    -0.073659     2.059297
    -0.071985     2.056168
    -0.070311     2.053110
    -0.068637     2.050121
    -0.066963     2.047202
    -0.065289     2.044353
    -0.063615     2.041574
    -0.061940     2.038866
    -0.060266     2.036228
    -0.058592     2.033661
    -0.056918     2.031165
    -0.055244     2.028741
    -0.053570     2.026387
    -0.051896     2.024104
    -0.050222     2.021893
    -0.048548     2.019754
    -0.046874     2.017686
    -0.045200     2.015690
    -0.043526     2.013766
    -0.041852     2.011914
    -0.040178     2.010133
    -0.038504     2.008425
    -0.036829     2.006789
    -0.035155     2.005226
    -0.033481     2.003734
    -0.031807     2.002315
    -0.030133     2.000968
    -0.028459     1.999694
    -0.026785     1.998492
    -0.025111     1.997363
    -0.023437     1.996307
    -0.021763     1.995323
    -0.020089     1.994411
    -0.018415     1.993572
    -0.016741     1.992806
    -0.015067     1.992113
    -0.013393     1.991493
    -0.011718     1.990946
    -0.010044     1.990473
    -0.008370     1.990073
    -0.006696     1.989748
    -0.005022     1.989495
    -0.003348     1.989316
    -0.001674     1.989210
     0.000000     1.989177
     0.001674     1.989216
     0.003348     1.989328
     0.005022     1.989513
     0.006696     1.989771
     0.008370     1.990101
     0.010044     1.990504
     0.011718     1.990980
     0.013393     1.991528
     0.015067     1.992149
     0.016741     1.992843
     0.018415     1.993609
     0.020089     1.994447
     0.021763     1.995359
     0.023437     1.996342
     0.025111     1.997399
     0.026785     1.998527
     0.028459     1.999729
     0.030133     2.001002
     0.031807     2.002348
     0.033481     2.003767
     0.035155     2.005257
     0.036829     2.006820
     0.038504     2.008455
     0.040178     2.010163
     0.041852     2.011942
     0.043526     2.013793
     0.045200     2.015717
     0.046874     2.017712
     0.048548     2.019779
     0.050222     2.021917
     0.051896     2.024128
     0.053570     2.026409
     0.055244     2.028762
     0.056918     2.031186
     0.058592     2.033681
     0.060266     2.036247
     0.061940     2.038884
     0.063615     2.041592
     0.065289     2.044370
     0.066963     2.047218
     0.068637     2.050136
     0.070311     2.053125
     0.071985     2.056183
     0.073659     2.059310
     0.075333     2.062507
     0.077007     2.065774
     0.078681     2.069108
     0.080355     2.072512
     0.082029     2.075984
     0.083703     2.079524
     0.085377     2.083132
     0.087051     2.086808
     0.088726     2.090551
     0.090400     2.094361
     0.092074     2.098238
     0.093748     2.102181
     0.095422     2.106190
     0.097096     2.110265
     0.098770     2.114405
     0.100444     2.118611
     0.102118     2.122881
     0.103792     2.127215
     0.105466     2.131613
     0.107140     2.136074
     0.108814     2.140598
     0.110488     2.145185
     0.112163     2.149834
     0.113837     2.154544
     0.115511     2.159315
     0.117185     2.164147
     0.118859     2.169039
     0.120533     2.173990
     0.122207     2.179000
     0.123881     2.184068
     0.125555     2.189193
     0.127229     2.194376
     0.128903     2.199615
     0.130577     2.204909
     0.132251     2.210259
     0.133925     2.215662
     0.135599     2.221119
     0.137274     2.226629
     0.138948     2.232191
     0.140622     2.237804
     0.142296     2.243467
     0.143970     2.249180
     0.145644     2.254942
     0.147318     2.260751
     0.148992     2.266607
     0.150666     2.272510
     0.152340     2.278457
     0.154014     2.284448
     0.155688     2.290483
     0.157362     2.296559
     0.159036     2.302677
     0.160710     2.308834
     0.162385     2.315031
     0.164059     2.321266
     0.165733     2.327537
     0.167407     2.333844


