    -0.167407    -3.896964
    -0.165733    -3.897373
    -0.164059    -3.897780
    -0.162385    -3.898187
    -0.160710    -3.898592
    -0.159036    -3.898995
    -0.157362    -3.899396
    -0.155688    -3.899795
    -0.154014    -3.900192
    -0.152340    -3.900587
    -0.150666    -3.900979
    -0.148992    -3.901368
    -0.147318    -3.901754
    -0.145644    -3.902136
    -0.143970    -3.902516
    -0.142296    -3.902892
    -0.140622    -3.903264
    -0.138948    -3.903633
    -0.137274    -3.903997
    -0.135599    -3.904358
    -0.133925    -3.904714
    -0.132251    -3.905066
    -0.130577    -3.905413
    -0.128903    -3.905755
    -0.127229    -3.906093
    -0.125555    -3.906426
    -0.123881    -3.906753
    -0.122207    -3.907076
    -0.120533    -3.907392
    -0.118859    -3.907704
    -0.117185    -3.908010
    -0.115511    -3.908310
    -0.113837    -3.908604
    -0.112163    -3.908892
    -0.110488    -3.909174
    -0.108814    -3.909450
    -0.107140    -3.909719
    -0.105466    -3.909982
    -0.103792    -3.910238
    -0.102118    -3.910488
    -0.100444    -3.910731
    -0.098770    -3.910967
    -0.097096    -3.911196
    -0.095422    -3.911418
    -0.093748    -3.911633
    -0.092074    -3.911841
    -0.090400    -3.912041
    -0.088726    -3.912233
    -0.087051    -3.912418
    -0.085377    -3.912596
    -0.083703    -3.912766
    -0.082029    -3.912928
    -0.080355    -3.913082
    -0.078681    -3.913228
    -0.077007    -3.913366
    -0.075333    -3.913496
    -0.073659    -3.913617
    -0.071985    -3.913731
    -0.070311    -3.913836
    -0.068637    -3.913933
    -0.066963    -3.914021
    -0.065289    -3.914100
    -0.063615    -3.914171
    -0.061940    -3.914233
    -0.060266    -3.914287
    -0.058592    -3.914331
    -0.056918    -3.914367
    -0.055244    -3.914394
    -0.053570    -3.914412
    -0.051896    -3.914420
    -0.050222    -3.914420
    -0.048548    -3.914411
    -0.046874    -3.914392
    -0.045200    -3.914364
    -0.043526    -3.914326
    -0.041852    -3.914280
    -0.040178    -3.914224
    -0.038504    -3.914158
    -0.036829    -3.914083
    -0.035155    -3.913998
    -0.033481    -3.913904
    -0.031807    -3.913800
    -0.030133    -3.913687
    -0.028459    -3.913564
    -0.026785    -3.913431
    -0.025111    -3.913288
    -0.023437    -3.913135
    -0.021763    -3.912973
    -0.020089    -3.912801
    -0.018415    -3.912618
    -0.016741    -3.912426
    -0.015067    -3.912224
    -0.013393    -3.912012
    -0.011718    -3.911790
    -0.010044    -3.911558
    -0.008370    -3.911315
    -0.006696    -3.911063
    -0.005022    -3.910801
    -0.003348    -3.910528
    -0.001674    -3.910245
     0.000000    -3.909957
     0.001674    -3.910248
     0.003348    -3.910530
     0.005022    -3.910803
     0.006696    -3.911066
     0.008370    -3.911318
     0.010044    -3.911561
     0.011718    -3.911793
     0.013393    -3.912015
     0.015067    -3.912227
     0.016741    -3.912429
     0.018415    -3.912622
     0.020089    -3.912804
     0.021763    -3.912976
     0.023437    -3.913139
     0.025111    -3.913291
     0.026785    -3.913434
     0.028459    -3.913567
     0.030133    -3.913690
     0.031807    -3.913804
     0.033481    -3.913908
     0.035155    -3.914002
     0.036829    -3.914086
     0.038504    -3.914161
     0.040178    -3.914227
     0.041852    -3.914283
     0.043526    -3.914330
     0.045200    -3.914367
     0.046874    -3.914395
     0.048548    -3.914413
     0.050222    -3.914423
     0.051896    -3.914423
     0.053570    -3.914414
     0.055244    -3.914396
     0.056918    -3.914369
     0.058592    -3.914333
     0.060266    -3.914289
     0.061940    -3.914235
     0.063615    -3.914173
     0.065289    -3.914102
     0.066963    -3.914022
     0.068637    -3.913933
     0.070311    -3.913837
     0.071985    -3.913731
     0.073659    -3.913618
     0.075333    -3.913496
     0.077007    -3.913366
     0.078681    -3.913227
     0.080355    -3.913081
     0.082029    -3.912927
     0.083703    -3.912765
     0.085377    -3.912595
     0.087051    -3.912417
     0.088726    -3.912231
     0.090400    -3.912038
     0.092074    -3.911838
     0.093748    -3.911630
     0.095422    -3.911415
     0.097096    -3.911193
     0.098770    -3.910963
     0.100444    -3.910727
     0.102118    -3.910484
     0.103792    -3.910234
     0.105466    -3.909977
     0.107140    -3.909714
     0.108814    -3.909444
     0.110488    -3.909168
     0.112163    -3.908886
     0.113837    -3.908597
     0.115511    -3.908303
     0.117185    -3.908002
     0.118859    -3.907696
     0.120533    -3.907385
     0.122207    -3.907067
     0.123881    -3.906745
     0.125555    -3.906417
     0.127229    -3.906084
     0.128903    -3.905746
     0.130577    -3.905403
     0.132251    -3.905056
     0.133925    -3.904704
     0.135599    -3.904347
     0.137274    -3.903986
     0.138948    -3.903621
     0.140622    -3.903253
     0.142296    -3.902880
     0.143970    -3.902504
     0.145644    -3.902124
     0.147318    -3.901741
     0.148992    -3.901355
     0.150666    -3.900965
     0.152340    -3.900573
     0.154014    -3.900179
     0.155688    -3.899781
     0.157362    -3.899382
     0.159036    -3.898981
     0.160710    -3.898577
     0.162385    -3.898172
     0.164059    -3.897765
     0.165733    -3.897357
     0.167407    -3.896948


    -0.167407    -3.830202
    -0.165733    -3.831441
    -0.164059    -3.832674
    -0.162385    -3.833900
    -0.160710    -3.835118
    -0.159036    -3.836330
    -0.157362    -3.837534
    -0.155688    -3.838730
    -0.154014    -3.839919
    -0.152340    -3.841100
    -0.150666    -3.842274
    -0.148992    -3.843440
    -0.147318    -3.844598
    -0.145644    -3.845748
    -0.143970    -3.846890
    -0.142296    -3.848025
    -0.140622    -3.849151
    -0.138948    -3.850268
    -0.137274    -3.851378
    -0.135599    -3.852479
    -0.133925    -3.853572
    -0.132251    -3.854656
    -0.130577    -3.855732
    -0.128903    -3.856799
    -0.127229    -3.857858
    -0.125555    -3.858908
    -0.123881    -3.859949
    -0.122207    -3.860981
    -0.120533    -3.862005
    -0.118859    -3.863019
    -0.117185    -3.864024
    -0.115511    -3.865021
    -0.113837    -3.866008
    -0.112163    -3.866986
    -0.110488    -3.867955
    -0.108814    -3.868915
    -0.107140    -3.869865
    -0.105466    -3.870806
    -0.103792    -3.871737
    -0.102118    -3.872660
    -0.100444    -3.873572
    -0.098770    -3.874475
    -0.097096    -3.875369
    -0.095422    -3.876253
    -0.093748    -3.877127
    -0.092074    -3.877992
    -0.090400    -3.878846
    -0.088726    -3.879691
    -0.087051    -3.880527
    -0.085377    -3.881352
    -0.083703    -3.882168
    -0.082029    -3.882974
    -0.080355    -3.883769
    -0.078681    -3.884555
    -0.077007    -3.885331
    -0.075333    -3.886097
    -0.073659    -3.886853
    -0.071985    -3.887598
    -0.070311    -3.888334
    -0.068637    -3.889060
    -0.066963    -3.889775
    -0.065289    -3.890480
    -0.063615    -3.891176
    -0.061940    -3.891860
    -0.060266    -3.892535
    -0.058592    -3.893200
    -0.056918    -3.893854
    -0.055244    -3.894498
    -0.053570    -3.895132
    -0.051896    -3.895755
    -0.050222    -3.896368
    -0.048548    -3.896971
    -0.046874    -3.897564
    -0.045200    -3.898146
    -0.043526    -3.898718
    -0.041852    -3.899279
    -0.040178    -3.899831
    -0.038504    -3.900372
    -0.036829    -3.900902
    -0.035155    -3.901422
    -0.033481    -3.901932
    -0.031807    -3.902431
    -0.030133    -3.902920
    -0.028459    -3.903399
    -0.026785    -3.903867
    -0.025111    -3.904325
    -0.023437    -3.904773
    -0.021763    -3.905210
    -0.020089    -3.905637
    -0.018415    -3.906053
    -0.016741    -3.906459
    -0.015067    -3.906855
    -0.013393    -3.907241
    -0.011718    -3.907616
    -0.010044    -3.907981
    -0.008370    -3.908335
    -0.006696    -3.908680
    -0.005022    -3.909014
    -0.003348    -3.909338
    -0.001674    -3.909651
     0.000000    -3.909949
     0.001674    -3.909649
     0.003348    -3.909336
     0.005022    -3.909012
     0.006696    -3.908678
     0.008370    -3.908334
     0.010044    -3.907979
     0.011718    -3.907615
     0.013393    -3.907240
     0.015067    -3.906854
     0.016741    -3.906459
     0.018415    -3.906053
     0.020089    -3.905636
     0.021763    -3.905210
     0.023437    -3.904773
     0.025111    -3.904325
     0.026785    -3.903868
     0.028459    -3.903399
     0.030133    -3.902921
     0.031807    -3.902432
     0.033481    -3.901933
     0.035155    -3.901423
     0.036829    -3.900903
     0.038504    -3.900373
     0.040178    -3.899832
     0.041852    -3.899281
     0.043526    -3.898720
     0.045200    -3.898148
     0.046874    -3.897566
     0.048548    -3.896974
     0.050222    -3.896371
     0.051896    -3.895758
     0.053570    -3.895135
     0.055244    -3.894501
     0.056918    -3.893857
     0.058592    -3.893203
     0.060266    -3.892539
     0.061940    -3.891864
     0.063615    -3.891179
     0.065289    -3.890484
     0.066963    -3.889779
     0.068637    -3.889064
     0.070311    -3.888338
     0.071985    -3.887603
     0.073659    -3.886857
     0.075333    -3.886101
     0.077007    -3.885336
     0.078681    -3.884560
     0.080355    -3.883774
     0.082029    -3.882978
     0.083703    -3.882173
     0.085377    -3.881357
     0.087051    -3.880532
     0.088726    -3.879697
     0.090400    -3.878852
     0.092074    -3.877997
     0.093748    -3.877132
     0.095422    -3.876258
     0.097096    -3.875374
     0.098770    -3.874480
     0.100444    -3.873577
     0.102118    -3.872665
     0.103792    -3.871743
     0.105466    -3.870811
     0.107140    -3.869870
     0.108814    -3.868920
     0.110488    -3.867960
     0.112163    -3.866991
     0.113837    -3.866013
     0.115511    -3.865026
     0.117185    -3.864029
     0.118859    -3.863024
     0.120533    -3.862009
     0.122207    -3.860986
     0.123881    -3.859953
     0.125555    -3.858912
     0.127229    -3.857862
     0.128903    -3.856803
     0.130577    -3.855736
     0.132251    -3.854660
     0.133925    -3.853575
     0.135599    -3.852482
     0.137274    -3.851381
     0.138948    -3.850271
     0.140622    -3.849153
     0.142296    -3.848027
     0.143970    -3.846893
     0.145644    -3.845750
     0.147318    -3.844600
     0.148992    -3.843442
     0.150666    -3.842276
     0.152340    -3.841102
     0.154014    -3.839920
     0.155688    -3.838731
     0.157362    -3.837535
     0.159036    -3.836330
     0.160710    -3.835119
     0.162385    -3.833900
     0.164059    -3.832674
     0.165733    -3.831441
     0.167407    -3.830201


    -0.167407    -2.442696
    -0.165733    -2.438406
    -0.164059    -2.434231
    -0.162385    -2.430165
    -0.160710    -2.426206
    -0.159036    -2.422348
    -0.157362    -2.418588
    -0.155688    -2.414923
    -0.154014    -2.411348
    -0.152340    -2.407861
    -0.150666    -2.404457
    -0.148992    -2.401134
    -0.147318    -2.397890
    -0.145644    -2.394719
    -0.143970    -2.391621
    -0.142296    -2.388593
    -0.140622    -2.385631
    -0.138948    -2.382734
    -0.137274    -2.379899
    -0.135599    -2.377124
    -0.133925    -2.374407
    -0.132251    -2.371747
    -0.130577    -2.369141
    -0.128903    -2.366588
    -0.127229    -2.364086
    -0.125555    -2.361633
    -0.123881    -2.359229
    -0.122207    -2.356871
    -0.120533    -2.354560
    -0.118859    -2.352292
    -0.117185    -2.350068
    -0.115511    -2.347886
    -0.113837    -2.345746
    -0.112163    -2.343645
    -0.110488    -2.341584
    -0.108814    -2.339562
    -0.107140    -2.337577
    -0.105466    -2.335630
    -0.103792    -2.333719
    -0.102118    -2.331843
    -0.100444    -2.330003
    -0.098770    -2.328198
    -0.097096    -2.326426
    -0.095422    -2.324688
    -0.093748    -2.322983
    -0.092074    -2.321310
    -0.090400    -2.319670
    -0.088726    -2.318062
    -0.087051    -2.316484
    -0.085377    -2.314939
    -0.083703    -2.313423
    -0.082029    -2.311939
    -0.080355    -2.310484
    -0.078681    -2.309059
    -0.077007    -2.307664
    -0.075333    -2.306298
    -0.073659    -2.304962
    -0.071985    -2.303655
    -0.070311    -2.302376
    -0.068637    -2.301126
    -0.066963    -2.299904
    -0.065289    -2.298711
    -0.063615    -2.297546
    -0.061940    -2.296408
    -0.060266    -2.295299
    -0.058592    -2.294218
    -0.056918    -2.293164
    -0.055244    -2.292137
    -0.053570    -2.291138
    -0.051896    -2.290167
    -0.050222    -2.289222
    -0.048548    -2.288305
    -0.046874    -2.287415
    -0.045200    -2.286552
    -0.043526    -2.285715
    -0.041852    -2.284906
    -0.040178    -2.284124
    -0.038504    -2.283368
    -0.036829    -2.282639
    -0.035155    -2.281937
    -0.033481    -2.281261
    -0.031807    -2.280612
    -0.030133    -2.279990
    -0.028459    -2.279394
    -0.026785    -2.278824
    -0.025111    -2.278281
    -0.023437    -2.277764
    -0.021763    -2.277274
    -0.020089    -2.276810
    -0.018415    -2.276372
    -0.016741    -2.275961
    -0.015067    -2.275575
    -0.013393    -2.275216
    -0.011718    -2.274883
    -0.010044    -2.274576
    -0.008370    -2.274296
    -0.006696    -2.274041
    -0.005022    -2.273812
    -0.003348    -2.273610
    -0.001674    -2.273433
     0.000000    -2.273294
     0.001674    -2.273443
     0.003348    -2.273620
     0.005022    -2.273822
     0.006696    -2.274051
     0.008370    -2.274306
     0.010044    -2.274587
     0.011718    -2.274894
     0.013393    -2.275227
     0.015067    -2.275586
     0.016741    -2.275971
     0.018415    -2.276383
     0.020089    -2.276821
     0.021763    -2.277285
     0.023437    -2.277775
     0.025111    -2.278292
     0.026785    -2.278835
     0.028459    -2.279405
     0.030133    -2.280001
     0.031807    -2.280623
     0.033481    -2.281272
     0.035155    -2.281948
     0.036829    -2.282650
     0.038504    -2.283379
     0.040178    -2.284135
     0.041852    -2.284917
     0.043526    -2.285727
     0.045200    -2.286563
     0.046874    -2.287426
     0.048548    -2.288316
     0.050222    -2.289233
     0.051896    -2.290177
     0.053570    -2.291149
     0.055244    -2.292148
     0.056918    -2.293174
     0.058592    -2.294228
     0.060266    -2.295310
     0.061940    -2.296419
     0.063615    -2.297556
     0.065289    -2.298721
     0.066963    -2.299914
     0.068637    -2.301136
     0.070311    -2.302386
     0.071985    -2.303665
     0.073659    -2.304972
     0.075333    -2.306308
     0.077007    -2.307674
     0.078681    -2.309069
     0.080355    -2.310493
     0.082029    -2.311948
     0.083703    -2.313433
     0.085377    -2.314948
     0.087051    -2.316494
     0.088726    -2.318071
     0.090400    -2.319679
     0.092074    -2.321319
     0.093748    -2.322992
     0.095422    -2.324697
     0.097096    -2.326435
     0.098770    -2.328206
     0.100444    -2.330012
     0.102118    -2.331852
     0.103792    -2.333727
     0.105466    -2.335638
     0.107140    -2.337586
     0.108814    -2.339570
     0.110488    -2.341593
     0.112163    -2.343653
     0.113837    -2.345754
     0.115511    -2.347894
     0.117185    -2.350076
     0.118859    -2.352300
     0.120533    -2.354568
     0.122207    -2.356879
     0.123881    -2.359237
     0.125555    -2.361641
     0.127229    -2.364093
     0.128903    -2.366595
     0.130577    -2.369149
     0.132251    -2.371755
     0.133925    -2.374415
     0.135599    -2.377132
     0.137274    -2.379906
     0.138948    -2.382741
     0.140622    -2.385638
     0.142296    -2.388600
     0.143970    -2.391629
     0.145644    -2.394727
     0.147318    -2.397897
     0.148992    -2.401142
     0.150666    -2.404464
     0.152340    -2.407868
     0.154014    -2.411355
     0.155688    -2.414930
     0.157362    -2.418595
     0.159036    -2.422355
     0.160710    -2.426212
     0.162385    -2.430172
     0.164059    -2.434237
     0.165733    -2.438413
     0.167407    -2.442702


    -0.167407    -2.397065
    -0.165733    -2.393491
    -0.164059    -2.390052
    -0.162385    -2.386739
    -0.160710    -2.383542
    -0.159036    -2.380456
    -0.157362    -2.377473
    -0.155688    -2.374586
    -0.154014    -2.371789
    -0.152340    -2.369077
    -0.150666    -2.366444
    -0.148992    -2.363887
    -0.147318    -2.361400
    -0.145644    -2.358979
    -0.143970    -2.356621
    -0.142296    -2.354322
    -0.140622    -2.352079
    -0.138948    -2.349890
    -0.137274    -2.347751
    -0.135599    -2.345661
    -0.133925    -2.343617
    -0.132251    -2.341617
    -0.130577    -2.339659
    -0.128903    -2.337743
    -0.127229    -2.335865
    -0.125555    -2.334025
    -0.123881    -2.332222
    -0.122207    -2.330454
    -0.120533    -2.328720
    -0.118859    -2.327020
    -0.117185    -2.325352
    -0.115511    -2.323715
    -0.113837    -2.322110
    -0.112163    -2.320534
    -0.110488    -2.318989
    -0.108814    -2.317472
    -0.107140    -2.315984
    -0.105466    -2.314523
    -0.103792    -2.313090
    -0.102118    -2.311685
    -0.100444    -2.310306
    -0.098770    -2.308954
    -0.097096    -2.307628
    -0.095422    -2.306328
    -0.093748    -2.305054
    -0.092074    -2.303806
    -0.090400    -2.302583
    -0.088726    -2.301385
    -0.087051    -2.300212
    -0.085377    -2.299064
    -0.083703    -2.297941
    -0.082029    -2.296843
    -0.080355    -2.295770
    -0.078681    -2.294721
    -0.077007    -2.293696
    -0.075333    -2.292696
    -0.073659    -2.291721
    -0.071985    -2.290770
    -0.070311    -2.289843
    -0.068637    -2.288941
    -0.066963    -2.288063
    -0.065289    -2.287210
    -0.063615    -2.286381
    -0.061940    -2.285576
    -0.060266    -2.284796
    -0.058592    -2.284040
    -0.056918    -2.283309
    -0.055244    -2.282603
    -0.053570    -2.281920
    -0.051896    -2.281263
    -0.050222    -2.280630
    -0.048548    -2.280021
    -0.046874    -2.279438
    -0.045200    -2.278879
    -0.043526    -2.278344
    -0.041852    -2.277835
    -0.040178    -2.277350
    -0.038504    -2.276891
    -0.036829    -2.276456
    -0.035155    -2.276046
    -0.033481    -2.275662
    -0.031807    -2.275302
    -0.030133    -2.274967
    -0.028459    -2.274658
    -0.026785    -2.274374
    -0.025111    -2.274115
    -0.023437    -2.273882
    -0.021763    -2.273673
    -0.020089    -2.273490
    -0.018415    -2.273333
    -0.016741    -2.273201
    -0.015067    -2.273095
    -0.013393    -2.273014
    -0.011718    -2.272959
    -0.010044    -2.272929
    -0.008370    -2.272925
    -0.006696    -2.272947
    -0.005022    -2.272994
    -0.003348    -2.273068
    -0.001674    -2.273167
     0.000000    -2.273280
     0.001674    -2.273157
     0.003348    -2.273058
     0.005022    -2.272985
     0.006696    -2.272938
     0.008370    -2.272916
     0.010044    -2.272921
     0.011718    -2.272950
     0.013393    -2.273006
     0.015067    -2.273087
     0.016741    -2.273194
     0.018415    -2.273326
     0.020089    -2.273483
     0.021763    -2.273666
     0.023437    -2.273875
     0.025111    -2.274109
     0.026785    -2.274368
     0.028459    -2.274652
     0.030133    -2.274962
     0.031807    -2.275297
     0.033481    -2.275657
     0.035155    -2.276042
     0.036829    -2.276452
     0.038504    -2.276887
     0.040178    -2.277347
     0.041852    -2.277832
     0.043526    -2.278342
     0.045200    -2.278876
     0.046874    -2.279436
     0.048548    -2.280020
     0.050222    -2.280628
     0.051896    -2.281262
     0.053570    -2.281920
     0.055244    -2.282602
     0.056918    -2.283309
     0.058592    -2.284041
     0.060266    -2.284797
     0.061940    -2.285578
     0.063615    -2.286383
     0.065289    -2.287212
     0.066963    -2.288066
     0.068637    -2.288944
     0.070311    -2.289846
     0.071985    -2.290773
     0.073659    -2.291725
     0.075333    -2.292701
     0.077007    -2.293701
     0.078681    -2.294726
     0.080355    -2.295775
     0.082029    -2.296849
     0.083703    -2.297948
     0.085377    -2.299071
     0.087051    -2.300219
     0.088726    -2.301392
     0.090400    -2.302590
     0.092074    -2.303814
     0.093748    -2.305063
     0.095422    -2.306337
     0.097096    -2.307637
     0.098770    -2.308963
     0.100444    -2.310316
     0.102118    -2.311695
     0.103792    -2.313101
     0.105466    -2.314534
     0.107140    -2.315994
     0.108814    -2.317483
     0.110488    -2.319000
     0.112163    -2.320546
     0.113837    -2.322122
     0.115511    -2.323727
     0.117185    -2.325364
     0.118859    -2.327032
     0.120533    -2.328733
     0.122207    -2.330467
     0.123881    -2.332235
     0.125555    -2.334038
     0.127229    -2.335878
     0.128903    -2.337756
     0.130577    -2.339673
     0.132251    -2.341630
     0.133925    -2.343630
     0.135599    -2.345675
     0.137274    -2.347765
     0.138948    -2.349904
     0.140622    -2.352093
     0.142296    -2.354336
     0.143970    -2.356635
     0.145644    -2.358993
     0.147318    -2.361414
     0.148992    -2.363901
     0.150666    -2.366459
     0.152340    -2.369091
     0.154014    -2.371803
     0.155688    -2.374599
     0.157362    -2.377486
     0.159036    -2.380470
     0.160710    -2.383556
     0.162385    -2.386752
     0.164059    -2.390065
     0.165733    -2.393504
     0.167407    -2.397077


    -0.167407    -2.171314
    -0.165733    -2.162954
    -0.164059    -2.154517
    -0.162385    -2.146015
    -0.160710    -2.137456
    -0.159036    -2.128851
    -0.157362    -2.120207
    -0.155688    -2.111534
    -0.154014    -2.102838
    -0.152340    -2.094128
    -0.150666    -2.085410
    -0.148992    -2.076692
    -0.147318    -2.067978
    -0.145644    -2.059276
    -0.143970    -2.050590
    -0.142296    -2.041926
    -0.140622    -2.033288
    -0.138948    -2.024682
    -0.137274    -2.016111
    -0.135599    -2.007580
    -0.133925    -1.999092
    -0.132251    -1.990652
    -0.130577    -1.982263
    -0.128903    -1.973927
    -0.127229    -1.965649
    -0.125555    -1.957432
    -0.123881    -1.949277
    -0.122207    -1.941189
    -0.120533    -1.933169
    -0.118859    -1.925219
    -0.117185    -1.917343
    -0.115511    -1.909542
    -0.113837    -1.901819
    -0.112163    -1.894175
    -0.110488    -1.886613
    -0.108814    -1.879133
    -0.107140    -1.871738
    -0.105466    -1.864430
    -0.103792    -1.857209
    -0.102118    -1.850077
    -0.100444    -1.843035
    -0.098770    -1.836085
    -0.097096    -1.829228
    -0.095422    -1.822463
    -0.093748    -1.815794
    -0.092074    -1.809219
    -0.090400    -1.802740
    -0.088726    -1.796358
    -0.087051    -1.790073
    -0.085377    -1.783885
    -0.083703    -1.777796
    -0.082029    -1.771805
    -0.080355    -1.765912
    -0.078681    -1.760118
    -0.077007    -1.754423
    -0.075333    -1.748827
    -0.073659    -1.743329
    -0.071985    -1.737931
    -0.070311    -1.732631
    -0.068637    -1.727430
    -0.066963    -1.722327
    -0.065289    -1.717323
    -0.063615    -1.712416
    -0.061940    -1.707607
    -0.060266    -1.702895
    -0.058592    -1.698280
    -0.056918    -1.693762
    -0.055244    -1.689340
    -0.053570    -1.685015
    -0.051896    -1.680785
    -0.050222    -1.676652
    -0.048548    -1.672615
    -0.046874    -1.668672
    -0.045200    -1.664822
    -0.043526    -1.661063
    -0.041852    -1.657393
    -0.040178    -1.653810
    -0.038504    -1.650312
    -0.036829    -1.646897
    -0.035155    -1.643566
    -0.033481    -1.640316
    -0.031807    -1.637149
    -0.030133    -1.634062
    -0.028459    -1.631057
    -0.026785    -1.628134
    -0.025111    -1.625292
    -0.023437    -1.622533
    -0.021763    -1.619856
    -0.020089    -1.617262
    -0.018415    -1.614754
    -0.016741    -1.612334
    -0.015067    -1.610003
    -0.013393    -1.607768
    -0.011718    -1.605635
    -0.010044    -1.603614
    -0.008370    -1.601722
    -0.006696    -1.599989
    -0.005022    -1.598459
    -0.003348    -1.597213
    -0.001674    -1.596368
     0.000000    -1.596059
     0.001674    -1.596359
     0.003348    -1.597201
     0.005022    -1.598446
     0.006696    -1.599975
     0.008370    -1.601708
     0.010044    -1.603600
     0.011718    -1.605620
     0.013393    -1.607754
     0.015067    -1.609989
     0.016741    -1.612319
     0.018415    -1.614740
     0.020089    -1.617248
     0.021763    -1.619841
     0.023437    -1.622518
     0.025111    -1.625278
     0.026785    -1.628120
     0.028459    -1.631043
     0.030133    -1.634048
     0.031807    -1.637134
     0.033481    -1.640302
     0.035155    -1.643551
     0.036829    -1.646883
     0.038504    -1.650297
     0.040178    -1.653796
     0.041852    -1.657379
     0.043526    -1.661049
     0.045200    -1.664807
     0.046874    -1.668657
     0.048548    -1.672600
     0.050222    -1.676638
     0.051896    -1.680771
     0.053570    -1.685000
     0.055244    -1.689326
     0.056918    -1.693747
     0.058592    -1.698265
     0.060266    -1.702880
     0.061940    -1.707591
     0.063615    -1.712400
     0.065289    -1.717307
     0.066963    -1.722311
     0.068637    -1.727413
     0.070311    -1.732614
     0.071985    -1.737914
     0.073659    -1.743312
     0.075333    -1.748809
     0.077007    -1.754404
     0.078681    -1.760099
     0.080355    -1.765893
     0.082029    -1.771785
     0.083703    -1.777776
     0.085377    -1.783866
     0.087051    -1.790053
     0.088726    -1.796338
     0.090400    -1.802720
     0.092074    -1.809198
     0.093748    -1.815773
     0.095422    -1.822442
     0.097096    -1.829206
     0.098770    -1.836064
     0.100444    -1.843014
     0.102118    -1.850055
     0.103792    -1.857187
     0.105466    -1.864408
     0.107140    -1.871716
     0.108814    -1.879111
     0.110488    -1.886590
     0.112163    -1.894153
     0.113837    -1.901797
     0.115511    -1.909520
     0.117185    -1.917321
     0.118859    -1.925197
     0.120533    -1.933146
     0.122207    -1.941166
     0.123881    -1.949255
     0.125555    -1.957409
     0.127229    -1.965627
     0.128903    -1.973905
     0.130577    -1.982241
     0.132251    -1.990630
     0.133925    -1.999071
     0.135599    -2.007558
     0.137274    -2.016089
     0.138948    -2.024661
     0.140622    -2.033267
     0.142296    -2.041905
     0.143970    -2.050569
     0.145644    -2.059255
     0.147318    -2.067958
     0.148992    -2.076672
     0.150666    -2.085391
     0.152340    -2.094109
     0.154014    -2.102819
     0.155688    -2.111515
     0.157362    -2.120189
     0.159036    -2.128833
     0.160710    -2.137439
     0.162385    -2.145998
     0.164059    -2.154501
     0.165733    -2.162938
     0.167407    -2.171298


    -0.167407    -2.130627
    -0.165733    -2.122933
    -0.164059    -2.115199
    -0.162385    -2.107431
    -0.160710    -2.099633
    -0.159036    -2.091811
    -0.157362    -2.083969
    -0.155688    -2.076114
    -0.154014    -2.068250
    -0.152340    -2.060381
    -0.150666    -2.052513
    -0.148992    -2.044649
    -0.147318    -2.036794
    -0.145644    -2.028951
    -0.143970    -2.021126
    -0.142296    -2.013322
    -0.140622    -2.005541
    -0.138948    -1.997789
    -0.137274    -1.990067
    -0.135599    -1.982380
    -0.133925    -1.974730
    -0.132251    -1.967120
    -0.130577    -1.959553
    -0.128903    -1.952032
    -0.127229    -1.944559
    -0.125555    -1.937136
    -0.123881    -1.929765
    -0.122207    -1.922450
    -0.120533    -1.915191
    -0.118859    -1.907991
    -0.117185    -1.900852
    -0.115511    -1.893774
    -0.113837    -1.886761
    -0.112163    -1.879813
    -0.110488    -1.872932
    -0.108814    -1.866119
    -0.107140    -1.859375
    -0.105466    -1.852702
    -0.103792    -1.846100
    -0.102118    -1.839571
    -0.100444    -1.833116
    -0.098770    -1.826736
    -0.097096    -1.820430
    -0.095422    -1.814201
    -0.093748    -1.808049
    -0.092074    -1.801974
    -0.090400    -1.795978
    -0.088726    -1.790059
    -0.087051    -1.784220
    -0.085377    -1.778461
    -0.083703    -1.772781
    -0.082029    -1.767181
    -0.080355    -1.761662
    -0.078681    -1.756224
    -0.077007    -1.750867
    -0.075333    -1.745591
    -0.073659    -1.740396
    -0.071985    -1.735282
    -0.070311    -1.730250
    -0.068637    -1.725300
    -0.066963    -1.720431
    -0.065289    -1.715643
    -0.063615    -1.710937
    -0.061940    -1.706312
    -0.060266    -1.701768
    -0.058592    -1.697305
    -0.056918    -1.692923
    -0.055244    -1.688620
    -0.053570    -1.684398
    -0.051896    -1.680254
    -0.050222    -1.676189
    -0.048548    -1.672202
    -0.046874    -1.668293
    -0.045200    -1.664463
    -0.043526    -1.660713
    -0.041852    -1.657046
    -0.040178    -1.653461
    -0.038504    -1.649960
    -0.036829    -1.646544
    -0.035155    -1.643212
    -0.033481    -1.639965
    -0.031807    -1.636803
    -0.030133    -1.633725
    -0.028459    -1.630731
    -0.026785    -1.627821
    -0.025111    -1.624995
    -0.023437    -1.622253
    -0.021763    -1.619596
    -0.020089    -1.617023
    -0.018415    -1.614536
    -0.016741    -1.612137
    -0.015067    -1.609828
    -0.013393    -1.607613
    -0.011718    -1.605499
    -0.010044    -1.603497
    -0.008370    -1.601624
    -0.006696    -1.599907
    -0.005022    -1.598393
    -0.003348    -1.597162
    -0.001674    -1.596332
     0.000000    -1.596037
     0.001674    -1.596337
     0.003348    -1.597167
     0.005022    -1.598397
     0.006696    -1.599910
     0.008370    -1.601626
     0.010044    -1.603499
     0.011718    -1.605500
     0.013393    -1.607613
     0.015067    -1.609827
     0.016741    -1.612136
     0.018415    -1.614535
     0.020089    -1.617021
     0.021763    -1.619594
     0.023437    -1.622251
     0.025111    -1.624992
     0.026785    -1.627818
     0.028459    -1.630727
     0.030133    -1.633720
     0.031807    -1.636798
     0.033481    -1.639960
     0.035155    -1.643206
     0.036829    -1.646537
     0.038504    -1.649953
     0.040178    -1.653453
     0.041852    -1.657038
     0.043526    -1.660705
     0.045200    -1.664454
     0.046874    -1.668283
     0.048548    -1.672191
     0.050222    -1.676178
     0.051896    -1.680243
     0.053570    -1.684386
     0.055244    -1.688608
     0.056918    -1.692910
     0.058592    -1.697293
     0.060266    -1.701755
     0.061940    -1.706299
     0.063615    -1.710924
     0.065289    -1.715630
     0.066963    -1.720417
     0.068637    -1.725286
     0.070311    -1.730236
     0.071985    -1.735268
     0.073659    -1.740382
     0.075333    -1.745576
     0.077007    -1.750852
     0.078681    -1.756210
     0.080355    -1.761648
     0.082029    -1.767167
     0.083703    -1.772766
     0.085377    -1.778446
     0.087051    -1.784205
     0.088726    -1.790044
     0.090400    -1.795962
     0.092074    -1.801959
     0.093748    -1.808034
     0.095422    -1.814186
     0.097096    -1.820415
     0.098770    -1.826720
     0.100444    -1.833100
     0.102118    -1.839555
     0.103792    -1.846084
     0.105466    -1.852685
     0.107140    -1.859358
     0.108814    -1.866102
     0.110488    -1.872915
     0.112163    -1.879796
     0.113837    -1.886744
     0.115511    -1.893757
     0.117185    -1.900835
     0.118859    -1.907974
     0.120533    -1.915174
     0.122207    -1.922433
     0.123881    -1.929748
     0.125555    -1.937118
     0.127229    -1.944541
     0.128903    -1.952014
     0.130577    -1.959536
     0.132251    -1.967103
     0.133925    -1.974712
     0.135599    -1.982362
     0.137274    -1.990049
     0.138948    -1.997771
     0.140622    -2.005523
     0.142296    -2.013304
     0.143970    -2.021108
     0.145644    -2.028933
     0.147318    -2.036776
     0.148992    -2.044631
     0.150666    -2.052495
     0.152340    -2.060363
     0.154014    -2.068232
     0.155688    -2.076096
     0.157362    -2.083952
     0.159036    -2.091793
     0.160710    -2.099615
     0.162385    -2.107413
     0.164059    -2.115182
     0.165733    -2.122916
     0.167407    -2.130610


    -0.167407    -1.692436
    -0.165733    -1.689602
    -0.164059    -1.686788
    -0.162385    -1.683996
    -0.160710    -1.681225
    -0.159036    -1.678476
    -0.157362    -1.675750
    -0.155688    -1.673046
    -0.154014    -1.670365
    -0.152340    -1.667708
    -0.150666    -1.665074
    -0.148992    -1.662465
    -0.147318    -1.659880
    -0.145644    -1.657320
    -0.143970    -1.654786
    -0.142296    -1.652278
    -0.140622    -1.649796
    -0.138948    -1.647341
    -0.137274    -1.644914
    -0.135599    -1.642514
    -0.133925    -1.640142
    -0.132251    -1.637798
    -0.130577    -1.635484
    -0.128903    -1.633199
    -0.127229    -1.630944
    -0.125555    -1.628720
    -0.123881    -1.626527
    -0.122207    -1.624365
    -0.120533    -1.622235
    -0.118859    -1.620138
    -0.117185    -1.618074
    -0.115511    -1.616044
    -0.113837    -1.614047
    -0.112163    -1.612085
    -0.110488    -1.610159
    -0.108814    -1.608268
    -0.107140    -1.606413
    -0.105466    -1.604596
    -0.103792    -1.602815
    -0.102118    -1.601073
    -0.100444    -1.599369
    -0.098770    -1.597705
    -0.097096    -1.596080
    -0.095422    -1.594495
    -0.093748    -1.592952
    -0.092074    -1.591449
    -0.090400    -1.589989
    -0.088726    -1.588572
    -0.087051    -1.587198
    -0.085377    -1.585867
    -0.083703    -1.584581
    -0.082029    -1.583341
    -0.080355    -1.582146
    -0.078681    -1.580997
    -0.077007    -1.579895
    -0.075333    -1.578841
    -0.073659    -1.577835
    -0.071985    -1.576877
    -0.070311    -1.575969
    -0.068637    -1.575111
    -0.066963    -1.574303
    -0.065289    -1.573547
    -0.063615    -1.572842
    -0.061940    -1.572189
    -0.060266    -1.571590
    -0.058592    -1.571043
    -0.056918    -1.570551
    -0.055244    -1.570113
    -0.053570    -1.569731
    -0.051896    -1.569404
    -0.050222    -1.569133
    -0.048548    -1.568919
    -0.046874    -1.568763
    -0.045200    -1.568664
    -0.043526    -1.568623
    -0.041852    -1.568641
    -0.040178    -1.568717
    -0.038504    -1.568854
    -0.036829    -1.569050
    -0.035155    -1.569306
    -0.033481    -1.569623
    -0.031807    -1.570001
    -0.030133    -1.570440
    -0.028459    -1.570939
    -0.026785    -1.571500
    -0.025111    -1.572121
    -0.023437    -1.572803
    -0.021763    -1.573545
    -0.020089    -1.574345
    -0.018415    -1.575204
    -0.016741    -1.576118
    -0.015067    -1.577084
    -0.013393    -1.578099
    -0.011718    -1.579155
    -0.010044    -1.580241
    -0.008370    -1.581340
    -0.006696    -1.582424
    -0.005022    -1.583446
    -0.003348    -1.584327
    -0.001674    -1.584949
     0.000000    -1.585178
     0.001674    -1.584954
     0.003348    -1.584335
     0.005022    -1.583455
     0.006696    -1.582434
     0.008370    -1.581350
     0.010044    -1.580251
     0.011718    -1.579166
     0.013393    -1.578110
     0.015067    -1.577096
     0.016741    -1.576130
     0.018415    -1.575216
     0.020089    -1.574357
     0.021763    -1.573557
     0.023437    -1.572815
     0.025111    -1.572133
     0.026785    -1.571512
     0.028459    -1.570952
     0.030133    -1.570452
     0.031807    -1.570013
     0.033481    -1.569636
     0.035155    -1.569319
     0.036829    -1.569062
     0.038504    -1.568866
     0.040178    -1.568730
     0.041852    -1.568653
     0.043526    -1.568635
     0.045200    -1.568676
     0.046874    -1.568775
     0.048548    -1.568931
     0.050222    -1.569145
     0.051896    -1.569416
     0.053570    -1.569743
     0.055244    -1.570125
     0.056918    -1.570563
     0.058592    -1.571055
     0.060266    -1.571601
     0.061940    -1.572200
     0.063615    -1.572853
     0.065289    -1.573557
     0.066963    -1.574314
     0.068637    -1.575121
     0.070311    -1.575979
     0.071985    -1.576887
     0.073659    -1.577845
     0.075333    -1.578851
     0.077007    -1.579905
     0.078681    -1.581006
     0.080355    -1.582155
     0.082029    -1.583350
     0.083703    -1.584590
     0.085377    -1.585876
     0.087051    -1.587206
     0.088726    -1.588580
     0.090400    -1.589997
     0.092074    -1.591457
     0.093748    -1.592959
     0.095422    -1.594502
     0.097096    -1.596086
     0.098770    -1.597711
     0.100444    -1.599375
     0.102118    -1.601079
     0.103792    -1.602821
     0.105466    -1.604601
     0.107140    -1.606419
     0.108814    -1.608273
     0.110488    -1.610163
     0.112163    -1.612090
     0.113837    -1.614051
     0.115511    -1.616047
     0.117185    -1.618078
     0.118859    -1.620142
     0.120533    -1.622238
     0.122207    -1.624368
     0.123881    -1.626529
     0.125555    -1.628722
     0.127229    -1.630946
     0.128903    -1.633201
     0.130577    -1.635485
     0.132251    -1.637799
     0.133925    -1.640143
     0.135599    -1.642514
     0.137274    -1.644914
     0.138948    -1.647342
     0.140622    -1.649797
     0.142296    -1.652278
     0.143970    -1.654786
     0.145644    -1.657320
     0.147318    -1.659879
     0.148992    -1.662464
     0.150666    -1.665073
     0.152340    -1.667706
     0.154014    -1.670364
     0.155688    -1.673044
     0.157362    -1.675748
     0.159036    -1.678475
     0.160710    -1.681223
     0.162385    -1.683994
     0.164059    -1.686786
     0.165733    -1.689600
     0.167407    -1.692434


    -0.167407    -1.676533
    -0.165733    -1.673644
    -0.164059    -1.670787
    -0.162385    -1.667963
    -0.160710    -1.665172
    -0.159036    -1.662414
    -0.157362    -1.659690
    -0.155688    -1.656999
    -0.154014    -1.654342
    -0.152340    -1.651720
    -0.150666    -1.649132
    -0.148992    -1.646579
    -0.147318    -1.644062
    -0.145644    -1.641579
    -0.143970    -1.639133
    -0.142296    -1.636722
    -0.140622    -1.634347
    -0.138948    -1.632009
    -0.137274    -1.629707
    -0.135599    -1.627442
    -0.133925    -1.625214
    -0.132251    -1.623023
    -0.130577    -1.620870
    -0.128903    -1.618755
    -0.127229    -1.616677
    -0.125555    -1.614638
    -0.123881    -1.612637
    -0.122207    -1.610674
    -0.120533    -1.608751
    -0.118859    -1.606867
    -0.117185    -1.605022
    -0.115511    -1.603216
    -0.113837    -1.601450
    -0.112163    -1.599724
    -0.110488    -1.598039
    -0.108814    -1.596393
    -0.107140    -1.594789
    -0.105466    -1.593225
    -0.103792    -1.591702
    -0.102118    -1.590221
    -0.100444    -1.588781
    -0.098770    -1.587383
    -0.097096    -1.586028
    -0.095422    -1.584714
    -0.093748    -1.583443
    -0.092074    -1.582215
    -0.090400    -1.581030
    -0.088726    -1.579888
    -0.087051    -1.578789
    -0.085377    -1.577735
    -0.083703    -1.576724
    -0.082029    -1.575758
    -0.080355    -1.574837
    -0.078681    -1.573960
    -0.077007    -1.573128
    -0.075333    -1.572342
    -0.073659    -1.571602
    -0.071985    -1.570908
    -0.070311    -1.570260
    -0.068637    -1.569658
    -0.066963    -1.569104
    -0.065289    -1.568597
    -0.063615    -1.568137
    -0.061940    -1.567725
    -0.060266    -1.567361
    -0.058592    -1.567046
    -0.056918    -1.566780
    -0.055244    -1.566562
    -0.053570    -1.566395
    -0.051896    -1.566276
    -0.050222    -1.566209
    -0.048548    -1.566191
    -0.046874    -1.566225
    -0.045200    -1.566309
    -0.043526    -1.566445
    -0.041852    -1.566633
    -0.040178    -1.566873
    -0.038504    -1.567165
    -0.036829    -1.567510
    -0.035155    -1.567908
    -0.033481    -1.568359
    -0.031807    -1.568864
    -0.030133    -1.569422
    -0.028459    -1.570034
    -0.026785    -1.570700
    -0.025111    -1.571419
    -0.023437    -1.572192
    -0.021763    -1.573018
    -0.020089    -1.573895
    -0.018415    -1.574823
    -0.016741    -1.575801
    -0.015067    -1.576824
    -0.013393    -1.577889
    -0.011718    -1.578988
    -0.010044    -1.580113
    -0.008370    -1.581245
    -0.006696    -1.582357
    -0.005022    -1.583402
    -0.003348    -1.584301
    -0.001674    -1.584937
     0.000000    -1.585171
     0.001674    -1.584935
     0.003348    -1.584299
     0.005022    -1.583400
     0.006696    -1.582355
     0.008370    -1.581243
     0.010044    -1.580110
     0.011718    -1.578986
     0.013393    -1.577885
     0.015067    -1.576820
     0.016741    -1.575797
     0.018415    -1.574819
     0.020089    -1.573890
     0.021763    -1.573013
     0.023437    -1.572187
     0.025111    -1.571414
     0.026785    -1.570694
     0.028459    -1.570028
     0.030133    -1.569416
     0.031807    -1.568857
     0.033481    -1.568352
     0.035155    -1.567901
     0.036829    -1.567502
     0.038504    -1.567157
     0.040178    -1.566865
     0.041852    -1.566625
     0.043526    -1.566437
     0.045200    -1.566300
     0.046874    -1.566216
     0.048548    -1.566182
     0.050222    -1.566200
     0.051896    -1.566267
     0.053570    -1.566385
     0.055244    -1.566553
     0.056918    -1.566770
     0.058592    -1.567036
     0.060266    -1.567352
     0.061940    -1.567715
     0.063615    -1.568127
     0.065289    -1.568587
     0.066963    -1.569094
     0.068637    -1.569648
     0.070311    -1.570250
     0.071985    -1.570898
     0.073659    -1.571592
     0.075333    -1.572332
     0.077007    -1.573118
     0.078681    -1.573950
     0.080355    -1.574826
     0.082029    -1.575748
     0.083703    -1.576714
     0.085377    -1.577724
     0.087051    -1.578779
     0.088726    -1.579877
     0.090400    -1.581019
     0.092074    -1.582205
     0.093748    -1.583433
     0.095422    -1.584704
     0.097096    -1.586018
     0.098770    -1.587374
     0.100444    -1.588772
     0.102118    -1.590211
     0.103792    -1.591693
     0.105466    -1.593215
     0.107140    -1.594779
     0.108814    -1.596384
     0.110488    -1.598029
     0.112163    -1.599715
     0.113837    -1.601441
     0.115511    -1.603207
     0.117185    -1.605013
     0.118859    -1.606858
     0.120533    -1.608743
     0.122207    -1.610666
     0.123881    -1.612629
     0.125555    -1.614630
     0.127229    -1.616670
     0.128903    -1.618747
     0.130577    -1.620863
     0.132251    -1.623016
     0.133925    -1.625207
     0.135599    -1.627435
     0.137274    -1.629701
     0.138948    -1.632003
     0.140622    -1.634341
     0.142296    -1.636716
     0.143970    -1.639127
     0.145644    -1.641574
     0.147318    -1.644057
     0.148992    -1.646575
     0.150666    -1.649128
     0.152340    -1.651716
     0.154014    -1.654338
     0.155688    -1.656995
     0.157362    -1.659686
     0.159036    -1.662411
     0.160710    -1.665169
     0.162385    -1.667960
     0.164059    -1.670785
     0.165733    -1.673642
     0.167407    -1.676531


    -0.167407    -1.296003
    -0.165733    -1.290191
    -0.164059    -1.284328
    -0.162385    -1.278415
    -0.160710    -1.272451
    -0.159036    -1.266436
    -0.157362    -1.260371
    -0.155688    -1.254255
    -0.154014    -1.248089
    -0.152340    -1.241873
    -0.150666    -1.235608
    -0.148992    -1.229293
    -0.147318    -1.222930
    -0.145644    -1.216519
    -0.143970    -1.210063
    -0.142296    -1.203576
    -0.140622    -1.197344
    -0.138948    -1.191458
    -0.137274    -1.185553
    -0.135599    -1.179606
    -0.133925    -1.173613
    -0.132251    -1.167574
    -0.130577    -1.161487
    -0.128903    -1.155353
    -0.127229    -1.149170
    -0.125555    -1.142939
    -0.123881    -1.136660
    -0.122207    -1.130331
    -0.120533    -1.123954
    -0.118859    -1.117529
    -0.117185    -1.111054
    -0.115511    -1.104531
    -0.113837    -1.097960
    -0.112163    -1.091341
    -0.110488    -1.084674
    -0.108814    -1.077960
    -0.107140    -1.071200
    -0.105466    -1.064394
    -0.103792    -1.057542
    -0.102118    -1.050646
    -0.100444    -1.043708
    -0.098770    -1.036727
    -0.097096    -1.029705
    -0.095422    -1.022643
    -0.093748    -1.015544
    -0.092074    -1.008408
    -0.090400    -1.001238
    -0.088726    -0.994035
    -0.087051    -0.986801
    -0.085377    -0.979539
    -0.083703    -0.972252
    -0.082029    -0.964941
    -0.080355    -0.957609
    -0.078681    -0.950261
    -0.077007    -0.942898
    -0.075333    -0.935524
    -0.073659    -0.928143
    -0.071985    -0.920759
    -0.070311    -0.913376
    -0.068637    -0.905997
    -0.066963    -0.898629
    -0.065289    -0.891276
    -0.063615    -0.883942
    -0.061940    -0.876634
    -0.060266    -0.869357
    -0.058592    -0.862117
    -0.056918    -0.854921
    -0.055244    -0.847776
    -0.053570    -0.840689
    -0.051896    -0.833668
    -0.050222    -0.826719
    -0.048548    -0.819853
    -0.046874    -0.813077
    -0.045200    -0.806401
    -0.043526    -0.799834
    -0.041852    -0.793386
    -0.040178    -0.787068
    -0.038504    -0.780889
    -0.036829    -0.774862
    -0.035155    -0.768997
    -0.033481    -0.763306
    -0.031807    -0.757801
    -0.030133    -0.752494
    -0.028459    -0.747395
    -0.026785    -0.742519
    -0.025111    -0.737875
    -0.023437    -0.733476
    -0.021763    -0.729333
    -0.020089    -0.725456
    -0.018415    -0.721856
    -0.016741    -0.718542
    -0.015067    -0.715522
    -0.013393    -0.712805
    -0.011718    -0.710397
    -0.010044    -0.708303
    -0.008370    -0.706528
    -0.006696    -0.705076
    -0.005022    -0.703947
    -0.003348    -0.703142
    -0.001674    -0.702659
     0.000000    -0.702497
     0.001674    -0.702655
     0.003348    -0.703130
     0.005022    -0.703936
     0.006696    -0.705065
     0.008370    -0.706519
     0.010044    -0.708294
     0.011718    -0.710387
     0.013393    -0.712796
     0.015067    -0.715513
     0.016741    -0.718532
     0.018415    -0.721846
     0.020089    -0.725446
     0.021763    -0.729323
     0.023437    -0.733466
     0.025111    -0.737865
     0.026785    -0.742509
     0.028459    -0.747385
     0.030133    -0.752484
     0.031807    -0.757791
     0.033481    -0.763296
     0.035155    -0.768987
     0.036829    -0.774852
     0.038504    -0.780880
     0.040178    -0.787058
     0.041852    -0.793377
     0.043526    -0.799825
     0.045200    -0.806392
     0.046874    -0.813068
     0.048548    -0.819845
     0.050222    -0.826711
     0.051896    -0.833660
     0.053570    -0.840682
     0.055244    -0.847769
     0.056918    -0.854914
     0.058592    -0.862110
     0.060266    -0.869350
     0.061940    -0.876627
     0.063615    -0.883936
     0.065289    -0.891270
     0.066963    -0.898624
     0.068637    -0.905992
     0.070311    -0.913371
     0.071985    -0.920754
     0.073659    -0.928139
     0.075333    -0.935520
     0.077007    -0.942894
     0.078681    -0.950257
     0.080355    -0.957606
     0.082029    -0.964937
     0.083703    -0.972249
     0.085377    -0.979536
     0.087051    -0.986798
     0.088726    -0.994032
     0.090400    -1.001235
     0.092074    -1.008406
     0.093748    -1.015542
     0.095422    -1.022642
     0.097096    -1.029703
     0.098770    -1.036725
     0.100444    -1.043706
     0.102118    -1.050645
     0.103792    -1.057541
     0.105466    -1.064393
     0.107140    -1.071199
     0.108814    -1.077960
     0.110488    -1.084674
     0.112163    -1.091341
     0.113837    -1.097960
     0.115511    -1.104531
     0.117185    -1.111054
     0.118859    -1.117529
     0.120533    -1.123955
     0.122207    -1.130332
     0.123881    -1.136660
     0.125555    -1.142939
     0.127229    -1.149170
     0.128903    -1.155353
     0.130577    -1.161487
     0.132251    -1.167574
     0.133925    -1.173613
     0.135599    -1.179606
     0.137274    -1.185553
     0.138948    -1.191456
     0.140622    -1.197337
     0.142296    -1.203561
     0.143970    -1.210049
     0.145644    -1.216506
     0.147318    -1.222916
     0.148992    -1.229279
     0.150666    -1.235594
     0.152340    -1.241859
     0.154014    -1.248074
     0.155688    -1.254240
     0.157362    -1.260355
     0.159036    -1.266420
     0.160710    -1.272434
     0.162385    -1.278398
     0.164059    -1.284311
     0.165733    -1.290173
     0.167407    -1.295985


    -0.167407    -1.285097
    -0.165733    -1.279906
    -0.164059    -1.274679
    -0.162385    -1.269414
    -0.160710    -1.264111
    -0.159036    -1.258769
    -0.157362    -1.253388
    -0.155688    -1.247967
    -0.154014    -1.242506
    -0.152340    -1.237003
    -0.150666    -1.231459
    -0.148992    -1.225872
    -0.147318    -1.220241
    -0.145644    -1.214566
    -0.143970    -1.208844
    -0.142296    -1.203059
    -0.140622    -1.196929
    -0.138948    -1.190360
    -0.137274    -1.183717
    -0.135599    -1.177025
    -0.133925    -1.170287
    -0.132251    -1.163505
    -0.130577    -1.156680
    -0.128903    -1.149813
    -0.127229    -1.142905
    -0.125555    -1.135957
    -0.123881    -1.128971
    -0.122207    -1.121947
    -0.120533    -1.114888
    -0.118859    -1.107793
    -0.117185    -1.100666
    -0.115511    -1.093506
    -0.113837    -1.086317
    -0.112163    -1.079099
    -0.110488    -1.071854
    -0.108814    -1.064584
    -0.107140    -1.057291
    -0.105466    -1.049977
    -0.103792    -1.042644
    -0.102118    -1.035294
    -0.100444    -1.027929
    -0.098770    -1.020552
    -0.097096    -1.013164
    -0.095422    -1.005769
    -0.093748    -0.998368
    -0.092074    -0.990965
    -0.090400    -0.983561
    -0.088726    -0.976161
    -0.087051    -0.968766
    -0.085377    -0.961380
    -0.083703    -0.954006
    -0.082029    -0.946646
    -0.080355    -0.939304
    -0.078681    -0.931984
    -0.077007    -0.924688
    -0.075333    -0.917421
    -0.073659    -0.910185
    -0.071985    -0.902985
    -0.070311    -0.895825
    -0.068637    -0.888708
    -0.066963    -0.881638
    -0.065289    -0.874620
    -0.063615    -0.867658
    -0.061940    -0.860755
    -0.060266    -0.853918
    -0.058592    -0.847150
    -0.056918    -0.840457
    -0.055244    -0.833842
    -0.053570    -0.827312
    -0.051896    -0.820872
    -0.050222    -0.814527
    -0.048548    -0.808282
    -0.046874    -0.802144
    -0.045200    -0.796117
    -0.043526    -0.790210
    -0.041852    -0.784427
    -0.040178    -0.778775
    -0.038504    -0.773261
    -0.036829    -0.767892
    -0.035155    -0.762676
    -0.033481    -0.757618
    -0.031807    -0.752727
    -0.030133    -0.748011
    -0.028459    -0.743477
    -0.026785    -0.739135
    -0.025111    -0.734991
    -0.023437    -0.731054
    -0.021763    -0.727333
    -0.020089    -0.723837
    -0.018415    -0.720575
    -0.016741    -0.717554
    -0.015067    -0.714785
    -0.013393    -0.712275
    -0.011718    -0.710033
    -0.010044    -0.708068
    -0.008370    -0.706386
    -0.006696    -0.704996
    -0.005022    -0.703904
    -0.003348    -0.703117
    -0.001674    -0.702643
     0.000000    -0.702486
     0.001674    -0.702647
     0.003348    -0.703128
     0.005022    -0.703913
     0.006696    -0.705004
     0.008370    -0.706393
     0.010044    -0.708073
     0.011718    -0.710038
     0.013393    -0.712280
     0.015067    -0.714789
     0.016741    -0.717558
     0.018415    -0.720578
     0.020089    -0.723840
     0.021763    -0.727336
     0.023437    -0.731056
     0.025111    -0.734993
     0.026785    -0.739137
     0.028459    -0.743479
     0.030133    -0.748013
     0.031807    -0.752729
     0.033481    -0.757619
     0.035155    -0.762677
     0.036829    -0.767894
     0.038504    -0.773263
     0.040178    -0.778776
     0.041852    -0.784428
     0.043526    -0.790211
     0.045200    -0.796118
     0.046874    -0.802145
     0.048548    -0.808283
     0.050222    -0.814528
     0.051896    -0.820873
     0.053570    -0.827313
     0.055244    -0.833843
     0.056918    -0.840458
     0.058592    -0.847151
     0.060266    -0.853919
     0.061940    -0.860756
     0.063615    -0.867658
     0.065289    -0.874621
     0.066963    -0.881639
     0.068637    -0.888709
     0.070311    -0.895826
     0.071985    -0.902986
     0.073659    -0.910186
     0.075333    -0.917422
     0.077007    -0.924689
     0.078681    -0.931984
     0.080355    -0.939305
     0.082029    -0.946646
     0.083703    -0.954006
     0.085377    -0.961380
     0.087051    -0.968766
     0.088726    -0.976161
     0.090400    -0.983561
     0.092074    -0.990964
     0.093748    -0.998367
     0.095422    -1.005768
     0.097096    -1.013163
     0.098770    -1.020550
     0.100444    -1.027928
     0.102118    -1.035292
     0.103792    -1.042642
     0.105466    -1.049975
     0.107140    -1.057289
     0.108814    -1.064581
     0.110488    -1.071851
     0.112163    -1.079095
     0.113837    -1.086313
     0.115511    -1.093502
     0.117185    -1.100661
     0.118859    -1.107788
     0.120533    -1.114883
     0.122207    -1.121942
     0.123881    -1.128965
     0.125555    -1.135951
     0.127229    -1.142899
     0.128903    -1.149806
     0.130577    -1.156673
     0.132251    -1.163498
     0.133925    -1.170279
     0.135599    -1.177017
     0.137274    -1.183709
     0.138948    -1.190352
     0.140622    -1.196926
     0.142296    -1.203064
     0.143970    -1.208846
     0.145644    -1.214568
     0.147318    -1.220243
     0.148992    -1.225873
     0.150666    -1.231460
     0.152340    -1.237004
     0.154014    -1.242507
     0.155688    -1.247968
     0.157362    -1.253389
     0.159036    -1.258770
     0.160710    -1.264112
     0.162385    -1.269415
     0.164059    -1.274680
     0.165733    -1.279907
     0.167407    -1.285098


    -0.167407    -0.484642
    -0.165733    -0.480283
    -0.164059    -0.475968
    -0.162385    -0.471697
    -0.160710    -0.467471
    -0.159036    -0.463292
    -0.157362    -0.459159
    -0.155688    -0.455075
    -0.154014    -0.451038
    -0.152340    -0.447052
    -0.150666    -0.443115
    -0.148992    -0.439229
    -0.147318    -0.435396
    -0.145644    -0.431614
    -0.143970    -0.427887
    -0.142296    -0.424213
    -0.140622    -0.420594
    -0.138948    -0.417031
    -0.137274    -0.413524
    -0.135599    -0.410075
    -0.133925    -0.406684
    -0.132251    -0.403351
    -0.130577    -0.400078
    -0.128903    -0.396865
    -0.127229    -0.393712
    -0.125555    -0.390621
    -0.123881    -0.387592
    -0.122207    -0.384626
    -0.120533    -0.381723
    -0.118859    -0.378884
    -0.117185    -0.376109
    -0.115511    -0.373398
    -0.113837    -0.370753
    -0.112163    -0.368174
    -0.110488    -0.365661
    -0.108814    -0.363214
    -0.107140    -0.360833
    -0.105466    -0.358519
    -0.103792    -0.356272
    -0.102118    -0.354092
    -0.100444    -0.351979
    -0.098770    -0.349933
    -0.097096    -0.347954
    -0.095422    -0.346042
    -0.093748    -0.344195
    -0.092074    -0.342415
    -0.090400    -0.340700
    -0.088726    -0.339049
    -0.087051    -0.337463
    -0.085377    -0.335940
    -0.083703    -0.334479
    -0.082029    -0.333079
    -0.080355    -0.331738
    -0.078681    -0.330457
    -0.077007    -0.329231
    -0.075333    -0.328061
    -0.073659    -0.326943
    -0.071985    -0.325877
    -0.070311    -0.324858
    -0.068637    -0.323885
    -0.066963    -0.322955
    -0.065289    -0.322064
    -0.063615    -0.321210
    -0.061940    -0.320387
    -0.060266    -0.319593
    -0.058592    -0.318823
    -0.056918    -0.318072
    -0.055244    -0.317335
    -0.053570    -0.316607
    -0.051896    -0.315881
    -0.050222    -0.315152
    -0.048548    -0.314413
    -0.046874    -0.313657
    -0.045200    -0.312876
    -0.043526    -0.312063
    -0.041852    -0.311209
    -0.040178    -0.310305
    -0.038504    -0.309342
    -0.036829    -0.308312
    -0.035155    -0.307203
    -0.033481    -0.306006
    -0.031807    -0.304710
    -0.030133    -0.303306
    -0.028459    -0.301782
    -0.026785    -0.300127
    -0.025111    -0.298332
    -0.023437    -0.296385
    -0.021763    -0.294278
    -0.020089    -0.291999
    -0.018415    -0.289541
    -0.016741    -0.286894
    -0.015067    -0.284051
    -0.013393    -0.281006
    -0.011718    -0.277753
    -0.010044    -0.274286
    -0.008370    -0.270603
    -0.006696    -0.266702
    -0.005022    -0.262581
    -0.003348    -0.258241
    -0.001674    -0.253683
     0.000000    -0.248934
     0.001674    -0.253707
     0.003348    -0.258266
     0.005022    -0.262607
     0.006696    -0.266728
     0.008370    -0.270630
     0.010044    -0.274314
     0.011718    -0.277781
     0.013393    -0.281035
     0.015067    -0.284080
     0.016741    -0.286923
     0.018415    -0.289570
     0.020089    -0.292029
     0.021763    -0.294308
     0.023437    -0.296416
     0.025111    -0.298362
     0.026785    -0.300158
     0.028459    -0.301812
     0.030133    -0.303337
     0.031807    -0.304741
     0.033481    -0.306037
     0.035155    -0.307234
     0.036829    -0.308342
     0.038504    -0.309373
     0.040178    -0.310335
     0.041852    -0.311239
     0.043526    -0.312093
     0.045200    -0.312906
     0.046874    -0.313686
     0.048548    -0.314442
     0.050222    -0.315181
     0.051896    -0.315910
     0.053570    -0.316635
     0.055244    -0.317362
     0.056918    -0.318099
     0.058592    -0.318850
     0.060266    -0.319619
     0.061940    -0.320413
     0.063615    -0.321235
     0.065289    -0.322089
     0.066963    -0.322979
     0.068637    -0.323909
     0.070311    -0.324881
     0.071985    -0.325899
     0.073659    -0.326966
     0.075333    -0.328083
     0.077007    -0.329253
     0.078681    -0.330477
     0.080355    -0.331759
     0.082029    -0.333099
     0.083703    -0.334498
     0.085377    -0.335959
     0.087051    -0.337481
     0.088726    -0.339067
     0.090400    -0.340717
     0.092074    -0.342432
     0.093748    -0.344212
     0.095422    -0.346058
     0.097096    -0.347970
     0.098770    -0.349948
     0.100444    -0.351994
     0.102118    -0.354107
     0.103792    -0.356286
     0.105466    -0.358533
     0.107140    -0.360846
     0.108814    -0.363226
     0.110488    -0.365673
     0.112163    -0.368186
     0.113837    -0.370765
     0.115511    -0.373410
     0.117185    -0.376119
     0.118859    -0.378894
     0.120533    -0.381733
     0.122207    -0.384636
     0.123881    -0.387602
     0.125555    -0.390631
     0.127229    -0.393721
     0.128903    -0.396873
     0.130577    -0.400086
     0.132251    -0.403359
     0.133925    -0.406692
     0.135599    -0.410083
     0.137274    -0.413532
     0.138948    -0.417039
     0.140622    -0.420601
     0.142296    -0.424220
     0.143970    -0.427894
     0.145644    -0.431621
     0.147318    -0.435402
     0.148992    -0.439236
     0.150666    -0.443122
     0.152340    -0.447058
     0.154014    -0.451045
     0.155688    -0.455081
     0.157362    -0.459166
     0.159036    -0.463298
     0.160710    -0.467477
     0.162385    -0.471703
     0.164059    -0.475974
     0.165733    -0.480289
     0.167407    -0.484648


    -0.167407    -0.439253
    -0.165733    -0.432994
    -0.164059    -0.426739
    -0.162385    -0.420487
    -0.160710    -0.414238
    -0.159036    -0.407994
    -0.157362    -0.401753
    -0.155688    -0.395516
    -0.154014    -0.389283
    -0.152340    -0.383054
    -0.150666    -0.376830
    -0.148992    -0.370610
    -0.147318    -0.364394
    -0.145644    -0.358184
    -0.143970    -0.351978
    -0.142296    -0.345776
    -0.140622    -0.339580
    -0.138948    -0.333389
    -0.137274    -0.327203
    -0.135599    -0.321023
    -0.133925    -0.314848
    -0.132251    -0.308679
    -0.130577    -0.302516
    -0.128903    -0.296359
    -0.127229    -0.290209
    -0.125555    -0.284065
    -0.123881    -0.277928
    -0.122207    -0.271798
    -0.120533    -0.265675
    -0.118859    -0.259561
    -0.117185    -0.253454
    -0.115511    -0.247356
    -0.113837    -0.241267
    -0.112163    -0.235187
    -0.110488    -0.229118
    -0.108814    -0.223059
    -0.107140    -0.217013
    -0.105466    -0.210978
    -0.103792    -0.204957
    -0.102118    -0.198951
    -0.100444    -0.192961
    -0.098770    -0.186988
    -0.097096    -0.181035
    -0.095422    -0.175103
    -0.093748    -0.169194
    -0.092074    -0.163312
    -0.090400    -0.157460
    -0.088726    -0.151641
    -0.087051    -0.145860
    -0.085377    -0.140121
    -0.083703    -0.134432
    -0.082029    -0.128799
    -0.080355    -0.123232
    -0.078681    -0.117740
    -0.077007    -0.112336
    -0.075333    -0.107037
    -0.073659    -0.101859
    -0.071985    -0.096826
    -0.070311    -0.091966
    -0.068637    -0.087312
    -0.066963    -0.082907
    -0.065289    -0.078799
    -0.063615    -0.075049
    -0.061940    -0.071730
    -0.060266    -0.068924
    -0.058592    -0.066722
    -0.056918    -0.065220
    -0.055244    -0.064508
    -0.053570    -0.064659
    -0.051896    -0.065716
    -0.050222    -0.067685
    -0.048548    -0.070532
    -0.046874    -0.074186
    -0.045200    -0.078556
    -0.043526    -0.083541
    -0.041852    -0.089038
    -0.040178    -0.094953
    -0.038504    -0.101201
    -0.036829    -0.107711
    -0.035155    -0.114421
    -0.033481    -0.121277
    -0.031807    -0.128237
    -0.030133    -0.135263
    -0.028459    -0.142321
    -0.026785    -0.149386
    -0.025111    -0.156433
    -0.023437    -0.163439
    -0.021763    -0.170387
    -0.020089    -0.177258
    -0.018415    -0.184036
    -0.016741    -0.190708
    -0.015067    -0.197258
    -0.013393    -0.203675
    -0.011718    -0.209946
    -0.010044    -0.216061
    -0.008370    -0.222008
    -0.006696    -0.227779
    -0.005022    -0.233364
    -0.003348    -0.238756
    -0.001674    -0.243948
     0.000000    -0.248909
     0.001674    -0.243925
     0.003348    -0.238734
     0.005022    -0.233343
     0.006696    -0.227758
     0.008370    -0.221988
     0.010044    -0.216041
     0.011718    -0.209927
     0.013393    -0.203657
     0.015067    -0.197241
     0.016741    -0.190691
     0.018415    -0.184020
     0.020089    -0.177242
     0.021763    -0.170372
     0.023437    -0.163425
     0.025111    -0.156419
     0.026785    -0.149373
     0.028459    -0.142308
     0.030133    -0.135250
     0.031807    -0.128225
     0.033481    -0.121265
     0.035155    -0.114409
     0.036829    -0.107699
     0.038504    -0.101189
     0.040178    -0.094941
     0.041852    -0.089026
     0.043526    -0.083528
     0.045200    -0.078544
     0.046874    -0.074173
     0.048548    -0.070518
     0.050222    -0.067671
     0.051896    -0.065701
     0.053570    -0.064643
     0.055244    -0.064492
     0.056918    -0.065204
     0.058592    -0.066706
     0.060266    -0.068907
     0.061940    -0.071713
     0.063615    -0.075032
     0.065289    -0.078781
     0.066963    -0.082889
     0.068637    -0.087295
     0.070311    -0.091948
     0.071985    -0.096808
     0.073659    -0.101841
     0.075333    -0.107019
     0.077007    -0.112319
     0.078681    -0.117722
     0.080355    -0.123214
     0.082029    -0.128782
     0.083703    -0.134415
     0.085377    -0.140104
     0.087051    -0.145843
     0.088726    -0.151624
     0.090400    -0.157443
     0.092074    -0.163296
     0.093748    -0.169178
     0.095422    -0.175087
     0.097096    -0.181019
     0.098770    -0.186973
     0.100444    -0.192946
     0.102118    -0.198936
     0.103792    -0.204943
     0.105466    -0.210964
     0.107140    -0.216999
     0.108814    -0.223046
     0.110488    -0.229105
     0.112163    -0.235175
     0.113837    -0.241254
     0.115511    -0.247344
     0.117185    -0.253443
     0.118859    -0.259550
     0.120533    -0.265665
     0.122207    -0.271788
     0.123881    -0.277918
     0.125555    -0.284056
     0.127229    -0.290200
     0.128903    -0.296352
     0.130577    -0.302509
     0.132251    -0.308672
     0.133925    -0.314842
     0.135599    -0.321017
     0.137274    -0.327198
     0.138948    -0.333384
     0.140622    -0.339576
     0.142296    -0.345773
     0.143970    -0.351975
     0.145644    -0.358181
     0.147318    -0.364393
     0.148992    -0.370609
     0.150666    -0.376829
     0.152340    -0.383054
     0.154014    -0.389284
     0.155688    -0.395517
     0.157362    -0.401754
     0.159036    -0.407996
     0.160710    -0.414241
     0.162385    -0.420490
     0.164059    -0.426743
     0.165733    -0.432999
     0.167407    -0.439258


    -0.167407     0.646721
    -0.165733     0.638005
    -0.164059     0.629264
    -0.162385     0.620498
    -0.160710     0.611708
    -0.159036     0.602893
    -0.157362     0.594054
    -0.155688     0.585192
    -0.154014     0.576306
    -0.152340     0.567397
    -0.150666     0.558467
    -0.148992     0.549514
    -0.147318     0.540539
    -0.145644     0.531543
    -0.143970     0.522527
    -0.142296     0.513491
    -0.140622     0.504434
    -0.138948     0.495359
    -0.137274     0.486265
    -0.135599     0.477153
    -0.133925     0.468024
    -0.132251     0.458878
    -0.130577     0.449716
    -0.128903     0.440539
    -0.127229     0.431348
    -0.125555     0.422142
    -0.123881     0.412924
    -0.122207     0.403695
    -0.120533     0.394454
    -0.118859     0.385203
    -0.117185     0.375944
    -0.115511     0.366677
    -0.113837     0.357404
    -0.112163     0.348126
    -0.110488     0.338845
    -0.108814     0.329562
    -0.107140     0.320279
    -0.105466     0.310998
    -0.103792     0.301721
    -0.102118     0.292450
    -0.100444     0.283188
    -0.098770     0.273937
    -0.097096     0.264700
    -0.095422     0.255481
    -0.093748     0.246283
    -0.092074     0.237111
    -0.090400     0.227969
    -0.088726     0.218862
    -0.087051     0.209796
    -0.085377     0.200779
    -0.083703     0.191818
    -0.082029     0.182922
    -0.080355     0.174102
    -0.078681     0.165370
    -0.077007     0.156742
    -0.075333     0.148233
    -0.073659     0.139866
    -0.071985     0.131664
    -0.070311     0.123659
    -0.068637     0.115887
    -0.066963     0.108390
    -0.065289     0.101223
    -0.063615     0.094449
    -0.061940     0.088142
    -0.060266     0.082388
    -0.058592     0.077282
    -0.056918     0.072922
    -0.055244     0.069401
    -0.053570     0.066798
    -0.051896     0.065158
    -0.050222     0.064492
    -0.048548     0.064769
    -0.046874     0.065924
    -0.045200     0.067869
    -0.043526     0.070506
    -0.041852     0.073741
    -0.040178     0.077482
    -0.038504     0.081651
    -0.036829     0.086181
    -0.035155     0.091016
    -0.033481     0.096110
    -0.031807     0.101424
    -0.030133     0.106928
    -0.028459     0.112596
    -0.026785     0.118407
    -0.025111     0.124345
    -0.023437     0.130393
    -0.021763     0.136542
    -0.020089     0.142780
    -0.018415     0.149099
    -0.016741     0.155493
    -0.015067     0.161954
    -0.013393     0.168479
    -0.011718     0.175061
    -0.010044     0.181697
    -0.008370     0.188384
    -0.006696     0.195118
    -0.005022     0.201897
    -0.003348     0.208718
    -0.001674     0.215578
     0.000000     0.222471
     0.001674     0.215574
     0.003348     0.208715
     0.005022     0.201895
     0.006696     0.195116
     0.008370     0.188382
     0.010044     0.181696
     0.011718     0.175060
     0.013393     0.168478
     0.015067     0.161954
     0.016741     0.155493
     0.018415     0.149100
     0.020089     0.142781
     0.021763     0.136543
     0.023437     0.130395
     0.025111     0.124346
     0.026785     0.118409
     0.028459     0.112598
     0.030133     0.106931
     0.031807     0.101427
     0.033481     0.096113
     0.035155     0.091019
     0.036829     0.086184
     0.038504     0.081654
     0.040178     0.077484
     0.041852     0.073743
     0.043526     0.070508
     0.045200     0.067870
     0.046874     0.065925
     0.048548     0.064769
     0.050222     0.064492
     0.051896     0.065157
     0.053570     0.066796
     0.055244     0.069399
     0.056918     0.072919
     0.058592     0.077278
     0.060266     0.082384
     0.061940     0.088138
     0.063615     0.094445
     0.065289     0.101219
     0.066963     0.108386
     0.068637     0.115882
     0.070311     0.123654
     0.071985     0.131659
     0.073659     0.139861
     0.075333     0.148228
     0.077007     0.156736
     0.078681     0.165365
     0.080355     0.174097
     0.082029     0.182917
     0.083703     0.191812
     0.085377     0.200773
     0.087051     0.209791
     0.088726     0.218856
     0.090400     0.227963
     0.092074     0.237105
     0.093748     0.246277
     0.095422     0.255475
     0.097096     0.264694
     0.098770     0.273931
     0.100444     0.283182
     0.102118     0.292444
     0.103792     0.301715
     0.105466     0.310993
     0.107140     0.320274
     0.108814     0.329557
     0.110488     0.338840
     0.112163     0.348121
     0.113837     0.357399
     0.115511     0.366672
     0.117185     0.375939
     0.118859     0.385198
     0.120533     0.394449
     0.122207     0.403690
     0.123881     0.412920
     0.125555     0.422138
     0.127229     0.431343
     0.128903     0.440535
     0.130577     0.449712
     0.132251     0.458874
     0.133925     0.468020
     0.135599     0.477150
     0.137274     0.486262
     0.138948     0.495356
     0.140622     0.504431
     0.142296     0.513488
     0.143970     0.522525
     0.145644     0.531541
     0.147318     0.540537
     0.148992     0.549512
     0.150666     0.558465
     0.152340     0.567396
     0.154014     0.576305
     0.155688     0.585190
     0.157362     0.594053
     0.159036     0.602892
     0.160710     0.611707
     0.162385     0.620498
     0.164059     0.629264
     0.165733     0.638006
     0.167407     0.646722


    -0.167407     0.887665
    -0.165733     0.882041
    -0.164059     0.876400
    -0.162385     0.870745
    -0.160710     0.865073
    -0.159036     0.859385
    -0.157362     0.853680
    -0.155688     0.847958
    -0.154014     0.842218
    -0.152340     0.836461
    -0.150666     0.830685
    -0.148992     0.824891
    -0.147318     0.819077
    -0.145644     0.813244
    -0.143970     0.807391
    -0.142296     0.801518
    -0.140622     0.795624
    -0.138948     0.789709
    -0.137274     0.783771
    -0.135599     0.777812
    -0.133925     0.771830
    -0.132251     0.765824
    -0.130577     0.759795
    -0.128903     0.753742
    -0.127229     0.747665
    -0.125555     0.741562
    -0.123881     0.735434
    -0.122207     0.729280
    -0.120533     0.723099
    -0.118859     0.716892
    -0.117185     0.710658
    -0.115511     0.704396
    -0.113837     0.698106
    -0.112163     0.691788
    -0.110488     0.685442
    -0.108814     0.679067
    -0.107140     0.672662
    -0.105466     0.666228
    -0.103792     0.659765
    -0.102118     0.653272
    -0.100444     0.646749
    -0.098770     0.640196
    -0.097096     0.633614
    -0.095422     0.627001
    -0.093748     0.620358
    -0.092074     0.613685
    -0.090400     0.606983
    -0.088726     0.600251
    -0.087051     0.593490
    -0.085377     0.586699
    -0.083703     0.579880
    -0.082029     0.573032
    -0.080355     0.566157
    -0.078681     0.559254
    -0.077007     0.552323
    -0.075333     0.545367
    -0.073659     0.538385
    -0.071985     0.531377
    -0.070311     0.524345
    -0.068637     0.517290
    -0.066963     0.510212
    -0.065289     0.503112
    -0.063615     0.495992
    -0.061940     0.488851
    -0.060266     0.481692
    -0.058592     0.474514
    -0.056918     0.467320
    -0.055244     0.460111
    -0.053570     0.452887
    -0.051896     0.445650
    -0.050222     0.438402
    -0.048548     0.431142
    -0.046874     0.423874
    -0.045200     0.416597
    -0.043526     0.409315
    -0.041852     0.402027
    -0.040178     0.394735
    -0.038504     0.387441
    -0.036829     0.380146
    -0.035155     0.372852
    -0.033481     0.365560
    -0.031807     0.358272
    -0.030133     0.350989
    -0.028459     0.343712
    -0.026785     0.336443
    -0.025111     0.329184
    -0.023437     0.321936
    -0.021763     0.314700
    -0.020089     0.307478
    -0.018415     0.300272
    -0.016741     0.293083
    -0.015067     0.285913
    -0.013393     0.278762
    -0.011718     0.271634
    -0.010044     0.264528
    -0.008370     0.257447
    -0.006696     0.250392
    -0.005022     0.243366
    -0.003348     0.236369
    -0.001674     0.229404
     0.000000     0.222476
     0.001674     0.229407
     0.003348     0.236373
     0.005022     0.243370
     0.006696     0.250397
     0.008370     0.257452
     0.010044     0.264533
     0.011718     0.271639
     0.013393     0.278768
     0.015067     0.285919
     0.016741     0.293090
     0.018415     0.300279
     0.020089     0.307485
     0.021763     0.314707
     0.023437     0.321943
     0.025111     0.329191
     0.026785     0.336450
     0.028459     0.343719
     0.030133     0.350996
     0.031807     0.358280
     0.033481     0.365568
     0.035155     0.372860
     0.036829     0.380154
     0.038504     0.387449
     0.040178     0.394743
     0.041852     0.402034
     0.043526     0.409322
     0.045200     0.416605
     0.046874     0.423881
     0.048548     0.431150
     0.050222     0.438409
     0.051896     0.445657
     0.053570     0.452894
     0.055244     0.460118
     0.056918     0.467327
     0.058592     0.474521
     0.060266     0.481698
     0.061940     0.488857
     0.063615     0.495998
     0.065289     0.503118
     0.066963     0.510218
     0.068637     0.517295
     0.070311     0.524351
     0.071985     0.531382
     0.073659     0.538389
     0.075333     0.545371
     0.077007     0.552328
     0.078681     0.559257
     0.080355     0.566160
     0.082029     0.573036
     0.083703     0.579883
     0.085377     0.586702
     0.087051     0.593492
     0.088726     0.600253
     0.090400     0.606985
     0.092074     0.613687
     0.093748     0.620360
     0.095422     0.627002
     0.097096     0.633615
     0.098770     0.640197
     0.100444     0.646750
     0.102118     0.653273
     0.103792     0.659765
     0.105466     0.666229
     0.107140     0.672662
     0.108814     0.679066
     0.110488     0.685442
     0.112163     0.691788
     0.113837     0.698106
     0.115511     0.704395
     0.117185     0.710657
     0.118859     0.716891
     0.120533     0.723098
     0.122207     0.729278
     0.123881     0.735432
     0.125555     0.741560
     0.127229     0.747663
     0.128903     0.753741
     0.130577     0.759794
     0.132251     0.765822
     0.133925     0.771828
     0.135599     0.777810
     0.137274     0.783769
     0.138948     0.789706
     0.140622     0.795622
     0.142296     0.801516
     0.143970     0.807389
     0.145644     0.813242
     0.147318     0.819075
     0.148992     0.824888
     0.150666     0.830682
     0.152340     0.836458
     0.154014     0.842215
     0.155688     0.847955
     0.157362     0.853677
     0.159036     0.859382
     0.160710     0.865070
     0.162385     0.870742
     0.164059     0.876398
     0.165733     0.882038
     0.167407     0.887663


    -0.167407     1.828922
    -0.165733     1.821195
    -0.164059     1.813488
    -0.162385     1.805804
    -0.160710     1.798142
    -0.159036     1.790507
    -0.157362     1.782899
    -0.155688     1.775321
    -0.154014     1.767775
    -0.152340     1.760263
    -0.150666     1.752787
    -0.148992     1.745349
    -0.147318     1.737951
    -0.145644     1.730596
    -0.143970     1.723286
    -0.142296     1.716023
    -0.140622     1.708810
    -0.138948     1.701648
    -0.137274     1.694540
    -0.135599     1.687489
    -0.133925     1.680496
    -0.132251     1.673565
    -0.130577     1.666697
    -0.128903     1.659894
    -0.127229     1.653160
    -0.125555     1.646497
    -0.123881     1.639906
    -0.122207     1.633391
    -0.120533     1.626953
    -0.118859     1.620595
    -0.117185     1.614319
    -0.115511     1.608128
    -0.113837     1.602024
    -0.112163     1.596009
    -0.110488     1.590086
    -0.108814     1.584255
    -0.107140     1.578521
    -0.105466     1.572884
    -0.103792     1.567348
    -0.102118     1.561913
    -0.100444     1.556582
    -0.098770     1.551357
    -0.097096     1.546240
    -0.095422     1.541232
    -0.093748     1.536336
    -0.092074     1.531553
    -0.090400     1.526884
    -0.088726     1.522332
    -0.087051     1.517898
    -0.085377     1.513583
    -0.083703     1.509389
    -0.082029     1.505317
    -0.080355     1.501368
    -0.078681     1.497543
    -0.077007     1.493844
    -0.075333     1.490271
    -0.073659     1.486825
    -0.071985     1.483508
    -0.070311     1.480319
    -0.068637     1.477260
    -0.066963     1.474331
    -0.065289     1.471533
    -0.063615     1.468865
    -0.061940     1.466329
    -0.060266     1.463925
    -0.058592     1.461652
    -0.056918     1.459511
    -0.055244     1.457502
    -0.053570     1.455625
    -0.051896     1.453879
    -0.050222     1.452265
    -0.048548     1.450782
    -0.046874     1.449430
    -0.045200     1.448208
    -0.043526     1.447116
    -0.041852     1.446153
    -0.040178     1.445319
    -0.038504     1.444614
    -0.036829     1.444035
    -0.035155     1.443583
    -0.033481     1.443256
    -0.031807     1.443055
    -0.030133     1.442977
    -0.028459     1.443022
    -0.026785     1.443188
    -0.025111     1.443476
    -0.023437     1.443883
    -0.021763     1.444408
    -0.020089     1.445051
    -0.018415     1.445809
    -0.016741     1.446682
    -0.015067     1.447669
    -0.013393     1.448768
    -0.011718     1.449978
    -0.010044     1.451297
    -0.008370     1.452724
    -0.006696     1.454258
    -0.005022     1.455898
    -0.003348     1.457641
    -0.001674     1.459486
     0.000000     1.461426
     0.001674     1.459496
     0.003348     1.457651
     0.005022     1.455908
     0.006696     1.454269
     0.008370     1.452735
     0.010044     1.451308
     0.011718     1.449989
     0.013393     1.448780
     0.015067     1.447681
     0.016741     1.446694
     0.018415     1.445821
     0.020089     1.445063
     0.021763     1.444421
     0.023437     1.443896
     0.025111     1.443489
     0.026785     1.443202
     0.028459     1.443036
     0.030133     1.442991
     0.031807     1.443069
     0.033481     1.443271
     0.035155     1.443598
     0.036829     1.444050
     0.038504     1.444629
     0.040178     1.445335
     0.041852     1.446169
     0.043526     1.447132
     0.045200     1.448224
     0.046874     1.449446
     0.048548     1.450799
     0.050222     1.452282
     0.051896     1.453896
     0.053570     1.455642
     0.055244     1.457519
     0.056918     1.459528
     0.058592     1.461669
     0.060266     1.463942
     0.061940     1.466347
     0.063615     1.468883
     0.065289     1.471550
     0.066963     1.474349
     0.068637     1.477278
     0.070311     1.480337
     0.071985     1.483526
     0.073659     1.486843
     0.075333     1.490289
     0.077007     1.493862
     0.078681     1.497561
     0.080355     1.501385
     0.082029     1.505334
     0.083703     1.509406
     0.085377     1.513600
     0.087051     1.517915
     0.088726     1.522349
     0.090400     1.526901
     0.092074     1.531569
     0.093748     1.536352
     0.095422     1.541248
     0.097096     1.546255
     0.098770     1.551372
     0.100444     1.556597
     0.102118     1.561928
     0.103792     1.567362
     0.105466     1.572899
     0.107140     1.578535
     0.108814     1.584269
     0.110488     1.590099
     0.112163     1.596022
     0.113837     1.602037
     0.115511     1.608141
     0.117185     1.614331
     0.118859     1.620607
     0.120533     1.626964
     0.122207     1.633402
     0.123881     1.639917
     0.125555     1.646507
     0.127229     1.653170
     0.128903     1.659904
     0.130577     1.666705
     0.132251     1.673573
     0.133925     1.680504
     0.135599     1.687496
     0.137274     1.694547
     0.138948     1.701655
     0.140622     1.708816
     0.142296     1.716029
     0.143970     1.723291
     0.145644     1.730601
     0.147318     1.737956
     0.148992     1.745353
     0.150666     1.752790
     0.152340     1.760266
     0.154014     1.767778
     0.155688     1.775324
     0.157362     1.782901
     0.159036     1.790509
     0.160710     1.798144
     0.162385     1.805805
     0.164059     1.813489
     0.165733     1.821195
     0.167407     1.828922


    -0.167407     1.954238
    -0.165733     1.947846
    -0.164059     1.941463
    -0.162385     1.935090
    -0.160710     1.928728
    -0.159036     1.922375
    -0.157362     1.916035
    -0.155688     1.909706
    -0.154014     1.903389
    -0.152340     1.897086
    -0.150666     1.890795
    -0.148992     1.884519
    -0.147318     1.878257
    -0.145644     1.872011
    -0.143970     1.865779
    -0.142296     1.859564
    -0.140622     1.853366
    -0.138948     1.847184
    -0.137274     1.841021
    -0.135599     1.834875
    -0.133925     1.828748
    -0.132251     1.822640
    -0.130577     1.816553
    -0.128903     1.810485
    -0.127229     1.804438
    -0.125555     1.798412
    -0.123881     1.792409
    -0.122207     1.786428
    -0.120533     1.780469
    -0.118859     1.774535
    -0.117185     1.768624
    -0.115511     1.762738
    -0.113837     1.756877
    -0.112163     1.751042
    -0.110488     1.745233
    -0.108814     1.739451
    -0.107140     1.733697
    -0.105466     1.727971
    -0.103792     1.722274
    -0.102118     1.716606
    -0.100444     1.710968
    -0.098770     1.705360
    -0.097096     1.699785
    -0.095422     1.694241
    -0.093748     1.688730
    -0.092074     1.683252
    -0.090400     1.677808
    -0.088726     1.672400
    -0.087051     1.667027
    -0.085377     1.661690
    -0.083703     1.656391
    -0.082029     1.651129
    -0.080355     1.645906
    -0.078681     1.640723
    -0.077007     1.635581
    -0.075333     1.630479
    -0.073659     1.625420
    -0.071985     1.620404
    -0.070311     1.615432
    -0.068637     1.610505
    -0.066963     1.605624
    -0.065289     1.600790
    -0.063615     1.596004
    -0.061940     1.591267
    -0.060266     1.586580
    -0.058592     1.581944
    -0.056918     1.577360
    -0.055244     1.572830
    -0.053570     1.568354
    -0.051896     1.563933
    -0.050222     1.559569
    -0.048548     1.555263
    -0.046874     1.551016
    -0.045200     1.546829
    -0.043526     1.542704
    -0.041852     1.538641
    -0.040178     1.534643
    -0.038504     1.530709
    -0.036829     1.526843
    -0.035155     1.523044
    -0.033481     1.519315
    -0.031807     1.515656
    -0.030133     1.512070
    -0.028459     1.508556
    -0.026785     1.505118
    -0.025111     1.501755
    -0.023437     1.498471
    -0.021763     1.495265
    -0.020089     1.492139
    -0.018415     1.489096
    -0.016741     1.486136
    -0.015067     1.483261
    -0.013393     1.480472
    -0.011718     1.477770
    -0.010044     1.475158
    -0.008370     1.472637
    -0.006696     1.470208
    -0.005022     1.467872
    -0.003348     1.465632
    -0.001674     1.463488
     0.000000     1.461450
     0.001674     1.463479
     0.003348     1.465623
     0.005022     1.467864
     0.006696     1.470200
     0.008370     1.472629
     0.010044     1.475151
     0.011718     1.477763
     0.013393     1.480465
     0.015067     1.483254
     0.016741     1.486130
     0.018415     1.489090
     0.020089     1.492134
     0.021763     1.495259
     0.023437     1.498465
     0.025111     1.501750
     0.026785     1.505113
     0.028459     1.508552
     0.030133     1.512065
     0.031807     1.515652
     0.033481     1.519311
     0.035155     1.523040
     0.036829     1.526839
     0.038504     1.530706
     0.040178     1.534639
     0.041852     1.538638
     0.043526     1.542701
     0.045200     1.546826
     0.046874     1.551013
     0.048548     1.555260
     0.050222     1.559567
     0.051896     1.563931
     0.053570     1.568352
     0.055244     1.572828
     0.056918     1.577359
     0.058592     1.581943
     0.060266     1.586579
     0.061940     1.591266
     0.063615     1.596004
     0.065289     1.600790
     0.066963     1.605624
     0.068637     1.610505
     0.070311     1.615432
     0.071985     1.620404
     0.073659     1.625420
     0.075333     1.630479
     0.077007     1.635581
     0.078681     1.640724
     0.080355     1.645907
     0.082029     1.651130
     0.083703     1.656391
     0.085377     1.661691
     0.087051     1.667028
     0.088726     1.672401
     0.090400     1.677810
     0.092074     1.683253
     0.093748     1.688731
     0.095422     1.694242
     0.097096     1.699786
     0.098770     1.705362
     0.100444     1.710970
     0.102118     1.716608
     0.103792     1.722276
     0.105466     1.727973
     0.107140     1.733699
     0.108814     1.739454
     0.110488     1.745236
     0.112163     1.751044
     0.113837     1.756880
     0.115511     1.762741
     0.117185     1.768627
     0.118859     1.774537
     0.120533     1.780472
     0.122207     1.786431
     0.123881     1.792412
     0.125555     1.798416
     0.127229     1.804441
     0.128903     1.810488
     0.130577     1.816556
     0.132251     1.822644
     0.133925     1.828752
     0.135599     1.834879
     0.137274     1.841024
     0.138948     1.847188
     0.140622     1.853370
     0.142296     1.859568
     0.143970     1.865783
     0.145644     1.872015
     0.147318     1.878261
     0.148992     1.884523
     0.150666     1.890799
     0.152340     1.897090
     0.154014     1.903393
     0.155688     1.909710
     0.157362     1.916039
     0.159036     1.922380
     0.160710     1.928732
     0.162385     1.935095
     0.164059     1.941468
     0.165733     1.947851
     0.167407     1.954242


    -0.167407     2.319837
    -0.165733     2.312448
    -0.164059     2.305094
    -0.162385     2.297775
    -0.160710     2.290494
    -0.159036     2.283251
    -0.157362     2.276048
    -0.155688     2.268885
    -0.154014     2.261764
    -0.152340     2.254687
    -0.150666     2.247653
    -0.148992     2.240665
    -0.147318     2.233723
    -0.145644     2.226829
    -0.143970     2.219983
    -0.142296     2.213187
    -0.140622     2.206442
    -0.138948     2.199748
    -0.137274     2.193107
    -0.135599     2.186519
    -0.133925     2.179986
    -0.132251     2.173508
    -0.130577     2.167086
    -0.128903     2.160722
    -0.127229     2.154416
    -0.125555     2.148168
    -0.123881     2.141981
    -0.122207     2.135854
    -0.120533     2.129789
    -0.118859     2.123786
    -0.117185     2.117846
    -0.115511     2.111969
    -0.113837     2.106158
    -0.112163     2.100411
    -0.110488     2.094731
    -0.108814     2.089118
    -0.107140     2.083572
    -0.105466     2.078095
    -0.103792     2.072687
    -0.102118     2.067348
    -0.100444     2.062080
    -0.098770     2.056882
    -0.097096     2.051757
    -0.095422     2.046704
    -0.093748     2.041723
    -0.092074     2.036817
    -0.090400     2.031985
    -0.088726     2.027227
    -0.087051     2.022546
    -0.085377     2.017940
    -0.083703     2.013411
    -0.082029     2.008960
    -0.080355     2.004586
    -0.078681     2.000292
    -0.077007     1.996076
    -0.075333     1.991940
    -0.073659     1.987884
    -0.071985     1.983909
    -0.070311     1.980016
    -0.068637     1.976204
    -0.066963     1.972475
    -0.065289     1.968829
    -0.063615     1.965267
    -0.061940     1.961788
    -0.060266     1.958394
    -0.058592     1.955086
    -0.056918     1.951863
    -0.055244     1.948726
    -0.053570     1.945676
    -0.051896     1.942714
    -0.050222     1.939838
    -0.048548     1.937051
    -0.046874     1.934353
    -0.045200     1.931744
    -0.043526     1.929224
    -0.041852     1.926794
    -0.040178     1.924455
    -0.038504     1.922206
    -0.036829     1.920049
    -0.035155     1.917984
    -0.033481     1.916011
    -0.031807     1.914131
    -0.030133     1.912343
    -0.028459     1.910649
    -0.026785     1.909049
    -0.025111     1.907543
    -0.023437     1.906132
    -0.021763     1.904816
    -0.020089     1.903596
    -0.018415     1.902472
    -0.016741     1.901444
    -0.015067     1.900514
    -0.013393     1.899680
    -0.011718     1.898945
    -0.010044     1.898308
    -0.008370     1.897769
    -0.006696     1.897329
    -0.005022     1.896986
    -0.003348     1.896742
    -0.001674     1.896593
     0.000000     1.896541
     0.001674     1.896585
     0.003348     1.896728
     0.005022     1.896969
     0.006696     1.897309
     0.008370     1.897747
     0.010044     1.898284
     0.011718     1.898920
     0.013393     1.899654
     0.015067     1.900486
     0.016741     1.901415
     0.018415     1.902441
     0.020089     1.903565
     0.021763     1.904784
     0.023437     1.906100
     0.025111     1.907510
     0.026785     1.909016
     0.028459     1.910616
     0.030133     1.912310
     0.031807     1.914098
     0.033481     1.915978
     0.035155     1.917951
     0.036829     1.920017
     0.038504     1.922174
     0.040178     1.924423
     0.041852     1.926762
     0.043526     1.929192
     0.045200     1.931712
     0.046874     1.934322
     0.048548     1.937021
     0.050222     1.939808
     0.051896     1.942683
     0.053570     1.945646
     0.055244     1.948697
     0.056918     1.951834
     0.058592     1.955057
     0.060266     1.958366
     0.061940     1.961760
     0.063615     1.965238
     0.065289     1.968801
     0.066963     1.972447
     0.068637     1.976177
     0.070311     1.979989
     0.071985     1.983882
     0.073659     1.987858
     0.075333     1.991914
     0.077007     1.996050
     0.078681     2.000267
     0.080355     2.004562
     0.082029     2.008936
     0.083703     2.013388
     0.085377     2.017917
     0.087051     2.022523
     0.088726     2.027205
     0.090400     2.031963
     0.092074     2.036796
     0.093748     2.041703
     0.095422     2.046683
     0.097096     2.051737
     0.098770     2.056863
     0.100444     2.062061
     0.102118     2.067330
     0.103792     2.072669
     0.105466     2.078078
     0.107140     2.083556
     0.108814     2.089103
     0.110488     2.094717
     0.112163     2.100397
     0.113837     2.106144
     0.115511     2.111957
     0.117185     2.117833
     0.118859     2.123774
     0.120533     2.129778
     0.122207     2.135844
     0.123881     2.141972
     0.125555     2.148160
     0.127229     2.154408
     0.128903     2.160715
     0.130577     2.167080
     0.132251     2.173502
     0.133925     2.179981
     0.135599     2.186515
     0.137274     2.193103
     0.138948     2.199745
     0.140622     2.206440
     0.142296     2.213186
     0.143970     2.219983
     0.145644     2.226829
     0.147318     2.233724
     0.148992     2.240666
     0.150666     2.247655
     0.152340     2.254689
     0.154014     2.261767
     0.155688     2.268889
     0.157362     2.276052
     0.159036     2.283256
     0.160710     2.290500
     0.162385     2.297782
     0.164059     2.305101
     0.165733     2.312456
     0.167407     2.319845


    -0.167407     2.343143
    -0.165733     2.335635
    -0.164059     2.328144
    -0.162385     2.320675
    -0.160710     2.313227
    -0.159036     2.305803
    -0.157362     2.298404
    -0.155688     2.291032
    -0.154014     2.283688
    -0.152340     2.276374
    -0.150666     2.269091
    -0.148992     2.261841
    -0.147318     2.254626
    -0.145644     2.247447
    -0.143970     2.240305
    -0.142296     2.233202
    -0.140622     2.226140
    -0.138948     2.219121
    -0.137274     2.212144
    -0.135599     2.205213
    -0.133925     2.198328
    -0.132251     2.191492
    -0.130577     2.184705
    -0.128903     2.177969
    -0.127229     2.171285
    -0.125555     2.164655
    -0.123881     2.158080
    -0.122207     2.151561
    -0.120533     2.145101
    -0.118859     2.138700
    -0.117185     2.132360
    -0.115511     2.126081
    -0.113837     2.119866
    -0.112163     2.113716
    -0.110488     2.107631
    -0.108814     2.101614
    -0.107140     2.095665
    -0.105466     2.089785
    -0.103792     2.083977
    -0.102118     2.078240
    -0.100444     2.072577
    -0.098770     2.066988
    -0.097096     2.061475
    -0.095422     2.056038
    -0.093748     2.050679
    -0.092074     2.045398
    -0.090400     2.040198
    -0.088726     2.035078
    -0.087051     2.030039
    -0.085377     2.025084
    -0.083703     2.020212
    -0.082029     2.015425
    -0.080355     2.010724
    -0.078681     2.006108
    -0.077007     2.001580
    -0.075333     1.997140
    -0.073659     1.992789
    -0.071985     1.988527
    -0.070311     1.984355
    -0.068637     1.980275
    -0.066963     1.976286
    -0.065289     1.972390
    -0.063615     1.968586
    -0.061940     1.964876
    -0.060266     1.961260
    -0.058592     1.957739
    -0.056918     1.954313
    -0.055244     1.950983
    -0.053570     1.947749
    -0.051896     1.944612
    -0.050222     1.941571
    -0.048548     1.938628
    -0.046874     1.935783
    -0.045200     1.933037
    -0.043526     1.930388
    -0.041852     1.927839
    -0.040178     1.925388
    -0.038504     1.923037
    -0.036829     1.920785
    -0.035155     1.918633
    -0.033481     1.916581
    -0.031807     1.914630
    -0.030133     1.912778
    -0.028459     1.911027
    -0.026785     1.909376
    -0.025111     1.907825
    -0.023437     1.906375
    -0.021763     1.905025
    -0.020089     1.903776
    -0.018415     1.902627
    -0.016741     1.901578
    -0.015067     1.900629
    -0.013393     1.899779
    -0.011718     1.899029
    -0.010044     1.898378
    -0.008370     1.897827
    -0.006696     1.897376
    -0.005022     1.897024
    -0.003348     1.896773
    -0.001674     1.896623
     0.000000     1.896576
     0.001674     1.896630
     0.003348     1.896785
     0.005022     1.897039
     0.006696     1.897393
     0.008370     1.897846
     0.010044     1.898398
     0.011718     1.899050
     0.013393     1.899800
     0.015067     1.900651
     0.016741     1.901601
     0.018415     1.902650
     0.020089     1.903800
     0.021763     1.905049
     0.023437     1.906399
     0.025111     1.907849
     0.026785     1.909399
     0.028459     1.911049
     0.030133     1.912800
     0.031807     1.914651
     0.033481     1.916602
     0.035155     1.918654
     0.036829     1.920805
     0.038504     1.923056
     0.040178     1.925406
     0.041852     1.927856
     0.043526     1.930405
     0.045200     1.933053
     0.046874     1.935799
     0.048548     1.938644
     0.050222     1.941586
     0.051896     1.944626
     0.053570     1.947763
     0.055244     1.950996
     0.056918     1.954326
     0.058592     1.957752
     0.060266     1.961272
     0.061940     1.964888
     0.063615     1.968597
     0.065289     1.972400
     0.066963     1.976296
     0.068637     1.980285
     0.070311     1.984365
     0.071985     1.988536
     0.073659     1.992798
     0.075333     1.997149
     0.077007     2.001588
     0.078681     2.006116
     0.080355     2.010731
     0.082029     2.015433
     0.083703     2.020219
     0.085377     2.025091
     0.087051     2.030046
     0.088726     2.035084
     0.090400     2.040204
     0.092074     2.045404
     0.093748     2.050684
     0.095422     2.056043
     0.097096     2.061480
     0.098770     2.066993
     0.100444     2.072582
     0.102118     2.078245
     0.103792     2.083981
     0.105466     2.089790
     0.107140     2.095669
     0.108814     2.101618
     0.110488     2.107635
     0.112163     2.113719
     0.113837     2.119870
     0.115511     2.126085
     0.117185     2.132363
     0.118859     2.138703
     0.120533     2.145104
     0.122207     2.151564
     0.123881     2.158083
     0.125555     2.164657
     0.127229     2.171287
     0.128903     2.177971
     0.130577     2.184707
     0.132251     2.191494
     0.133925     2.198331
     0.135599     2.205216
     0.137274     2.212147
     0.138948     2.219123
     0.140622     2.226143
     0.142296     2.233205
     0.143970     2.240308
     0.145644     2.247449
     0.147318     2.254628
     0.148992     2.261844
     0.150666     2.269094
     0.152340     2.276376
     0.154014     2.283691
     0.155688     2.291035
     0.157362     2.298407
     0.159036     2.305806
     0.160710     2.313230
     0.162385     2.320678
     0.164059     2.328148
     0.165733     2.335638
     0.167407     2.343147


