    -0.167407    -3.904951
    -0.165733    -3.905370
    -0.164059    -3.905787
    -0.162385    -3.906202
    -0.160710    -3.906616
    -0.159036    -3.907029
    -0.157362    -3.907439
    -0.155688    -3.907847
    -0.154014    -3.908253
    -0.152340    -3.908656
    -0.150666    -3.909056
    -0.148992    -3.909454
    -0.147318    -3.909848
    -0.145644    -3.910239
    -0.143970    -3.910627
    -0.142296    -3.911011
    -0.140622    -3.911392
    -0.138948    -3.911768
    -0.137274    -3.912141
    -0.135599    -3.912509
    -0.133925    -3.912873
    -0.132251    -3.913232
    -0.130577    -3.913587
    -0.128903    -3.913937
    -0.127229    -3.914282
    -0.125555    -3.914622
    -0.123881    -3.914957
    -0.122207    -3.915286
    -0.120533    -3.915610
    -0.118859    -3.915929
    -0.117185    -3.916242
    -0.115511    -3.916548
    -0.113837    -3.916849
    -0.112163    -3.917144
    -0.110488    -3.917433
    -0.108814    -3.917715
    -0.107140    -3.917991
    -0.105466    -3.918260
    -0.103792    -3.918523
    -0.102118    -3.918779
    -0.100444    -3.919028
    -0.098770    -3.919270
    -0.097096    -3.919506
    -0.095422    -3.919734
    -0.093748    -3.919954
    -0.092074    -3.920168
    -0.090400    -3.920373
    -0.088726    -3.920572
    -0.087051    -3.920763
    -0.085377    -3.920946
    -0.083703    -3.921121
    -0.082029    -3.921288
    -0.080355    -3.921448
    -0.078681    -3.921599
    -0.077007    -3.921742
    -0.075333    -3.921877
    -0.073659    -3.922004
    -0.071985    -3.922122
    -0.070311    -3.922232
    -0.068637    -3.922334
    -0.066963    -3.922426
    -0.065289    -3.922511
    -0.063615    -3.922586
    -0.061940    -3.922653
    -0.060266    -3.922711
    -0.058592    -3.922760
    -0.056918    -3.922800
    -0.055244    -3.922831
    -0.053570    -3.922853
    -0.051896    -3.922866
    -0.050222    -3.922870
    -0.048548    -3.922864
    -0.046874    -3.922849
    -0.045200    -3.922825
    -0.043526    -3.922792
    -0.041852    -3.922749
    -0.040178    -3.922696
    -0.038504    -3.922634
    -0.036829    -3.922563
    -0.035155    -3.922482
    -0.033481    -3.922391
    -0.031807    -3.922290
    -0.030133    -3.922180
    -0.028459    -3.922060
    -0.026785    -3.921930
    -0.025111    -3.921791
    -0.023437    -3.921641
    -0.021763    -3.921482
    -0.020089    -3.921312
    -0.018415    -3.921133
    -0.016741    -3.920943
    -0.015067    -3.920744
    -0.013393    -3.920535
    -0.011718    -3.920315
    -0.010044    -3.920085
    -0.008370    -3.919846
    -0.006696    -3.919596
    -0.005022    -3.919335
    -0.003348    -3.919065
    -0.001674    -3.918785
     0.000000    -3.918499
     0.001674    -3.918787
     0.003348    -3.919068
     0.005022    -3.919338
     0.006696    -3.919599
     0.008370    -3.919849
     0.010044    -3.920088
     0.011718    -3.920318
     0.013393    -3.920538
     0.015067    -3.920747
     0.016741    -3.920947
     0.018415    -3.921136
     0.020089    -3.921316
     0.021763    -3.921485
     0.023437    -3.921645
     0.025111    -3.921794
     0.026785    -3.921934
     0.028459    -3.922064
     0.030133    -3.922184
     0.031807    -3.922294
     0.033481    -3.922394
     0.035155    -3.922485
     0.036829    -3.922566
     0.038504    -3.922638
     0.040178    -3.922700
     0.041852    -3.922752
     0.043526    -3.922795
     0.045200    -3.922829
     0.046874    -3.922853
     0.048548    -3.922867
     0.050222    -3.922873
     0.051896    -3.922869
     0.053570    -3.922856
     0.055244    -3.922834
     0.056918    -3.922802
     0.058592    -3.922762
     0.060266    -3.922713
     0.061940    -3.922655
     0.063615    -3.922588
     0.065289    -3.922512
     0.066963    -3.922428
     0.068637    -3.922335
     0.070311    -3.922233
     0.071985    -3.922123
     0.073659    -3.922004
     0.075333    -3.921877
     0.077007    -3.921742
     0.078681    -3.921599
     0.080355    -3.921447
     0.082029    -3.921287
     0.083703    -3.921120
     0.085377    -3.920944
     0.087051    -3.920761
     0.088726    -3.920570
     0.090400    -3.920371
     0.092074    -3.920165
     0.093748    -3.919951
     0.095422    -3.919730
     0.097096    -3.919502
     0.098770    -3.919267
     0.100444    -3.919024
     0.102118    -3.918775
     0.103792    -3.918519
     0.105466    -3.918256
     0.107140    -3.917986
     0.108814    -3.917710
     0.110488    -3.917427
     0.112163    -3.917138
     0.113837    -3.916843
     0.115511    -3.916542
     0.117185    -3.916234
     0.118859    -3.915921
     0.120533    -3.915603
     0.122207    -3.915278
     0.123881    -3.914948
     0.125555    -3.914613
     0.127229    -3.914273
     0.128903    -3.913928
     0.130577    -3.913577
     0.132251    -3.913222
     0.133925    -3.912862
     0.135599    -3.912498
     0.137274    -3.912130
     0.138948    -3.911757
     0.140622    -3.911380
     0.142296    -3.910999
     0.143970    -3.910615
     0.145644    -3.910227
     0.147318    -3.909835
     0.148992    -3.909441
     0.150666    -3.909043
     0.152340    -3.908642
     0.154014    -3.908239
     0.155688    -3.907833
     0.157362    -3.907425
     0.159036    -3.907014
     0.160710    -3.906602
     0.162385    -3.906187
     0.164059    -3.905772
     0.165733    -3.905354
     0.167407    -3.904936


    -0.167407    -3.838690
    -0.165733    -3.839933
    -0.164059    -3.841168
    -0.162385    -3.842397
    -0.160710    -3.843618
    -0.159036    -3.844832
    -0.157362    -3.846039
    -0.155688    -3.847238
    -0.154014    -3.848429
    -0.152340    -3.849613
    -0.150666    -3.850789
    -0.148992    -3.851958
    -0.147318    -3.853118
    -0.145644    -3.854271
    -0.143970    -3.855415
    -0.142296    -3.856552
    -0.140622    -3.857680
    -0.138948    -3.858800
    -0.137274    -3.859911
    -0.135599    -3.861015
    -0.133925    -3.862110
    -0.132251    -3.863196
    -0.130577    -3.864274
    -0.128903    -3.865343
    -0.127229    -3.866403
    -0.125555    -3.867455
    -0.123881    -3.868498
    -0.122207    -3.869532
    -0.120533    -3.870557
    -0.118859    -3.871573
    -0.117185    -3.872580
    -0.115511    -3.873578
    -0.113837    -3.874566
    -0.112163    -3.875546
    -0.110488    -3.876516
    -0.108814    -3.877477
    -0.107140    -3.878429
    -0.105466    -3.879371
    -0.103792    -3.880304
    -0.102118    -3.881227
    -0.100444    -3.882141
    -0.098770    -3.883045
    -0.097096    -3.883939
    -0.095422    -3.884824
    -0.093748    -3.885699
    -0.092074    -3.886565
    -0.090400    -3.887420
    -0.088726    -3.888266
    -0.087051    -3.889102
    -0.085377    -3.889928
    -0.083703    -3.890745
    -0.082029    -3.891551
    -0.080355    -3.892347
    -0.078681    -3.893133
    -0.077007    -3.893910
    -0.075333    -3.894676
    -0.073659    -3.895432
    -0.071985    -3.896178
    -0.070311    -3.896914
    -0.068637    -3.897640
    -0.066963    -3.898355
    -0.065289    -3.899061
    -0.063615    -3.899756
    -0.061940    -3.900441
    -0.060266    -3.901116
    -0.058592    -3.901780
    -0.056918    -3.902434
    -0.055244    -3.903078
    -0.053570    -3.903711
    -0.051896    -3.904334
    -0.050222    -3.904947
    -0.048548    -3.905550
    -0.046874    -3.906142
    -0.045200    -3.906723
    -0.043526    -3.907295
    -0.041852    -3.907856
    -0.040178    -3.908406
    -0.038504    -3.908946
    -0.036829    -3.909476
    -0.035155    -3.909995
    -0.033481    -3.910504
    -0.031807    -3.911002
    -0.030133    -3.911490
    -0.028459    -3.911968
    -0.026785    -3.912435
    -0.025111    -3.912892
    -0.023437    -3.913338
    -0.021763    -3.913774
    -0.020089    -3.914200
    -0.018415    -3.914615
    -0.016741    -3.915019
    -0.015067    -3.915414
    -0.013393    -3.915798
    -0.011718    -3.916171
    -0.010044    -3.916534
    -0.008370    -3.916887
    -0.006696    -3.917229
    -0.005022    -3.917562
    -0.003348    -3.917883
    -0.001674    -3.918195
     0.000000    -3.918491
     0.001674    -3.918193
     0.003348    -3.917881
     0.005022    -3.917560
     0.006696    -3.917228
     0.008370    -3.916885
     0.010044    -3.916533
     0.011718    -3.916170
     0.013393    -3.915796
     0.015067    -3.915413
     0.016741    -3.915018
     0.018415    -3.914614
     0.020089    -3.914199
     0.021763    -3.913774
     0.023437    -3.913338
     0.025111    -3.912892
     0.026785    -3.912435
     0.028459    -3.911968
     0.030133    -3.911491
     0.031807    -3.911003
     0.033481    -3.910505
     0.035155    -3.909996
     0.036829    -3.909477
     0.038504    -3.908948
     0.040178    -3.908408
     0.041852    -3.907857
     0.043526    -3.907297
     0.045200    -3.906726
     0.046874    -3.906144
     0.048548    -3.905552
     0.050222    -3.904950
     0.051896    -3.904337
     0.053570    -3.903714
     0.055244    -3.903081
     0.056918    -3.902437
     0.058592    -3.901783
     0.060266    -3.901119
     0.061940    -3.900445
     0.063615    -3.899760
     0.065289    -3.899065
     0.066963    -3.898360
     0.068637    -3.897644
     0.070311    -3.896918
     0.071985    -3.896183
     0.073659    -3.895437
     0.075333    -3.894681
     0.077007    -3.893914
     0.078681    -3.893138
     0.080355    -3.892352
     0.082029    -3.891556
     0.083703    -3.890750
     0.085377    -3.889933
     0.087051    -3.889107
     0.088726    -3.888271
     0.090400    -3.887425
     0.092074    -3.886570
     0.093748    -3.885704
     0.095422    -3.884829
     0.097096    -3.883944
     0.098770    -3.883050
     0.100444    -3.882146
     0.102118    -3.881232
     0.103792    -3.880309
     0.105466    -3.879376
     0.107140    -3.878434
     0.108814    -3.877482
     0.110488    -3.876521
     0.112163    -3.875551
     0.113837    -3.874571
     0.115511    -3.873582
     0.117185    -3.872584
     0.118859    -3.871577
     0.120533    -3.870561
     0.122207    -3.869536
     0.123881    -3.868502
     0.125555    -3.867459
     0.127229    -3.866407
     0.128903    -3.865347
     0.130577    -3.864278
     0.132251    -3.863200
     0.133925    -3.862113
     0.135599    -3.861018
     0.137274    -3.859915
     0.138948    -3.858803
     0.140622    -3.857683
     0.142296    -3.856554
     0.143970    -3.855418
     0.145644    -3.854273
     0.147318    -3.853120
     0.148992    -3.851960
     0.150666    -3.850791
     0.152340    -3.849615
     0.154014    -3.848431
     0.155688    -3.847239
     0.157362    -3.846040
     0.159036    -3.844833
     0.160710    -3.843619
     0.162385    -3.842397
     0.164059    -3.841169
     0.165733    -3.839933
     0.167407    -3.838690


    -0.167407    -2.445642
    -0.165733    -2.441374
    -0.164059    -2.437221
    -0.162385    -2.433176
    -0.160710    -2.429238
    -0.159036    -2.425400
    -0.157362    -2.421661
    -0.155688    -2.418015
    -0.154014    -2.414460
    -0.152340    -2.410991
    -0.150666    -2.407606
    -0.148992    -2.404301
    -0.147318    -2.401073
    -0.145644    -2.397920
    -0.143970    -2.394839
    -0.142296    -2.391826
    -0.140622    -2.388880
    -0.138948    -2.385998
    -0.137274    -2.383178
    -0.135599    -2.380418
    -0.133925    -2.377716
    -0.132251    -2.375069
    -0.130577    -2.372477
    -0.128903    -2.369936
    -0.127229    -2.367447
    -0.125555    -2.365007
    -0.123881    -2.362615
    -0.122207    -2.360269
    -0.120533    -2.357969
    -0.118859    -2.355713
    -0.117185    -2.353500
    -0.115511    -2.351329
    -0.113837    -2.349199
    -0.112163    -2.347109
    -0.110488    -2.345058
    -0.108814    -2.343045
    -0.107140    -2.341070
    -0.105466    -2.339132
    -0.103792    -2.337230
    -0.102118    -2.335363
    -0.100444    -2.333532
    -0.098770    -2.331735
    -0.097096    -2.329971
    -0.095422    -2.328241
    -0.093748    -2.326544
    -0.092074    -2.324880
    -0.090400    -2.323247
    -0.088726    -2.321646
    -0.087051    -2.320076
    -0.085377    -2.318538
    -0.083703    -2.317029
    -0.082029    -2.315551
    -0.080355    -2.314104
    -0.078681    -2.312685
    -0.077007    -2.311297
    -0.075333    -2.309938
    -0.073659    -2.308607
    -0.071985    -2.307306
    -0.070311    -2.306033
    -0.068637    -2.304789
    -0.066963    -2.303573
    -0.065289    -2.302385
    -0.063615    -2.301226
    -0.061940    -2.300094
    -0.060266    -2.298990
    -0.058592    -2.297913
    -0.056918    -2.296864
    -0.055244    -2.295843
    -0.053570    -2.294849
    -0.051896    -2.293882
    -0.050222    -2.292942
    -0.048548    -2.292030
    -0.046874    -2.291144
    -0.045200    -2.290285
    -0.043526    -2.289453
    -0.041852    -2.288648
    -0.040178    -2.287870
    -0.038504    -2.287118
    -0.036829    -2.286393
    -0.035155    -2.285695
    -0.033481    -2.285023
    -0.031807    -2.284378
    -0.030133    -2.283759
    -0.028459    -2.283166
    -0.026785    -2.282600
    -0.025111    -2.282060
    -0.023437    -2.281547
    -0.021763    -2.281060
    -0.020089    -2.280599
    -0.018415    -2.280164
    -0.016741    -2.279755
    -0.015067    -2.279373
    -0.013393    -2.279017
    -0.011718    -2.278687
    -0.010044    -2.278383
    -0.008370    -2.278104
    -0.006696    -2.277852
    -0.005022    -2.277626
    -0.003348    -2.277426
    -0.001674    -2.277252
     0.000000    -2.277115
     0.001674    -2.277262
     0.003348    -2.277436
     0.005022    -2.277637
     0.006696    -2.277863
     0.008370    -2.278115
     0.010044    -2.278393
     0.011718    -2.278697
     0.013393    -2.279028
     0.015067    -2.279384
     0.016741    -2.279766
     0.018415    -2.280175
     0.020089    -2.280610
     0.021763    -2.281071
     0.023437    -2.281558
     0.025111    -2.282072
     0.026785    -2.282611
     0.028459    -2.283177
     0.030133    -2.283770
     0.031807    -2.284389
     0.033481    -2.285034
     0.035155    -2.285706
     0.036829    -2.286404
     0.038504    -2.287129
     0.040178    -2.287881
     0.041852    -2.288659
     0.043526    -2.289464
     0.045200    -2.290296
     0.046874    -2.291155
     0.048548    -2.292041
     0.050222    -2.292953
     0.051896    -2.293893
     0.053570    -2.294860
     0.055244    -2.295854
     0.056918    -2.296875
     0.058592    -2.297924
     0.060266    -2.299000
     0.061940    -2.300104
     0.063615    -2.301236
     0.065289    -2.302396
     0.066963    -2.303583
     0.068637    -2.304799
     0.070311    -2.306043
     0.071985    -2.307316
     0.073659    -2.308617
     0.075333    -2.309947
     0.077007    -2.311307
     0.078681    -2.312695
     0.080355    -2.314113
     0.082029    -2.315561
     0.083703    -2.317039
     0.085377    -2.318547
     0.087051    -2.320086
     0.088726    -2.321655
     0.090400    -2.323256
     0.092074    -2.324889
     0.093748    -2.326553
     0.095422    -2.328250
     0.097096    -2.329980
     0.098770    -2.331743
     0.100444    -2.333541
     0.102118    -2.335372
     0.103792    -2.337238
     0.105466    -2.339140
     0.107140    -2.341078
     0.108814    -2.343053
     0.110488    -2.345066
     0.112163    -2.347117
     0.113837    -2.349207
     0.115511    -2.351337
     0.117185    -2.353508
     0.118859    -2.355721
     0.120533    -2.357977
     0.122207    -2.360277
     0.123881    -2.362623
     0.125555    -2.365015
     0.127229    -2.367455
     0.128903    -2.369944
     0.130577    -2.372484
     0.132251    -2.375077
     0.133925    -2.377723
     0.135599    -2.380426
     0.137274    -2.383186
     0.138948    -2.386006
     0.140622    -2.388888
     0.142296    -2.391834
     0.143970    -2.394846
     0.145644    -2.397928
     0.147318    -2.401081
     0.148992    -2.404308
     0.150666    -2.407613
     0.152340    -2.410998
     0.154014    -2.414467
     0.155688    -2.418022
     0.157362    -2.421668
     0.159036    -2.425407
     0.160710    -2.429244
     0.162385    -2.433183
     0.164059    -2.437227
     0.165733    -2.441381
     0.167407    -2.445648


    -0.167407    -2.400586
    -0.165733    -2.397034
    -0.164059    -2.393615
    -0.162385    -2.390320
    -0.160710    -2.387142
    -0.159036    -2.384073
    -0.157362    -2.381105
    -0.155688    -2.378233
    -0.154014    -2.375450
    -0.152340    -2.372752
    -0.150666    -2.370132
    -0.148992    -2.367586
    -0.147318    -2.365110
    -0.145644    -2.362699
    -0.143970    -2.360350
    -0.142296    -2.358061
    -0.140622    -2.355826
    -0.138948    -2.353645
    -0.137274    -2.351514
    -0.135599    -2.349431
    -0.133925    -2.347393
    -0.132251    -2.345400
    -0.130577    -2.343448
    -0.128903    -2.341537
    -0.127229    -2.339664
    -0.125555    -2.337829
    -0.123881    -2.336030
    -0.122207    -2.334267
    -0.120533    -2.332537
    -0.118859    -2.330840
    -0.117185    -2.329176
    -0.115511    -2.327543
    -0.113837    -2.325941
    -0.112163    -2.324368
    -0.110488    -2.322825
    -0.108814    -2.321311
    -0.107140    -2.319825
    -0.105466    -2.318367
    -0.103792    -2.316936
    -0.102118    -2.315533
    -0.100444    -2.314156
    -0.098770    -2.312805
    -0.097096    -2.311481
    -0.095422    -2.310183
    -0.093748    -2.308910
    -0.092074    -2.307663
    -0.090400    -2.306441
    -0.088726    -2.305244
    -0.087051    -2.304072
    -0.085377    -2.302926
    -0.083703    -2.301803
    -0.082029    -2.300706
    -0.080355    -2.299633
    -0.078681    -2.298585
    -0.077007    -2.297561
    -0.075333    -2.296561
    -0.073659    -2.295586
    -0.071985    -2.294635
    -0.070311    -2.293709
    -0.068637    -2.292807
    -0.066963    -2.291929
    -0.065289    -2.291076
    -0.063615    -2.290247
    -0.061940    -2.289442
    -0.060266    -2.288662
    -0.058592    -2.287906
    -0.056918    -2.287174
    -0.055244    -2.286467
    -0.053570    -2.285784
    -0.051896    -2.285126
    -0.050222    -2.284493
    -0.048548    -2.283884
    -0.046874    -2.283300
    -0.045200    -2.282740
    -0.043526    -2.282205
    -0.041852    -2.281695
    -0.040178    -2.281209
    -0.038504    -2.280749
    -0.036829    -2.280313
    -0.035155    -2.279902
    -0.033481    -2.279516
    -0.031807    -2.279156
    -0.030133    -2.278820
    -0.028459    -2.278509
    -0.026785    -2.278224
    -0.025111    -2.277964
    -0.023437    -2.277729
    -0.021763    -2.277519
    -0.020089    -2.277335
    -0.018415    -2.277176
    -0.016741    -2.277042
    -0.015067    -2.276934
    -0.013393    -2.276851
    -0.011718    -2.276794
    -0.010044    -2.276763
    -0.008370    -2.276757
    -0.006696    -2.276777
    -0.005022    -2.276822
    -0.003348    -2.276893
    -0.001674    -2.276990
     0.000000    -2.277101
     0.001674    -2.276981
     0.003348    -2.276884
     0.005022    -2.276813
     0.006696    -2.276768
     0.008370    -2.276748
     0.010044    -2.276754
     0.011718    -2.276786
     0.013393    -2.276843
     0.015067    -2.276926
     0.016741    -2.277034
     0.018415    -2.277168
     0.020089    -2.277327
     0.021763    -2.277512
     0.023437    -2.277722
     0.025111    -2.277957
     0.026785    -2.278218
     0.028459    -2.278503
     0.030133    -2.278814
     0.031807    -2.279150
     0.033481    -2.279511
     0.035155    -2.279898
     0.036829    -2.280309
     0.038504    -2.280745
     0.040178    -2.281206
     0.041852    -2.281691
     0.043526    -2.282202
     0.045200    -2.282737
     0.046874    -2.283297
     0.048548    -2.283882
     0.050222    -2.284491
     0.051896    -2.285125
     0.053570    -2.285784
     0.055244    -2.286467
     0.056918    -2.287174
     0.058592    -2.287906
     0.060266    -2.288662
     0.061940    -2.289443
     0.063615    -2.290248
     0.065289    -2.291078
     0.066963    -2.291931
     0.068637    -2.292810
     0.070311    -2.293712
     0.071985    -2.294639
     0.073659    -2.295590
     0.075333    -2.296565
     0.077007    -2.297565
     0.078681    -2.298590
     0.080355    -2.299638
     0.082029    -2.300712
     0.083703    -2.301810
     0.085377    -2.302932
     0.087051    -2.304079
     0.088726    -2.305252
     0.090400    -2.306449
     0.092074    -2.307671
     0.093748    -2.308918
     0.095422    -2.310192
     0.097096    -2.311490
     0.098770    -2.312815
     0.100444    -2.314165
     0.102118    -2.315543
     0.103792    -2.316946
     0.105466    -2.318377
     0.107140    -2.319836
     0.108814    -2.321322
     0.110488    -2.322836
     0.112163    -2.324380
     0.113837    -2.325952
     0.115511    -2.327555
     0.117185    -2.329188
     0.118859    -2.330853
     0.120533    -2.332550
     0.122207    -2.334280
     0.123881    -2.336043
     0.125555    -2.337842
     0.127229    -2.339678
     0.128903    -2.341550
     0.130577    -2.343462
     0.132251    -2.345413
     0.133925    -2.347407
     0.135599    -2.349445
     0.137274    -2.351528
     0.138948    -2.353659
     0.140622    -2.355841
     0.142296    -2.358075
     0.143970    -2.360365
     0.145644    -2.362713
     0.147318    -2.365124
     0.148992    -2.367600
     0.150666    -2.370146
     0.152340    -2.372766
     0.154014    -2.375465
     0.155688    -2.378247
     0.157362    -2.381119
     0.159036    -2.384086
     0.160710    -2.387156
     0.162385    -2.390334
     0.164059    -2.393628
     0.165733    -2.397047
     0.167407    -2.400599


    -0.167407    -2.173990
    -0.165733    -2.165585
    -0.164059    -2.157106
    -0.162385    -2.148561
    -0.160710    -2.139962
    -0.159036    -2.131317
    -0.157362    -2.122635
    -0.155688    -2.113924
    -0.154014    -2.105193
    -0.152340    -2.096448
    -0.150666    -2.087697
    -0.148992    -2.078946
    -0.147318    -2.070201
    -0.145644    -2.061468
    -0.143970    -2.052753
    -0.142296    -2.044060
    -0.140622    -2.035395
    -0.138948    -2.026762
    -0.137274    -2.018165
    -0.135599    -2.009609
    -0.133925    -2.001098
    -0.132251    -1.992634
    -0.130577    -1.984222
    -0.128903    -1.975865
    -0.127229    -1.967566
    -0.125555    -1.959329
    -0.123881    -1.951155
    -0.122207    -1.943048
    -0.120533    -1.935010
    -0.118859    -1.927043
    -0.117185    -1.919151
    -0.115511    -1.911334
    -0.113837    -1.903596
    -0.112163    -1.895938
    -0.110488    -1.888363
    -0.108814    -1.880871
    -0.107140    -1.873464
    -0.105466    -1.866144
    -0.103792    -1.858913
    -0.102118    -1.851772
    -0.100444    -1.844721
    -0.098770    -1.837763
    -0.097096    -1.830898
    -0.095422    -1.824128
    -0.093748    -1.817452
    -0.092074    -1.810873
    -0.090400    -1.804390
    -0.088726    -1.798005
    -0.087051    -1.791717
    -0.085377    -1.785528
    -0.083703    -1.779438
    -0.082029    -1.773446
    -0.080355    -1.767554
    -0.078681    -1.761762
    -0.077007    -1.756069
    -0.075333    -1.750476
    -0.073659    -1.744983
    -0.071985    -1.739590
    -0.070311    -1.734296
    -0.068637    -1.729101
    -0.066963    -1.724005
    -0.065289    -1.719009
    -0.063615    -1.714111
    -0.061940    -1.709311
    -0.060266    -1.704609
    -0.058592    -1.700005
    -0.056918    -1.695498
    -0.055244    -1.691087
    -0.053570    -1.686774
    -0.051896    -1.682556
    -0.050222    -1.678435
    -0.048548    -1.674409
    -0.046874    -1.670478
    -0.045200    -1.666641
    -0.043526    -1.662896
    -0.041852    -1.659243
    -0.040178    -1.655680
    -0.038504    -1.652204
    -0.036829    -1.648814
    -0.035155    -1.645510
    -0.033481    -1.642290
    -0.031807    -1.639154
    -0.030133    -1.636101
    -0.028459    -1.633132
    -0.026785    -1.630246
    -0.025111    -1.627445
    -0.023437    -1.624728
    -0.021763    -1.622098
    -0.020089    -1.619554
    -0.018415    -1.617101
    -0.016741    -1.614740
    -0.015067    -1.612476
    -0.013393    -1.610315
    -0.011718    -1.608266
    -0.010044    -1.606343
    -0.008370    -1.604565
    -0.006696    -1.602963
    -0.005022    -1.601583
    -0.003348    -1.600493
    -0.001674    -1.599779
     0.000000    -1.599524
     0.001674    -1.599770
     0.003348    -1.600481
     0.005022    -1.601570
     0.006696    -1.602949
     0.008370    -1.604551
     0.010044    -1.606329
     0.011718    -1.608252
     0.013393    -1.610301
     0.015067    -1.612462
     0.016741    -1.614726
     0.018415    -1.617087
     0.020089    -1.619540
     0.021763    -1.622083
     0.023437    -1.624714
     0.025111    -1.627431
     0.026785    -1.630232
     0.028459    -1.633118
     0.030133    -1.636087
     0.031807    -1.639140
     0.033481    -1.642276
     0.035155    -1.645496
     0.036829    -1.648800
     0.038504    -1.652190
     0.040178    -1.655666
     0.041852    -1.659230
     0.043526    -1.662883
     0.045200    -1.666627
     0.046874    -1.670464
     0.048548    -1.674396
     0.050222    -1.678422
     0.051896    -1.682543
     0.053570    -1.686760
     0.055244    -1.691074
     0.056918    -1.695484
     0.058592    -1.699990
     0.060266    -1.704594
     0.061940    -1.709296
     0.063615    -1.714095
     0.065289    -1.718993
     0.066963    -1.723989
     0.068637    -1.729085
     0.070311    -1.734279
     0.071985    -1.739573
     0.073659    -1.744966
     0.075333    -1.750459
     0.077007    -1.756051
     0.078681    -1.761744
     0.080355    -1.767536
     0.082029    -1.773427
     0.083703    -1.779418
     0.085377    -1.785508
     0.087051    -1.791697
     0.088726    -1.797985
     0.090400    -1.804370
     0.092074    -1.810852
     0.093748    -1.817431
     0.095422    -1.824107
     0.097096    -1.830877
     0.098770    -1.837742
     0.100444    -1.844700
     0.102118    -1.851750
     0.103792    -1.858891
     0.105466    -1.866122
     0.107140    -1.873442
     0.108814    -1.880848
     0.110488    -1.888340
     0.112163    -1.895916
     0.113837    -1.903574
     0.115511    -1.911312
     0.117185    -1.919128
     0.118859    -1.927021
     0.120533    -1.934987
     0.122207    -1.943025
     0.123881    -1.951132
     0.125555    -1.959306
     0.127229    -1.967544
     0.128903    -1.975843
     0.130577    -1.984200
     0.132251    -1.992612
     0.133925    -2.001076
     0.135599    -2.009588
     0.137274    -2.018144
     0.138948    -2.026741
     0.140622    -2.035374
     0.142296    -2.044039
     0.143970    -2.052732
     0.145644    -2.061448
     0.147318    -2.070181
     0.148992    -2.078926
     0.150666    -2.087677
     0.152340    -2.096429
     0.154014    -2.105174
     0.155688    -2.113906
     0.157362    -2.122617
     0.159036    -2.131299
     0.160710    -2.139944
     0.162385    -2.148544
     0.164059    -2.157089
     0.165733    -2.165569
     0.167407    -2.173974


    -0.167407    -2.132752
    -0.165733    -2.125023
    -0.164059    -2.117253
    -0.162385    -2.109450
    -0.160710    -2.101618
    -0.159036    -2.093763
    -0.157362    -2.085890
    -0.155688    -2.078003
    -0.154014    -2.070109
    -0.152340    -2.062210
    -0.150666    -2.054313
    -0.148992    -2.046421
    -0.147318    -2.038539
    -0.145644    -2.030671
    -0.143970    -2.022821
    -0.142296    -2.014992
    -0.140622    -2.007189
    -0.138948    -1.999414
    -0.137274    -1.991671
    -0.135599    -1.983964
    -0.133925    -1.976294
    -0.132251    -1.968666
    -0.130577    -1.961081
    -0.128903    -1.953543
    -0.127229    -1.946054
    -0.125555    -1.938616
    -0.123881    -1.931231
    -0.122207    -1.923903
    -0.120533    -1.916632
    -0.118859    -1.909420
    -0.117185    -1.902270
    -0.115511    -1.895184
    -0.113837    -1.888161
    -0.112163    -1.881206
    -0.110488    -1.874317
    -0.108814    -1.867498
    -0.107140    -1.860749
    -0.105466    -1.854072
    -0.103792    -1.847467
    -0.102118    -1.840935
    -0.100444    -1.834478
    -0.098770    -1.828097
    -0.097096    -1.821791
    -0.095422    -1.815563
    -0.093748    -1.809412
    -0.092074    -1.803340
    -0.090400    -1.797346
    -0.088726    -1.791432
    -0.087051    -1.785598
    -0.085377    -1.779844
    -0.083703    -1.774171
    -0.082029    -1.768578
    -0.080355    -1.763067
    -0.078681    -1.757638
    -0.077007    -1.752290
    -0.075333    -1.747024
    -0.073659    -1.741841
    -0.071985    -1.736739
    -0.070311    -1.731720
    -0.068637    -1.726783
    -0.066963    -1.721929
    -0.065289    -1.717157
    -0.063615    -1.712467
    -0.061940    -1.707859
    -0.060266    -1.703333
    -0.058592    -1.698890
    -0.056918    -1.694528
    -0.055244    -1.690247
    -0.053570    -1.686047
    -0.051896    -1.681929
    -0.050222    -1.677890
    -0.048548    -1.673932
    -0.046874    -1.670053
    -0.045200    -1.666255
    -0.043526    -1.662536
    -0.041852    -1.658900
    -0.040178    -1.655345
    -0.038504    -1.651874
    -0.036829    -1.648488
    -0.035155    -1.645186
    -0.033481    -1.641970
    -0.031807    -1.638839
    -0.030133    -1.635793
    -0.028459    -1.632834
    -0.026785    -1.629960
    -0.025111    -1.627172
    -0.023437    -1.624470
    -0.021763    -1.621856
    -0.020089    -1.619330
    -0.018415    -1.616894
    -0.016741    -1.614552
    -0.015067    -1.612306
    -0.013393    -1.610163
    -0.011718    -1.608132
    -0.010044    -1.606226
    -0.008370    -1.604464
    -0.006696    -1.602878
    -0.005022    -1.601514
    -0.003348    -1.600441
    -0.001674    -1.599743
     0.000000    -1.599502
     0.001674    -1.599749
     0.003348    -1.600447
     0.005022    -1.601520
     0.006696    -1.602882
     0.008370    -1.604467
     0.010044    -1.606228
     0.011718    -1.608134
     0.013393    -1.610164
     0.015067    -1.612307
     0.016741    -1.614552
     0.018415    -1.616894
     0.020089    -1.619329
     0.021763    -1.621854
     0.023437    -1.624468
     0.025111    -1.627169
     0.026785    -1.629956
     0.028459    -1.632830
     0.030133    -1.635789
     0.031807    -1.638834
     0.033481    -1.641965
     0.035155    -1.645180
     0.036829    -1.648482
     0.038504    -1.651868
     0.040178    -1.655338
     0.041852    -1.658892
     0.043526    -1.662528
     0.045200    -1.666245
     0.046874    -1.670043
     0.048548    -1.673921
     0.050222    -1.677879
     0.051896    -1.681917
     0.053570    -1.686035
     0.055244    -1.690235
     0.056918    -1.694515
     0.058592    -1.698877
     0.060266    -1.703321
     0.061940    -1.707846
     0.063615    -1.712454
     0.065289    -1.717143
     0.066963    -1.721915
     0.068637    -1.726770
     0.070311    -1.731706
     0.071985    -1.736725
     0.073659    -1.741827
     0.075333    -1.747010
     0.077007    -1.752276
     0.078681    -1.757623
     0.080355    -1.763053
     0.082029    -1.768564
     0.083703    -1.774156
     0.085377    -1.779829
     0.087051    -1.785583
     0.088726    -1.791417
     0.090400    -1.797331
     0.092074    -1.803325
     0.093748    -1.809397
     0.095422    -1.815548
     0.097096    -1.821776
     0.098770    -1.828081
     0.100444    -1.834462
     0.102118    -1.840919
     0.103792    -1.847451
     0.105466    -1.854055
     0.107140    -1.860733
     0.108814    -1.867482
     0.110488    -1.874301
     0.112163    -1.881189
     0.113837    -1.888145
     0.115511    -1.895167
     0.117185    -1.902253
     0.118859    -1.909403
     0.120533    -1.916615
     0.122207    -1.923886
     0.123881    -1.931214
     0.125555    -1.938598
     0.127229    -1.946036
     0.128903    -1.953525
     0.130577    -1.961063
     0.132251    -1.968648
     0.133925    -1.976276
     0.135599    -1.983946
     0.137274    -1.991653
     0.138948    -1.999396
     0.140622    -2.007171
     0.142296    -2.014974
     0.143970    -2.022803
     0.145644    -2.030653
     0.147318    -2.038522
     0.148992    -2.046403
     0.150666    -2.054295
     0.152340    -2.062192
     0.154014    -2.070091
     0.155688    -2.077986
     0.157362    -2.085872
     0.159036    -2.093746
     0.160710    -2.101601
     0.162385    -2.109433
     0.164059    -2.117236
     0.165733    -2.125006
     0.167407    -2.132735


    -0.167407    -1.695843
    -0.165733    -1.693017
    -0.164059    -1.690211
    -0.162385    -1.687427
    -0.160710    -1.684663
    -0.159036    -1.681922
    -0.157362    -1.679202
    -0.155688    -1.676504
    -0.154014    -1.673830
    -0.152340    -1.671178
    -0.150666    -1.668551
    -0.148992    -1.665947
    -0.147318    -1.663367
    -0.145644    -1.660812
    -0.143970    -1.658282
    -0.142296    -1.655778
    -0.140622    -1.653300
    -0.138948    -1.650848
    -0.137274    -1.648423
    -0.135599    -1.646025
    -0.133925    -1.643655
    -0.132251    -1.641313
    -0.130577    -1.639000
    -0.128903    -1.636716
    -0.127229    -1.634461
    -0.125555    -1.632236
    -0.123881    -1.630042
    -0.122207    -1.627879
    -0.120533    -1.625748
    -0.118859    -1.623648
    -0.117185    -1.621581
    -0.115511    -1.619547
    -0.113837    -1.617547
    -0.112163    -1.615581
    -0.110488    -1.613649
    -0.108814    -1.611753
    -0.107140    -1.609892
    -0.105466    -1.608068
    -0.103792    -1.606280
    -0.102118    -1.604530
    -0.100444    -1.602817
    -0.098770    -1.601144
    -0.097096    -1.599509
    -0.095422    -1.597914
    -0.093748    -1.596360
    -0.092074    -1.594846
    -0.090400    -1.593373
    -0.088726    -1.591943
    -0.087051    -1.590556
    -0.085377    -1.589211
    -0.083703    -1.587911
    -0.082029    -1.586654
    -0.080355    -1.585443
    -0.078681    -1.584278
    -0.077007    -1.583159
    -0.075333    -1.582087
    -0.073659    -1.581062
    -0.071985    -1.580085
    -0.070311    -1.579157
    -0.068637    -1.578278
    -0.066963    -1.577450
    -0.065289    -1.576671
    -0.063615    -1.575944
    -0.061940    -1.575268
    -0.060266    -1.574644
    -0.058592    -1.574074
    -0.056918    -1.573556
    -0.055244    -1.573093
    -0.053570    -1.572684
    -0.051896    -1.572330
    -0.050222    -1.572031
    -0.048548    -1.571788
    -0.046874    -1.571602
    -0.045200    -1.571473
    -0.043526    -1.571401
    -0.041852    -1.571387
    -0.040178    -1.571431
    -0.038504    -1.571534
    -0.036829    -1.571696
    -0.035155    -1.571916
    -0.033481    -1.572197
    -0.031807    -1.572536
    -0.030133    -1.572935
    -0.028459    -1.573394
    -0.026785    -1.573911
    -0.025111    -1.574487
    -0.023437    -1.575122
    -0.021763    -1.575813
    -0.020089    -1.576560
    -0.018415    -1.577361
    -0.016741    -1.578212
    -0.015067    -1.579109
    -0.013393    -1.580046
    -0.011718    -1.581014
    -0.010044    -1.582000
    -0.008370    -1.582982
    -0.006696    -1.583931
    -0.005022    -1.584800
    -0.003348    -1.585520
    -0.001674    -1.586005
     0.000000    -1.586176
     0.001674    -1.586009
     0.003348    -1.585526
     0.005022    -1.584807
     0.006696    -1.583940
     0.008370    -1.582992
     0.010044    -1.582009
     0.011718    -1.581024
     0.013393    -1.580057
     0.015067    -1.579120
     0.016741    -1.578223
     0.018415    -1.577372
     0.020089    -1.576572
     0.021763    -1.575825
     0.023437    -1.575134
     0.025111    -1.574499
     0.026785    -1.573923
     0.028459    -1.573406
     0.030133    -1.572947
     0.031807    -1.572548
     0.033481    -1.572209
     0.035155    -1.571929
     0.036829    -1.571708
     0.038504    -1.571546
     0.040178    -1.571443
     0.041852    -1.571399
     0.043526    -1.571413
     0.045200    -1.571485
     0.046874    -1.571614
     0.048548    -1.571800
     0.050222    -1.572043
     0.051896    -1.572341
     0.053570    -1.572695
     0.055244    -1.573104
     0.056918    -1.573568
     0.058592    -1.574085
     0.060266    -1.574655
     0.061940    -1.575279
     0.063615    -1.575954
     0.065289    -1.576682
     0.066963    -1.577460
     0.068637    -1.578289
     0.070311    -1.579167
     0.071985    -1.580095
     0.073659    -1.581072
     0.075333    -1.582096
     0.077007    -1.583168
     0.078681    -1.584287
     0.080355    -1.585452
     0.082029    -1.586663
     0.083703    -1.587919
     0.085377    -1.589219
     0.087051    -1.590564
     0.088726    -1.591951
     0.090400    -1.593381
     0.092074    -1.594853
     0.093748    -1.596367
     0.095422    -1.597921
     0.097096    -1.599516
     0.098770    -1.601150
     0.100444    -1.602823
     0.102118    -1.604535
     0.103792    -1.606285
     0.105466    -1.608073
     0.107140    -1.609897
     0.108814    -1.611757
     0.110488    -1.613654
     0.112163    -1.615585
     0.113837    -1.617551
     0.115511    -1.619551
     0.117185    -1.621585
     0.118859    -1.623651
     0.120533    -1.625751
     0.122207    -1.627882
     0.123881    -1.630045
     0.125555    -1.632238
     0.127229    -1.634463
     0.128903    -1.636717
     0.130577    -1.639001
     0.132251    -1.641314
     0.133925    -1.643656
     0.135599    -1.646026
     0.137274    -1.648423
     0.138948    -1.650848
     0.140622    -1.653300
     0.142296    -1.655778
     0.143970    -1.658282
     0.145644    -1.660811
     0.147318    -1.663366
     0.148992    -1.665946
     0.150666    -1.668549
     0.152340    -1.671177
     0.154014    -1.673828
     0.155688    -1.676503
     0.157362    -1.679200
     0.159036    -1.681920
     0.160710    -1.684661
     0.162385    -1.687425
     0.164059    -1.690209
     0.165733    -1.693015
     0.167407    -1.695841


    -0.167407    -1.680277
    -0.165733    -1.677388
    -0.164059    -1.674531
    -0.162385    -1.671706
    -0.160710    -1.668914
    -0.159036    -1.666155
    -0.157362    -1.663429
    -0.155688    -1.660736
    -0.154014    -1.658077
    -0.152340    -1.655452
    -0.150666    -1.652861
    -0.148992    -1.650305
    -0.147318    -1.647783
    -0.145644    -1.645296
    -0.143970    -1.642845
    -0.142296    -1.640428
    -0.140622    -1.638048
    -0.138948    -1.635704
    -0.137274    -1.633395
    -0.135599    -1.631123
    -0.133925    -1.628888
    -0.132251    -1.626689
    -0.130577    -1.624528
    -0.128903    -1.622404
    -0.127229    -1.620317
    -0.125555    -1.618268
    -0.123881    -1.616258
    -0.122207    -1.614285
    -0.120533    -1.612351
    -0.118859    -1.610455
    -0.117185    -1.608599
    -0.115511    -1.606781
    -0.113837    -1.605003
    -0.112163    -1.603264
    -0.110488    -1.601565
    -0.108814    -1.599906
    -0.107140    -1.598288
    -0.105466    -1.596710
    -0.103792    -1.595172
    -0.102118    -1.593676
    -0.100444    -1.592220
    -0.098770    -1.590806
    -0.097096    -1.589434
    -0.095422    -1.588104
    -0.093748    -1.586816
    -0.092074    -1.585570
    -0.090400    -1.584367
    -0.088726    -1.583207
    -0.087051    -1.582090
    -0.085377    -1.581016
    -0.083703    -1.579986
    -0.082029    -1.579000
    -0.080355    -1.578058
    -0.078681    -1.577161
    -0.077007    -1.576309
    -0.075333    -1.575501
    -0.073659    -1.574739
    -0.071985    -1.574023
    -0.070311    -1.573353
    -0.068637    -1.572728
    -0.066963    -1.572151
    -0.065289    -1.571620
    -0.063615    -1.571136
    -0.061940    -1.570700
    -0.060266    -1.570311
    -0.058592    -1.569971
    -0.056918    -1.569679
    -0.055244    -1.569436
    -0.053570    -1.569241
    -0.051896    -1.569096
    -0.050222    -1.569001
    -0.048548    -1.568956
    -0.046874    -1.568960
    -0.045200    -1.569016
    -0.043526    -1.569122
    -0.041852    -1.569280
    -0.040178    -1.569489
    -0.038504    -1.569750
    -0.036829    -1.570062
    -0.035155    -1.570427
    -0.033481    -1.570844
    -0.031807    -1.571313
    -0.030133    -1.571835
    -0.028459    -1.572408
    -0.026785    -1.573034
    -0.025111    -1.573712
    -0.023437    -1.574440
    -0.021763    -1.575219
    -0.020089    -1.576046
    -0.018415    -1.576920
    -0.016741    -1.577838
    -0.015067    -1.578796
    -0.013393    -1.579788
    -0.011718    -1.580804
    -0.010044    -1.581832
    -0.008370    -1.582853
    -0.006696    -1.583835
    -0.005022    -1.584731
    -0.003348    -1.585477
    -0.001674    -1.585984
     0.000000    -1.586169
     0.001674    -1.585982
     0.003348    -1.585475
     0.005022    -1.584730
     0.006696    -1.583833
     0.008370    -1.582850
     0.010044    -1.581830
     0.011718    -1.580801
     0.013393    -1.579784
     0.015067    -1.578792
     0.016741    -1.577834
     0.018415    -1.576916
     0.020089    -1.576041
     0.021763    -1.575214
     0.023437    -1.574435
     0.025111    -1.573706
     0.026785    -1.573028
     0.028459    -1.572402
     0.030133    -1.571828
     0.031807    -1.571306
     0.033481    -1.570836
     0.035155    -1.570419
     0.036829    -1.570054
     0.038504    -1.569742
     0.040178    -1.569481
     0.041852    -1.569271
     0.043526    -1.569114
     0.045200    -1.569007
     0.046874    -1.568951
     0.048548    -1.568946
     0.050222    -1.568992
     0.051896    -1.569087
     0.053570    -1.569232
     0.055244    -1.569426
     0.056918    -1.569669
     0.058592    -1.569961
     0.060266    -1.570301
     0.061940    -1.570690
     0.063615    -1.571126
     0.065289    -1.571610
     0.066963    -1.572140
     0.068637    -1.572718
     0.070311    -1.573342
     0.071985    -1.574012
     0.073659    -1.574729
     0.075333    -1.575491
     0.077007    -1.576298
     0.078681    -1.577151
     0.080355    -1.578048
     0.082029    -1.578989
     0.083703    -1.579975
     0.085377    -1.581005
     0.087051    -1.582079
     0.088726    -1.583196
     0.090400    -1.584356
     0.092074    -1.585560
     0.093748    -1.586805
     0.095422    -1.588094
     0.097096    -1.589424
     0.098770    -1.590796
     0.100444    -1.592210
     0.102118    -1.593666
     0.103792    -1.595162
     0.105466    -1.596700
     0.107140    -1.598278
     0.108814    -1.599897
     0.110488    -1.601556
     0.112163    -1.603255
     0.113837    -1.604994
     0.115511    -1.606772
     0.117185    -1.608590
     0.118859    -1.610447
     0.120533    -1.612342
     0.122207    -1.614277
     0.123881    -1.616249
     0.125555    -1.618260
     0.127229    -1.620309
     0.128903    -1.622396
     0.130577    -1.624521
     0.132251    -1.626682
     0.133925    -1.628881
     0.135599    -1.631116
     0.137274    -1.633389
     0.138948    -1.635697
     0.140622    -1.638042
     0.142296    -1.640423
     0.143970    -1.642839
     0.145644    -1.645291
     0.147318    -1.647778
     0.148992    -1.650300
     0.150666    -1.652857
     0.152340    -1.655448
     0.154014    -1.658073
     0.155688    -1.660732
     0.157362    -1.663425
     0.159036    -1.666152
     0.160710    -1.668911
     0.162385    -1.671703
     0.164059    -1.674528
     0.165733    -1.677385
     0.167407    -1.680274


    -0.167407    -1.298643
    -0.165733    -1.292808
    -0.164059    -1.286922
    -0.162385    -1.280986
    -0.160710    -1.274999
    -0.159036    -1.268961
    -0.157362    -1.262873
    -0.155688    -1.256734
    -0.154014    -1.250546
    -0.152340    -1.244307
    -0.150666    -1.238019
    -0.148992    -1.231681
    -0.147318    -1.225295
    -0.145644    -1.218861
    -0.143970    -1.212381
    -0.142296    -1.205862
    -0.140622    -1.199416
    -0.138948    -1.193440
    -0.137274    -1.187506
    -0.135599    -1.181532
    -0.133925    -1.175514
    -0.132251    -1.169449
    -0.130577    -1.163337
    -0.128903    -1.157178
    -0.127229    -1.150971
    -0.125555    -1.144716
    -0.123881    -1.138412
    -0.122207    -1.132060
    -0.120533    -1.125659
    -0.118859    -1.119210
    -0.117185    -1.112713
    -0.115511    -1.106167
    -0.113837    -1.099573
    -0.112163    -1.092932
    -0.110488    -1.086243
    -0.108814    -1.079507
    -0.107140    -1.072725
    -0.105466    -1.065897
    -0.103792    -1.059025
    -0.102118    -1.052108
    -0.100444    -1.045148
    -0.098770    -1.038147
    -0.097096    -1.031105
    -0.095422    -1.024024
    -0.093748    -1.016905
    -0.092074    -1.009749
    -0.090400    -1.002560
    -0.088726    -0.995338
    -0.087051    -0.988086
    -0.085377    -0.980806
    -0.083703    -0.973501
    -0.082029    -0.966172
    -0.080355    -0.958824
    -0.078681    -0.951458
    -0.077007    -0.944078
    -0.075333    -0.936688
    -0.073659    -0.929291
    -0.071985    -0.921891
    -0.070311    -0.914493
    -0.068637    -0.907099
    -0.066963    -0.899716
    -0.065289    -0.892348
    -0.063615    -0.885001
    -0.061940    -0.877679
    -0.060266    -0.870389
    -0.058592    -0.863136
    -0.056918    -0.855928
    -0.055244    -0.848771
    -0.053570    -0.841672
    -0.051896    -0.834640
    -0.050222    -0.827681
    -0.048548    -0.820804
    -0.046874    -0.814018
    -0.045200    -0.807332
    -0.043526    -0.800756
    -0.041852    -0.794299
    -0.040178    -0.787973
    -0.038504    -0.781786
    -0.036829    -0.775752
    -0.035155    -0.769880
    -0.033481    -0.764182
    -0.031807    -0.758671
    -0.030133    -0.753357
    -0.028459    -0.748253
    -0.026785    -0.743371
    -0.025111    -0.738723
    -0.023437    -0.734319
    -0.021763    -0.730171
    -0.020089    -0.726291
    -0.018415    -0.722687
    -0.016741    -0.719369
    -0.015067    -0.716347
    -0.013393    -0.713627
    -0.011718    -0.711216
    -0.010044    -0.709120
    -0.008370    -0.707343
    -0.006696    -0.705888
    -0.005022    -0.704758
    -0.003348    -0.703952
    -0.001674    -0.703469
     0.000000    -0.703306
     0.001674    -0.703464
     0.003348    -0.703940
     0.005022    -0.704746
     0.006696    -0.705877
     0.008370    -0.707332
     0.010044    -0.709110
     0.011718    -0.711206
     0.013393    -0.713617
     0.015067    -0.716337
     0.016741    -0.719359
     0.018415    -0.722677
     0.020089    -0.726280
     0.021763    -0.730161
     0.023437    -0.734309
     0.025111    -0.738712
     0.026785    -0.743361
     0.028459    -0.748243
     0.030133    -0.753347
     0.031807    -0.758661
     0.033481    -0.764172
     0.035155    -0.769870
     0.036829    -0.775742
     0.038504    -0.781777
     0.040178    -0.787963
     0.041852    -0.794290
     0.043526    -0.800747
     0.045200    -0.807323
     0.046874    -0.814009
     0.048548    -0.820795
     0.050222    -0.827672
     0.051896    -0.834631
     0.053570    -0.841665
     0.055244    -0.848764
     0.056918    -0.855921
     0.058592    -0.863129
     0.060266    -0.870382
     0.061940    -0.877672
     0.063615    -0.884995
     0.065289    -0.892342
     0.066963    -0.899711
     0.068637    -0.907094
     0.070311    -0.914487
     0.071985    -0.921886
     0.073659    -0.929287
     0.075333    -0.936684
     0.077007    -0.944074
     0.078681    -0.951454
     0.080355    -0.958820
     0.082029    -0.966169
     0.083703    -0.973497
     0.085377    -0.980803
     0.087051    -0.988084
     0.088726    -0.995336
     0.090400    -1.002558
     0.092074    -1.009747
     0.093748    -1.016903
     0.095422    -1.024022
     0.097096    -1.031103
     0.098770    -1.038146
     0.100444    -1.045147
     0.102118    -1.052107
     0.103792    -1.059024
     0.105466    -1.065896
     0.107140    -1.072724
     0.108814    -1.079507
     0.110488    -1.086242
     0.112163    -1.092932
     0.113837    -1.099573
     0.115511    -1.106167
     0.117185    -1.112713
     0.118859    -1.119210
     0.120533    -1.125660
     0.122207    -1.132060
     0.123881    -1.138412
     0.125555    -1.144716
     0.127229    -1.150971
     0.128903    -1.157178
     0.130577    -1.163337
     0.132251    -1.169449
     0.133925    -1.175513
     0.135599    -1.181531
     0.137274    -1.187505
     0.138948    -1.193438
     0.140622    -1.199403
     0.142296    -1.205848
     0.143970    -1.212368
     0.145644    -1.218848
     0.147318    -1.225282
     0.148992    -1.231667
     0.150666    -1.238005
     0.152340    -1.244292
     0.154014    -1.250531
     0.155688    -1.256719
     0.157362    -1.262857
     0.159036    -1.268945
     0.160710    -1.274982
     0.162385    -1.280969
     0.164059    -1.286905
     0.165733    -1.292790
     0.167407    -1.298625


    -0.167407    -1.287534
    -0.165733    -1.282314
    -0.164059    -1.277059
    -0.162385    -1.271766
    -0.160710    -1.266435
    -0.159036    -1.261065
    -0.157362    -1.255657
    -0.155688    -1.250209
    -0.154014    -1.244720
    -0.152340    -1.239190
    -0.150666    -1.233619
    -0.148992    -1.228005
    -0.147318    -1.222348
    -0.145644    -1.216647
    -0.143970    -1.210899
    -0.142296    -1.205099
    -0.140622    -1.199133
    -0.138948    -1.192606
    -0.137274    -1.185945
    -0.135599    -1.179232
    -0.133925    -1.172472
    -0.132251    -1.165668
    -0.130577    -1.158820
    -0.128903    -1.151931
    -0.127229    -1.145000
    -0.125555    -1.138030
    -0.123881    -1.131021
    -0.122207    -1.123975
    -0.120533    -1.116892
    -0.118859    -1.109775
    -0.117185    -1.102625
    -0.115511    -1.095443
    -0.113837    -1.088230
    -0.112163    -1.080990
    -0.110488    -1.073722
    -0.108814    -1.066429
    -0.107140    -1.059114
    -0.105466    -1.051777
    -0.103792    -1.044421
    -0.102118    -1.037047
    -0.100444    -1.029660
    -0.098770    -1.022259
    -0.097096    -1.014849
    -0.095422    -1.007430
    -0.093748    -1.000007
    -0.092074    -0.992580
    -0.090400    -0.985154
    -0.088726    -0.977731
    -0.087051    -0.970313
    -0.085377    -0.962905
    -0.083703    -0.955507
    -0.082029    -0.948125
    -0.080355    -0.940761
    -0.078681    -0.933418
    -0.077007    -0.926100
    -0.075333    -0.918811
    -0.073659    -0.911553
    -0.071985    -0.904332
    -0.070311    -0.897149
    -0.068637    -0.890011
    -0.066963    -0.882920
    -0.065289    -0.875880
    -0.063615    -0.868897
    -0.061940    -0.861975
    -0.060266    -0.855117
    -0.058592    -0.848329
    -0.056918    -0.841616
    -0.055244    -0.834983
    -0.053570    -0.828434
    -0.051896    -0.821975
    -0.050222    -0.815611
    -0.048548    -0.809349
    -0.046874    -0.803193
    -0.045200    -0.797150
    -0.043526    -0.791226
    -0.041852    -0.785427
    -0.040178    -0.779760
    -0.038504    -0.774232
    -0.036829    -0.768849
    -0.035155    -0.763618
    -0.033481    -0.758548
    -0.031807    -0.753645
    -0.030133    -0.748917
    -0.028459    -0.744372
    -0.026785    -0.740019
    -0.025111    -0.735865
    -0.023437    -0.731919
    -0.021763    -0.728190
    -0.020089    -0.724687
    -0.018415    -0.721417
    -0.016741    -0.718391
    -0.015067    -0.715616
    -0.013393    -0.713101
    -0.011718    -0.710855
    -0.010044    -0.708886
    -0.008370    -0.707201
    -0.006696    -0.705809
    -0.005022    -0.704715
    -0.003348    -0.703927
    -0.001674    -0.703452
     0.000000    -0.703295
     0.001674    -0.703456
     0.003348    -0.703938
     0.005022    -0.704724
     0.006696    -0.705817
     0.008370    -0.707208
     0.010044    -0.708892
     0.011718    -0.710860
     0.013393    -0.713106
     0.015067    -0.715620
     0.016741    -0.718395
     0.018415    -0.721421
     0.020089    -0.724690
     0.021763    -0.728193
     0.023437    -0.731922
     0.025111    -0.735867
     0.026785    -0.740021
     0.028459    -0.744374
     0.030133    -0.748919
     0.031807    -0.753646
     0.033481    -0.758549
     0.035155    -0.763620
     0.036829    -0.768850
     0.038504    -0.774233
     0.040178    -0.779762
     0.041852    -0.785429
     0.043526    -0.791227
     0.045200    -0.797151
     0.046874    -0.803194
     0.048548    -0.809350
     0.050222    -0.815612
     0.051896    -0.821976
     0.053570    -0.828435
     0.055244    -0.834984
     0.056918    -0.841617
     0.058592    -0.848330
     0.060266    -0.855118
     0.061940    -0.861976
     0.063615    -0.868898
     0.065289    -0.875881
     0.066963    -0.882921
     0.068637    -0.890012
     0.070311    -0.897150
     0.071985    -0.904332
     0.073659    -0.911554
     0.075333    -0.918811
     0.077007    -0.926101
     0.078681    -0.933419
     0.080355    -0.940761
     0.082029    -0.948125
     0.083703    -0.955508
     0.085377    -0.962905
     0.087051    -0.970313
     0.088726    -0.977731
     0.090400    -0.985154
     0.092074    -0.992580
     0.093748    -1.000006
     0.095422    -1.007429
     0.097096    -1.014847
     0.098770    -1.022258
     0.100444    -1.029658
     0.102118    -1.037046
     0.103792    -1.044418
     0.105466    -1.051774
     0.107140    -1.059111
     0.108814    -1.066426
     0.110488    -1.073719
     0.112163    -1.080986
     0.113837    -1.088226
     0.115511    -1.095438
     0.117185    -1.102620
     0.118859    -1.109770
     0.120533    -1.116887
     0.122207    -1.123969
     0.123881    -1.131015
     0.125555    -1.138023
     0.127229    -1.144993
     0.128903    -1.151923
     0.130577    -1.158813
     0.132251    -1.165660
     0.133925    -1.172464
     0.135599    -1.179223
     0.137274    -1.185937
     0.138948    -1.192599
     0.140622    -1.199137
     0.142296    -1.205103
     0.143970    -1.210902
     0.145644    -1.216648
     0.147318    -1.222349
     0.148992    -1.228006
     0.150666    -1.233620
     0.152340    -1.239191
     0.154014    -1.244721
     0.155688    -1.250209
     0.157362    -1.255658
     0.159036    -1.261066
     0.160710    -1.266436
     0.162385    -1.271767
     0.164059    -1.277059
     0.165733    -1.282315
     0.167407    -1.287534


    -0.167407    -0.485596
    -0.165733    -0.481208
    -0.164059    -0.476865
    -0.162385    -0.472566
    -0.160710    -0.468312
    -0.159036    -0.464104
    -0.157362    -0.459943
    -0.155688    -0.455830
    -0.154014    -0.451766
    -0.152340    -0.447751
    -0.150666    -0.443786
    -0.148992    -0.439872
    -0.147318    -0.436009
    -0.145644    -0.432200
    -0.143970    -0.428444
    -0.142296    -0.424742
    -0.140622    -0.421095
    -0.138948    -0.417503
    -0.137274    -0.413969
    -0.135599    -0.410491
    -0.133925    -0.407072
    -0.132251    -0.403711
    -0.130577    -0.400410
    -0.128903    -0.397169
    -0.127229    -0.393989
    -0.125555    -0.390870
    -0.123881    -0.387813
    -0.122207    -0.384820
    -0.120533    -0.381889
    -0.118859    -0.379023
    -0.117185    -0.376221
    -0.115511    -0.373484
    -0.113837    -0.370812
    -0.112163    -0.368206
    -0.110488    -0.365667
    -0.108814    -0.363193
    -0.107140    -0.360787
    -0.105466    -0.358447
    -0.103792    -0.356175
    -0.102118    -0.353969
    -0.100444    -0.351831
    -0.098770    -0.349760
    -0.097096    -0.347756
    -0.095422    -0.345819
    -0.093748    -0.343949
    -0.092074    -0.342144
    -0.090400    -0.340405
    -0.088726    -0.338732
    -0.087051    -0.337122
    -0.085377    -0.335576
    -0.083703    -0.334092
    -0.082029    -0.332670
    -0.080355    -0.331308
    -0.078681    -0.330004
    -0.077007    -0.328757
    -0.075333    -0.327566
    -0.073659    -0.326427
    -0.071985    -0.325340
    -0.070311    -0.324301
    -0.068637    -0.323308
    -0.066963    -0.322359
    -0.065289    -0.321449
    -0.063615    -0.320575
    -0.061940    -0.319734
    -0.060266    -0.318921
    -0.058592    -0.318133
    -0.056918    -0.317364
    -0.055244    -0.316610
    -0.053570    -0.315864
    -0.051896    -0.315122
    -0.050222    -0.314377
    -0.048548    -0.313621
    -0.046874    -0.312849
    -0.045200    -0.312053
    -0.043526    -0.311224
    -0.041852    -0.310354
    -0.040178    -0.309436
    -0.038504    -0.308459
    -0.036829    -0.307413
    -0.035155    -0.306291
    -0.033481    -0.305080
    -0.031807    -0.303771
    -0.030133    -0.302354
    -0.028459    -0.300817
    -0.026785    -0.299150
    -0.025111    -0.297342
    -0.023437    -0.295384
    -0.021763    -0.293265
    -0.020089    -0.290975
    -0.018415    -0.288506
    -0.016741    -0.285848
    -0.015067    -0.282995
    -0.013393    -0.279940
    -0.011718    -0.276677
    -0.010044    -0.273201
    -0.008370    -0.269508
    -0.006696    -0.265597
    -0.005022    -0.261467
    -0.003348    -0.257117
    -0.001674    -0.252550
     0.000000    -0.247791
     0.001674    -0.252574
     0.003348    -0.257142
     0.005022    -0.261493
     0.006696    -0.265624
     0.008370    -0.269535
     0.010044    -0.273228
     0.011718    -0.276705
     0.013393    -0.279969
     0.015067    -0.283024
     0.016741    -0.285878
     0.018415    -0.288536
     0.020089    -0.291005
     0.021763    -0.293295
     0.023437    -0.295415
     0.025111    -0.297373
     0.026785    -0.299181
     0.028459    -0.300848
     0.030133    -0.302384
     0.031807    -0.303802
     0.033481    -0.305111
     0.035155    -0.306321
     0.036829    -0.307444
     0.038504    -0.308489
     0.040178    -0.309466
     0.041852    -0.310384
     0.043526    -0.311254
     0.045200    -0.312082
     0.046874    -0.312878
     0.048548    -0.313650
     0.050222    -0.314405
     0.051896    -0.315150
     0.053570    -0.315892
     0.055244    -0.316637
     0.056918    -0.317391
     0.058592    -0.318160
     0.060266    -0.318948
     0.061940    -0.319760
     0.063615    -0.320600
     0.065289    -0.321473
     0.066963    -0.322383
     0.068637    -0.323332
     0.070311    -0.324325
     0.071985    -0.325363
     0.073659    -0.326450
     0.075333    -0.327588
     0.077007    -0.328779
     0.078681    -0.330025
     0.080355    -0.331328
     0.082029    -0.332690
     0.083703    -0.334112
     0.085377    -0.335595
     0.087051    -0.337140
     0.088726    -0.338749
     0.090400    -0.340423
     0.092074    -0.342161
     0.093748    -0.343965
     0.095422    -0.345835
     0.097096    -0.347772
     0.098770    -0.349775
     0.100444    -0.351846
     0.102118    -0.353983
     0.103792    -0.356188
     0.105466    -0.358460
     0.107140    -0.360800
     0.108814    -0.363206
     0.110488    -0.365679
     0.112163    -0.368218
     0.113837    -0.370824
     0.115511    -0.373495
     0.117185    -0.376232
     0.118859    -0.379033
     0.120533    -0.381900
     0.122207    -0.384830
     0.123881    -0.387823
     0.125555    -0.390879
     0.127229    -0.393998
     0.128903    -0.397178
     0.130577    -0.400418
     0.132251    -0.403719
     0.133925    -0.407080
     0.135599    -0.410499
     0.137274    -0.413976
     0.138948    -0.417511
     0.140622    -0.421102
     0.142296    -0.424749
     0.143970    -0.428451
     0.145644    -0.432207
     0.147318    -0.436016
     0.148992    -0.439878
     0.150666    -0.443792
     0.152340    -0.447757
     0.154014    -0.451772
     0.155688    -0.455837
     0.157362    -0.459950
     0.159036    -0.464110
     0.160710    -0.468318
     0.162385    -0.472572
     0.164059    -0.476871
     0.165733    -0.481215
     0.167407    -0.485602


    -0.167407    -0.440744
    -0.165733    -0.434463
    -0.164059    -0.428185
    -0.162385    -0.421911
    -0.160710    -0.415641
    -0.159036    -0.409374
    -0.157362    -0.403111
    -0.155688    -0.396852
    -0.154014    -0.390597
    -0.152340    -0.384346
    -0.150666    -0.378099
    -0.148992    -0.371856
    -0.147318    -0.365618
    -0.145644    -0.359384
    -0.143970    -0.353155
    -0.142296    -0.346931
    -0.140622    -0.340712
    -0.138948    -0.334497
    -0.137274    -0.328288
    -0.135599    -0.322084
    -0.133925    -0.315886
    -0.132251    -0.309693
    -0.130577    -0.303506
    -0.128903    -0.297325
    -0.127229    -0.291151
    -0.125555    -0.284982
    -0.123881    -0.278820
    -0.122207    -0.272665
    -0.120533    -0.266518
    -0.118859    -0.260377
    -0.117185    -0.254245
    -0.115511    -0.248121
    -0.113837    -0.242005
    -0.112163    -0.235899
    -0.110488    -0.229802
    -0.108814    -0.223716
    -0.107140    -0.217641
    -0.105466    -0.211578
    -0.103792    -0.205528
    -0.102118    -0.199491
    -0.100444    -0.193471
    -0.098770    -0.187466
    -0.097096    -0.181480
    -0.095422    -0.175515
    -0.093748    -0.169571
    -0.092074    -0.163653
    -0.090400    -0.157764
    -0.088726    -0.151905
    -0.087051    -0.146083
    -0.085377    -0.140302
    -0.083703    -0.134567
    -0.082029    -0.128886
    -0.080355    -0.123268
    -0.078681    -0.117721
    -0.077007    -0.112259
    -0.075333    -0.106896
    -0.073659    -0.101651
    -0.071985    -0.096544
    -0.070311    -0.091604
    -0.068637    -0.086862
    -0.066963    -0.082361
    -0.065289    -0.078148
    -0.063615    -0.074286
    -0.061940    -0.070846
    -0.060266    -0.067912
    -0.058592    -0.065578
    -0.056918    -0.063944
    -0.055244    -0.063106
    -0.053570    -0.063145
    -0.051896    -0.064110
    -0.050222    -0.066010
    -0.048548    -0.068813
    -0.046874    -0.072447
    -0.045200    -0.076817
    -0.043526    -0.081816
    -0.041852    -0.087338
    -0.040178    -0.093284
    -0.038504    -0.099568
    -0.036829    -0.106114
    -0.035155    -0.112860
    -0.033481    -0.119752
    -0.031807    -0.126745
    -0.030133    -0.133803
    -0.028459    -0.140892
    -0.026785    -0.147985
    -0.025111    -0.155057
    -0.023437    -0.162088
    -0.021763    -0.169058
    -0.020089    -0.175950
    -0.018415    -0.182748
    -0.016741    -0.189437
    -0.015067    -0.196004
    -0.013393    -0.202437
    -0.011718    -0.208722
    -0.010044    -0.214850
    -0.008370    -0.220811
    -0.006696    -0.226593
    -0.005022    -0.232190
    -0.003348    -0.237593
    -0.001674    -0.242795
     0.000000    -0.247766
     0.001674    -0.242772
     0.003348    -0.237570
     0.005022    -0.232168
     0.006696    -0.226572
     0.008370    -0.220790
     0.010044    -0.214831
     0.011718    -0.208703
     0.013393    -0.202418
     0.015067    -0.195987
     0.016741    -0.189420
     0.018415    -0.182731
     0.020089    -0.175934
     0.021763    -0.169043
     0.023437    -0.162073
     0.025111    -0.155043
     0.026785    -0.147971
     0.028459    -0.140878
     0.030133    -0.133790
     0.031807    -0.126733
     0.033481    -0.119739
     0.035155    -0.112848
     0.036829    -0.106102
     0.038504    -0.099556
     0.040178    -0.093272
     0.041852    -0.087326
     0.043526    -0.081804
     0.045200    -0.076805
     0.046874    -0.072434
     0.048548    -0.068799
     0.050222    -0.065996
     0.051896    -0.064095
     0.053570    -0.063129
     0.055244    -0.063090
     0.056918    -0.063927
     0.058592    -0.065561
     0.060266    -0.067894
     0.061940    -0.070828
     0.063615    -0.074269
     0.065289    -0.078131
     0.066963    -0.082343
     0.068637    -0.086844
     0.070311    -0.091586
     0.071985    -0.096526
     0.073659    -0.101633
     0.075333    -0.106879
     0.077007    -0.112242
     0.078681    -0.117704
     0.080355    -0.123250
     0.082029    -0.128869
     0.083703    -0.134550
     0.085377    -0.140285
     0.087051    -0.146066
     0.088726    -0.151889
     0.090400    -0.157747
     0.092074    -0.163637
     0.093748    -0.169555
     0.095422    -0.175499
     0.097096    -0.181465
     0.098770    -0.187451
     0.100444    -0.193455
     0.102118    -0.199477
     0.103792    -0.205513
     0.105466    -0.211564
     0.107140    -0.217627
     0.108814    -0.223703
     0.110488    -0.229789
     0.112163    -0.235886
     0.113837    -0.241993
     0.115511    -0.248109
     0.117185    -0.254234
     0.118859    -0.260367
     0.120533    -0.266507
     0.122207    -0.272656
     0.123881    -0.278811
     0.125555    -0.284973
     0.127229    -0.291142
     0.128903    -0.297318
     0.130577    -0.303499
     0.132251    -0.309687
     0.133925    -0.315880
     0.135599    -0.322079
     0.137274    -0.328283
     0.138948    -0.334493
     0.140622    -0.340708
     0.142296    -0.346928
     0.143970    -0.353152
     0.145644    -0.359382
     0.147318    -0.365616
     0.148992    -0.371855
     0.150666    -0.378098
     0.152340    -0.384346
     0.154014    -0.390597
     0.155688    -0.396853
     0.157362    -0.403113
     0.159036    -0.409377
     0.160710    -0.415644
     0.162385    -0.421915
     0.164059    -0.428190
     0.165733    -0.434468
     0.167407    -0.440749


    -0.167407     0.647528
    -0.165733     0.638807
    -0.164059     0.630061
    -0.162385     0.621290
    -0.160710     0.612494
    -0.159036     0.603674
    -0.157362     0.594830
    -0.155688     0.585962
    -0.154014     0.577070
    -0.152340     0.568156
    -0.150666     0.559219
    -0.148992     0.550260
    -0.147318     0.541279
    -0.145644     0.532277
    -0.143970     0.523254
    -0.142296     0.514211
    -0.140622     0.505148
    -0.138948     0.496066
    -0.137274     0.486964
    -0.135599     0.477845
    -0.133925     0.468708
    -0.132251     0.459554
    -0.130577     0.450384
    -0.128903     0.441198
    -0.127229     0.431998
    -0.125555     0.422783
    -0.123881     0.413556
    -0.122207     0.404316
    -0.120533     0.395065
    -0.118859     0.385804
    -0.117185     0.376534
    -0.115511     0.367256
    -0.113837     0.357971
    -0.112163     0.348681
    -0.110488     0.339386
    -0.108814     0.330090
    -0.107140     0.320793
    -0.105466     0.311497
    -0.103792     0.302204
    -0.102118     0.292916
    -0.100444     0.283637
    -0.098770     0.274367
    -0.097096     0.265111
    -0.095422     0.255871
    -0.093748     0.246652
    -0.092074     0.237456
    -0.090400     0.228289
    -0.088726     0.219155
    -0.087051     0.210061
    -0.085377     0.201013
    -0.083703     0.192019
    -0.082029     0.183086
    -0.080355     0.174227
    -0.078681     0.165452
    -0.077007     0.156776
    -0.075333     0.148216
    -0.073659     0.139791
    -0.071985     0.131527
    -0.070311     0.123452
    -0.068637     0.115602
    -0.066963     0.108020
    -0.065289     0.100759
    -0.063615     0.093882
    -0.061940     0.087464
    -0.060266     0.081592
    -0.058592     0.076363
    -0.056918     0.071881
    -0.055244     0.068245
    -0.053570     0.065539
    -0.051896     0.063816
    -0.050222     0.063091
    -0.048548     0.063333
    -0.046874     0.064477
    -0.045200     0.066430
    -0.043526     0.069092
    -0.041852     0.072360
    -0.040178     0.076141
    -0.038504     0.080354
    -0.036829     0.084929
    -0.035155     0.089809
    -0.033481     0.094947
    -0.031807     0.100304
    -0.030133     0.105848
    -0.028459     0.111555
    -0.026785     0.117403
    -0.025111     0.123375
    -0.023437     0.129456
    -0.021763     0.135636
    -0.020089     0.141904
    -0.018415     0.148251
    -0.016741     0.154671
    -0.015067     0.161157
    -0.013393     0.167705
    -0.011718     0.174310
    -0.010044     0.180968
    -0.008370     0.187675
    -0.006696     0.194429
    -0.005022     0.201226
    -0.003348     0.208064
    -0.001674     0.214941
     0.000000     0.221850
     0.001674     0.214937
     0.003348     0.208061
     0.005022     0.201223
     0.006696     0.194426
     0.008370     0.187673
     0.010044     0.180966
     0.011718     0.174309
     0.013393     0.167704
     0.015067     0.161157
     0.016741     0.154671
     0.018415     0.148251
     0.020089     0.141904
     0.021763     0.135637
     0.023437     0.129458
     0.025111     0.123376
     0.026785     0.117405
     0.028459     0.111557
     0.030133     0.105850
     0.031807     0.100306
     0.033481     0.094949
     0.035155     0.089812
     0.036829     0.084931
     0.038504     0.080356
     0.040178     0.076143
     0.041852     0.072362
     0.043526     0.069093
     0.045200     0.066431
     0.046874     0.064477
     0.048548     0.063333
     0.050222     0.063090
     0.051896     0.063815
     0.053570     0.065537
     0.055244     0.068242
     0.056918     0.071878
     0.058592     0.076359
     0.060266     0.081588
     0.061940     0.087460
     0.063615     0.093878
     0.065289     0.100755
     0.066963     0.108015
     0.068637     0.115597
     0.070311     0.123447
     0.071985     0.131521
     0.073659     0.139786
     0.075333     0.148210
     0.077007     0.156770
     0.078681     0.165446
     0.080355     0.174221
     0.082029     0.183081
     0.083703     0.192013
     0.085377     0.201007
     0.087051     0.210055
     0.088726     0.219149
     0.090400     0.228283
     0.092074     0.237450
     0.093748     0.246646
     0.095422     0.255865
     0.097096     0.265105
     0.098770     0.274361
     0.100444     0.283631
     0.102118     0.292911
     0.103792     0.302198
     0.105466     0.311491
     0.107140     0.320787
     0.108814     0.330084
     0.110488     0.339381
     0.112163     0.348675
     0.113837     0.357965
     0.115511     0.367250
     0.117185     0.376529
     0.118859     0.385799
     0.120533     0.395060
     0.122207     0.404312
     0.123881     0.413551
     0.125555     0.422779
     0.127229     0.431994
     0.128903     0.441194
     0.130577     0.450380
     0.132251     0.459550
     0.133925     0.468704
     0.135599     0.477842
     0.137274     0.486961
     0.138948     0.496063
     0.140622     0.505145
     0.142296     0.514209
     0.143970     0.523252
     0.145644     0.532275
     0.147318     0.541278
     0.148992     0.550259
     0.150666     0.559218
     0.152340     0.568155
     0.154014     0.577069
     0.155688     0.585961
     0.157362     0.594829
     0.159036     0.603673
     0.160710     0.612494
     0.162385     0.621290
     0.164059     0.630061
     0.165733     0.638807
     0.167407     0.647528


    -0.167407     0.887531
    -0.165733     0.881899
    -0.164059     0.876252
    -0.162385     0.870590
    -0.160710     0.864911
    -0.159036     0.859217
    -0.157362     0.853506
    -0.155688     0.847777
    -0.154014     0.842032
    -0.152340     0.836269
    -0.150666     0.830487
    -0.148992     0.824688
    -0.147318     0.818869
    -0.145644     0.813031
    -0.143970     0.807173
    -0.142296     0.801295
    -0.140622     0.795396
    -0.138948     0.789476
    -0.137274     0.783534
    -0.135599     0.777571
    -0.133925     0.771585
    -0.132251     0.765575
    -0.130577     0.759543
    -0.128903     0.753486
    -0.127229     0.747405
    -0.125555     0.741299
    -0.123881     0.735168
    -0.122207     0.729011
    -0.120533     0.722828
    -0.118859     0.716618
    -0.117185     0.710381
    -0.115511     0.704117
    -0.113837     0.697825
    -0.112163     0.691505
    -0.110488     0.685156
    -0.108814     0.678779
    -0.107140     0.672373
    -0.105466     0.665937
    -0.103792     0.659472
    -0.102118     0.652978
    -0.100444     0.646453
    -0.098770     0.639899
    -0.097096     0.633315
    -0.095422     0.626701
    -0.093748     0.620057
    -0.092074     0.613383
    -0.090400     0.606679
    -0.088726     0.599946
    -0.087051     0.593183
    -0.085377     0.586392
    -0.083703     0.579571
    -0.082029     0.572722
    -0.080355     0.565845
    -0.078681     0.558941
    -0.077007     0.552009
    -0.075333     0.545051
    -0.073659     0.538067
    -0.071985     0.531058
    -0.070311     0.524024
    -0.068637     0.516967
    -0.066963     0.509887
    -0.065289     0.502785
    -0.063615     0.495661
    -0.061940     0.488518
    -0.060266     0.481356
    -0.058592     0.474176
    -0.056918     0.466979
    -0.055244     0.459766
    -0.053570     0.452539
    -0.051896     0.445298
    -0.050222     0.438046
    -0.048548     0.430782
    -0.046874     0.423509
    -0.045200     0.416228
    -0.043526     0.408941
    -0.041852     0.401648
    -0.040178     0.394351
    -0.038504     0.387051
    -0.036829     0.379750
    -0.035155     0.372450
    -0.033481     0.365151
    -0.031807     0.357856
    -0.030133     0.350566
    -0.028459     0.343281
    -0.026785     0.336005
    -0.025111     0.328738
    -0.023437     0.321481
    -0.021763     0.314236
    -0.020089     0.307005
    -0.018415     0.299790
    -0.016741     0.292591
    -0.015067     0.285409
    -0.013393     0.278248
    -0.011718     0.271108
    -0.010044     0.263990
    -0.008370     0.256897
    -0.006696     0.249829
    -0.005022     0.242789
    -0.003348     0.235778
    -0.001674     0.228798
     0.000000     0.221855
     0.001674     0.228802
     0.003348     0.235783
     0.005022     0.242794
     0.006696     0.249834
     0.008370     0.256902
     0.010044     0.263996
     0.011718     0.271114
     0.013393     0.278254
     0.015067     0.285416
     0.016741     0.292597
     0.018415     0.299796
     0.020089     0.307012
     0.021763     0.314243
     0.023437     0.321488
     0.025111     0.328745
     0.026785     0.336012
     0.028459     0.343289
     0.030133     0.350573
     0.031807     0.357864
     0.033481     0.365159
     0.035155     0.372458
     0.036829     0.379758
     0.038504     0.387059
     0.040178     0.394358
     0.041852     0.401655
     0.043526     0.408948
     0.045200     0.416236
     0.046874     0.423517
     0.048548     0.430790
     0.050222     0.438053
     0.051896     0.445306
     0.053570     0.452546
     0.055244     0.459773
     0.056918     0.466986
     0.058592     0.474183
     0.060266     0.481363
     0.061940     0.488525
     0.063615     0.495668
     0.065289     0.502790
     0.066963     0.509892
     0.068637     0.516972
     0.070311     0.524029
     0.071985     0.531063
     0.073659     0.538072
     0.075333     0.545055
     0.077007     0.552013
     0.078681     0.558945
     0.080355     0.565849
     0.082029     0.572726
     0.083703     0.579575
     0.085377     0.586395
     0.087051     0.593186
     0.088726     0.599949
     0.090400     0.606682
     0.092074     0.613385
     0.093748     0.620059
     0.095422     0.626703
     0.097096     0.633316
     0.098770     0.639900
     0.100444     0.646454
     0.102118     0.652979
     0.103792     0.659473
     0.105466     0.665938
     0.107140     0.672373
     0.108814     0.678779
     0.110488     0.685156
     0.112163     0.691505
     0.113837     0.697824
     0.115511     0.704116
     0.117185     0.710380
     0.118859     0.716617
     0.120533     0.722827
     0.122207     0.729010
     0.123881     0.735167
     0.125555     0.741298
     0.127229     0.747404
     0.128903     0.753485
     0.130577     0.759541
     0.132251     0.765574
     0.133925     0.771583
     0.135599     0.777569
     0.137274     0.783532
     0.138948     0.789474
     0.140622     0.795394
     0.142296     0.801293
     0.143970     0.807171
     0.145644     0.813029
     0.147318     0.818867
     0.148992     0.824685
     0.150666     0.830485
     0.152340     0.836266
     0.154014     0.842030
     0.155688     0.847775
     0.157362     0.853503
     0.159036     0.859214
     0.160710     0.864909
     0.162385     0.870587
     0.164059     0.876250
     0.165733     0.881897
     0.167407     0.887528


    -0.167407     1.829173
    -0.165733     1.821434
    -0.164059     1.813715
    -0.162385     1.806017
    -0.160710     1.798343
    -0.159036     1.790694
    -0.157362     1.783073
    -0.155688     1.775481
    -0.154014     1.767921
    -0.152340     1.760395
    -0.150666     1.752904
    -0.148992     1.745451
    -0.147318     1.738039
    -0.145644     1.730669
    -0.143970     1.723343
    -0.142296     1.716065
    -0.140622     1.708835
    -0.138948     1.701658
    -0.137274     1.694534
    -0.135599     1.687466
    -0.133925     1.680457
    -0.132251     1.673508
    -0.130577     1.666623
    -0.128903     1.659803
    -0.127229     1.653052
    -0.125555     1.646371
    -0.123881     1.639762
    -0.122207     1.633229
    -0.120533     1.626773
    -0.118859     1.620397
    -0.117185     1.614103
    -0.115511     1.607894
    -0.113837     1.601771
    -0.112163     1.595738
    -0.110488     1.589795
    -0.108814     1.583947
    -0.107140     1.578193
    -0.105466     1.572538
    -0.103792     1.566983
    -0.102118     1.561529
    -0.100444     1.556180
    -0.098770     1.550936
    -0.097096     1.545800
    -0.095422     1.540774
    -0.093748     1.535860
    -0.092074     1.531059
    -0.090400     1.526372
    -0.088726     1.521802
    -0.087051     1.517350
    -0.085377     1.513018
    -0.083703     1.508806
    -0.082029     1.504717
    -0.080355     1.500751
    -0.078681     1.496910
    -0.077007     1.493194
    -0.075333     1.489605
    -0.073659     1.486144
    -0.071985     1.482811
    -0.070311     1.479607
    -0.068637     1.476534
    -0.066963     1.473590
    -0.065289     1.470778
    -0.063615     1.468097
    -0.061940     1.465548
    -0.060266     1.463130
    -0.058592     1.460845
    -0.056918     1.458692
    -0.055244     1.456672
    -0.053570     1.454784
    -0.051896     1.453027
    -0.050222     1.451403
    -0.048548     1.449910
    -0.046874     1.448549
    -0.045200     1.447318
    -0.043526     1.446218
    -0.041852     1.445248
    -0.040178     1.444406
    -0.038504     1.443693
    -0.036829     1.443108
    -0.035155     1.442650
    -0.033481     1.442318
    -0.031807     1.442112
    -0.030133     1.442029
    -0.028459     1.442070
    -0.026785     1.442233
    -0.025111     1.442517
    -0.023437     1.442921
    -0.021763     1.443444
    -0.020089     1.444084
    -0.018415     1.444841
    -0.016741     1.445713
    -0.015067     1.446699
    -0.013393     1.447797
    -0.011718     1.449007
    -0.010044     1.450326
    -0.008370     1.451754
    -0.006696     1.453289
    -0.005022     1.454929
    -0.003348     1.456674
    -0.001674     1.458521
     0.000000     1.460462
     0.001674     1.458530
     0.003348     1.456683
     0.005022     1.454939
     0.006696     1.453299
     0.008370     1.451765
     0.010044     1.450337
     0.011718     1.449018
     0.013393     1.447809
     0.015067     1.446711
     0.016741     1.445725
     0.018415     1.444853
     0.020089     1.444097
     0.021763     1.443457
     0.023437     1.442934
     0.025111     1.442530
     0.026785     1.442246
     0.028459     1.442084
     0.030133     1.442043
     0.031807     1.442126
     0.033481     1.442333
     0.035155     1.442665
     0.036829     1.443124
     0.038504     1.443709
     0.040178     1.444422
     0.041852     1.445263
     0.043526     1.446234
     0.045200     1.447335
     0.046874     1.448565
     0.048548     1.449927
     0.050222     1.451420
     0.051896     1.453044
     0.053570     1.454801
     0.055244     1.456689
     0.056918     1.458710
     0.058592     1.460863
     0.060266     1.463148
     0.061940     1.465565
     0.063615     1.468115
     0.065289     1.470796
     0.066963     1.473608
     0.068637     1.476551
     0.070311     1.479625
     0.071985     1.482829
     0.073659     1.486162
     0.075333     1.489623
     0.077007     1.493212
     0.078681     1.496928
     0.080355     1.500769
     0.082029     1.504735
     0.083703     1.508824
     0.085377     1.513035
     0.087051     1.517367
     0.088726     1.521819
     0.090400     1.526389
     0.092074     1.531075
     0.093748     1.535876
     0.095422     1.540791
     0.097096     1.545816
     0.098770     1.550952
     0.100444     1.556195
     0.102118     1.561544
     0.103792     1.566997
     0.105466     1.572553
     0.107140     1.578208
     0.108814     1.583960
     0.110488     1.589809
     0.112163     1.595751
     0.113837     1.601784
     0.115511     1.607906
     0.117185     1.614115
     0.118859     1.620409
     0.120533     1.626785
     0.122207     1.633240
     0.123881     1.639773
     0.125555     1.646381
     0.127229     1.653062
     0.128903     1.659813
     0.130577     1.666632
     0.132251     1.673517
     0.133925     1.680465
     0.135599     1.687473
     0.137274     1.694541
     0.138948     1.701664
     0.140622     1.708842
     0.142296     1.716071
     0.143970     1.723349
     0.145644     1.730674
     0.147318     1.738043
     0.148992     1.745456
     0.150666     1.752908
     0.152340     1.760398
     0.154014     1.767924
     0.155688     1.775484
     0.157362     1.783075
     0.159036     1.790696
     0.160710     1.798345
     0.162385     1.806018
     0.164059     1.813716
     0.165733     1.821434
     0.167407     1.829173


    -0.167407     1.953728
    -0.165733     1.947327
    -0.164059     1.940935
    -0.162385     1.934553
    -0.160710     1.928181
    -0.159036     1.921820
    -0.157362     1.915471
    -0.155688     1.909134
    -0.154014     1.902809
    -0.152340     1.896497
    -0.150666     1.890199
    -0.148992     1.883915
    -0.147318     1.877646
    -0.145644     1.871392
    -0.143970     1.865154
    -0.142296     1.858932
    -0.140622     1.852727
    -0.138948     1.846539
    -0.137274     1.840369
    -0.135599     1.834217
    -0.133925     1.828084
    -0.132251     1.821971
    -0.130577     1.815877
    -0.128903     1.809804
    -0.127229     1.803752
    -0.125555     1.797721
    -0.123881     1.791713
    -0.122207     1.785727
    -0.120533     1.779764
    -0.118859     1.773825
    -0.117185     1.767910
    -0.115511     1.762020
    -0.113837     1.756155
    -0.112163     1.750316
    -0.110488     1.744503
    -0.108814     1.738718
    -0.107140     1.732960
    -0.105466     1.727230
    -0.103792     1.721529
    -0.102118     1.715858
    -0.100444     1.710217
    -0.098770     1.704607
    -0.097096     1.699028
    -0.095422     1.693481
    -0.093748     1.687967
    -0.092074     1.682486
    -0.090400     1.677039
    -0.088726     1.671628
    -0.087051     1.666252
    -0.085377     1.660912
    -0.083703     1.655610
    -0.082029     1.650345
    -0.080355     1.645119
    -0.078681     1.639933
    -0.077007     1.634788
    -0.075333     1.629683
    -0.073659     1.624621
    -0.071985     1.619602
    -0.070311     1.614627
    -0.068637     1.609697
    -0.066963     1.604812
    -0.065289     1.599975
    -0.063615     1.595185
    -0.061940     1.590445
    -0.060266     1.585754
    -0.058592     1.581114
    -0.056918     1.576527
    -0.055244     1.571992
    -0.053570     1.567512
    -0.051896     1.563088
    -0.050222     1.558720
    -0.048548     1.554410
    -0.046874     1.550158
    -0.045200     1.545967
    -0.043526     1.541838
    -0.041852     1.537771
    -0.040178     1.533768
    -0.038504     1.529831
    -0.036829     1.525960
    -0.035155     1.522157
    -0.033481     1.518423
    -0.031807     1.514760
    -0.030133     1.511169
    -0.028459     1.507652
    -0.026785     1.504209
    -0.025111     1.500842
    -0.023437     1.497553
    -0.021763     1.494343
    -0.020089     1.491214
    -0.018415     1.488167
    -0.016741     1.485203
    -0.015067     1.482324
    -0.013393     1.479531
    -0.011718     1.476826
    -0.010044     1.474211
    -0.008370     1.471686
    -0.006696     1.469254
    -0.005022     1.466916
    -0.003348     1.464673
    -0.001674     1.462526
     0.000000     1.460486
     0.001674     1.462518
     0.003348     1.464664
     0.005022     1.466907
     0.006696     1.469246
     0.008370     1.471678
     0.010044     1.474203
     0.011718     1.476819
     0.013393     1.479524
     0.015067     1.482317
     0.016741     1.485196
     0.018415     1.488160
     0.020089     1.491208
     0.021763     1.494338
     0.023437     1.497548
     0.025111     1.500837
     0.026785     1.504204
     0.028459     1.507647
     0.030133     1.511165
     0.031807     1.514756
     0.033481     1.518419
     0.035155     1.522153
     0.036829     1.525956
     0.038504     1.529827
     0.040178     1.533765
     0.041852     1.537768
     0.043526     1.541835
     0.045200     1.545965
     0.046874     1.550156
     0.048548     1.554407
     0.050222     1.558718
     0.051896     1.563086
     0.053570     1.567510
     0.055244     1.571991
     0.056918     1.576525
     0.058592     1.581113
     0.060266     1.585753
     0.061940     1.590444
     0.063615     1.595184
     0.065289     1.599974
     0.066963     1.604812
     0.068637     1.609696
     0.070311     1.614626
     0.071985     1.619602
     0.073659     1.624621
     0.075333     1.629683
     0.077007     1.634788
     0.078681     1.639933
     0.080355     1.645120
     0.082029     1.650346
     0.083703     1.655610
     0.085377     1.660913
     0.087051     1.666252
     0.088726     1.671629
     0.090400     1.677040
     0.092074     1.682487
     0.093748     1.687968
     0.095422     1.693482
     0.097096     1.699029
     0.098770     1.704608
     0.100444     1.710219
     0.102118     1.715860
     0.103792     1.721531
     0.105466     1.727232
     0.107140     1.732962
     0.108814     1.738720
     0.110488     1.744505
     0.112163     1.750318
     0.113837     1.756157
     0.115511     1.762022
     0.117185     1.767912
     0.118859     1.773827
     0.120533     1.779767
     0.122207     1.785730
     0.123881     1.791716
     0.125555     1.797724
     0.127229     1.803755
     0.128903     1.809807
     0.130577     1.815880
     0.132251     1.821974
     0.133925     1.828087
     0.135599     1.834220
     0.137274     1.840372
     0.138948     1.846542
     0.140622     1.852730
     0.142296     1.858935
     0.143970     1.865157
     0.145644     1.871396
     0.147318     1.877650
     0.148992     1.883919
     0.150666     1.890203
     0.152340     1.896501
     0.154014     1.902813
     0.155688     1.909137
     0.157362     1.915475
     0.159036     1.921824
     0.160710     1.928185
     0.162385     1.934557
     0.164059     1.940939
     0.165733     1.947331
     0.167407     1.953732


    -0.167407     2.319791
    -0.165733     2.312373
    -0.164059     2.304990
    -0.162385     2.297643
    -0.160710     2.290333
    -0.159036     2.283061
    -0.157362     2.275828
    -0.155688     2.268636
    -0.154014     2.261486
    -0.152340     2.254379
    -0.150666     2.247316
    -0.148992     2.240298
    -0.147318     2.233326
    -0.145644     2.226402
    -0.143970     2.219527
    -0.142296     2.212701
    -0.140622     2.205925
    -0.138948     2.199201
    -0.137274     2.192530
    -0.135599     2.185912
    -0.133925     2.179349
    -0.132251     2.172841
    -0.130577     2.166389
    -0.128903     2.159995
    -0.127229     2.153658
    -0.125555     2.147381
    -0.123881     2.141164
    -0.122207     2.135007
    -0.120533     2.128912
    -0.118859     2.122880
    -0.117185     2.116910
    -0.115511     2.111005
    -0.113837     2.105164
    -0.112163     2.099389
    -0.110488     2.093680
    -0.108814     2.088038
    -0.107140     2.082463
    -0.105466     2.076958
    -0.103792     2.071521
    -0.102118     2.066154
    -0.100444     2.060858
    -0.098770     2.055633
    -0.097096     2.050480
    -0.095422     2.045400
    -0.093748     2.040393
    -0.092074     2.035460
    -0.090400     2.030601
    -0.088726     2.025818
    -0.087051     2.021110
    -0.085377     2.016479
    -0.083703     2.011925
    -0.082029     2.007449
    -0.080355     2.003050
    -0.078681     1.998731
    -0.077007     1.994491
    -0.075333     1.990332
    -0.073659     1.986252
    -0.071985     1.982254
    -0.070311     1.978338
    -0.068637     1.974504
    -0.066963     1.970753
    -0.065289     1.967086
    -0.063615     1.963502
    -0.061940     1.960003
    -0.060266     1.956589
    -0.058592     1.953260
    -0.056918     1.950018
    -0.055244     1.946862
    -0.053570     1.943793
    -0.051896     1.940812
    -0.050222     1.937919
    -0.048548     1.935115
    -0.046874     1.932400
    -0.045200     1.929774
    -0.043526     1.927238
    -0.041852     1.924793
    -0.040178     1.922439
    -0.038504     1.920176
    -0.036829     1.918005
    -0.035155     1.915927
    -0.033481     1.913941
    -0.031807     1.912048
    -0.030133     1.910249
    -0.028459     1.908544
    -0.026785     1.906934
    -0.025111     1.905418
    -0.023437     1.903997
    -0.021763     1.902673
    -0.020089     1.901444
    -0.018415     1.900312
    -0.016741     1.899278
    -0.015067     1.898340
    -0.013393     1.897502
    -0.011718     1.896761
    -0.010044     1.896120
    -0.008370     1.895577
    -0.006696     1.895134
    -0.005022     1.894789
    -0.003348     1.894543
    -0.001674     1.894394
     0.000000     1.894341
     0.001674     1.894386
     0.003348     1.894529
     0.005022     1.894772
     0.006696     1.895114
     0.008370     1.895556
     0.010044     1.896097
     0.011718     1.896736
     0.013393     1.897475
     0.015067     1.898313
     0.016741     1.899248
     0.018415     1.900282
     0.020089     1.901413
     0.021763     1.902641
     0.023437     1.903965
     0.025111     1.905385
     0.026785     1.906901
     0.028459     1.908511
     0.030133     1.910216
     0.031807     1.912015
     0.033481     1.913908
     0.035155     1.915894
     0.036829     1.917973
     0.038504     1.920144
     0.040178     1.922407
     0.041852     1.924762
     0.043526     1.927207
     0.045200     1.929743
     0.046874     1.932369
     0.048548     1.935084
     0.050222     1.937889
     0.051896     1.940782
     0.053570     1.943763
     0.055244     1.946832
     0.056918     1.949989
     0.058592     1.953231
     0.060266     1.956560
     0.061940     1.959974
     0.063615     1.963474
     0.065289     1.967058
     0.066963     1.970726
     0.068637     1.974477
     0.070311     1.978311
     0.071985     1.982228
     0.073659     1.986226
     0.075333     1.990306
     0.077007     1.994466
     0.078681     1.998706
     0.080355     2.003026
     0.082029     2.007424
     0.083703     2.011901
     0.085377     2.016456
     0.087051     2.021087
     0.088726     2.025795
     0.090400     2.030579
     0.092074     2.035439
     0.093748     2.040372
     0.095422     2.045380
     0.097096     2.050461
     0.098770     2.055614
     0.100444     2.060840
     0.102118     2.066136
     0.103792     2.071504
     0.105466     2.076941
     0.107140     2.082447
     0.108814     2.088022
     0.110488     2.093665
     0.112163     2.099375
     0.113837     2.105150
     0.115511     2.110992
     0.117185     2.116898
     0.118859     2.122868
     0.120533     2.128902
     0.122207     2.134997
     0.123881     2.141155
     0.125555     2.147373
     0.127229     2.153650
     0.128903     2.159987
     0.130577     2.166382
     0.132251     2.172835
     0.133925     2.179343
     0.135599     2.185907
     0.137274     2.192526
     0.138948     2.199198
     0.140622     2.205923
     0.142296     2.212699
     0.143970     2.219526
     0.145644     2.226402
     0.147318     2.233327
     0.148992     2.240299
     0.150666     2.247318
     0.152340     2.254381
     0.154014     2.261489
     0.155688     2.268640
     0.157362     2.275833
     0.159036     2.283066
     0.160710     2.290338
     0.162385     2.297649
     0.164059     2.304997
     0.165733     2.312380
     0.167407     2.319798


    -0.167407     2.343447
    -0.165733     2.335911
    -0.164059     2.328393
    -0.162385     2.320895
    -0.160710     2.313419
    -0.159036     2.305966
    -0.157362     2.298538
    -0.155688     2.291136
    -0.154014     2.283762
    -0.152340     2.276418
    -0.150666     2.269104
    -0.148992     2.261824
    -0.147318     2.254577
    -0.145644     2.247366
    -0.143970     2.240192
    -0.142296     2.233058
    -0.140622     2.225963
    -0.138948     2.218910
    -0.137274     2.211901
    -0.135599     2.204937
    -0.133925     2.198018
    -0.132251     2.191148
    -0.130577     2.184327
    -0.128903     2.177557
    -0.127229     2.170839
    -0.125555     2.164174
    -0.123881     2.157565
    -0.122207     2.151012
    -0.120533     2.144516
    -0.118859     2.138081
    -0.117185     2.131705
    -0.115511     2.125392
    -0.113837     2.119142
    -0.112163     2.112956
    -0.110488     2.106837
    -0.108814     2.100784
    -0.107140     2.094800
    -0.105466     2.088886
    -0.103792     2.083043
    -0.102118     2.077272
    -0.100444     2.071574
    -0.098770     2.065951
    -0.097096     2.060403
    -0.095422     2.054932
    -0.093748     2.049540
    -0.092074     2.044226
    -0.090400     2.038992
    -0.088726     2.033839
    -0.087051     2.028768
    -0.085377     2.023780
    -0.083703     2.018876
    -0.082029     2.014057
    -0.080355     2.009325
    -0.078681     2.004678
    -0.077007     2.000120
    -0.075333     1.995649
    -0.073659     1.991269
    -0.071985     1.986978
    -0.070311     1.982777
    -0.068637     1.978669
    -0.066963     1.974652
    -0.065289     1.970729
    -0.063615     1.966899
    -0.061940     1.963163
    -0.060266     1.959521
    -0.058592     1.955976
    -0.056918     1.952525
    -0.055244     1.949172
    -0.053570     1.945915
    -0.051896     1.942755
    -0.050222     1.939693
    -0.048548     1.936729
    -0.046874     1.933864
    -0.045200     1.931097
    -0.043526     1.928430
    -0.041852     1.925862
    -0.040178     1.923394
    -0.038504     1.921026
    -0.036829     1.918758
    -0.035155     1.916591
    -0.033481     1.914524
    -0.031807     1.912558
    -0.030133     1.910693
    -0.028459     1.908929
    -0.026785     1.907266
    -0.025111     1.905705
    -0.023437     1.904244
    -0.021763     1.902885
    -0.020089     1.901627
    -0.018415     1.900470
    -0.016741     1.899413
    -0.015067     1.898457
    -0.013393     1.897602
    -0.011718     1.896847
    -0.010044     1.896192
    -0.008370     1.895636
    -0.006696     1.895182
    -0.005022     1.894827
    -0.003348     1.894574
    -0.001674     1.894424
     0.000000     1.894376
     0.001674     1.894431
     0.003348     1.894586
     0.005022     1.894842
     0.006696     1.895198
     0.008370     1.895654
     0.010044     1.896211
     0.011718     1.896867
     0.013393     1.897623
     0.015067     1.898479
     0.016741     1.899436
     0.018415     1.900493
     0.020089     1.901651
     0.021763     1.902909
     0.023437     1.904268
     0.025111     1.905728
     0.026785     1.907290
     0.028459     1.908952
     0.030133     1.910715
     0.031807     1.912579
     0.033481     1.914545
     0.035155     1.916611
     0.036829     1.918777
     0.038504     1.921045
     0.040178     1.923412
     0.041852     1.925879
     0.043526     1.928447
     0.045200     1.931113
     0.046874     1.933879
     0.048548     1.936744
     0.050222     1.939708
     0.051896     1.942769
     0.053570     1.945928
     0.055244     1.949185
     0.056918     1.952538
     0.058592     1.955988
     0.060266     1.959533
     0.061940     1.963174
     0.063615     1.966910
     0.065289     1.970739
     0.066963     1.974663
     0.068637     1.978679
     0.070311     1.982787
     0.071985     1.986987
     0.073659     1.991277
     0.075333     1.995658
     0.077007     2.000128
     0.078681     2.004686
     0.080355     2.009332
     0.082029     2.014065
     0.083703     2.018883
     0.085377     2.023787
     0.087051     2.028774
     0.088726     2.033845
     0.090400     2.038998
     0.092074     2.044231
     0.093748     2.049545
     0.095422     2.054938
     0.097096     2.060408
     0.098770     2.065956
     0.100444     2.071579
     0.102118     2.077276
     0.103792     2.083047
     0.105466     2.088890
     0.107140     2.094805
     0.108814     2.100788
     0.110488     2.106841
     0.112163     2.112960
     0.113837     2.119145
     0.115511     2.125395
     0.117185     2.131708
     0.118859     2.138084
     0.120533     2.144520
     0.122207     2.151015
     0.123881     2.157567
     0.125555     2.164177
     0.127229     2.170841
     0.128903     2.177559
     0.130577     2.184330
     0.132251     2.191151
     0.133925     2.198021
     0.135599     2.204939
     0.137274     2.211904
     0.138948     2.218913
     0.140622     2.225966
     0.142296     2.233060
     0.143970     2.240195
     0.145644     2.247369
     0.147318     2.254580
     0.148992     2.261826
     0.150666     2.269107
     0.152340     2.276421
     0.154014     2.283765
     0.155688     2.291139
     0.157362     2.298541
     0.159036     2.305970
     0.160710     2.313423
     0.162385     2.320899
     0.164059     2.328397
     0.165733     2.335915
     0.167407     2.343451


