    -0.167407    -3.810892
    -0.165733    -3.811194
    -0.164059    -3.811496
    -0.162385    -3.811798
    -0.160710    -3.812099
    -0.159036    -3.812400
    -0.157362    -3.812700
    -0.155688    -3.812999
    -0.154014    -3.813296
    -0.152340    -3.813592
    -0.150666    -3.813886
    -0.148992    -3.814179
    -0.147318    -3.814470
    -0.145644    -3.814758
    -0.143970    -3.815044
    -0.142296    -3.815328
    -0.140622    -3.815608
    -0.138948    -3.815886
    -0.137274    -3.816161
    -0.135599    -3.816433
    -0.133925    -3.816702
    -0.132251    -3.816967
    -0.130577    -3.817228
    -0.128903    -3.817486
    -0.127229    -3.817739
    -0.125555    -3.817989
    -0.123881    -3.818234
    -0.122207    -3.818475
    -0.120533    -3.818712
    -0.118859    -3.818944
    -0.117185    -3.819171
    -0.115511    -3.819393
    -0.113837    -3.819610
    -0.112163    -3.819822
    -0.110488    -3.820029
    -0.108814    -3.820231
    -0.107140    -3.820427
    -0.105466    -3.820617
    -0.103792    -3.820802
    -0.102118    -3.820981
    -0.100444    -3.821153
    -0.098770    -3.821320
    -0.097096    -3.821481
    -0.095422    -3.821635
    -0.093748    -3.821783
    -0.092074    -3.821925
    -0.090400    -3.822060
    -0.088726    -3.822189
    -0.087051    -3.822310
    -0.085377    -3.822425
    -0.083703    -3.822533
    -0.082029    -3.822634
    -0.080355    -3.822728
    -0.078681    -3.822814
    -0.077007    -3.822894
    -0.075333    -3.822966
    -0.073659    -3.823030
    -0.071985    -3.823088
    -0.070311    -3.823137
    -0.068637    -3.823179
    -0.066963    -3.823213
    -0.065289    -3.823240
    -0.063615    -3.823258
    -0.061940    -3.823269
    -0.060266    -3.823272
    -0.058592    -3.823266
    -0.056918    -3.823253
    -0.055244    -3.823231
    -0.053570    -3.823201
    -0.051896    -3.823163
    -0.050222    -3.823116
    -0.048548    -3.823061
    -0.046874    -3.822998
    -0.045200    -3.822926
    -0.043526    -3.822845
    -0.041852    -3.822756
    -0.040178    -3.822658
    -0.038504    -3.822551
    -0.036829    -3.822436
    -0.035155    -3.822312
    -0.033481    -3.822179
    -0.031807    -3.822037
    -0.030133    -3.821886
    -0.028459    -3.821727
    -0.026785    -3.821558
    -0.025111    -3.821380
    -0.023437    -3.821193
    -0.021763    -3.820997
    -0.020089    -3.820792
    -0.018415    -3.820577
    -0.016741    -3.820353
    -0.015067    -3.820120
    -0.013393    -3.819878
    -0.011718    -3.819627
    -0.010044    -3.819366
    -0.008370    -3.819096
    -0.006696    -3.818816
    -0.005022    -3.818527
    -0.003348    -3.818228
    -0.001674    -3.817920
     0.000000    -3.817608
     0.001674    -3.817921
     0.003348    -3.818229
     0.005022    -3.818528
     0.006696    -3.818817
     0.008370    -3.819097
     0.010044    -3.819367
     0.011718    -3.819628
     0.013393    -3.819880
     0.015067    -3.820122
     0.016741    -3.820355
     0.018415    -3.820579
     0.020089    -3.820793
     0.021763    -3.820998
     0.023437    -3.821194
     0.025111    -3.821381
     0.026785    -3.821559
     0.028459    -3.821728
     0.030133    -3.821888
     0.031807    -3.822039
     0.033481    -3.822181
     0.035155    -3.822314
     0.036829    -3.822438
     0.038504    -3.822553
     0.040178    -3.822659
     0.041852    -3.822757
     0.043526    -3.822846
     0.045200    -3.822927
     0.046874    -3.822999
     0.048548    -3.823062
     0.050222    -3.823117
     0.051896    -3.823164
     0.053570    -3.823202
     0.055244    -3.823232
     0.056918    -3.823253
     0.058592    -3.823266
     0.060266    -3.823272
     0.061940    -3.823269
     0.063615    -3.823258
     0.065289    -3.823239
     0.066963    -3.823213
     0.068637    -3.823179
     0.070311    -3.823136
     0.071985    -3.823087
     0.073659    -3.823029
     0.075333    -3.822965
     0.077007    -3.822892
     0.078681    -3.822813
     0.080355    -3.822726
     0.082029    -3.822632
     0.083703    -3.822531
     0.085377    -3.822422
     0.087051    -3.822307
     0.088726    -3.822185
     0.090400    -3.822057
     0.092074    -3.821922
     0.093748    -3.821780
     0.095422    -3.821631
     0.097096    -3.821477
     0.098770    -3.821316
     0.100444    -3.821149
     0.102118    -3.820975
     0.103792    -3.820796
     0.105466    -3.820611
     0.107140    -3.820421
     0.108814    -3.820225
     0.110488    -3.820023
     0.112163    -3.819816
     0.113837    -3.819603
     0.115511    -3.819386
     0.117185    -3.819163
     0.118859    -3.818936
     0.120533    -3.818704
     0.122207    -3.818467
     0.123881    -3.818226
     0.125555    -3.817980
     0.127229    -3.817730
     0.128903    -3.817476
     0.130577    -3.817219
     0.132251    -3.816957
     0.133925    -3.816692
     0.135599    -3.816423
     0.137274    -3.816151
     0.138948    -3.815876
     0.140622    -3.815598
     0.142296    -3.815316
     0.143970    -3.815033
     0.145644    -3.814746
     0.147318    -3.814458
     0.148992    -3.814167
     0.150666    -3.813874
     0.152340    -3.813580
     0.154014    -3.813283
     0.155688    -3.812986
     0.157362    -3.812687
     0.159036    -3.812387
     0.160710    -3.812086
     0.162385    -3.811785
     0.164059    -3.811483
     0.165733    -3.811181
     0.167407    -3.810878


    -0.167407    -3.738402
    -0.165733    -3.739609
    -0.164059    -3.740810
    -0.162385    -3.742005
    -0.160710    -3.743192
    -0.159036    -3.744374
    -0.157362    -3.745548
    -0.155688    -3.746715
    -0.154014    -3.747876
    -0.152340    -3.749029
    -0.150666    -3.750175
    -0.148992    -3.751314
    -0.147318    -3.752446
    -0.145644    -3.753570
    -0.143970    -3.754687
    -0.142296    -3.755796
    -0.140622    -3.756898
    -0.138948    -3.757992
    -0.137274    -3.759079
    -0.135599    -3.760157
    -0.133925    -3.761228
    -0.132251    -3.762290
    -0.130577    -3.763345
    -0.128903    -3.764392
    -0.127229    -3.765430
    -0.125555    -3.766460
    -0.123881    -3.767482
    -0.122207    -3.768496
    -0.120533    -3.769501
    -0.118859    -3.770498
    -0.117185    -3.771487
    -0.115511    -3.772467
    -0.113837    -3.773438
    -0.112163    -3.774400
    -0.110488    -3.775354
    -0.108814    -3.776300
    -0.107140    -3.777236
    -0.105466    -3.778164
    -0.103792    -3.779082
    -0.102118    -3.779992
    -0.100444    -3.780893
    -0.098770    -3.781785
    -0.097096    -3.782667
    -0.095422    -3.783541
    -0.093748    -3.784406
    -0.092074    -3.785261
    -0.090400    -3.786107
    -0.088726    -3.786944
    -0.087051    -3.787772
    -0.085377    -3.788590
    -0.083703    -3.789399
    -0.082029    -3.790199
    -0.080355    -3.790990
    -0.078681    -3.791770
    -0.077007    -3.792542
    -0.075333    -3.793304
    -0.073659    -3.794057
    -0.071985    -3.794800
    -0.070311    -3.795533
    -0.068637    -3.796257
    -0.066963    -3.796972
    -0.065289    -3.797677
    -0.063615    -3.798372
    -0.061940    -3.799057
    -0.060266    -3.799733
    -0.058592    -3.800400
    -0.056918    -3.801056
    -0.055244    -3.801703
    -0.053570    -3.802341
    -0.051896    -3.802968
    -0.050222    -3.803586
    -0.048548    -3.804194
    -0.046874    -3.804793
    -0.045200    -3.805382
    -0.043526    -3.805961
    -0.041852    -3.806530
    -0.040178    -3.807089
    -0.038504    -3.807639
    -0.036829    -3.808179
    -0.035155    -3.808710
    -0.033481    -3.809230
    -0.031807    -3.809741
    -0.030133    -3.810242
    -0.028459    -3.810733
    -0.026785    -3.811215
    -0.025111    -3.811687
    -0.023437    -3.812149
    -0.021763    -3.812601
    -0.020089    -3.813044
    -0.018415    -3.813477
    -0.016741    -3.813900
    -0.015067    -3.814314
    -0.013393    -3.814718
    -0.011718    -3.815112
    -0.010044    -3.815497
    -0.008370    -3.815872
    -0.006696    -3.816237
    -0.005022    -3.816593
    -0.003348    -3.816939
    -0.001674    -3.817276
     0.000000    -3.817598
     0.001674    -3.817276
     0.003348    -3.816939
     0.005022    -3.816593
     0.006696    -3.816237
     0.008370    -3.815872
     0.010044    -3.815497
     0.011718    -3.815112
     0.013393    -3.814718
     0.015067    -3.814314
     0.016741    -3.813901
     0.018415    -3.813478
     0.020089    -3.813045
     0.021763    -3.812602
     0.023437    -3.812150
     0.025111    -3.811688
     0.026785    -3.811216
     0.028459    -3.810735
     0.030133    -3.810244
     0.031807    -3.809743
     0.033481    -3.809232
     0.035155    -3.808712
     0.036829    -3.808181
     0.038504    -3.807642
     0.040178    -3.807092
     0.041852    -3.806532
     0.043526    -3.805963
     0.045200    -3.805384
     0.046874    -3.804796
     0.048548    -3.804197
     0.050222    -3.803589
     0.051896    -3.802972
     0.053570    -3.802344
     0.055244    -3.801707
     0.056918    -3.801060
     0.058592    -3.800403
     0.060266    -3.799737
     0.061940    -3.799061
     0.063615    -3.798376
     0.065289    -3.797681
     0.066963    -3.796976
     0.068637    -3.796262
     0.070311    -3.795538
     0.071985    -3.794804
     0.073659    -3.794061
     0.075333    -3.793309
     0.077007    -3.792547
     0.078681    -3.791775
     0.080355    -3.790994
     0.082029    -3.790204
     0.083703    -3.789404
     0.085377    -3.788595
     0.087051    -3.787777
     0.088726    -3.786949
     0.090400    -3.786112
     0.092074    -3.785266
     0.093748    -3.784411
     0.095422    -3.783546
     0.097096    -3.782672
     0.098770    -3.781789
     0.100444    -3.780898
     0.102118    -3.779997
     0.103792    -3.779087
     0.105466    -3.778168
     0.107140    -3.777241
     0.108814    -3.776304
     0.110488    -3.775359
     0.112163    -3.774405
     0.113837    -3.773442
     0.115511    -3.772471
     0.117185    -3.771491
     0.118859    -3.770502
     0.120533    -3.769505
     0.122207    -3.768500
     0.123881    -3.767486
     0.125555    -3.766464
     0.127229    -3.765433
     0.128903    -3.764395
     0.130577    -3.763348
     0.132251    -3.762293
     0.133925    -3.761230
     0.135599    -3.760160
     0.137274    -3.759081
     0.138948    -3.757994
     0.140622    -3.756900
     0.142296    -3.755798
     0.143970    -3.754689
     0.145644    -3.753572
     0.147318    -3.752447
     0.148992    -3.751315
     0.150666    -3.750176
     0.152340    -3.749030
     0.154014    -3.747876
     0.155688    -3.746716
     0.157362    -3.745548
     0.159036    -3.744374
     0.160710    -3.743192
     0.162385    -3.742004
     0.164059    -3.740810
     0.165733    -3.739608
     0.167407    -3.738401


    -0.167407    -2.411425
    -0.165733    -2.406890
    -0.164059    -2.402471
    -0.162385    -2.398165
    -0.160710    -2.393969
    -0.159036    -2.389878
    -0.157362    -2.385889
    -0.155688    -2.382000
    -0.154014    -2.378205
    -0.152340    -2.374502
    -0.150666    -2.370888
    -0.148992    -2.367360
    -0.147318    -2.363914
    -0.145644    -2.360547
    -0.143970    -2.357257
    -0.142296    -2.354041
    -0.140622    -2.350897
    -0.138948    -2.347822
    -0.137274    -2.344813
    -0.135599    -2.341869
    -0.133925    -2.338987
    -0.132251    -2.336165
    -0.130577    -2.333402
    -0.128903    -2.330696
    -0.127229    -2.328044
    -0.125555    -2.325446
    -0.123881    -2.322900
    -0.122207    -2.320404
    -0.120533    -2.317956
    -0.118859    -2.315557
    -0.117185    -2.313204
    -0.115511    -2.310896
    -0.113837    -2.308632
    -0.112163    -2.306412
    -0.110488    -2.304233
    -0.108814    -2.302096
    -0.107140    -2.299999
    -0.105466    -2.297942
    -0.103792    -2.295924
    -0.102118    -2.293944
    -0.100444    -2.292001
    -0.098770    -2.290096
    -0.097096    -2.288226
    -0.095422    -2.286392
    -0.093748    -2.284593
    -0.092074    -2.282828
    -0.090400    -2.281098
    -0.088726    -2.279402
    -0.087051    -2.277738
    -0.085377    -2.276108
    -0.083703    -2.274510
    -0.082029    -2.272944
    -0.080355    -2.271410
    -0.078681    -2.269908
    -0.077007    -2.268436
    -0.075333    -2.266996
    -0.073659    -2.265586
    -0.071985    -2.264207
    -0.070311    -2.262858
    -0.068637    -2.261539
    -0.066963    -2.260250
    -0.065289    -2.258991
    -0.063615    -2.257761
    -0.061940    -2.256560
    -0.060266    -2.255389
    -0.058592    -2.254246
    -0.056918    -2.253133
    -0.055244    -2.252048
    -0.053570    -2.250991
    -0.051896    -2.249964
    -0.050222    -2.248964
    -0.048548    -2.247993
    -0.046874    -2.247050
    -0.045200    -2.246135
    -0.043526    -2.245249
    -0.041852    -2.244390
    -0.040178    -2.243559
    -0.038504    -2.242756
    -0.036829    -2.241980
    -0.035155    -2.241232
    -0.033481    -2.240512
    -0.031807    -2.239819
    -0.030133    -2.239154
    -0.028459    -2.238517
    -0.026785    -2.237906
    -0.025111    -2.237323
    -0.023437    -2.236768
    -0.021763    -2.236239
    -0.020089    -2.235738
    -0.018415    -2.235264
    -0.016741    -2.234817
    -0.015067    -2.234397
    -0.013393    -2.234004
    -0.011718    -2.233638
    -0.010044    -2.233299
    -0.008370    -2.232987
    -0.006696    -2.232701
    -0.005022    -2.232443
    -0.003348    -2.232211
    -0.001674    -2.232006
     0.000000    -2.231838
     0.001674    -2.232014
     0.003348    -2.232219
     0.005022    -2.232451
     0.006696    -2.232709
     0.008370    -2.232995
     0.010044    -2.233307
     0.011718    -2.233646
     0.013393    -2.234012
     0.015067    -2.234405
     0.016741    -2.234825
     0.018415    -2.235272
     0.020089    -2.235747
     0.021763    -2.236248
     0.023437    -2.236777
     0.025111    -2.237332
     0.026785    -2.237915
     0.028459    -2.238526
     0.030133    -2.239164
     0.031807    -2.239829
     0.033481    -2.240521
     0.035155    -2.241242
     0.036829    -2.241989
     0.038504    -2.242765
     0.040178    -2.243568
     0.041852    -2.244399
     0.043526    -2.245258
     0.045200    -2.246145
     0.046874    -2.247060
     0.048548    -2.248003
     0.050222    -2.248974
     0.051896    -2.249973
     0.053570    -2.251001
     0.055244    -2.252057
     0.056918    -2.253142
     0.058592    -2.254256
     0.060266    -2.255398
     0.061940    -2.256570
     0.063615    -2.257770
     0.065289    -2.259000
     0.066963    -2.260260
     0.068637    -2.261549
     0.070311    -2.262868
     0.071985    -2.264216
     0.073659    -2.265596
     0.075333    -2.267005
     0.077007    -2.268445
     0.078681    -2.269917
     0.080355    -2.271419
     0.082029    -2.272953
     0.083703    -2.274519
     0.085377    -2.276117
     0.087051    -2.277747
     0.088726    -2.279411
     0.090400    -2.281107
     0.092074    -2.282837
     0.093748    -2.284602
     0.095422    -2.286401
     0.097096    -2.288235
     0.098770    -2.290104
     0.100444    -2.292010
     0.102118    -2.293953
     0.103792    -2.295933
     0.105466    -2.297951
     0.107140    -2.300008
     0.108814    -2.302105
     0.110488    -2.304242
     0.112163    -2.306420
     0.113837    -2.308641
     0.115511    -2.310905
     0.117185    -2.313212
     0.118859    -2.315566
     0.120533    -2.317965
     0.122207    -2.320412
     0.123881    -2.322909
     0.125555    -2.325455
     0.127229    -2.328053
     0.128903    -2.330705
     0.130577    -2.333411
     0.132251    -2.336174
     0.133925    -2.338996
     0.135599    -2.341878
     0.137274    -2.344822
     0.138948    -2.347830
     0.140622    -2.350906
     0.142296    -2.354050
     0.143970    -2.357266
     0.145644    -2.360556
     0.147318    -2.363922
     0.148992    -2.367368
     0.150666    -2.370897
     0.152340    -2.374511
     0.154014    -2.378213
     0.155688    -2.382008
     0.157362    -2.385897
     0.159036    -2.389886
     0.160710    -2.393976
     0.162385    -2.398172
     0.164059    -2.402478
     0.165733    -2.406897
     0.167407    -2.411432


    -0.167407    -2.358919
    -0.165733    -2.355110
    -0.164059    -2.351447
    -0.162385    -2.347921
    -0.160710    -2.344524
    -0.159036    -2.341247
    -0.157362    -2.338084
    -0.155688    -2.335028
    -0.154014    -2.332073
    -0.152340    -2.329211
    -0.150666    -2.326438
    -0.148992    -2.323749
    -0.147318    -2.321138
    -0.145644    -2.318601
    -0.143970    -2.316133
    -0.142296    -2.313732
    -0.140622    -2.311393
    -0.138948    -2.309114
    -0.137274    -2.306891
    -0.135599    -2.304721
    -0.133925    -2.302603
    -0.132251    -2.300533
    -0.130577    -2.298510
    -0.128903    -2.296532
    -0.127229    -2.294596
    -0.125555    -2.292702
    -0.123881    -2.290848
    -0.122207    -2.289032
    -0.120533    -2.287253
    -0.118859    -2.285510
    -0.117185    -2.283803
    -0.115511    -2.282129
    -0.113837    -2.280489
    -0.112163    -2.278881
    -0.110488    -2.277304
    -0.108814    -2.275759
    -0.107140    -2.274244
    -0.105466    -2.272758
    -0.103792    -2.271302
    -0.102118    -2.269875
    -0.100444    -2.268476
    -0.098770    -2.267104
    -0.097096    -2.265761
    -0.095422    -2.264445
    -0.093748    -2.263156
    -0.092074    -2.261894
    -0.090400    -2.260658
    -0.088726    -2.259448
    -0.087051    -2.258265
    -0.085377    -2.257108
    -0.083703    -2.255976
    -0.082029    -2.254871
    -0.080355    -2.253791
    -0.078681    -2.252736
    -0.077007    -2.251707
    -0.075333    -2.250703
    -0.073659    -2.249724
    -0.071985    -2.248771
    -0.070311    -2.247843
    -0.068637    -2.246940
    -0.066963    -2.246062
    -0.065289    -2.245209
    -0.063615    -2.244382
    -0.061940    -2.243579
    -0.060266    -2.242802
    -0.058592    -2.242049
    -0.056918    -2.241322
    -0.055244    -2.240621
    -0.053570    -2.239944
    -0.051896    -2.239292
    -0.050222    -2.238666
    -0.048548    -2.238065
    -0.046874    -2.237490
    -0.045200    -2.236939
    -0.043526    -2.236415
    -0.041852    -2.235915
    -0.040178    -2.235441
    -0.038504    -2.234993
    -0.036829    -2.234570
    -0.035155    -2.234173
    -0.033481    -2.233801
    -0.031807    -2.233456
    -0.030133    -2.233136
    -0.028459    -2.232841
    -0.026785    -2.232573
    -0.025111    -2.232331
    -0.023437    -2.232114
    -0.021763    -2.231924
    -0.020089    -2.231759
    -0.018415    -2.231621
    -0.016741    -2.231509
    -0.015067    -2.231423
    -0.013393    -2.231363
    -0.011718    -2.231330
    -0.010044    -2.231322
    -0.008370    -2.231342
    -0.006696    -2.231387
    -0.005022    -2.231459
    -0.003348    -2.231558
    -0.001674    -2.231683
     0.000000    -2.231825
     0.001674    -2.231676
     0.003348    -2.231551
     0.005022    -2.231452
     0.006696    -2.231380
     0.008370    -2.231335
     0.010044    -2.231316
     0.011718    -2.231323
     0.013393    -2.231357
     0.015067    -2.231417
     0.016741    -2.231503
     0.018415    -2.231615
     0.020089    -2.231754
     0.021763    -2.231919
     0.023437    -2.232109
     0.025111    -2.232326
     0.026785    -2.232569
     0.028459    -2.232837
     0.030133    -2.233132
     0.031807    -2.233452
     0.033481    -2.233798
     0.035155    -2.234170
     0.036829    -2.234567
     0.038504    -2.234991
     0.040178    -2.235439
     0.041852    -2.235913
     0.043526    -2.236413
     0.045200    -2.236938
     0.046874    -2.237489
     0.048548    -2.238065
     0.050222    -2.238666
     0.051896    -2.239292
     0.053570    -2.239944
     0.055244    -2.240621
     0.056918    -2.241323
     0.058592    -2.242051
     0.060266    -2.242803
     0.061940    -2.243581
     0.063615    -2.244384
     0.065289    -2.245212
     0.066963    -2.246065
     0.068637    -2.246943
     0.070311    -2.247846
     0.071985    -2.248775
     0.073659    -2.249728
     0.075333    -2.250707
     0.077007    -2.251712
     0.078681    -2.252741
     0.080355    -2.253796
     0.082029    -2.254877
     0.083703    -2.255983
     0.085377    -2.257114
     0.087051    -2.258272
     0.088726    -2.259455
     0.090400    -2.260665
     0.092074    -2.261901
     0.093748    -2.263164
     0.095422    -2.264453
     0.097096    -2.265769
     0.098770    -2.267113
     0.100444    -2.268484
     0.102118    -2.269884
     0.103792    -2.271311
     0.105466    -2.272768
     0.107140    -2.274253
     0.108814    -2.275769
     0.110488    -2.277314
     0.112163    -2.278891
     0.113837    -2.280499
     0.115511    -2.282140
     0.117185    -2.283814
     0.118859    -2.285522
     0.120533    -2.287264
     0.122207    -2.289043
     0.123881    -2.290859
     0.125555    -2.292714
     0.127229    -2.294608
     0.128903    -2.296543
     0.130577    -2.298522
     0.132251    -2.300545
     0.133925    -2.302615
     0.135599    -2.304733
     0.137274    -2.306903
     0.138948    -2.309126
     0.140622    -2.311406
     0.142296    -2.313744
     0.143970    -2.316146
     0.145644    -2.318613
     0.147318    -2.321150
     0.148992    -2.323761
     0.150666    -2.326450
     0.152340    -2.329223
     0.154014    -2.332085
     0.155688    -2.335040
     0.157362    -2.338096
     0.159036    -2.341259
     0.160710    -2.344535
     0.162385    -2.347932
     0.164059    -2.351458
     0.165733    -2.355121
     0.167407    -2.358929


    -0.167407    -2.142215
    -0.165733    -2.134345
    -0.164059    -2.126384
    -0.162385    -2.118344
    -0.160710    -2.110233
    -0.159036    -2.102061
    -0.157362    -2.093837
    -0.155688    -2.085570
    -0.154014    -2.077268
    -0.152340    -2.068938
    -0.150666    -2.060589
    -0.148992    -2.052227
    -0.147318    -2.043858
    -0.145644    -2.035489
    -0.143970    -2.027126
    -0.142296    -2.018774
    -0.140622    -2.010439
    -0.138948    -2.002125
    -0.137274    -1.993837
    -0.135599    -1.985579
    -0.133925    -1.977356
    -0.132251    -1.969171
    -0.130577    -1.961028
    -0.128903    -1.952931
    -0.127229    -1.944882
    -0.125555    -1.936886
    -0.123881    -1.928944
    -0.122207    -1.921061
    -0.120533    -1.913238
    -0.118859    -1.905477
    -0.117185    -1.897782
    -0.115511    -1.890155
    -0.113837    -1.882597
    -0.112163    -1.875111
    -0.110488    -1.867699
    -0.108814    -1.860362
    -0.107140    -1.853102
    -0.105466    -1.845921
    -0.103792    -1.838819
    -0.102118    -1.831799
    -0.100444    -1.824862
    -0.098770    -1.818009
    -0.097096    -1.811240
    -0.095422    -1.804558
    -0.093748    -1.797963
    -0.092074    -1.791455
    -0.090400    -1.785036
    -0.088726    -1.778705
    -0.087051    -1.772465
    -0.085377    -1.766315
    -0.083703    -1.760256
    -0.082029    -1.754289
    -0.080355    -1.748414
    -0.078681    -1.742631
    -0.077007    -1.736943
    -0.075333    -1.731350
    -0.073659    -1.725856
    -0.071985    -1.720470
    -0.070311    -1.715203
    -0.068637    -1.710066
    -0.066963    -1.705046
    -0.065289    -1.700124
    -0.063615    -1.695287
    -0.061940    -1.690533
    -0.060266    -1.685857
    -0.058592    -1.681260
    -0.056918    -1.676740
    -0.055244    -1.672296
    -0.053570    -1.667930
    -0.051896    -1.663641
    -0.050222    -1.659428
    -0.048548    -1.655293
    -0.046874    -1.651234
    -0.045200    -1.647251
    -0.043526    -1.643346
    -0.041852    -1.639517
    -0.040178    -1.635765
    -0.038504    -1.632091
    -0.036829    -1.628493
    -0.035155    -1.624973
    -0.033481    -1.621531
    -0.031807    -1.618167
    -0.030133    -1.614881
    -0.028459    -1.611674
    -0.026785    -1.608547
    -0.025111    -1.605500
    -0.023437    -1.602535
    -0.021763    -1.599654
    -0.020089    -1.596858
    -0.018415    -1.594151
    -0.016741    -1.591536
    -0.015067    -1.589019
    -0.013393    -1.586607
    -0.011718    -1.584312
    -0.010044    -1.582148
    -0.008370    -1.580140
    -0.006696    -1.578324
    -0.005022    -1.576753
    -0.003348    -1.575505
    -0.001674    -1.574678
     0.000000    -1.574368
     0.001674    -1.574674
     0.003348    -1.575499
     0.005022    -1.576745
     0.006696    -1.578315
     0.008370    -1.580130
     0.010044    -1.582137
     0.011718    -1.584300
     0.013393    -1.586595
     0.015067    -1.589007
     0.016741    -1.591524
     0.018415    -1.594138
     0.020089    -1.596845
     0.021763    -1.599640
     0.023437    -1.602521
     0.025111    -1.605486
     0.026785    -1.608532
     0.028459    -1.611659
     0.030133    -1.614866
     0.031807    -1.618152
     0.033481    -1.621516
     0.035155    -1.624958
     0.036829    -1.628478
     0.038504    -1.632076
     0.040178    -1.635750
     0.041852    -1.639502
     0.043526    -1.643330
     0.045200    -1.647236
     0.046874    -1.651218
     0.048548    -1.655277
     0.050222    -1.659413
     0.051896    -1.663625
     0.053570    -1.667914
     0.055244    -1.672280
     0.056918    -1.676723
     0.058592    -1.681243
     0.060266    -1.685840
     0.061940    -1.690516
     0.063615    -1.695270
     0.065289    -1.700105
     0.066963    -1.705027
     0.068637    -1.710046
     0.070311    -1.715181
     0.071985    -1.720447
     0.073659    -1.725834
     0.075333    -1.731328
     0.077007    -1.736920
     0.078681    -1.742609
     0.080355    -1.748391
     0.082029    -1.754266
     0.083703    -1.760234
     0.085377    -1.766292
     0.087051    -1.772442
     0.088726    -1.778682
     0.090400    -1.785012
     0.092074    -1.791431
     0.093748    -1.797939
     0.095422    -1.804534
     0.097096    -1.811216
     0.098770    -1.817985
     0.100444    -1.824838
     0.102118    -1.831775
     0.103792    -1.838795
     0.105466    -1.845896
     0.107140    -1.853078
     0.108814    -1.860338
     0.110488    -1.867675
     0.112163    -1.875087
     0.113837    -1.882573
     0.115511    -1.890131
     0.117185    -1.897758
     0.118859    -1.905453
     0.120533    -1.913214
     0.122207    -1.921037
     0.123881    -1.928921
     0.125555    -1.936863
     0.127229    -1.944859
     0.128903    -1.952908
     0.130577    -1.961005
     0.132251    -1.969148
     0.133925    -1.977334
     0.135599    -1.985557
     0.137274    -1.993815
     0.138948    -2.002104
     0.140622    -2.010418
     0.142296    -2.018754
     0.143970    -2.027106
     0.145644    -2.035470
     0.147318    -2.043839
     0.148992    -2.052208
     0.150666    -2.060570
     0.152340    -2.068920
     0.154014    -2.077250
     0.155688    -2.085553
     0.157362    -2.093820
     0.159036    -2.102044
     0.160710    -2.110217
     0.162385    -2.118328
     0.164059    -2.126369
     0.165733    -2.134330
     0.167407    -2.142201


    -0.167407    -2.107207
    -0.165733    -2.099906
    -0.164059    -2.092557
    -0.162385    -2.085167
    -0.160710    -2.077739
    -0.159036    -2.070280
    -0.157362    -2.062793
    -0.155688    -2.055283
    -0.154014    -2.047756
    -0.152340    -2.040215
    -0.150666    -2.032664
    -0.148992    -2.025109
    -0.147318    -2.017554
    -0.145644    -2.010001
    -0.143970    -2.002456
    -0.142296    -1.994922
    -0.140622    -1.987403
    -0.138948    -1.979901
    -0.137274    -1.972421
    -0.135599    -1.964965
    -0.133925    -1.957537
    -0.132251    -1.950140
    -0.130577    -1.942775
    -0.128903    -1.935447
    -0.127229    -1.928157
    -0.125555    -1.920908
    -0.123881    -1.913703
    -0.122207    -1.906542
    -0.120533    -1.899430
    -0.118859    -1.892366
    -0.117185    -1.885354
    -0.115511    -1.878396
    -0.113837    -1.871492
    -0.112163    -1.864644
    -0.110488    -1.857855
    -0.108814    -1.851124
    -0.107140    -1.844455
    -0.105466    -1.837847
    -0.103792    -1.831303
    -0.102118    -1.824823
    -0.100444    -1.818408
    -0.098770    -1.812059
    -0.097096    -1.805777
    -0.095422    -1.799563
    -0.093748    -1.793419
    -0.092074    -1.787343
    -0.090400    -1.781338
    -0.088726    -1.775403
    -0.087051    -1.769540
    -0.085377    -1.763748
    -0.083703    -1.758028
    -0.082029    -1.752381
    -0.080355    -1.746806
    -0.078681    -1.741303
    -0.077007    -1.735872
    -0.075333    -1.730512
    -0.073659    -1.725218
    -0.071985    -1.719984
    -0.070311    -1.714797
    -0.068637    -1.709647
    -0.066963    -1.704546
    -0.065289    -1.699515
    -0.063615    -1.694564
    -0.061940    -1.689698
    -0.060266    -1.684920
    -0.058592    -1.680229
    -0.056918    -1.675626
    -0.055244    -1.671112
    -0.053570    -1.666685
    -0.051896    -1.662346
    -0.050222    -1.658095
    -0.048548    -1.653930
    -0.046874    -1.649852
    -0.045200    -1.645860
    -0.043526    -1.641953
    -0.041852    -1.638131
    -0.040178    -1.634394
    -0.038504    -1.630742
    -0.036829    -1.627173
    -0.035155    -1.623687
    -0.033481    -1.620285
    -0.031807    -1.616966
    -0.030133    -1.613730
    -0.028459    -1.610577
    -0.026785    -1.607506
    -0.025111    -1.604520
    -0.023437    -1.601617
    -0.021763    -1.598800
    -0.020089    -1.596070
    -0.018415    -1.593429
    -0.016741    -1.590881
    -0.015067    -1.588430
    -0.013393    -1.586085
    -0.011718    -1.583855
    -0.010044    -1.581756
    -0.008370    -1.579812
    -0.006696    -1.578060
    -0.005022    -1.576552
    -0.003348    -1.575369
    -0.001674    -1.574608
     0.000000    -1.574361
     0.001674    -1.574607
     0.003348    -1.575366
     0.005022    -1.576548
     0.006696    -1.578055
     0.008370    -1.579807
     0.010044    -1.581750
     0.011718    -1.583848
     0.013393    -1.586078
     0.015067    -1.588423
     0.016741    -1.590873
     0.018415    -1.593421
     0.020089    -1.596062
     0.021763    -1.598792
     0.023437    -1.601609
     0.025111    -1.604511
     0.026785    -1.607497
     0.028459    -1.610567
     0.030133    -1.613720
     0.031807    -1.616956
     0.033481    -1.620274
     0.035155    -1.623676
     0.036829    -1.627161
     0.038504    -1.630730
     0.040178    -1.634382
     0.041852    -1.638118
     0.043526    -1.641940
     0.045200    -1.645846
     0.046874    -1.649838
     0.048548    -1.653916
     0.050222    -1.658080
     0.051896    -1.662331
     0.053570    -1.666670
     0.055244    -1.671096
     0.056918    -1.675610
     0.058592    -1.680213
     0.060266    -1.684903
     0.061940    -1.689682
     0.063615    -1.694548
     0.065289    -1.699499
     0.066963    -1.704531
     0.068637    -1.709632
     0.070311    -1.714782
     0.071985    -1.719970
     0.073659    -1.725204
     0.075333    -1.730497
     0.077007    -1.735857
     0.078681    -1.741288
     0.080355    -1.746790
     0.082029    -1.752365
     0.083703    -1.758012
     0.085377    -1.763732
     0.087051    -1.769523
     0.088726    -1.775387
     0.090400    -1.781321
     0.092074    -1.787326
     0.093748    -1.793402
     0.095422    -1.799546
     0.097096    -1.805760
     0.098770    -1.812042
     0.100444    -1.818390
     0.102118    -1.824805
     0.103792    -1.831285
     0.105466    -1.837830
     0.107140    -1.844437
     0.108814    -1.851107
     0.110488    -1.857837
     0.112163    -1.864626
     0.113837    -1.871474
     0.115511    -1.878377
     0.117185    -1.885336
     0.118859    -1.892348
     0.120533    -1.899411
     0.122207    -1.906524
     0.123881    -1.913684
     0.125555    -1.920889
     0.127229    -1.928138
     0.128903    -1.935428
     0.130577    -1.942756
     0.132251    -1.950121
     0.133925    -1.957518
     0.135599    -1.964946
     0.137274    -1.972402
     0.138948    -1.979882
     0.140622    -1.987383
     0.142296    -1.994903
     0.143970    -2.002437
     0.145644    -2.009982
     0.147318    -2.017535
     0.148992    -2.025090
     0.150666    -2.032645
     0.152340    -2.040195
     0.154014    -2.047737
     0.155688    -2.055264
     0.157362    -2.062774
     0.159036    -2.070261
     0.160710    -2.077721
     0.162385    -2.085148
     0.164059    -2.092539
     0.165733    -2.099887
     0.167407    -2.107189


    -0.167407    -1.655982
    -0.165733    -1.653056
    -0.164059    -1.650153
    -0.162385    -1.647274
    -0.160710    -1.644418
    -0.159036    -1.641588
    -0.157362    -1.638782
    -0.155688    -1.636003
    -0.154014    -1.633249
    -0.152340    -1.630522
    -0.150666    -1.627822
    -0.148992    -1.625150
    -0.147318    -1.622506
    -0.145644    -1.619891
    -0.143970    -1.617305
    -0.142296    -1.614749
    -0.140622    -1.612223
    -0.138948    -1.609728
    -0.137274    -1.607265
    -0.135599    -1.604833
    -0.133925    -1.602434
    -0.132251    -1.600069
    -0.130577    -1.597736
    -0.128903    -1.595439
    -0.127229    -1.593176
    -0.125555    -1.590948
    -0.123881    -1.588756
    -0.122207    -1.586601
    -0.120533    -1.584484
    -0.118859    -1.582404
    -0.117185    -1.580362
    -0.115511    -1.578359
    -0.113837    -1.576396
    -0.112163    -1.574473
    -0.110488    -1.572591
    -0.108814    -1.570750
    -0.107140    -1.568951
    -0.105466    -1.567194
    -0.103792    -1.565481
    -0.102118    -1.563811
    -0.100444    -1.562186
    -0.098770    -1.560606
    -0.097096    -1.559071
    -0.095422    -1.557582
    -0.093748    -1.556140
    -0.092074    -1.554745
    -0.090400    -1.553398
    -0.088726    -1.552100
    -0.087051    -1.550850
    -0.085377    -1.549650
    -0.083703    -1.548501
    -0.082029    -1.547401
    -0.080355    -1.546353
    -0.078681    -1.545357
    -0.077007    -1.544413
    -0.075333    -1.543522
    -0.073659    -1.542684
    -0.071985    -1.541901
    -0.070311    -1.541171
    -0.068637    -1.540496
    -0.066963    -1.539877
    -0.065289    -1.539313
    -0.063615    -1.538806
    -0.061940    -1.538355
    -0.060266    -1.537962
    -0.058592    -1.537626
    -0.056918    -1.537348
    -0.055244    -1.537129
    -0.053570    -1.536968
    -0.051896    -1.536866
    -0.050222    -1.536824
    -0.048548    -1.536842
    -0.046874    -1.536920
    -0.045200    -1.537058
    -0.043526    -1.537257
    -0.041852    -1.537517
    -0.040178    -1.537838
    -0.038504    -1.538220
    -0.036829    -1.538664
    -0.035155    -1.539169
    -0.033481    -1.539735
    -0.031807    -1.540363
    -0.030133    -1.541052
    -0.028459    -1.541802
    -0.026785    -1.542613
    -0.025111    -1.543484
    -0.023437    -1.544415
    -0.021763    -1.545405
    -0.020089    -1.546451
    -0.018415    -1.547551
    -0.016741    -1.548699
    -0.015067    -1.549886
    -0.013393    -1.551105
    -0.011718    -1.552343
    -0.010044    -1.553585
    -0.008370    -1.554805
    -0.006696    -1.555970
    -0.005022    -1.557023
    -0.003348    -1.557890
    -0.001674    -1.558470
     0.000000    -1.558673
     0.001674    -1.558462
     0.003348    -1.557880
     0.005022    -1.557015
     0.006696    -1.555962
     0.008370    -1.554799
     0.010044    -1.553580
     0.011718    -1.552339
     0.013393    -1.551102
     0.015067    -1.549885
     0.016741    -1.548699
     0.018415    -1.547554
     0.020089    -1.546458
     0.021763    -1.545414
     0.023437    -1.544426
     0.025111    -1.543497
     0.026785    -1.542627
     0.028459    -1.541817
     0.030133    -1.541067
     0.031807    -1.540378
     0.033481    -1.539750
     0.035155    -1.539184
     0.036829    -1.538679
     0.038504    -1.538235
     0.040178    -1.537853
     0.041852    -1.537532
     0.043526    -1.537272
     0.045200    -1.537073
     0.046874    -1.536934
     0.048548    -1.536856
     0.050222    -1.536838
     0.051896    -1.536880
     0.053570    -1.536982
     0.055244    -1.537142
     0.056918    -1.537362
     0.058592    -1.537639
     0.060266    -1.537975
     0.061940    -1.538368
     0.063615    -1.538819
     0.065289    -1.539326
     0.066963    -1.539889
     0.068637    -1.540508
     0.070311    -1.541183
     0.071985    -1.541912
     0.073659    -1.542696
     0.075333    -1.543534
     0.077007    -1.544424
     0.078681    -1.545368
     0.080355    -1.546364
     0.082029    -1.547412
     0.083703    -1.548511
     0.085377    -1.549660
     0.087051    -1.550860
     0.088726    -1.552109
     0.090400    -1.553408
     0.092074    -1.554754
     0.093748    -1.556149
     0.095422    -1.557591
     0.097096    -1.559079
     0.098770    -1.560614
     0.100444    -1.562194
     0.102118    -1.563819
     0.103792    -1.565488
     0.105466    -1.567201
     0.107140    -1.568957
     0.108814    -1.570756
     0.110488    -1.572596
     0.112163    -1.574478
     0.113837    -1.576401
     0.115511    -1.578364
     0.117185    -1.580367
     0.118859    -1.582408
     0.120533    -1.584488
     0.122207    -1.586605
     0.123881    -1.588760
     0.125555    -1.590951
     0.127229    -1.593179
     0.128903    -1.595441
     0.130577    -1.597739
     0.132251    -1.600071
     0.133925    -1.602436
     0.135599    -1.604835
     0.137274    -1.607266
     0.138948    -1.609730
     0.140622    -1.612224
     0.142296    -1.614750
     0.143970    -1.617306
     0.145644    -1.619891
     0.147318    -1.622506
     0.148992    -1.625150
     0.150666    -1.627822
     0.152340    -1.630522
     0.154014    -1.633249
     0.155688    -1.636002
     0.157362    -1.638782
     0.159036    -1.641587
     0.160710    -1.644417
     0.162385    -1.647272
     0.164059    -1.650152
     0.165733    -1.653055
     0.167407    -1.655981


    -0.167407    -1.636297
    -0.165733    -1.633403
    -0.164059    -1.630546
    -0.162385    -1.627725
    -0.160710    -1.624941
    -0.159036    -1.622195
    -0.157362    -1.619485
    -0.155688    -1.616814
    -0.154014    -1.614181
    -0.152340    -1.611587
    -0.150666    -1.609031
    -0.148992    -1.606514
    -0.147318    -1.604037
    -0.145644    -1.601599
    -0.143970    -1.599201
    -0.142296    -1.596843
    -0.140622    -1.594526
    -0.138948    -1.592249
    -0.137274    -1.590013
    -0.135599    -1.587818
    -0.133925    -1.585664
    -0.132251    -1.583552
    -0.130577    -1.581481
    -0.128903    -1.579452
    -0.127229    -1.577466
    -0.125555    -1.575521
    -0.123881    -1.573619
    -0.122207    -1.571760
    -0.120533    -1.569943
    -0.118859    -1.568170
    -0.117185    -1.566440
    -0.115511    -1.564753
    -0.113837    -1.563110
    -0.112163    -1.561510
    -0.110488    -1.559954
    -0.108814    -1.558443
    -0.107140    -1.556976
    -0.105466    -1.555553
    -0.103792    -1.554174
    -0.102118    -1.552841
    -0.100444    -1.551552
    -0.098770    -1.550309
    -0.097096    -1.549111
    -0.095422    -1.547958
    -0.093748    -1.546852
    -0.092074    -1.545791
    -0.090400    -1.544776
    -0.088726    -1.543807
    -0.087051    -1.542885
    -0.085377    -1.542009
    -0.083703    -1.541180
    -0.082029    -1.540399
    -0.080355    -1.539664
    -0.078681    -1.538977
    -0.077007    -1.538337
    -0.075333    -1.537746
    -0.073659    -1.537202
    -0.071985    -1.536707
    -0.070311    -1.536260
    -0.068637    -1.535862
    -0.066963    -1.535512
    -0.065289    -1.535212
    -0.063615    -1.534961
    -0.061940    -1.534760
    -0.060266    -1.534609
    -0.058592    -1.534507
    -0.056918    -1.534456
    -0.055244    -1.534455
    -0.053570    -1.534505
    -0.051896    -1.534606
    -0.050222    -1.534758
    -0.048548    -1.534962
    -0.046874    -1.535217
    -0.045200    -1.535523
    -0.043526    -1.535882
    -0.041852    -1.536292
    -0.040178    -1.536755
    -0.038504    -1.537270
    -0.036829    -1.537837
    -0.035155    -1.538457
    -0.033481    -1.539129
    -0.031807    -1.539853
    -0.030133    -1.540629
    -0.028459    -1.541456
    -0.026785    -1.542334
    -0.025111    -1.543261
    -0.023437    -1.544236
    -0.021763    -1.545258
    -0.020089    -1.546323
    -0.018415    -1.547431
    -0.016741    -1.548580
    -0.015067    -1.549767
    -0.013393    -1.550985
    -0.011718    -1.552226
    -0.010044    -1.553473
    -0.008370    -1.554703
    -0.006696    -1.555880
    -0.005022    -1.556949
    -0.003348    -1.557832
    -0.001674    -1.558429
     0.000000    -1.558647
     0.001674    -1.558441
     0.003348    -1.557849
     0.005022    -1.556967
     0.006696    -1.555898
     0.008370    -1.554721
     0.010044    -1.553491
     0.011718    -1.552243
     0.013393    -1.551001
     0.015067    -1.549781
     0.016741    -1.548592
     0.018415    -1.547441
     0.020089    -1.546330
     0.021763    -1.545261
     0.023437    -1.544237
     0.025111    -1.543260
     0.026785    -1.542332
     0.028459    -1.541453
     0.030133    -1.540626
     0.031807    -1.539849
     0.033481    -1.539125
     0.035155    -1.538453
     0.036829    -1.537833
     0.038504    -1.537265
     0.040178    -1.536750
     0.041852    -1.536287
     0.043526    -1.535877
     0.045200    -1.535518
     0.046874    -1.535211
     0.048548    -1.534956
     0.050222    -1.534753
     0.051896    -1.534600
     0.053570    -1.534499
     0.055244    -1.534449
     0.056918    -1.534450
     0.058592    -1.534501
     0.060266    -1.534602
     0.061940    -1.534754
     0.063615    -1.534955
     0.065289    -1.535206
     0.066963    -1.535506
     0.068637    -1.535855
     0.070311    -1.536253
     0.071985    -1.536700
     0.073659    -1.537195
     0.075333    -1.537739
     0.077007    -1.538331
     0.078681    -1.538970
     0.080355    -1.539657
     0.082029    -1.540392
     0.083703    -1.541174
     0.085377    -1.542002
     0.087051    -1.542878
     0.088726    -1.543800
     0.090400    -1.544769
     0.092074    -1.545784
     0.093748    -1.546845
     0.095422    -1.547952
     0.097096    -1.549104
     0.098770    -1.550302
     0.100444    -1.551546
     0.102118    -1.552834
     0.103792    -1.554168
     0.105466    -1.555546
     0.107140    -1.556969
     0.108814    -1.558437
     0.110488    -1.559948
     0.112163    -1.561504
     0.113837    -1.563104
     0.115511    -1.564747
     0.117185    -1.566434
     0.118859    -1.568164
     0.120533    -1.569938
     0.122207    -1.571755
     0.123881    -1.573614
     0.125555    -1.575516
     0.127229    -1.577461
     0.128903    -1.579447
     0.130577    -1.581476
     0.132251    -1.583547
     0.133925    -1.585660
     0.135599    -1.587814
     0.137274    -1.590009
     0.138948    -1.592245
     0.140622    -1.594522
     0.142296    -1.596840
     0.143970    -1.599198
     0.145644    -1.601596
     0.147318    -1.604034
     0.148992    -1.606511
     0.150666    -1.609028
     0.152340    -1.611584
     0.154014    -1.614179
     0.155688    -1.616812
     0.157362    -1.619484
     0.159036    -1.622193
     0.160710    -1.624940
     0.162385    -1.627724
     0.164059    -1.630545
     0.165733    -1.633402
     0.167407    -1.636296


    -0.167407    -1.267191
    -0.165733    -1.261636
    -0.164059    -1.256030
    -0.162385    -1.250373
    -0.160710    -1.244664
    -0.159036    -1.238904
    -0.157362    -1.233092
    -0.155688    -1.227230
    -0.154014    -1.221317
    -0.152340    -1.215354
    -0.150666    -1.209342
    -0.148992    -1.203284
    -0.147318    -1.197262
    -0.145644    -1.191805
    -0.143970    -1.186377
    -0.142296    -1.180907
    -0.140622    -1.175391
    -0.138948    -1.169827
    -0.137274    -1.164216
    -0.135599    -1.158556
    -0.133925    -1.152847
    -0.132251    -1.147089
    -0.130577    -1.141280
    -0.128903    -1.135422
    -0.127229    -1.129513
    -0.125555    -1.123553
    -0.123881    -1.117542
    -0.122207    -1.111480
    -0.120533    -1.105366
    -0.118859    -1.099201
    -0.117185    -1.092985
    -0.115511    -1.086718
    -0.113837    -1.080400
    -0.112163    -1.074031
    -0.110488    -1.067612
    -0.108814    -1.061142
    -0.107140    -1.054624
    -0.105466    -1.048057
    -0.103792    -1.041441
    -0.102118    -1.034779
    -0.100444    -1.028071
    -0.098770    -1.021317
    -0.097096    -1.014520
    -0.095422    -1.007680
    -0.093748    -1.000799
    -0.092074    -0.993878
    -0.090400    -0.986920
    -0.088726    -0.979925
    -0.087051    -0.972897
    -0.085377    -0.965838
    -0.083703    -0.958749
    -0.082029    -0.951633
    -0.080355    -0.944494
    -0.078681    -0.937334
    -0.077007    -0.930156
    -0.075333    -0.922963
    -0.073659    -0.915759
    -0.071985    -0.908549
    -0.070311    -0.901335
    -0.068637    -0.894123
    -0.066963    -0.886916
    -0.065289    -0.879720
    -0.063615    -0.872539
    -0.061940    -0.865380
    -0.060266    -0.858248
    -0.058592    -0.851149
    -0.056918    -0.844089
    -0.055244    -0.837075
    -0.053570    -0.830114
    -0.051896    -0.823214
    -0.050222    -0.816383
    -0.048548    -0.809629
    -0.046874    -0.802961
    -0.045200    -0.796387
    -0.043526    -0.789918
    -0.041852    -0.783564
    -0.040178    -0.777334
    -0.038504    -0.771239
    -0.036829    -0.765291
    -0.035155    -0.759501
    -0.033481    -0.753880
    -0.031807    -0.748441
    -0.030133    -0.743195
    -0.028459    -0.738155
    -0.026785    -0.733332
    -0.025111    -0.728739
    -0.023437    -0.724387
    -0.021763    -0.720287
    -0.020089    -0.716451
    -0.018415    -0.712889
    -0.016741    -0.709610
    -0.015067    -0.706622
    -0.013393    -0.703934
    -0.011718    -0.701553
    -0.010044    -0.699483
    -0.008370    -0.697729
    -0.006696    -0.696293
    -0.005022    -0.695179
    -0.003348    -0.694386
    -0.001674    -0.693911
     0.000000    -0.693751
     0.001674    -0.693906
     0.003348    -0.694377
     0.005022    -0.695171
     0.006696    -0.696287
     0.008370    -0.697723
     0.010044    -0.699477
     0.011718    -0.701547
     0.013393    -0.703929
     0.015067    -0.706616
     0.016741    -0.709603
     0.018415    -0.712882
     0.020089    -0.716445
     0.021763    -0.720281
     0.023437    -0.724380
     0.025111    -0.728732
     0.026785    -0.733325
     0.028459    -0.738148
     0.030133    -0.743188
     0.031807    -0.748434
     0.033481    -0.753873
     0.035155    -0.759494
     0.036829    -0.765284
     0.038504    -0.771232
     0.040178    -0.777327
     0.041852    -0.783557
     0.043526    -0.789912
     0.045200    -0.796381
     0.046874    -0.802954
     0.048548    -0.809623
     0.050222    -0.816377
     0.051896    -0.823208
     0.053570    -0.830108
     0.055244    -0.837069
     0.056918    -0.844083
     0.058592    -0.851143
     0.060266    -0.858242
     0.061940    -0.865375
     0.063615    -0.872534
     0.065289    -0.879715
     0.066963    -0.886911
     0.068637    -0.894118
     0.070311    -0.901331
     0.071985    -0.908545
     0.073659    -0.915755
     0.075333    -0.922959
     0.077007    -0.930152
     0.078681    -0.937330
     0.080355    -0.944491
     0.082029    -0.951630
     0.083703    -0.958746
     0.085377    -0.965835
     0.087051    -0.972895
     0.088726    -0.979923
     0.090400    -0.986917
     0.092074    -0.993876
     0.093748    -1.000796
     0.095422    -1.007678
     0.097096    -1.014518
     0.098770    -1.021315
     0.100444    -1.028069
     0.102118    -1.034778
     0.103792    -1.041440
     0.105466    -1.048056
     0.107140    -1.054623
     0.108814    -1.061141
     0.110488    -1.067611
     0.112163    -1.074030
     0.113837    -1.080399
     0.115511    -1.086717
     0.117185    -1.092985
     0.118859    -1.099201
     0.120533    -1.105366
     0.122207    -1.111479
     0.123881    -1.117542
     0.125555    -1.123553
     0.127229    -1.129513
     0.128903    -1.135422
     0.130577    -1.141281
     0.132251    -1.147089
     0.133925    -1.152847
     0.135599    -1.158556
     0.137274    -1.164216
     0.138948    -1.169828
     0.140622    -1.175391
     0.142296    -1.180907
     0.143970    -1.186377
     0.145644    -1.191804
     0.147318    -1.197250
     0.148992    -1.203272
     0.150666    -1.209330
     0.152340    -1.215342
     0.154014    -1.221305
     0.155688    -1.227217
     0.157362    -1.233079
     0.159036    -1.238890
     0.160710    -1.244650
     0.162385    -1.250358
     0.164059    -1.256016
     0.165733    -1.261621
     0.167407    -1.267176


    -0.167407    -1.258338
    -0.165733    -1.253461
    -0.164059    -1.248546
    -0.162385    -1.243593
    -0.160710    -1.238600
    -0.159036    -1.233567
    -0.157362    -1.228494
    -0.155688    -1.223380
    -0.154014    -1.218223
    -0.152340    -1.213023
    -0.150666    -1.207779
    -0.148992    -1.202487
    -0.147318    -1.197065
    -0.145644    -1.190983
    -0.143970    -1.184778
    -0.142296    -1.178520
    -0.140622    -1.172214
    -0.138948    -1.165861
    -0.137274    -1.159461
    -0.135599    -1.153016
    -0.133925    -1.146527
    -0.132251    -1.139993
    -0.130577    -1.133417
    -0.128903    -1.126799
    -0.127229    -1.120141
    -0.125555    -1.113442
    -0.123881    -1.106706
    -0.122207    -1.099932
    -0.120533    -1.093123
    -0.118859    -1.086279
    -0.117185    -1.079402
    -0.115511    -1.072493
    -0.113837    -1.065555
    -0.112163    -1.058588
    -0.110488    -1.051595
    -0.108814    -1.044576
    -0.107140    -1.037535
    -0.105466    -1.030473
    -0.103792    -1.023392
    -0.102118    -1.016294
    -0.100444    -1.009181
    -0.098770    -1.002056
    -0.097096    -0.994920
    -0.095422    -0.987777
    -0.093748    -0.980627
    -0.092074    -0.973475
    -0.090400    -0.966323
    -0.088726    -0.959172
    -0.087051    -0.952027
    -0.085377    -0.944890
    -0.083703    -0.937763
    -0.082029    -0.930650
    -0.080355    -0.923554
    -0.078681    -0.916479
    -0.077007    -0.909426
    -0.075333    -0.902400
    -0.073659    -0.895405
    -0.071985    -0.888443
    -0.070311    -0.881518
    -0.068637    -0.874635
    -0.066963    -0.867797
    -0.065289    -0.861008
    -0.063615    -0.854271
    -0.061940    -0.847593
    -0.060266    -0.840975
    -0.058592    -0.834424
    -0.056918    -0.827944
    -0.055244    -0.821539
    -0.053570    -0.815214
    -0.051896    -0.808975
    -0.050222    -0.802826
    -0.048548    -0.796773
    -0.046874    -0.790822
    -0.045200    -0.784978
    -0.043526    -0.779247
    -0.041852    -0.773635
    -0.040178    -0.768148
    -0.038504    -0.762793
    -0.036829    -0.757577
    -0.035155    -0.752506
    -0.033481    -0.747588
    -0.031807    -0.742830
    -0.030133    -0.738240
    -0.028459    -0.733825
    -0.026785    -0.729593
    -0.025111    -0.725553
    -0.023437    -0.721713
    -0.021763    -0.718081
    -0.020089    -0.714666
    -0.018415    -0.711477
    -0.016741    -0.708523
    -0.015067    -0.705812
    -0.013393    -0.703354
    -0.011718    -0.701157
    -0.010044    -0.699228
    -0.008370    -0.697578
    -0.006696    -0.696212
    -0.005022    -0.695138
    -0.003348    -0.694363
    -0.001674    -0.693895
     0.000000    -0.693740
     0.001674    -0.693899
     0.003348    -0.694371
     0.005022    -0.695144
     0.006696    -0.696216
     0.008370    -0.697580
     0.010044    -0.699230
     0.011718    -0.701158
     0.013393    -0.703355
     0.015067    -0.705813
     0.016741    -0.708523
     0.018415    -0.711477
     0.020089    -0.714666
     0.021763    -0.718080
     0.023437    -0.721712
     0.025111    -0.725552
     0.026785    -0.729592
     0.028459    -0.733824
     0.030133    -0.738239
     0.031807    -0.742829
     0.033481    -0.747587
     0.035155    -0.752505
     0.036829    -0.757576
     0.038504    -0.762792
     0.040178    -0.768147
     0.041852    -0.773633
     0.043526    -0.779245
     0.045200    -0.784977
     0.046874    -0.790821
     0.048548    -0.796772
     0.050222    -0.802825
     0.051896    -0.808974
     0.053570    -0.815213
     0.055244    -0.821538
     0.056918    -0.827943
     0.058592    -0.834424
     0.060266    -0.840975
     0.061940    -0.847592
     0.063615    -0.854271
     0.065289    -0.861008
     0.066963    -0.867797
     0.068637    -0.874635
     0.070311    -0.881519
     0.071985    -0.888443
     0.073659    -0.895405
     0.075333    -0.902401
     0.077007    -0.909426
     0.078681    -0.916479
     0.080355    -0.923555
     0.082029    -0.930650
     0.083703    -0.937763
     0.085377    -0.944890
     0.087051    -0.952027
     0.088726    -0.959172
     0.090400    -0.966322
     0.092074    -0.973475
     0.093748    -0.980627
     0.095422    -0.987776
     0.097096    -0.994920
     0.098770    -1.002055
     0.100444    -1.009181
     0.102118    -1.016293
     0.103792    -1.023391
     0.105466    -1.030472
     0.107140    -1.037534
     0.108814    -1.044575
     0.110488    -1.051592
     0.112163    -1.058585
     0.113837    -1.065552
     0.115511    -1.072490
     0.117185    -1.079398
     0.118859    -1.086275
     0.120533    -1.093119
     0.122207    -1.099928
     0.123881    -1.106701
     0.125555    -1.113437
     0.127229    -1.120135
     0.128903    -1.126794
     0.130577    -1.133411
     0.132251    -1.139987
     0.133925    -1.146520
     0.135599    -1.153009
     0.137274    -1.159454
     0.138948    -1.165853
     0.140622    -1.172206
     0.142296    -1.178512
     0.143970    -1.184769
     0.145644    -1.190975
     0.147318    -1.197067
     0.148992    -1.202489
     0.150666    -1.207781
     0.152340    -1.213025
     0.154014    -1.218224
     0.155688    -1.223381
     0.157362    -1.228496
     0.159036    -1.233569
     0.160710    -1.238601
     0.162385    -1.243594
     0.164059    -1.248547
     0.165733    -1.253462
     0.167407    -1.258339


    -0.167407    -0.474272
    -0.165733    -0.470224
    -0.164059    -0.466220
    -0.162385    -0.462261
    -0.160710    -0.458348
    -0.159036    -0.454481
    -0.157362    -0.450662
    -0.155688    -0.446890
    -0.154014    -0.443167
    -0.152340    -0.439493
    -0.150666    -0.435870
    -0.148992    -0.432297
    -0.147318    -0.428776
    -0.145644    -0.425307
    -0.143970    -0.421892
    -0.142296    -0.418530
    -0.140622    -0.415223
    -0.138948    -0.411970
    -0.137274    -0.408774
    -0.135599    -0.405635
    -0.133925    -0.402552
    -0.132251    -0.399528
    -0.130577    -0.396562
    -0.128903    -0.393655
    -0.127229    -0.390807
    -0.125555    -0.388020
    -0.123881    -0.385294
    -0.122207    -0.382629
    -0.120533    -0.380026
    -0.118859    -0.377486
    -0.117185    -0.375008
    -0.115511    -0.372593
    -0.113837    -0.370241
    -0.112163    -0.367954
    -0.110488    -0.365730
    -0.108814    -0.363571
    -0.107140    -0.361476
    -0.105466    -0.359446
    -0.103792    -0.357481
    -0.102118    -0.355580
    -0.100444    -0.353743
    -0.098770    -0.351972
    -0.097096    -0.350264
    -0.095422    -0.348621
    -0.093748    -0.347041
    -0.092074    -0.345524
    -0.090400    -0.344070
    -0.088726    -0.342678
    -0.087051    -0.341347
    -0.085377    -0.340076
    -0.083703    -0.338864
    -0.082029    -0.337711
    -0.080355    -0.336614
    -0.078681    -0.335572
    -0.077007    -0.334584
    -0.075333    -0.333647
    -0.073659    -0.332761
    -0.071985    -0.331922
    -0.070311    -0.331128
    -0.068637    -0.330376
    -0.066963    -0.329664
    -0.065289    -0.328989
    -0.063615    -0.328346
    -0.061940    -0.327733
    -0.060266    -0.327145
    -0.058592    -0.326578
    -0.056918    -0.326027
    -0.055244    -0.325487
    -0.053570    -0.324953
    -0.051896    -0.324418
    -0.050222    -0.323877
    -0.048548    -0.323324
    -0.046874    -0.322750
    -0.045200    -0.322149
    -0.043526    -0.321513
    -0.041852    -0.320833
    -0.040178    -0.320100
    -0.038504    -0.319306
    -0.036829    -0.318441
    -0.035155    -0.317495
    -0.033481    -0.316457
    -0.031807    -0.315319
    -0.030133    -0.314068
    -0.028459    -0.312694
    -0.026785    -0.311187
    -0.025111    -0.309536
    -0.023437    -0.307730
    -0.021763    -0.305760
    -0.020089    -0.303616
    -0.018415    -0.301289
    -0.016741    -0.298770
    -0.015067    -0.296052
    -0.013393    -0.293129
    -0.011718    -0.289996
    -0.010044    -0.286647
    -0.008370    -0.283080
    -0.006696    -0.279294
    -0.005022    -0.275288
    -0.003348    -0.271062
    -0.001674    -0.266619
     0.000000    -0.261986
     0.001674    -0.266642
     0.003348    -0.271085
     0.005022    -0.275312
     0.006696    -0.279319
     0.008370    -0.283106
     0.010044    -0.286673
     0.011718    -0.290022
     0.013393    -0.293156
     0.015067    -0.296079
     0.016741    -0.298797
     0.018415    -0.301317
     0.020089    -0.303644
     0.021763    -0.305789
     0.023437    -0.307759
     0.025111    -0.309565
     0.026785    -0.311216
     0.028459    -0.312723
     0.030133    -0.314097
     0.031807    -0.315348
     0.033481    -0.316486
     0.035155    -0.317524
     0.036829    -0.318470
     0.038504    -0.319335
     0.040178    -0.320129
     0.041852    -0.320861
     0.043526    -0.321541
     0.045200    -0.322177
     0.046874    -0.322778
     0.048548    -0.323351
     0.050222    -0.323905
     0.051896    -0.324445
     0.053570    -0.324979
     0.055244    -0.325513
     0.056918    -0.326052
     0.058592    -0.326603
     0.060266    -0.327170
     0.061940    -0.327758
     0.063615    -0.328370
     0.065289    -0.329013
     0.066963    -0.329688
     0.068637    -0.330399
     0.070311    -0.331150
     0.071985    -0.331944
     0.073659    -0.332782
     0.075333    -0.333668
     0.077007    -0.334604
     0.078681    -0.335592
     0.080355    -0.336633
     0.082029    -0.337730
     0.083703    -0.338883
     0.085377    -0.340094
     0.087051    -0.341365
     0.088726    -0.342695
     0.090400    -0.344087
     0.092074    -0.345541
     0.093748    -0.347057
     0.095422    -0.348636
     0.097096    -0.350279
     0.098770    -0.351986
     0.100444    -0.353758
     0.102118    -0.355594
     0.103792    -0.357494
     0.105466    -0.359459
     0.107140    -0.361489
     0.108814    -0.363583
     0.110488    -0.365742
     0.112163    -0.367965
     0.113837    -0.370253
     0.115511    -0.372604
     0.117185    -0.375018
     0.118859    -0.377496
     0.120533    -0.380036
     0.122207    -0.382639
     0.123881    -0.385304
     0.125555    -0.388030
     0.127229    -0.390816
     0.128903    -0.393663
     0.130577    -0.396570
     0.132251    -0.399536
     0.133925    -0.402560
     0.135599    -0.405643
     0.137274    -0.408782
     0.138948    -0.411978
     0.140622    -0.415230
     0.142296    -0.418537
     0.143970    -0.421899
     0.145644    -0.425314
     0.147318    -0.428783
     0.148992    -0.432304
     0.150666    -0.435876
     0.152340    -0.439500
     0.154014    -0.443174
     0.155688    -0.446897
     0.157362    -0.450668
     0.159036    -0.454488
     0.160710    -0.458355
     0.162385    -0.462268
     0.164059    -0.466227
     0.165733    -0.470230
     0.167407    -0.474278


    -0.167407    -0.422872
    -0.165733    -0.416859
    -0.164059    -0.410850
    -0.162385    -0.404846
    -0.160710    -0.398845
    -0.159036    -0.392850
    -0.157362    -0.386859
    -0.155688    -0.380874
    -0.154014    -0.374893
    -0.152340    -0.368918
    -0.150666    -0.362948
    -0.148992    -0.356983
    -0.147318    -0.351025
    -0.145644    -0.345072
    -0.143970    -0.339126
    -0.142296    -0.333185
    -0.140622    -0.327252
    -0.138948    -0.321325
    -0.137274    -0.315405
    -0.135599    -0.309492
    -0.133925    -0.303587
    -0.132251    -0.297689
    -0.130577    -0.291800
    -0.128903    -0.285919
    -0.127229    -0.280047
    -0.125555    -0.274184
    -0.123881    -0.268331
    -0.122207    -0.262488
    -0.120533    -0.256656
    -0.118859    -0.250836
    -0.117185    -0.245027
    -0.115511    -0.239231
    -0.113837    -0.233449
    -0.112163    -0.227682
    -0.110488    -0.221930
    -0.108814    -0.216196
    -0.107140    -0.210479
    -0.105466    -0.204782
    -0.103792    -0.199107
    -0.102118    -0.193455
    -0.100444    -0.187829
    -0.098770    -0.182232
    -0.097096    -0.176665
    -0.095422    -0.171133
    -0.093748    -0.165640
    -0.092074    -0.160189
    -0.090400    -0.154786
    -0.088726    -0.149436
    -0.087051    -0.144147
    -0.085377    -0.138927
    -0.083703    -0.133784
    -0.082029    -0.128730
    -0.080355    -0.123777
    -0.078681    -0.118941
    -0.077007    -0.114238
    -0.075333    -0.109689
    -0.073659    -0.105318
    -0.071985    -0.101154
    -0.070311    -0.097229
    -0.068637    -0.093583
    -0.066963    -0.090258
    -0.065289    -0.087305
    -0.063615    -0.084777
    -0.061940    -0.082735
    -0.060266    -0.081237
    -0.058592    -0.080341
    -0.056918    -0.080099
    -0.055244    -0.080549
    -0.053570    -0.081714
    -0.051896    -0.083595
    -0.050222    -0.086174
    -0.048548    -0.089413
    -0.046874    -0.093262
    -0.045200    -0.097658
    -0.043526    -0.102534
    -0.041852    -0.107826
    -0.040178    -0.113470
    -0.038504    -0.119405
    -0.036829    -0.125580
    -0.035155    -0.131946
    -0.033481    -0.138461
    -0.031807    -0.145087
    -0.030133    -0.151791
    -0.028459    -0.158543
    -0.026785    -0.165317
    -0.025111    -0.172089
    -0.023437    -0.178838
    -0.021763    -0.185544
    -0.020089    -0.192188
    -0.018415    -0.198754
    -0.016741    -0.205227
    -0.015067    -0.211591
    -0.013393    -0.217834
    -0.011718    -0.223941
    -0.010044    -0.229901
    -0.008370    -0.235702
    -0.006696    -0.241334
    -0.005022    -0.246786
    -0.003348    -0.252051
    -0.001674    -0.257120
     0.000000    -0.261962
     0.001674    -0.257098
     0.003348    -0.252030
     0.005022    -0.246766
     0.006696    -0.241314
     0.008370    -0.235683
     0.010044    -0.229882
     0.011718    -0.223923
     0.013393    -0.217817
     0.015067    -0.211575
     0.016741    -0.205211
     0.018415    -0.198739
     0.020089    -0.192173
     0.021763    -0.185529
     0.023437    -0.178824
     0.025111    -0.172076
     0.026785    -0.165304
     0.028459    -0.158531
     0.030133    -0.151779
     0.031807    -0.145075
     0.033481    -0.138450
     0.035155    -0.131935
     0.036829    -0.125569
     0.038504    -0.119394
     0.040178    -0.113459
     0.041852    -0.107815
     0.043526    -0.102523
     0.045200    -0.097646
     0.046874    -0.093250
     0.048548    -0.089402
     0.050222    -0.086161
     0.051896    -0.083582
     0.053570    -0.081700
     0.055244    -0.080535
     0.056918    -0.080085
     0.058592    -0.080326
     0.060266    -0.081221
     0.061940    -0.082719
     0.063615    -0.084761
     0.065289    -0.087288
     0.066963    -0.090241
     0.068637    -0.093566
     0.070311    -0.097212
     0.071985    -0.101136
     0.073659    -0.105300
     0.075333    -0.109671
     0.077007    -0.114220
     0.078681    -0.118923
     0.080355    -0.123759
     0.082029    -0.128712
     0.083703    -0.133766
     0.085377    -0.138909
     0.087051    -0.144129
     0.088726    -0.149418
     0.090400    -0.154768
     0.092074    -0.160171
     0.093748    -0.165622
     0.095422    -0.171116
     0.097096    -0.176648
     0.098770    -0.182215
     0.100444    -0.187813
     0.102118    -0.193439
     0.103792    -0.199091
     0.105466    -0.204766
     0.107140    -0.210463
     0.108814    -0.216180
     0.110488    -0.221915
     0.112163    -0.227667
     0.113837    -0.233435
     0.115511    -0.239217
     0.117185    -0.245013
     0.118859    -0.250822
     0.120533    -0.256644
     0.122207    -0.262476
     0.123881    -0.268319
     0.125555    -0.274173
     0.127229    -0.280036
     0.128903    -0.285909
     0.130577    -0.291790
     0.132251    -0.297680
     0.133925    -0.303578
     0.135599    -0.309484
     0.137274    -0.315397
     0.138948    -0.321317
     0.140622    -0.327245
     0.142296    -0.333179
     0.143970    -0.339120
     0.145644    -0.345067
     0.147318    -0.351020
     0.148992    -0.356980
     0.150666    -0.362945
     0.152340    -0.368915
     0.154014    -0.374891
     0.155688    -0.380872
     0.157362    -0.386859
     0.159036    -0.392850
     0.160710    -0.398846
     0.162385    -0.404847
     0.164059    -0.410852
     0.165733    -0.416861
     0.167407    -0.422875


    -0.167407     0.637942
    -0.165733     0.629284
    -0.164059     0.620603
    -0.162385     0.611898
    -0.160710     0.603169
    -0.159036     0.594418
    -0.157362     0.585645
    -0.155688     0.576850
    -0.154014     0.568033
    -0.152340     0.559195
    -0.150666     0.550336
    -0.148992     0.541457
    -0.147318     0.532559
    -0.145644     0.523641
    -0.143970     0.514706
    -0.142296     0.505752
    -0.140622     0.496781
    -0.138948     0.487793
    -0.137274     0.478789
    -0.135599     0.469770
    -0.133925     0.460737
    -0.132251     0.451690
    -0.130577     0.442631
    -0.128903     0.433559
    -0.127229     0.424477
    -0.125555     0.415385
    -0.123881     0.406284
    -0.122207     0.397176
    -0.120533     0.388062
    -0.118859     0.378942
    -0.117185     0.369820
    -0.115511     0.360695
    -0.113837     0.351570
    -0.112163     0.342447
    -0.110488     0.333328
    -0.108814     0.324214
    -0.107140     0.315108
    -0.105466     0.306013
    -0.103792     0.296932
    -0.102118     0.287867
    -0.100444     0.278822
    -0.098770     0.269801
    -0.097096     0.260807
    -0.095422     0.251846
    -0.093748     0.242923
    -0.092074     0.234043
    -0.090400     0.225214
    -0.088726     0.216441
    -0.087051     0.207735
    -0.085377     0.199104
    -0.083703     0.190559
    -0.082029     0.182113
    -0.080355     0.173781
    -0.078681     0.165579
    -0.077007     0.157527
    -0.075333     0.149648
    -0.073659     0.141967
    -0.071985     0.134515
    -0.070311     0.127329
    -0.068637     0.120447
    -0.066963     0.113918
    -0.065289     0.107792
    -0.063615     0.102129
    -0.061940     0.096988
    -0.060266     0.092433
    -0.058592     0.088526
    -0.056918     0.085319
    -0.055244     0.082856
    -0.053570     0.081162
    -0.051896     0.080243
    -0.050222     0.080085
    -0.048548     0.080653
    -0.046874     0.081901
    -0.045200     0.083771
    -0.043526     0.086201
    -0.041852     0.089131
    -0.040178     0.092502
    -0.038504     0.096260
    -0.036829     0.100358
    -0.035155     0.104752
    -0.033481     0.109406
    -0.031807     0.114289
    -0.030133     0.119375
    -0.028459     0.124639
    -0.026785     0.130063
    -0.025111     0.135629
    -0.023437     0.141324
    -0.021763     0.147134
    -0.020089     0.153051
    -0.018415     0.159063
    -0.016741     0.165164
    -0.015067     0.171347
    -0.013393     0.177605
    -0.011718     0.183934
    -0.010044     0.190327
    -0.008370     0.196782
    -0.006696     0.203295
    -0.005022     0.209861
    -0.003348     0.216478
    -0.001674     0.223143
     0.000000     0.229851
     0.001674     0.223142
     0.003348     0.216477
     0.005022     0.209861
     0.006696     0.203294
     0.008370     0.196782
     0.010044     0.190328
     0.011718     0.183934
     0.013393     0.177606
     0.015067     0.171348
     0.016741     0.165166
     0.018415     0.159065
     0.020089     0.153053
     0.021763     0.147137
     0.023437     0.141327
     0.025111     0.135633
     0.026785     0.130067
     0.028459     0.124643
     0.030133     0.119379
     0.031807     0.114294
     0.033481     0.109411
     0.035155     0.104757
     0.036829     0.100363
     0.038504     0.096266
     0.040178     0.092508
     0.041852     0.089137
     0.043526     0.086206
     0.045200     0.083775
     0.046874     0.081905
     0.048548     0.080657
     0.050222     0.080088
     0.051896     0.080246
     0.053570     0.081165
     0.055244     0.082858
     0.056918     0.085320
     0.058592     0.088526
     0.060266     0.092434
     0.061940     0.096988
     0.063615     0.102128
     0.065289     0.107791
     0.066963     0.113916
     0.068637     0.120445
     0.070311     0.127326
     0.071985     0.134513
     0.073659     0.141964
     0.075333     0.149645
     0.077007     0.157524
     0.078681     0.165576
     0.080355     0.173777
     0.082029     0.182109
     0.083703     0.190555
     0.085377     0.199099
     0.087051     0.207730
     0.088726     0.216437
     0.090400     0.225209
     0.092074     0.234039
     0.093748     0.242918
     0.095422     0.251841
     0.097096     0.260802
     0.098770     0.269796
     0.100444     0.278817
     0.102118     0.287862
     0.103792     0.296926
     0.105466     0.306008
     0.107140     0.315103
     0.108814     0.324208
     0.110488     0.333322
     0.112163     0.342441
     0.113837     0.351565
     0.115511     0.360689
     0.117185     0.369814
     0.118859     0.378937
     0.120533     0.388056
     0.122207     0.397171
     0.123881     0.406279
     0.125555     0.415379
     0.127229     0.424472
     0.128903     0.433554
     0.130577     0.442625
     0.132251     0.451685
     0.133925     0.460732
     0.135599     0.469765
     0.137274     0.478784
     0.138948     0.487788
     0.140622     0.496776
     0.142296     0.505747
     0.143970     0.514701
     0.145644     0.523637
     0.147318     0.532554
     0.148992     0.541453
     0.150666     0.550332
     0.152340     0.559190
     0.154014     0.568028
     0.155688     0.576845
     0.157362     0.585641
     0.159036     0.594414
     0.160710     0.603166
     0.162385     0.611894
     0.164059     0.620599
     0.165733     0.629281
     0.167407     0.637939


    -0.167407     0.889190
    -0.165733     0.883641
    -0.164059     0.878075
    -0.162385     0.872492
    -0.160710     0.866891
    -0.159036     0.861272
    -0.157362     0.855636
    -0.155688     0.849980
    -0.154014     0.844306
    -0.152340     0.838612
    -0.150666     0.832898
    -0.148992     0.827164
    -0.147318     0.821409
    -0.145644     0.815633
    -0.143970     0.809835
    -0.142296     0.804015
    -0.140622     0.798172
    -0.138948     0.792307
    -0.137274     0.786418
    -0.135599     0.780505
    -0.133925     0.774568
    -0.132251     0.768606
    -0.130577     0.762618
    -0.128903     0.756605
    -0.127229     0.750566
    -0.125555     0.744500
    -0.123881     0.738407
    -0.122207     0.732286
    -0.120533     0.726138
    -0.118859     0.719962
    -0.117185     0.713757
    -0.115511     0.707523
    -0.113837     0.701260
    -0.112163     0.694968
    -0.110488     0.688646
    -0.108814     0.682294
    -0.107140     0.675912
    -0.105466     0.669500
    -0.103792     0.663058
    -0.102118     0.656585
    -0.100444     0.650082
    -0.098770     0.643549
    -0.097096     0.636985
    -0.095422     0.630391
    -0.093748     0.623766
    -0.092074     0.617112
    -0.090400     0.610428
    -0.088726     0.603714
    -0.087051     0.596972
    -0.085377     0.590200
    -0.083703     0.583401
    -0.082029     0.576573
    -0.080355     0.569718
    -0.078681     0.562837
    -0.077007     0.555929
    -0.075333     0.548997
    -0.073659     0.542039
    -0.071985     0.535058
    -0.070311     0.528053
    -0.068637     0.521027
    -0.066963     0.513979
    -0.065289     0.506912
    -0.063615     0.499825
    -0.061940     0.492720
    -0.060266     0.485598
    -0.058592     0.478461
    -0.056918     0.471309
    -0.055244     0.464144
    -0.053570     0.456967
    -0.051896     0.449779
    -0.050222     0.442581
    -0.048548     0.435376
    -0.046874     0.428164
    -0.045200     0.420948
    -0.043526     0.413727
    -0.041852     0.406504
    -0.040178     0.399281
    -0.038504     0.392059
    -0.036829     0.384838
    -0.035155     0.377622
    -0.033481     0.370411
    -0.031807     0.363208
    -0.030133     0.356013
    -0.028459     0.348828
    -0.026785     0.341655
    -0.025111     0.334495
    -0.023437     0.327350
    -0.021763     0.320222
    -0.020089     0.313113
    -0.018415     0.306023
    -0.016741     0.298955
    -0.015067     0.291910
    -0.013393     0.284891
    -0.011718     0.277898
    -0.010044     0.270933
    -0.008370     0.263999
    -0.006696     0.257097
    -0.005022     0.250230
    -0.003348     0.243398
    -0.001674     0.236605
     0.000000     0.229855
     0.001674     0.236607
     0.003348     0.243401
     0.005022     0.250232
     0.006696     0.257100
     0.008370     0.264002
     0.010044     0.270937
     0.011718     0.277901
     0.013393     0.284895
     0.015067     0.291914
     0.016741     0.298959
     0.018415     0.306028
     0.020089     0.313117
     0.021763     0.320227
     0.023437     0.327355
     0.025111     0.334500
     0.026785     0.341660
     0.028459     0.348833
     0.030133     0.356018
     0.031807     0.363213
     0.033481     0.370417
     0.035155     0.377628
     0.036829     0.384844
     0.038504     0.392064
     0.040178     0.399286
     0.041852     0.406510
     0.043526     0.413732
     0.045200     0.420953
     0.046874     0.428170
     0.048548     0.435381
     0.050222     0.442586
     0.051896     0.449783
     0.053570     0.456971
     0.055244     0.464148
     0.056918     0.471313
     0.058592     0.478465
     0.060266     0.485602
     0.061940     0.492724
     0.063615     0.499828
     0.065289     0.506915
     0.066963     0.513983
     0.068637     0.521030
     0.070311     0.528056
     0.071985     0.535060
     0.073659     0.542041
     0.075333     0.548999
     0.077007     0.555931
     0.078681     0.562839
     0.080355     0.569720
     0.082029     0.576574
     0.083703     0.583402
     0.085377     0.590201
     0.087051     0.596972
     0.088726     0.603715
     0.090400     0.610428
     0.092074     0.617112
     0.093748     0.623766
     0.095422     0.630390
     0.097096     0.636984
     0.098770     0.643548
     0.100444     0.650081
     0.102118     0.656584
     0.103792     0.663056
     0.105466     0.669498
     0.107140     0.675910
     0.108814     0.682292
     0.110488     0.688643
     0.112163     0.694965
     0.113837     0.701257
     0.115511     0.707520
     0.117185     0.713754
     0.118859     0.719958
     0.120533     0.726135
     0.122207     0.732283
     0.123881     0.738403
     0.125555     0.744496
     0.127229     0.750562
     0.128903     0.756601
     0.130577     0.762614
     0.132251     0.768601
     0.133925     0.774563
     0.135599     0.780501
     0.137274     0.786413
     0.138948     0.792302
     0.140622     0.798168
     0.142296     0.804010
     0.143970     0.809830
     0.145644     0.815628
     0.147318     0.821404
     0.148992     0.827159
     0.150666     0.832893
     0.152340     0.838607
     0.154014     0.844301
     0.155688     0.849975
     0.157362     0.855631
     0.159036     0.861267
     0.160710     0.866886
     0.162385     0.872487
     0.164059     0.878070
     0.165733     0.883636
     0.167407     0.889185


    -0.167407     1.826292
    -0.165733     1.818703
    -0.164059     1.811136
    -0.162385     1.803593
    -0.160710     1.796077
    -0.159036     1.788589
    -0.157362     1.781131
    -0.155688     1.773706
    -0.154014     1.766315
    -0.152340     1.758960
    -0.150666     1.751645
    -0.148992     1.744370
    -0.147318     1.737138
    -0.145644     1.729951
    -0.143970     1.722812
    -0.142296     1.715722
    -0.140622     1.708685
    -0.138948     1.701701
    -0.137274     1.694774
    -0.135599     1.687905
    -0.133925     1.681097
    -0.132251     1.674353
    -0.130577     1.667674
    -0.128903     1.661063
    -0.127229     1.654521
    -0.125555     1.648052
    -0.123881     1.641658
    -0.122207     1.635340
    -0.120533     1.629102
    -0.118859     1.622944
    -0.117185     1.616870
    -0.115511     1.610882
    -0.113837     1.604981
    -0.112163     1.599170
    -0.110488     1.593451
    -0.108814     1.587826
    -0.107140     1.582297
    -0.105466     1.576865
    -0.103792     1.571534
    -0.102118     1.566304
    -0.100444     1.561177
    -0.098770     1.556156
    -0.097096     1.551241
    -0.095422     1.546435
    -0.093748     1.541739
    -0.092074     1.537155
    -0.090400     1.532684
    -0.088726     1.528327
    -0.087051     1.524087
    -0.085377     1.519963
    -0.083703     1.515957
    -0.082029     1.512071
    -0.080355     1.508306
    -0.078681     1.504662
    -0.077007     1.501140
    -0.075333     1.497741
    -0.073659     1.494466
    -0.071985     1.491316
    -0.070311     1.488291
    -0.068637     1.485391
    -0.066963     1.482618
    -0.065289     1.479971
    -0.063615     1.477450
    -0.061940     1.475057
    -0.060266     1.472791
    -0.058592     1.470651
    -0.056918     1.468639
    -0.055244     1.466755
    -0.053570     1.464997
    -0.051896     1.463366
    -0.050222     1.461861
    -0.048548     1.460483
    -0.046874     1.459230
    -0.045200     1.458103
    -0.043526     1.457100
    -0.041852     1.456222
    -0.040178     1.455468
    -0.038504     1.454836
    -0.036829     1.454327
    -0.035155     1.453939
    -0.033481     1.453672
    -0.031807     1.453525
    -0.030133     1.453497
    -0.028459     1.453586
    -0.026785     1.453793
    -0.025111     1.454116
    -0.023437     1.454554
    -0.021763     1.455106
    -0.020089     1.455770
    -0.018415     1.456547
    -0.016741     1.457434
    -0.015067     1.458430
    -0.013393     1.459535
    -0.011718     1.460746
    -0.010044     1.462063
    -0.008370     1.463485
    -0.006696     1.465010
    -0.005022     1.466637
    -0.003348     1.468365
    -0.001674     1.470192
     0.000000     1.472108
     0.001674     1.470202
     0.003348     1.468375
     0.005022     1.466647
     0.006696     1.465021
     0.008370     1.463496
     0.010044     1.462074
     0.011718     1.460757
     0.013393     1.459546
     0.015067     1.458442
     0.016741     1.457446
     0.018415     1.456559
     0.020089     1.455783
     0.021763     1.455119
     0.023437     1.454567
     0.025111     1.454130
     0.026785     1.453807
     0.028459     1.453600
     0.030133     1.453511
     0.031807     1.453539
     0.033481     1.453687
     0.035155     1.453954
     0.036829     1.454342
     0.038504     1.454852
     0.040178     1.455483
     0.041852     1.456238
     0.043526     1.457116
     0.045200     1.458119
     0.046874     1.459246
     0.048548     1.460499
     0.050222     1.461878
     0.051896     1.463382
     0.053570     1.465014
     0.055244     1.466772
     0.056918     1.468657
     0.058592     1.470669
     0.060266     1.472808
     0.061940     1.475074
     0.063615     1.477467
     0.065289     1.479988
     0.066963     1.482635
     0.068637     1.485408
     0.070311     1.488308
     0.071985     1.491333
     0.073659     1.494483
     0.075333     1.497758
     0.077007     1.501157
     0.078681     1.504679
     0.080355     1.508323
     0.082029     1.512088
     0.083703     1.515974
     0.085377     1.519979
     0.087051     1.524103
     0.088726     1.528343
     0.090400     1.532700
     0.092074     1.537171
     0.093748     1.541754
     0.095422     1.546450
     0.097096     1.551256
     0.098770     1.556170
     0.100444     1.561191
     0.102118     1.566318
     0.103792     1.571547
     0.105466     1.576879
     0.107140     1.582310
     0.108814     1.587839
     0.110488     1.593464
     0.112163     1.599182
     0.113837     1.604993
     0.115511     1.610893
     0.117185     1.616881
     0.118859     1.622955
     0.120533     1.629112
     0.122207     1.635350
     0.123881     1.641667
     0.125555     1.648061
     0.127229     1.654530
     0.128903     1.661071
     0.130577     1.667682
     0.132251     1.674360
     0.133925     1.681104
     0.135599     1.687912
     0.137274     1.694780
     0.138948     1.701707
     0.140622     1.708690
     0.142296     1.715727
     0.143970     1.722816
     0.145644     1.729955
     0.147318     1.737142
     0.148992     1.744373
     0.150666     1.751647
     0.152340     1.758963
     0.154014     1.766317
     0.155688     1.773707
     0.157362     1.781132
     0.159036     1.788590
     0.160710     1.796077
     0.162385     1.803593
     0.164059     1.811136
     0.165733     1.818703
     0.167407     1.826292


    -0.167407     1.959879
    -0.165733     1.953586
    -0.164059     1.947300
    -0.162385     1.941021
    -0.160710     1.934751
    -0.159036     1.928490
    -0.157362     1.922238
    -0.155688     1.915995
    -0.154014     1.909764
    -0.152340     1.903543
    -0.150666     1.897333
    -0.148992     1.891136
    -0.147318     1.884951
    -0.145644     1.878779
    -0.143970     1.872621
    -0.142296     1.866477
    -0.140622     1.860347
    -0.138948     1.854233
    -0.137274     1.848134
    -0.135599     1.842052
    -0.133925     1.835987
    -0.132251     1.829939
    -0.130577     1.823909
    -0.128903     1.817898
    -0.127229     1.811905
    -0.125555     1.805933
    -0.123881     1.799981
    -0.122207     1.794050
    -0.120533     1.788140
    -0.118859     1.782252
    -0.117185     1.776388
    -0.115511     1.770546
    -0.113837     1.764729
    -0.112163     1.758937
    -0.110488     1.753169
    -0.108814     1.747428
    -0.107140     1.741714
    -0.105466     1.736026
    -0.103792     1.730367
    -0.102118     1.724737
    -0.100444     1.719136
    -0.098770     1.713566
    -0.097096     1.708026
    -0.095422     1.702518
    -0.093748     1.697043
    -0.092074     1.691601
    -0.090400     1.686193
    -0.088726     1.680820
    -0.087051     1.675483
    -0.085377     1.670182
    -0.083703     1.664918
    -0.082029     1.659693
    -0.080355     1.654507
    -0.078681     1.649361
    -0.077007     1.644256
    -0.075333     1.639193
    -0.073659     1.634172
    -0.071985     1.629195
    -0.070311     1.624263
    -0.068637     1.619377
    -0.066963     1.614537
    -0.065289     1.609745
    -0.063615     1.605001
    -0.061940     1.600307
    -0.060266     1.595664
    -0.058592     1.591073
    -0.056918     1.586534
    -0.055244     1.582050
    -0.053570     1.577620
    -0.051896     1.573247
    -0.050222     1.568931
    -0.048548     1.564673
    -0.046874     1.560475
    -0.045200     1.556338
    -0.043526     1.552262
    -0.041852     1.548250
    -0.040178     1.544302
    -0.038504     1.540419
    -0.036829     1.536604
    -0.035155     1.532856
    -0.033481     1.529177
    -0.031807     1.525569
    -0.030133     1.522033
    -0.028459     1.518569
    -0.026785     1.515180
    -0.025111     1.511867
    -0.023437     1.508630
    -0.021763     1.505471
    -0.020089     1.502392
    -0.018415     1.499394
    -0.016741     1.496478
    -0.015067     1.493645
    -0.013393     1.490897
    -0.011718     1.488236
    -0.010044     1.485661
    -0.008370     1.483176
    -0.006696     1.480780
    -0.005022     1.478476
    -0.003348     1.476265
    -0.001674     1.474148
     0.000000     1.472136
     0.001674     1.474139
     0.003348     1.476257
     0.005022     1.478468
     0.006696     1.480773
     0.008370     1.483168
     0.010044     1.485654
     0.011718     1.488229
     0.013393     1.490891
     0.015067     1.493639
     0.016741     1.496472
     0.018415     1.499388
     0.020089     1.502387
     0.021763     1.505466
     0.023437     1.508625
     0.025111     1.511862
     0.026785     1.515176
     0.028459     1.518565
     0.030133     1.522029
     0.031807     1.525566
     0.033481     1.529174
     0.035155     1.532853
     0.036829     1.536601
     0.038504     1.540417
     0.040178     1.544300
     0.041852     1.548248
     0.043526     1.552261
     0.045200     1.556337
     0.046874     1.560474
     0.048548     1.564673
     0.050222     1.568930
     0.051896     1.573247
     0.053570     1.577620
     0.055244     1.582050
     0.056918     1.586535
     0.058592     1.591074
     0.060266     1.595665
     0.061940     1.600309
     0.063615     1.605003
     0.065289     1.609746
     0.066963     1.614539
     0.068637     1.619379
     0.070311     1.624266
     0.071985     1.629198
     0.073659     1.634175
     0.075333     1.639196
     0.077007     1.644259
     0.078681     1.649364
     0.080355     1.654511
     0.082029     1.659697
     0.083703     1.664922
     0.085377     1.670186
     0.087051     1.675487
     0.088726     1.680824
     0.090400     1.686198
     0.092074     1.691606
     0.093748     1.697048
     0.095422     1.702523
     0.097096     1.708031
     0.098770     1.713571
     0.100444     1.719142
     0.102118     1.724743
     0.103792     1.730373
     0.105466     1.736032
     0.107140     1.741720
     0.108814     1.747434
     0.110488     1.753176
     0.112163     1.758943
     0.113837     1.764736
     0.115511     1.770553
     0.117185     1.776395
     0.118859     1.782260
     0.120533     1.788147
     0.122207     1.794057
     0.123881     1.799988
     0.125555     1.805940
     0.127229     1.811913
     0.128903     1.817905
     0.130577     1.823917
     0.132251     1.829947
     0.133925     1.835995
     0.135599     1.842060
     0.137274     1.848142
     0.138948     1.854241
     0.140622     1.860355
     0.142296     1.866485
     0.143970     1.872629
     0.145644     1.878788
     0.147318     1.884960
     0.148992     1.891145
     0.150666     1.897342
     0.152340     1.903552
     0.154014     1.909772
     0.155688     1.916004
     0.157362     1.922246
     0.159036     1.928498
     0.160710     1.934760
     0.162385     1.941030
     0.164059     1.947309
     0.165733     1.953595
     0.167407     1.959888


    -0.167407     2.320752
    -0.165733     2.313670
    -0.164059     2.306625
    -0.162385     2.299617
    -0.160710     2.292649
    -0.159036     2.285721
    -0.157362     2.278833
    -0.155688     2.271988
    -0.154014     2.265186
    -0.152340     2.258429
    -0.150666     2.251716
    -0.148992     2.245050
    -0.147318     2.238431
    -0.145644     2.231860
    -0.143970     2.225338
    -0.142296     2.218867
    -0.140622     2.212446
    -0.138948     2.206077
    -0.137274     2.199760
    -0.135599     2.193497
    -0.133925     2.187288
    -0.132251     2.181135
    -0.130577     2.175037
    -0.128903     2.168996
    -0.127229     2.163012
    -0.125555     2.157087
    -0.123881     2.151220
    -0.122207     2.145414
    -0.120533     2.139667
    -0.118859     2.133982
    -0.117185     2.128358
    -0.115511     2.122797
    -0.113837     2.117300
    -0.112163     2.111866
    -0.110488     2.106496
    -0.108814     2.101191
    -0.107140     2.095953
    -0.105466     2.090780
    -0.103792     2.085675
    -0.102118     2.080637
    -0.100444     2.075667
    -0.098770     2.070765
    -0.097096     2.065934
    -0.095422     2.061172
    -0.093748     2.056480
    -0.092074     2.051859
    -0.090400     2.047310
    -0.088726     2.042833
    -0.087051     2.038429
    -0.085377     2.034097
    -0.083703     2.029839
    -0.082029     2.025656
    -0.080355     2.021547
    -0.078681     2.017513
    -0.077007     2.013555
    -0.075333     2.009672
    -0.073659     2.005867
    -0.071985     2.002138
    -0.070311     1.998488
    -0.068637     1.994915
    -0.066963     1.991420
    -0.065289     1.988005
    -0.063615     1.984669
    -0.061940     1.981413
    -0.060266     1.978237
    -0.058592     1.975141
    -0.056918     1.972127
    -0.055244     1.969194
    -0.053570     1.966344
    -0.051896     1.963575
    -0.050222     1.960890
    -0.048548     1.958288
    -0.046874     1.955769
    -0.045200     1.953334
    -0.043526     1.950983
    -0.041852     1.948717
    -0.040178     1.946537
    -0.038504     1.944441
    -0.036829     1.942432
    -0.035155     1.940508
    -0.033481     1.938671
    -0.031807     1.936921
    -0.030133     1.935258
    -0.028459     1.933682
    -0.026785     1.932195
    -0.025111     1.930795
    -0.023437     1.929484
    -0.021763     1.928262
    -0.020089     1.927129
    -0.018415     1.926086
    -0.016741     1.925132
    -0.015067     1.924269
    -0.013393     1.923496
    -0.011718     1.922815
    -0.010044     1.922224
    -0.008370     1.921724
    -0.006696     1.921315
    -0.005022     1.920997
    -0.003348     1.920768
    -0.001674     1.920629
     0.000000     1.920580
     0.001674     1.920621
     0.003348     1.920753
     0.005022     1.920977
     0.006696     1.921292
     0.008370     1.921699
     0.010044     1.922197
     0.011718     1.922786
     0.013393     1.923467
     0.015067     1.924238
     0.016741     1.925100
     0.018415     1.926053
     0.020089     1.927095
     0.021763     1.928227
     0.023437     1.929449
     0.025111     1.930760
     0.026785     1.932159
     0.028459     1.933647
     0.030133     1.935223
     0.031807     1.936886
     0.033481     1.938637
     0.035155     1.940474
     0.036829     1.942398
     0.038504     1.944408
     0.040178     1.946503
     0.041852     1.948685
     0.043526     1.950951
     0.045200     1.953302
     0.046874     1.955737
     0.048548     1.958256
     0.050222     1.960859
     0.051896     1.963545
     0.053570     1.966313
     0.055244     1.969164
     0.056918     1.972097
     0.058592     1.975112
     0.060266     1.978207
     0.061940     1.981384
     0.063615     1.984640
     0.065289     1.987977
     0.066963     1.991393
     0.068637     1.994887
     0.070311     1.998461
     0.071985     2.002112
     0.073659     2.005841
     0.075333     2.009647
     0.077007     2.013529
     0.078681     2.017488
     0.080355     2.021522
     0.082029     2.025632
     0.083703     2.029816
     0.085377     2.034074
     0.087051     2.038406
     0.088726     2.042811
     0.090400     2.047289
     0.092074     2.051838
     0.093748     2.056460
     0.095422     2.061152
     0.097096     2.065915
     0.098770     2.070747
     0.100444     2.075649
     0.102118     2.080619
     0.103792     2.085658
     0.105466     2.090764
     0.107140     2.095937
     0.108814     2.101177
     0.110488     2.106482
     0.112163     2.111852
     0.113837     2.117287
     0.115511     2.122786
     0.117185     2.128347
     0.118859     2.133972
     0.120533     2.139658
     0.122207     2.145405
     0.123881     2.151212
     0.125555     2.157079
     0.127229     2.163006
     0.128903     2.168990
     0.130577     2.175032
     0.132251     2.181130
     0.133925     2.187285
     0.135599     2.193494
     0.137274     2.199758
     0.138948     2.206075
     0.140622     2.212445
     0.142296     2.218867
     0.143970     2.225339
     0.145644     2.231862
     0.147318     2.238433
     0.148992     2.245053
     0.150666     2.251720
     0.152340     2.258433
     0.154014     2.265192
     0.155688     2.271994
     0.157362     2.278840
     0.159036     2.285728
     0.160710     2.292657
     0.162385     2.299626
     0.164059     2.306634
     0.165733     2.313680
     0.167407     2.320762


    -0.167407     2.340220
    -0.165733     2.333010
    -0.164059     2.325824
    -0.162385     2.318663
    -0.160710     2.311528
    -0.159036     2.304421
    -0.157362     2.297343
    -0.155688     2.290296
    -0.154014     2.283282
    -0.152340     2.276301
    -0.150666     2.269355
    -0.148992     2.262445
    -0.147318     2.255574
    -0.145644     2.248742
    -0.143970     2.241951
    -0.142296     2.235201
    -0.140622     2.228495
    -0.138948     2.221834
    -0.137274     2.215220
    -0.135599     2.208652
    -0.133925     2.202134
    -0.132251     2.195665
    -0.130577     2.189248
    -0.128903     2.182884
    -0.127229     2.176573
    -0.125555     2.170318
    -0.123881     2.164119
    -0.122207     2.157978
    -0.120533     2.151895
    -0.118859     2.145872
    -0.117185     2.139910
    -0.115511     2.134011
    -0.113837     2.128174
    -0.112163     2.122402
    -0.110488     2.116696
    -0.108814     2.111056
    -0.107140     2.105484
    -0.105466     2.099980
    -0.103792     2.094546
    -0.102118     2.089182
    -0.100444     2.083890
    -0.098770     2.078670
    -0.097096     2.073524
    -0.095422     2.068452
    -0.093748     2.063454
    -0.092074     2.058533
    -0.090400     2.053689
    -0.088726     2.048922
    -0.087051     2.044234
    -0.085377     2.039624
    -0.083703     2.035095
    -0.082029     2.030646
    -0.080355     2.026278
    -0.078681     2.021992
    -0.077007     2.017789
    -0.075333     2.013669
    -0.073659     2.009633
    -0.071985     2.005681
    -0.070311     2.001814
    -0.068637     1.998033
    -0.066963     1.994337
    -0.065289     1.990729
    -0.063615     1.987207
    -0.061940     1.983772
    -0.060266     1.980426
    -0.058592     1.977168
    -0.056918     1.973998
    -0.055244     1.970918
    -0.053570     1.967927
    -0.051896     1.965026
    -0.050222     1.962215
    -0.048548     1.959494
    -0.046874     1.956864
    -0.045200     1.954325
    -0.043526     1.951877
    -0.041852     1.949521
    -0.040178     1.947256
    -0.038504     1.945083
    -0.036829     1.943002
    -0.035155     1.941014
    -0.033481     1.939117
    -0.031807     1.937313
    -0.030133     1.935602
    -0.028459     1.933982
    -0.026785     1.932456
    -0.025111     1.931022
    -0.023437     1.929681
    -0.021763     1.928433
    -0.020089     1.927277
    -0.018415     1.926213
    -0.016741     1.925242
    -0.015067     1.924364
    -0.013393     1.923577
    -0.011718     1.922883
    -0.010044     1.922281
    -0.008370     1.921771
    -0.006696     1.921353
    -0.005022     1.921029
    -0.003348     1.920798
    -0.001674     1.920661
     0.000000     1.920618
     0.001674     1.920668
     0.003348     1.920811
     0.005022     1.921046
     0.006696     1.921374
     0.008370     1.921793
     0.010044     1.922304
     0.011718     1.922907
     0.013393     1.923602
     0.015067     1.924389
     0.016741     1.925269
     0.018415     1.926240
     0.020089     1.927304
     0.021763     1.928460
     0.023437     1.929708
     0.025111     1.931049
     0.026785     1.932482
     0.028459     1.934008
     0.030133     1.935626
     0.031807     1.937337
     0.033481     1.939140
     0.035155     1.941036
     0.036829     1.943024
     0.038504     1.945104
     0.040178     1.947276
     0.041852     1.949541
     0.043526     1.951896
     0.045200     1.954343
     0.046874     1.956882
     0.048548     1.959511
     0.050222     1.962231
     0.051896     1.965041
     0.053570     1.967942
     0.055244     1.970932
     0.056918     1.974012
     0.058592     1.977181
     0.060266     1.980439
     0.061940     1.983785
     0.063615     1.987219
     0.065289     1.990740
     0.066963     1.994348
     0.068637     1.998043
     0.070311     2.001824
     0.071985     2.005691
     0.073659     2.009642
     0.075333     2.013678
     0.077007     2.017798
     0.078681     2.022001
     0.080355     2.026286
     0.082029     2.030653
     0.083703     2.035102
     0.085377     2.039631
     0.087051     2.044240
     0.088726     2.048929
     0.090400     2.053695
     0.092074     2.058539
     0.093748     2.063460
     0.095422     2.068457
     0.097096     2.073529
     0.098770     2.078675
     0.100444     2.083895
     0.102118     2.089187
     0.103792     2.094550
     0.105466     2.099984
     0.107140     2.105488
     0.108814     2.111060
     0.110488     2.116700
     0.112163     2.122406
     0.113837     2.128178
     0.115511     2.134014
     0.117185     2.139913
     0.118859     2.145875
     0.120533     2.151898
     0.122207     2.157980
     0.123881     2.164122
     0.125555     2.170321
     0.127229     2.176576
     0.128903     2.182886
     0.130577     2.189251
     0.132251     2.195668
     0.133925     2.202136
     0.135599     2.208655
     0.137274     2.215222
     0.138948     2.221837
     0.140622     2.228498
     0.142296     2.235203
     0.143970     2.241953
     0.145644     2.248744
     0.147318     2.255576
     0.148992     2.262448
     0.150666     2.269357
     0.152340     2.276303
     0.154014     2.283284
     0.155688     2.290299
     0.157362     2.297346
     0.159036     2.304424
     0.160710     2.311531
     0.162385     2.318666
     0.164059     2.325827
     0.165733     2.333013
     0.167407     2.340223


