    -0.167407    -3.937528
    -0.165733    -3.937984
    -0.164059    -3.938438
    -0.162385    -3.938890
    -0.160710    -3.939341
    -0.159036    -3.939789
    -0.157362    -3.940235
    -0.155688    -3.940678
    -0.154014    -3.941119
    -0.152340    -3.941556
    -0.150666    -3.941991
    -0.148992    -3.942422
    -0.147318    -3.942850
    -0.145644    -3.943275
    -0.143970    -3.943695
    -0.142296    -3.944112
    -0.140622    -3.944524
    -0.138948    -3.944933
    -0.137274    -3.945336
    -0.135599    -3.945736
    -0.133925    -3.946131
    -0.132251    -3.946520
    -0.130577    -3.946905
    -0.128903    -3.947285
    -0.127229    -3.947660
    -0.125555    -3.948029
    -0.123881    -3.948393
    -0.122207    -3.948751
    -0.120533    -3.949103
    -0.118859    -3.949449
    -0.117185    -3.949789
    -0.115511    -3.950124
    -0.113837    -3.950452
    -0.112163    -3.950773
    -0.110488    -3.951088
    -0.108814    -3.951397
    -0.107140    -3.951698
    -0.105466    -3.951993
    -0.103792    -3.952281
    -0.102118    -3.952562
    -0.100444    -3.952836
    -0.098770    -3.953102
    -0.097096    -3.953361
    -0.095422    -3.953613
    -0.093748    -3.953857
    -0.092074    -3.954093
    -0.090400    -3.954322
    -0.088726    -3.954543
    -0.087051    -3.954756
    -0.085377    -3.954961
    -0.083703    -3.955158
    -0.082029    -3.955347
    -0.080355    -3.955527
    -0.078681    -3.955700
    -0.077007    -3.955863
    -0.075333    -3.956019
    -0.073659    -3.956165
    -0.071985    -3.956304
    -0.070311    -3.956433
    -0.068637    -3.956554
    -0.066963    -3.956665
    -0.065289    -3.956768
    -0.063615    -3.956862
    -0.061940    -3.956947
    -0.060266    -3.957023
    -0.058592    -3.957089
    -0.056918    -3.957147
    -0.055244    -3.957195
    -0.053570    -3.957234
    -0.051896    -3.957263
    -0.050222    -3.957283
    -0.048548    -3.957293
    -0.046874    -3.957294
    -0.045200    -3.957285
    -0.043526    -3.957267
    -0.041852    -3.957239
    -0.040178    -3.957201
    -0.038504    -3.957153
    -0.036829    -3.957096
    -0.035155    -3.957029
    -0.033481    -3.956951
    -0.031807    -3.956864
    -0.030133    -3.956767
    -0.028459    -3.956660
    -0.026785    -3.956542
    -0.025111    -3.956415
    -0.023437    -3.956277
    -0.021763    -3.956130
    -0.020089    -3.955972
    -0.018415    -3.955804
    -0.016741    -3.955625
    -0.015067    -3.955436
    -0.013393    -3.955237
    -0.011718    -3.955028
    -0.010044    -3.954808
    -0.008370    -3.954578
    -0.006696    -3.954338
    -0.005022    -3.954087
    -0.003348    -3.953826
    -0.001674    -3.953554
     0.000000    -3.953277
     0.001674    -3.953557
     0.003348    -3.953829
     0.005022    -3.954090
     0.006696    -3.954341
     0.008370    -3.954582
     0.010044    -3.954812
     0.011718    -3.955032
     0.013393    -3.955241
     0.015067    -3.955441
     0.016741    -3.955629
     0.018415    -3.955808
     0.020089    -3.955976
     0.021763    -3.956134
     0.023437    -3.956282
     0.025111    -3.956419
     0.026785    -3.956547
     0.028459    -3.956664
     0.030133    -3.956771
     0.031807    -3.956868
     0.033481    -3.956956
     0.035155    -3.957033
     0.036829    -3.957100
     0.038504    -3.957158
     0.040178    -3.957205
     0.041852    -3.957243
     0.043526    -3.957271
     0.045200    -3.957289
     0.046874    -3.957298
     0.048548    -3.957297
     0.050222    -3.957286
     0.051896    -3.957266
     0.053570    -3.957237
     0.055244    -3.957198
     0.056918    -3.957150
     0.058592    -3.957092
     0.060266    -3.957026
     0.061940    -3.956950
     0.063615    -3.956865
     0.065289    -3.956770
     0.066963    -3.956667
     0.068637    -3.956555
     0.070311    -3.956434
     0.071985    -3.956305
     0.073659    -3.956166
     0.075333    -3.956020
     0.077007    -3.955864
     0.078681    -3.955700
     0.080355    -3.955527
     0.082029    -3.955347
     0.083703    -3.955158
     0.085377    -3.954960
     0.087051    -3.954755
     0.088726    -3.954542
     0.090400    -3.954320
     0.092074    -3.954091
     0.093748    -3.953855
     0.095422    -3.953610
     0.097096    -3.953358
     0.098770    -3.953099
     0.100444    -3.952832
     0.102118    -3.952558
     0.103792    -3.952277
     0.105466    -3.951988
     0.107140    -3.951693
     0.108814    -3.951391
     0.110488    -3.951082
     0.112163    -3.950767
     0.113837    -3.950445
     0.115511    -3.950117
     0.117185    -3.949782
     0.118859    -3.949442
     0.120533    -3.949095
     0.122207    -3.948742
     0.123881    -3.948384
     0.125555    -3.948020
     0.127229    -3.947651
     0.128903    -3.947276
     0.130577    -3.946895
     0.132251    -3.946510
     0.133925    -3.946120
     0.135599    -3.945725
     0.137274    -3.945325
     0.138948    -3.944921
     0.140622    -3.944512
     0.142296    -3.944100
     0.143970    -3.943683
     0.145644    -3.943262
     0.147318    -3.942837
     0.148992    -3.942409
     0.150666    -3.941977
     0.152340    -3.941543
     0.154014    -3.941105
     0.155688    -3.940664
     0.157362    -3.940220
     0.159036    -3.939774
     0.160710    -3.939326
     0.162385    -3.938875
     0.164059    -3.938422
     0.165733    -3.937968
     0.167407    -3.937512


    -0.167407    -3.873248
    -0.165733    -3.874502
    -0.164059    -3.875749
    -0.162385    -3.876989
    -0.160710    -3.878222
    -0.159036    -3.879446
    -0.157362    -3.880664
    -0.155688    -3.881873
    -0.154014    -3.883075
    -0.152340    -3.884269
    -0.150666    -3.885456
    -0.148992    -3.886634
    -0.147318    -3.887804
    -0.145644    -3.888966
    -0.143970    -3.890120
    -0.142296    -3.891265
    -0.140622    -3.892402
    -0.138948    -3.893531
    -0.137274    -3.894651
    -0.135599    -3.895763
    -0.133925    -3.896866
    -0.132251    -3.897960
    -0.130577    -3.899045
    -0.128903    -3.900122
    -0.127229    -3.901190
    -0.125555    -3.902249
    -0.123881    -3.903299
    -0.122207    -3.904339
    -0.120533    -3.905371
    -0.118859    -3.906394
    -0.117185    -3.907407
    -0.115511    -3.908411
    -0.113837    -3.909406
    -0.112163    -3.910391
    -0.110488    -3.911367
    -0.108814    -3.912333
    -0.107140    -3.913290
    -0.105466    -3.914237
    -0.103792    -3.915175
    -0.102118    -3.916102
    -0.100444    -3.917021
    -0.098770    -3.917929
    -0.097096    -3.918828
    -0.095422    -3.919716
    -0.093748    -3.920595
    -0.092074    -3.921464
    -0.090400    -3.922323
    -0.088726    -3.923172
    -0.087051    -3.924011
    -0.085377    -3.924840
    -0.083703    -3.925659
    -0.082029    -3.926468
    -0.080355    -3.927266
    -0.078681    -3.928054
    -0.077007    -3.928832
    -0.075333    -3.929600
    -0.073659    -3.930358
    -0.071985    -3.931105
    -0.070311    -3.931842
    -0.068637    -3.932569
    -0.066963    -3.933285
    -0.065289    -3.933991
    -0.063615    -3.934686
    -0.061940    -3.935371
    -0.060266    -3.936045
    -0.058592    -3.936709
    -0.056918    -3.937363
    -0.055244    -3.938006
    -0.053570    -3.938638
    -0.051896    -3.939260
    -0.050222    -3.939872
    -0.048548    -3.940472
    -0.046874    -3.941063
    -0.045200    -3.941642
    -0.043526    -3.942211
    -0.041852    -3.942770
    -0.040178    -3.943317
    -0.038504    -3.943855
    -0.036829    -3.944381
    -0.035155    -3.944897
    -0.033481    -3.945402
    -0.031807    -3.945897
    -0.030133    -3.946381
    -0.028459    -3.946854
    -0.026785    -3.947317
    -0.025111    -3.947769
    -0.023437    -3.948210
    -0.021763    -3.948641
    -0.020089    -3.949061
    -0.018415    -3.949470
    -0.016741    -3.949869
    -0.015067    -3.950257
    -0.013393    -3.950635
    -0.011718    -3.951002
    -0.010044    -3.951358
    -0.008370    -3.951704
    -0.006696    -3.952039
    -0.005022    -3.952364
    -0.003348    -3.952678
    -0.001674    -3.952981
     0.000000    -3.953269
     0.001674    -3.952979
     0.003348    -3.952675
     0.005022    -3.952361
     0.006696    -3.952037
     0.008370    -3.951702
     0.010044    -3.951356
     0.011718    -3.951000
     0.013393    -3.950633
     0.015067    -3.950256
     0.016741    -3.949868
     0.018415    -3.949469
     0.020089    -3.949060
     0.021763    -3.948640
     0.023437    -3.948210
     0.025111    -3.947768
     0.026785    -3.947317
     0.028459    -3.946854
     0.030133    -3.946381
     0.031807    -3.945897
     0.033481    -3.945403
     0.035155    -3.944898
     0.036829    -3.944382
     0.038504    -3.943856
     0.040178    -3.943319
     0.041852    -3.942771
     0.043526    -3.942213
     0.045200    -3.941644
     0.046874    -3.941065
     0.048548    -3.940475
     0.050222    -3.939874
     0.051896    -3.939263
     0.053570    -3.938641
     0.055244    -3.938009
     0.056918    -3.937366
     0.058592    -3.936713
     0.060266    -3.936049
     0.061940    -3.935374
     0.063615    -3.934690
     0.065289    -3.933994
     0.066963    -3.933289
     0.068637    -3.932573
     0.070311    -3.931846
     0.071985    -3.931109
     0.073659    -3.930362
     0.075333    -3.929605
     0.077007    -3.928837
     0.078681    -3.928059
     0.080355    -3.927271
     0.082029    -3.926472
     0.083703    -3.925664
     0.085377    -3.924845
     0.087051    -3.924016
     0.088726    -3.923177
     0.090400    -3.922328
     0.092074    -3.921469
     0.093748    -3.920601
     0.095422    -3.919722
     0.097096    -3.918833
     0.098770    -3.917934
     0.100444    -3.917026
     0.102118    -3.916108
     0.103792    -3.915180
     0.105466    -3.914242
     0.107140    -3.913295
     0.108814    -3.912338
     0.110488    -3.911372
     0.112163    -3.910396
     0.113837    -3.909411
     0.115511    -3.908416
     0.117185    -3.907412
     0.118859    -3.906398
     0.120533    -3.905376
     0.122207    -3.904344
     0.123881    -3.903303
     0.125555    -3.902253
     0.127229    -3.901194
     0.128903    -3.900126
     0.130577    -3.899049
     0.132251    -3.897964
     0.133925    -3.896869
     0.135599    -3.895766
     0.137274    -3.894654
     0.138948    -3.893534
     0.140622    -3.892405
     0.142296    -3.891268
     0.143970    -3.890122
     0.145644    -3.888968
     0.147318    -3.887806
     0.148992    -3.886636
     0.150666    -3.885458
     0.152340    -3.884271
     0.154014    -3.883077
     0.155688    -3.881875
     0.157362    -3.880665
     0.159036    -3.879448
     0.160710    -3.878223
     0.162385    -3.876990
     0.164059    -3.875750
     0.165733    -3.874503
     0.167407    -3.873248


    -0.167407    -2.457845
    -0.165733    -2.453665
    -0.164059    -2.449598
    -0.162385    -2.445638
    -0.160710    -2.441782
    -0.159036    -2.438026
    -0.157362    -2.434366
    -0.155688    -2.430798
    -0.154014    -2.427319
    -0.152340    -2.423924
    -0.150666    -2.420611
    -0.148992    -2.417377
    -0.147318    -2.414218
    -0.145644    -2.411132
    -0.143970    -2.408116
    -0.142296    -2.405167
    -0.140622    -2.402282
    -0.138948    -2.399461
    -0.137274    -2.396699
    -0.135599    -2.393996
    -0.133925    -2.391349
    -0.132251    -2.388757
    -0.130577    -2.386217
    -0.128903    -2.383728
    -0.127229    -2.381289
    -0.125555    -2.378898
    -0.123881    -2.376553
    -0.122207    -2.374254
    -0.120533    -2.371999
    -0.118859    -2.369787
    -0.117185    -2.367617
    -0.115511    -2.365488
    -0.113837    -2.363399
    -0.112163    -2.361349
    -0.110488    -2.359337
    -0.108814    -2.357362
    -0.107140    -2.355424
    -0.105466    -2.353523
    -0.103792    -2.351656
    -0.102118    -2.349825
    -0.100444    -2.348027
    -0.098770    -2.346263
    -0.097096    -2.344533
    -0.095422    -2.342835
    -0.093748    -2.341169
    -0.092074    -2.339535
    -0.090400    -2.337932
    -0.088726    -2.336360
    -0.087051    -2.334819
    -0.085377    -2.333308
    -0.083703    -2.331827
    -0.082029    -2.330376
    -0.080355    -2.328955
    -0.078681    -2.327562
    -0.077007    -2.326199
    -0.075333    -2.324864
    -0.073659    -2.323558
    -0.071985    -2.322281
    -0.070311    -2.321031
    -0.068637    -2.319810
    -0.066963    -2.318616
    -0.065289    -2.317450
    -0.063615    -2.316312
    -0.061940    -2.315201
    -0.060266    -2.314118
    -0.058592    -2.313061
    -0.056918    -2.312032
    -0.055244    -2.311030
    -0.053570    -2.310055
    -0.051896    -2.309107
    -0.050222    -2.308185
    -0.048548    -2.307290
    -0.046874    -2.306422
    -0.045200    -2.305580
    -0.043526    -2.304765
    -0.041852    -2.303976
    -0.040178    -2.303214
    -0.038504    -2.302478
    -0.036829    -2.301768
    -0.035155    -2.301085
    -0.033481    -2.300428
    -0.031807    -2.299797
    -0.030133    -2.299192
    -0.028459    -2.298613
    -0.026785    -2.298060
    -0.025111    -2.297534
    -0.023437    -2.297033
    -0.021763    -2.296558
    -0.020089    -2.296110
    -0.018415    -2.295687
    -0.016741    -2.295290
    -0.015067    -2.294919
    -0.013393    -2.294574
    -0.011718    -2.294254
    -0.010044    -2.293961
    -0.008370    -2.293693
    -0.006696    -2.293451
    -0.005022    -2.293235
    -0.003348    -2.293044
    -0.001674    -2.292879
     0.000000    -2.292752
     0.001674    -2.292890
     0.003348    -2.293055
     0.005022    -2.293246
     0.006696    -2.293462
     0.008370    -2.293704
     0.010044    -2.293972
     0.011718    -2.294266
     0.013393    -2.294585
     0.015067    -2.294931
     0.016741    -2.295302
     0.018415    -2.295699
     0.020089    -2.296122
     0.021763    -2.296570
     0.023437    -2.297045
     0.025111    -2.297546
     0.026785    -2.298072
     0.028459    -2.298625
     0.030133    -2.299204
     0.031807    -2.299809
     0.033481    -2.300440
     0.035155    -2.301097
     0.036829    -2.301780
     0.038504    -2.302490
     0.040178    -2.303226
     0.041852    -2.303988
     0.043526    -2.304777
     0.045200    -2.305592
     0.046874    -2.306434
     0.048548    -2.307302
     0.050222    -2.308197
     0.051896    -2.309118
     0.053570    -2.310066
     0.055244    -2.311042
     0.056918    -2.312044
     0.058592    -2.313073
     0.060266    -2.314129
     0.061940    -2.315212
     0.063615    -2.316323
     0.065289    -2.317461
     0.066963    -2.318627
     0.068637    -2.319820
     0.070311    -2.321042
     0.071985    -2.322291
     0.073659    -2.323569
     0.075333    -2.324875
     0.077007    -2.326209
     0.078681    -2.327572
     0.080355    -2.328965
     0.082029    -2.330386
     0.083703    -2.331837
     0.085377    -2.333318
     0.087051    -2.334828
     0.088726    -2.336369
     0.090400    -2.337941
     0.092074    -2.339544
     0.093748    -2.341178
     0.095422    -2.342844
     0.097096    -2.344542
     0.098770    -2.346272
     0.100444    -2.348036
     0.102118    -2.349833
     0.103792    -2.351665
     0.105466    -2.353531
     0.107140    -2.355433
     0.108814    -2.357370
     0.110488    -2.359345
     0.112163    -2.361357
     0.113837    -2.363407
     0.115511    -2.365496
     0.117185    -2.367625
     0.118859    -2.369795
     0.120533    -2.372007
     0.122207    -2.374262
     0.123881    -2.376561
     0.125555    -2.378905
     0.127229    -2.381297
     0.128903    -2.383736
     0.130577    -2.386224
     0.132251    -2.388764
     0.133925    -2.391357
     0.135599    -2.394003
     0.137274    -2.396707
     0.138948    -2.399468
     0.140622    -2.402290
     0.142296    -2.405174
     0.143970    -2.408123
     0.145644    -2.411139
     0.147318    -2.414225
     0.148992    -2.417384
     0.150666    -2.420618
     0.152340    -2.423931
     0.154014    -2.427325
     0.155688    -2.430805
     0.157362    -2.434373
     0.159036    -2.438033
     0.160710    -2.441789
     0.162385    -2.445644
     0.164059    -2.449604
     0.165733    -2.453671
     0.167407    -2.457851


    -0.167407    -2.415021
    -0.165733    -2.411554
    -0.164059    -2.408215
    -0.162385    -2.404996
    -0.160710    -2.401889
    -0.159036    -2.398887
    -0.157362    -2.395983
    -0.155688    -2.393171
    -0.154014    -2.390445
    -0.152340    -2.387799
    -0.150666    -2.385228
    -0.148992    -2.382729
    -0.147318    -2.380296
    -0.145644    -2.377926
    -0.143970    -2.375616
    -0.142296    -2.373362
    -0.140622    -2.371162
    -0.138948    -2.369012
    -0.137274    -2.366911
    -0.135599    -2.364855
    -0.133925    -2.362844
    -0.132251    -2.360875
    -0.130577    -2.358947
    -0.128903    -2.357057
    -0.127229    -2.355205
    -0.125555    -2.353390
    -0.123881    -2.351609
    -0.122207    -2.349862
    -0.120533    -2.348149
    -0.118859    -2.346467
    -0.117185    -2.344817
    -0.115511    -2.343197
    -0.113837    -2.341607
    -0.112163    -2.340047
    -0.110488    -2.338515
    -0.108814    -2.337011
    -0.107140    -2.335534
    -0.105466    -2.334085
    -0.103792    -2.332663
    -0.102118    -2.331268
    -0.100444    -2.329898
    -0.098770    -2.328555
    -0.097096    -2.327237
    -0.095422    -2.325945
    -0.093748    -2.324678
    -0.092074    -2.323436
    -0.090400    -2.322218
    -0.088726    -2.321026
    -0.087051    -2.319858
    -0.085377    -2.318715
    -0.083703    -2.317596
    -0.082029    -2.316501
    -0.080355    -2.315431
    -0.078681    -2.314385
    -0.077007    -2.313363
    -0.075333    -2.312365
    -0.073659    -2.311392
    -0.071985    -2.310442
    -0.070311    -2.309516
    -0.068637    -2.308615
    -0.066963    -2.307738
    -0.065289    -2.306884
    -0.063615    -2.306055
    -0.061940    -2.305250
    -0.060266    -2.304469
    -0.058592    -2.303712
    -0.056918    -2.302980
    -0.055244    -2.302271
    -0.053570    -2.301587
    -0.051896    -2.300927
    -0.050222    -2.300292
    -0.048548    -2.299681
    -0.046874    -2.299094
    -0.045200    -2.298531
    -0.043526    -2.297994
    -0.041852    -2.297480
    -0.040178    -2.296992
    -0.038504    -2.296527
    -0.036829    -2.296088
    -0.035155    -2.295673
    -0.033481    -2.295283
    -0.031807    -2.294918
    -0.030133    -2.294578
    -0.028459    -2.294262
    -0.026785    -2.293972
    -0.025111    -2.293706
    -0.023437    -2.293466
    -0.021763    -2.293251
    -0.020089    -2.293060
    -0.018415    -2.292895
    -0.016741    -2.292755
    -0.015067    -2.292641
    -0.013393    -2.292551
    -0.011718    -2.292487
    -0.010044    -2.292448
    -0.008370    -2.292435
    -0.006696    -2.292447
    -0.005022    -2.292484
    -0.003348    -2.292547
    -0.001674    -2.292636
     0.000000    -2.292737
     0.001674    -2.292625
     0.003348    -2.292537
     0.005022    -2.292474
     0.006696    -2.292437
     0.008370    -2.292425
     0.010044    -2.292439
     0.011718    -2.292478
     0.013393    -2.292542
     0.015067    -2.292632
     0.016741    -2.292747
     0.018415    -2.292887
     0.020089    -2.293052
     0.021763    -2.293243
     0.023437    -2.293459
     0.025111    -2.293699
     0.026785    -2.293965
     0.028459    -2.294256
     0.030133    -2.294572
     0.031807    -2.294912
     0.033481    -2.295278
     0.035155    -2.295668
     0.036829    -2.296083
     0.038504    -2.296523
     0.040178    -2.296987
     0.041852    -2.297476
     0.043526    -2.297990
     0.045200    -2.298528
     0.046874    -2.299091
     0.048548    -2.299678
     0.050222    -2.300290
     0.051896    -2.300926
     0.053570    -2.301586
     0.055244    -2.302271
     0.056918    -2.302979
     0.058592    -2.303712
     0.060266    -2.304470
     0.061940    -2.305251
     0.063615    -2.306056
     0.065289    -2.306886
     0.066963    -2.307740
     0.068637    -2.308618
     0.070311    -2.309519
     0.071985    -2.310445
     0.073659    -2.311395
     0.075333    -2.312369
     0.077007    -2.313368
     0.078681    -2.314390
     0.080355    -2.315436
     0.082029    -2.316507
     0.083703    -2.317602
     0.085377    -2.318721
     0.087051    -2.319865
     0.088726    -2.321033
     0.090400    -2.322226
     0.092074    -2.323444
     0.093748    -2.324686
     0.095422    -2.325954
     0.097096    -2.327246
     0.098770    -2.328564
     0.100444    -2.329908
     0.102118    -2.331278
     0.103792    -2.332674
     0.105466    -2.334096
     0.107140    -2.335545
     0.108814    -2.337022
     0.110488    -2.338526
     0.112163    -2.340058
     0.113837    -2.341619
     0.115511    -2.343210
     0.117185    -2.344830
     0.118859    -2.346480
     0.120533    -2.348162
     0.122207    -2.349876
     0.123881    -2.351623
     0.125555    -2.353403
     0.127229    -2.355219
     0.128903    -2.357071
     0.130577    -2.358961
     0.132251    -2.360890
     0.133925    -2.362859
     0.135599    -2.364870
     0.137274    -2.366925
     0.138948    -2.369027
     0.140622    -2.371176
     0.142296    -2.373377
     0.143970    -2.375631
     0.145644    -2.377941
     0.147318    -2.380311
     0.148992    -2.382743
     0.150666    -2.385243
     0.152340    -2.387813
     0.154014    -2.390459
     0.155688    -2.393186
     0.157362    -2.395998
     0.159036    -2.398902
     0.160710    -2.401904
     0.162385    -2.405010
     0.164059    -2.408229
     0.165733    -2.411568
     0.167407    -2.415035


    -0.167407    -2.184985
    -0.165733    -2.176400
    -0.164059    -2.167746
    -0.162385    -2.159032
    -0.160710    -2.150268
    -0.159036    -2.141465
    -0.157362    -2.132629
    -0.155688    -2.123769
    -0.154014    -2.114894
    -0.152340    -2.106010
    -0.150666    -2.097123
    -0.148992    -2.088242
    -0.147318    -2.079370
    -0.145644    -2.070515
    -0.143970    -2.061681
    -0.142296    -2.052874
    -0.140622    -2.044097
    -0.138948    -2.035357
    -0.137274    -2.026656
    -0.135599    -2.018000
    -0.133925    -2.009391
    -0.132251    -2.000834
    -0.130577    -1.992332
    -0.128903    -1.983887
    -0.127229    -1.975504
    -0.125555    -1.967186
    -0.123881    -1.958934
    -0.122207    -1.950752
    -0.120533    -1.942643
    -0.118859    -1.934608
    -0.117185    -1.926650
    -0.115511    -1.918771
    -0.113837    -1.910974
    -0.112163    -1.903260
    -0.110488    -1.895632
    -0.108814    -1.888090
    -0.107140    -1.880637
    -0.105466    -1.873274
    -0.103792    -1.866002
    -0.102118    -1.858824
    -0.100444    -1.851740
    -0.098770    -1.844752
    -0.097096    -1.837860
    -0.095422    -1.831066
    -0.093748    -1.824370
    -0.092074    -1.817774
    -0.090400    -1.811277
    -0.088726    -1.804882
    -0.087051    -1.798588
    -0.085377    -1.792396
    -0.083703    -1.786306
    -0.082029    -1.780319
    -0.080355    -1.774435
    -0.078681    -1.768654
    -0.077007    -1.762976
    -0.075333    -1.757402
    -0.073659    -1.751931
    -0.071985    -1.746564
    -0.070311    -1.741299
    -0.068637    -1.736138
    -0.066963    -1.731080
    -0.065289    -1.726125
    -0.063615    -1.721271
    -0.061940    -1.716520
    -0.060266    -1.711871
    -0.058592    -1.707323
    -0.056918    -1.702875
    -0.055244    -1.698529
    -0.053570    -1.694282
    -0.051896    -1.690134
    -0.050222    -1.686086
    -0.048548    -1.682137
    -0.046874    -1.678285
    -0.045200    -1.674532
    -0.043526    -1.670875
    -0.041852    -1.667315
    -0.040178    -1.663852
    -0.038504    -1.660485
    -0.036829    -1.657212
    -0.035155    -1.654035
    -0.033481    -1.650952
    -0.031807    -1.647964
    -0.030133    -1.645070
    -0.028459    -1.642271
    -0.026785    -1.639567
    -0.025111    -1.636961
    -0.023437    -1.634453
    -0.021763    -1.632047
    -0.020089    -1.629745
    -0.018415    -1.627551
    -0.016741    -1.625473
    -0.015067    -1.623516
    -0.013393    -1.621690
    -0.011718    -1.620006
    -0.010044    -1.618479
    -0.008370    -1.617127
    -0.006696    -1.615969
    -0.005022    -1.615030
    -0.003348    -1.614333
    -0.001674    -1.613901
     0.000000    -1.613750
     0.001674    -1.613892
     0.003348    -1.614322
     0.005022    -1.615018
     0.006696    -1.615957
     0.008370    -1.617114
     0.010044    -1.618467
     0.011718    -1.619994
     0.013393    -1.621678
     0.015067    -1.623504
     0.016741    -1.625461
     0.018415    -1.627539
     0.020089    -1.629733
     0.021763    -1.632035
     0.023437    -1.634441
     0.025111    -1.636949
     0.026785    -1.639556
     0.028459    -1.642260
     0.030133    -1.645059
     0.031807    -1.647953
     0.033481    -1.650942
     0.035155    -1.654025
     0.036829    -1.657202
     0.038504    -1.660475
     0.040178    -1.663842
     0.041852    -1.667306
     0.043526    -1.670865
     0.045200    -1.674522
     0.046874    -1.678275
     0.048548    -1.682126
     0.050222    -1.686076
     0.051896    -1.690124
     0.053570    -1.694271
     0.055244    -1.698517
     0.056918    -1.702863
     0.058592    -1.707310
     0.060266    -1.711858
     0.061940    -1.716507
     0.063615    -1.721258
     0.065289    -1.726111
     0.066963    -1.731066
     0.068637    -1.736123
     0.070311    -1.741284
     0.071985    -1.746548
     0.073659    -1.751915
     0.075333    -1.757385
     0.077007    -1.762959
     0.078681    -1.768637
     0.080355    -1.774417
     0.082029    -1.780301
     0.083703    -1.786288
     0.085377    -1.792377
     0.087051    -1.798569
     0.088726    -1.804863
     0.090400    -1.811258
     0.092074    -1.817754
     0.093748    -1.824350
     0.095422    -1.831045
     0.097096    -1.837839
     0.098770    -1.844731
     0.100444    -1.851719
     0.102118    -1.858803
     0.103792    -1.865981
     0.105466    -1.873252
     0.107140    -1.880615
     0.108814    -1.888068
     0.110488    -1.895610
     0.112163    -1.903239
     0.113837    -1.910952
     0.115511    -1.918750
     0.117185    -1.926628
     0.118859    -1.934586
     0.120533    -1.942621
     0.122207    -1.950730
     0.123881    -1.958912
     0.125555    -1.967164
     0.127229    -1.975483
     0.128903    -1.983866
     0.130577    -1.992310
     0.132251    -2.000812
     0.133925    -2.009370
     0.135599    -2.017978
     0.137274    -2.026635
     0.138948    -2.035336
     0.140622    -2.044076
     0.142296    -2.052853
     0.143970    -2.061660
     0.145644    -2.070494
     0.147318    -2.079350
     0.148992    -2.088222
     0.150666    -2.097104
     0.152340    -2.105990
     0.154014    -2.114875
     0.155688    -2.123750
     0.157362    -2.132610
     0.159036    -2.141446
     0.160710    -2.150251
     0.162385    -2.159014
     0.164059    -2.167729
     0.165733    -2.176383
     0.167407    -2.184969


    -0.167407    -2.141474
    -0.165733    -2.133599
    -0.164059    -2.125688
    -0.162385    -2.117746
    -0.160710    -2.109778
    -0.159036    -2.101790
    -0.157362    -2.093788
    -0.155688    -2.085775
    -0.154014    -2.077758
    -0.152340    -2.069742
    -0.150666    -2.061730
    -0.148992    -2.053727
    -0.147318    -2.045737
    -0.145644    -2.037765
    -0.143970    -2.029815
    -0.142296    -2.021890
    -0.140622    -2.013994
    -0.138948    -2.006131
    -0.137274    -1.998303
    -0.135599    -1.990514
    -0.133925    -1.982768
    -0.132251    -1.975066
    -0.130577    -1.967411
    -0.128903    -1.959807
    -0.127229    -1.952256
    -0.125555    -1.944759
    -0.123881    -1.937320
    -0.122207    -1.929940
    -0.120533    -1.922622
    -0.118859    -1.915367
    -0.117185    -1.908177
    -0.115511    -1.901054
    -0.113837    -1.893999
    -0.112163    -1.887014
    -0.110488    -1.880100
    -0.108814    -1.873259
    -0.107140    -1.866492
    -0.105466    -1.859800
    -0.103792    -1.853184
    -0.102118    -1.846646
    -0.100444    -1.840185
    -0.098770    -1.833803
    -0.097096    -1.827501
    -0.095422    -1.821280
    -0.093748    -1.815140
    -0.092074    -1.809082
    -0.090400    -1.803106
    -0.088726    -1.797213
    -0.087051    -1.791403
    -0.085377    -1.785677
    -0.083703    -1.780036
    -0.082029    -1.774479
    -0.080355    -1.769006
    -0.078681    -1.763619
    -0.077007    -1.758317
    -0.075333    -1.753101
    -0.073659    -1.747970
    -0.071985    -1.742925
    -0.070311    -1.737965
    -0.068637    -1.733092
    -0.066963    -1.728305
    -0.065289    -1.723604
    -0.063615    -1.718989
    -0.061940    -1.714459
    -0.060266    -1.710016
    -0.058592    -1.705659
    -0.056918    -1.701388
    -0.055244    -1.697203
    -0.053570    -1.693103
    -0.051896    -1.689090
    -0.050222    -1.685162
    -0.048548    -1.681320
    -0.046874    -1.677564
    -0.045200    -1.673893
    -0.043526    -1.670309
    -0.041852    -1.666811
    -0.040178    -1.663399
    -0.038504    -1.660074
    -0.036829    -1.656837
    -0.035155    -1.653687
    -0.033481    -1.650628
    -0.031807    -1.647658
    -0.030133    -1.644780
    -0.028459    -1.641995
    -0.026785    -1.639305
    -0.025111    -1.636711
    -0.023437    -1.634215
    -0.021763    -1.631821
    -0.020089    -1.629532
    -0.018415    -1.627352
    -0.016741    -1.625287
    -0.015067    -1.623344
    -0.013393    -1.621532
    -0.011718    -1.619864
    -0.010044    -1.618352
    -0.008370    -1.617016
    -0.006696    -1.615876
    -0.005022    -1.614955
    -0.003348    -1.614277
    -0.001674    -1.613864
     0.000000    -1.613729
     0.001674    -1.613871
     0.003348    -1.614286
     0.005022    -1.614963
     0.006696    -1.615883
     0.008370    -1.617022
     0.010044    -1.618357
     0.011718    -1.619867
     0.013393    -1.621535
     0.015067    -1.623346
     0.016741    -1.625288
     0.018415    -1.627352
     0.020089    -1.629531
     0.021763    -1.631820
     0.023437    -1.634213
     0.025111    -1.636708
     0.026785    -1.639301
     0.028459    -1.641991
     0.030133    -1.644775
     0.031807    -1.647653
     0.033481    -1.650621
     0.035155    -1.653680
     0.036829    -1.656829
     0.038504    -1.660065
     0.040178    -1.663390
     0.041852    -1.666801
     0.043526    -1.670299
     0.045200    -1.673883
     0.046874    -1.677553
     0.048548    -1.681309
     0.050222    -1.685150
     0.051896    -1.689078
     0.053570    -1.693091
     0.055244    -1.697190
     0.056918    -1.701376
     0.058592    -1.705647
     0.060266    -1.710004
     0.061940    -1.714447
     0.063615    -1.718976
     0.065289    -1.723591
     0.066963    -1.728292
     0.068637    -1.733079
     0.070311    -1.737952
     0.071985    -1.742911
     0.073659    -1.747956
     0.075333    -1.753087
     0.077007    -1.758303
     0.078681    -1.763605
     0.080355    -1.768992
     0.082029    -1.774464
     0.083703    -1.780021
     0.085377    -1.785663
     0.087051    -1.791389
     0.088726    -1.797198
     0.090400    -1.803091
     0.092074    -1.809067
     0.093748    -1.815125
     0.095422    -1.821265
     0.097096    -1.827486
     0.098770    -1.833788
     0.100444    -1.840170
     0.102118    -1.846630
     0.103792    -1.853169
     0.105466    -1.859785
     0.107140    -1.866476
     0.108814    -1.873243
     0.110488    -1.880084
     0.112163    -1.886998
     0.113837    -1.893982
     0.115511    -1.901037
     0.117185    -1.908160
     0.118859    -1.915350
     0.120533    -1.922605
     0.122207    -1.929924
     0.123881    -1.937303
     0.125555    -1.944742
     0.127229    -1.952239
     0.128903    -1.959790
     0.130577    -1.967394
     0.132251    -1.975049
     0.133925    -1.982750
     0.135599    -1.990497
     0.137274    -1.998286
     0.138948    -2.006114
     0.140622    -2.013977
     0.142296    -2.021873
     0.143970    -2.029798
     0.145644    -2.037748
     0.147318    -2.045720
     0.148992    -2.053709
     0.150666    -2.061712
     0.152340    -2.069724
     0.154014    -2.077741
     0.155688    -2.085758
     0.157362    -2.093771
     0.159036    -2.101773
     0.160710    -2.109761
     0.162385    -2.117729
     0.164059    -2.125671
     0.165733    -2.133583
     0.167407    -2.141458


    -0.167407    -1.709884
    -0.165733    -1.707089
    -0.164059    -1.704315
    -0.162385    -1.701560
    -0.160710    -1.698826
    -0.159036    -1.696112
    -0.157362    -1.693419
    -0.155688    -1.690748
    -0.154014    -1.688098
    -0.152340    -1.685470
    -0.150666    -1.682864
    -0.148992    -1.680280
    -0.147318    -1.677720
    -0.145644    -1.675183
    -0.143970    -1.672670
    -0.142296    -1.670180
    -0.140622    -1.667715
    -0.138948    -1.665275
    -0.137274    -1.662860
    -0.135599    -1.660471
    -0.133925    -1.658108
    -0.132251    -1.655771
    -0.130577    -1.653461
    -0.128903    -1.651178
    -0.127229    -1.648923
    -0.125555    -1.646696
    -0.123881    -1.644497
    -0.122207    -1.642327
    -0.120533    -1.640187
    -0.118859    -1.638077
    -0.117185    -1.635997
    -0.115511    -1.633948
    -0.113837    -1.631930
    -0.112163    -1.629944
    -0.110488    -1.627991
    -0.108814    -1.626070
    -0.107140    -1.624183
    -0.105466    -1.622329
    -0.103792    -1.620510
    -0.102118    -1.618725
    -0.100444    -1.616976
    -0.098770    -1.615263
    -0.097096    -1.613587
    -0.095422    -1.611947
    -0.093748    -1.610345
    -0.092074    -1.608782
    -0.090400    -1.607257
    -0.088726    -1.605771
    -0.087051    -1.604325
    -0.085377    -1.602919
    -0.083703    -1.601555
    -0.082029    -1.600232
    -0.080355    -1.598951
    -0.078681    -1.597713
    -0.077007    -1.596518
    -0.075333    -1.595368
    -0.073659    -1.594261
    -0.071985    -1.593200
    -0.070311    -1.592184
    -0.068637    -1.591215
    -0.066963    -1.590292
    -0.065289    -1.589417
    -0.063615    -1.588590
    -0.061940    -1.587811
    -0.060266    -1.587081
    -0.058592    -1.586400
    -0.056918    -1.585770
    -0.055244    -1.585190
    -0.053570    -1.584661
    -0.051896    -1.584183
    -0.050222    -1.583757
    -0.048548    -1.583384
    -0.046874    -1.583063
    -0.045200    -1.582795
    -0.043526    -1.582580
    -0.041852    -1.582418
    -0.040178    -1.582310
    -0.038504    -1.582255
    -0.036829    -1.582254
    -0.035155    -1.582306
    -0.033481    -1.582411
    -0.031807    -1.582569
    -0.030133    -1.582778
    -0.028459    -1.583038
    -0.026785    -1.583348
    -0.025111    -1.583706
    -0.023437    -1.584110
    -0.021763    -1.584556
    -0.020089    -1.585042
    -0.018415    -1.585564
    -0.016741    -1.586114
    -0.015067    -1.586686
    -0.013393    -1.587270
    -0.011718    -1.587855
    -0.010044    -1.588426
    -0.008370    -1.588964
    -0.006696    -1.589450
    -0.005022    -1.589857
    -0.003348    -1.590164
    -0.001674    -1.590346
     0.000000    -1.590395
     0.001674    -1.590350
     0.003348    -1.590168
     0.005022    -1.589862
     0.006696    -1.589455
     0.008370    -1.588971
     0.010044    -1.588433
     0.011718    -1.587863
     0.013393    -1.587278
     0.015067    -1.586694
     0.016741    -1.586122
     0.018415    -1.585573
     0.020089    -1.585052
     0.021763    -1.584566
     0.023437    -1.584119
     0.025111    -1.583716
     0.026785    -1.583358
     0.028459    -1.583049
     0.030133    -1.582789
     0.031807    -1.582579
     0.033481    -1.582422
     0.035155    -1.582317
     0.036829    -1.582265
     0.038504    -1.582266
     0.040178    -1.582321
     0.041852    -1.582429
     0.043526    -1.582591
     0.045200    -1.582806
     0.046874    -1.583074
     0.048548    -1.583395
     0.050222    -1.583768
     0.051896    -1.584194
     0.053570    -1.584671
     0.055244    -1.585200
     0.056918    -1.585780
     0.058592    -1.586411
     0.060266    -1.587091
     0.061940    -1.587821
     0.063615    -1.588600
     0.065289    -1.589427
     0.066963    -1.590302
     0.068637    -1.591225
     0.070311    -1.592194
     0.071985    -1.593209
     0.073659    -1.594270
     0.075333    -1.595377
     0.077007    -1.596527
     0.078681    -1.597722
     0.080355    -1.598959
     0.082029    -1.600240
     0.083703    -1.601563
     0.085377    -1.602927
     0.087051    -1.604332
     0.088726    -1.605778
     0.090400    -1.607264
     0.092074    -1.608788
     0.093748    -1.610352
     0.095422    -1.611954
     0.097096    -1.613593
     0.098770    -1.615269
     0.100444    -1.616982
     0.102118    -1.618731
     0.103792    -1.620515
     0.105466    -1.622334
     0.107140    -1.624187
     0.108814    -1.626074
     0.110488    -1.627995
     0.112163    -1.629948
     0.113837    -1.631934
     0.115511    -1.633951
     0.117185    -1.636000
     0.118859    -1.638080
     0.120533    -1.640190
     0.122207    -1.642330
     0.123881    -1.644499
     0.125555    -1.646697
     0.127229    -1.648924
     0.128903    -1.651179
     0.130577    -1.653462
     0.132251    -1.655772
     0.133925    -1.658108
     0.135599    -1.660471
     0.137274    -1.662861
     0.138948    -1.665275
     0.140622    -1.667715
     0.142296    -1.670180
     0.143970    -1.672669
     0.145644    -1.675182
     0.147318    -1.677719
     0.148992    -1.680279
     0.150666    -1.682862
     0.152340    -1.685468
     0.154014    -1.688096
     0.155688    -1.690746
     0.157362    -1.693417
     0.159036    -1.696110
     0.160710    -1.698824
     0.162385    -1.701558
     0.164059    -1.704312
     0.165733    -1.707087
     0.167407    -1.709881


    -0.167407    -1.695655
    -0.165733    -1.692767
    -0.164059    -1.689910
    -0.162385    -1.687083
    -0.160710    -1.684287
    -0.159036    -1.681523
    -0.157362    -1.678790
    -0.155688    -1.676088
    -0.154014    -1.673419
    -0.152340    -1.670782
    -0.150666    -1.668178
    -0.148992    -1.665606
    -0.147318    -1.663068
    -0.145644    -1.660562
    -0.143970    -1.658090
    -0.142296    -1.655652
    -0.140622    -1.653248
    -0.138948    -1.650878
    -0.137274    -1.648542
    -0.135599    -1.646241
    -0.133925    -1.643975
    -0.132251    -1.641744
    -0.130577    -1.639549
    -0.128903    -1.637388
    -0.127229    -1.635264
    -0.125555    -1.633175
    -0.123881    -1.631123
    -0.122207    -1.629107
    -0.120533    -1.627128
    -0.118859    -1.625185
    -0.117185    -1.623280
    -0.115511    -1.621412
    -0.113837    -1.619582
    -0.112163    -1.617789
    -0.110488    -1.616035
    -0.108814    -1.614318
    -0.107140    -1.612640
    -0.105466    -1.611001
    -0.103792    -1.609401
    -0.102118    -1.607840
    -0.100444    -1.606318
    -0.098770    -1.604836
    -0.097096    -1.603394
    -0.095422    -1.601992
    -0.093748    -1.600630
    -0.092074    -1.599309
    -0.090400    -1.598029
    -0.088726    -1.596790
    -0.087051    -1.595592
    -0.085377    -1.594436
    -0.083703    -1.593322
    -0.082029    -1.592250
    -0.080355    -1.591221
    -0.078681    -1.590234
    -0.077007    -1.589290
    -0.075333    -1.588390
    -0.073659    -1.587533
    -0.071985    -1.586719
    -0.070311    -1.585950
    -0.068637    -1.585225
    -0.066963    -1.584545
    -0.065289    -1.583909
    -0.063615    -1.583319
    -0.061940    -1.582773
    -0.060266    -1.582274
    -0.058592    -1.581820
    -0.056918    -1.581413
    -0.055244    -1.581052
    -0.053570    -1.580737
    -0.051896    -1.580469
    -0.050222    -1.580248
    -0.048548    -1.580075
    -0.046874    -1.579948
    -0.045200    -1.579869
    -0.043526    -1.579838
    -0.041852    -1.579854
    -0.040178    -1.579918
    -0.038504    -1.580029
    -0.036829    -1.580187
    -0.035155    -1.580393
    -0.033481    -1.580645
    -0.031807    -1.580943
    -0.030133    -1.581287
    -0.028459    -1.581675
    -0.026785    -1.582106
    -0.025111    -1.582579
    -0.023437    -1.583092
    -0.021763    -1.583641
    -0.020089    -1.584223
    -0.018415    -1.584835
    -0.016741    -1.585470
    -0.015067    -1.586122
    -0.013393    -1.586781
    -0.011718    -1.587436
    -0.010044    -1.588073
    -0.008370    -1.588675
    -0.006696    -1.589220
    -0.005022    -1.589687
    -0.003348    -1.590051
    -0.001674    -1.590292
     0.000000    -1.590388
     0.001674    -1.590289
     0.003348    -1.590049
     0.005022    -1.589685
     0.006696    -1.589218
     0.008370    -1.588672
     0.010044    -1.588070
     0.011718    -1.587433
     0.013393    -1.586777
     0.015067    -1.586118
     0.016741    -1.585466
     0.018415    -1.584830
     0.020089    -1.584218
     0.021763    -1.583635
     0.023437    -1.583085
     0.025111    -1.582573
     0.026785    -1.582099
     0.028459    -1.581668
     0.030133    -1.581279
     0.031807    -1.580935
     0.033481    -1.580637
     0.035155    -1.580384
     0.036829    -1.580179
     0.038504    -1.580020
     0.040178    -1.579909
     0.041852    -1.579845
     0.043526    -1.579828
     0.045200    -1.579859
     0.046874    -1.579938
     0.048548    -1.580064
     0.050222    -1.580238
     0.051896    -1.580458
     0.053570    -1.580726
     0.055244    -1.581041
     0.056918    -1.581402
     0.058592    -1.581809
     0.060266    -1.582263
     0.061940    -1.582762
     0.063615    -1.583307
     0.065289    -1.583897
     0.066963    -1.584533
     0.068637    -1.585213
     0.070311    -1.585938
     0.071985    -1.586708
     0.073659    -1.587521
     0.075333    -1.588378
     0.077007    -1.589279
     0.078681    -1.590222
     0.080355    -1.591209
     0.082029    -1.592239
     0.083703    -1.593310
     0.085377    -1.594425
     0.087051    -1.595580
     0.088726    -1.596778
     0.090400    -1.598017
     0.092074    -1.599297
     0.093748    -1.600618
     0.095422    -1.601980
     0.097096    -1.603382
     0.098770    -1.604825
     0.100444    -1.606307
     0.102118    -1.607828
     0.103792    -1.609390
     0.105466    -1.610990
     0.107140    -1.612629
     0.108814    -1.614308
     0.110488    -1.616024
     0.112163    -1.617779
     0.113837    -1.619572
     0.115511    -1.621402
     0.117185    -1.623270
     0.118859    -1.625176
     0.120533    -1.627118
     0.122207    -1.629098
     0.123881    -1.631114
     0.125555    -1.633166
     0.127229    -1.635255
     0.128903    -1.637380
     0.130577    -1.639540
     0.132251    -1.641736
     0.133925    -1.643967
     0.135599    -1.646234
     0.137274    -1.648535
     0.138948    -1.650871
     0.140622    -1.653241
     0.142296    -1.655646
     0.143970    -1.658084
     0.145644    -1.660556
     0.147318    -1.663062
     0.148992    -1.665601
     0.150666    -1.668173
     0.152340    -1.670777
     0.154014    -1.673414
     0.155688    -1.676084
     0.157362    -1.678785
     0.159036    -1.681519
     0.160710    -1.684284
     0.162385    -1.687080
     0.164059    -1.689907
     0.165733    -1.692765
     0.167407    -1.695653


    -0.167407    -1.309474
    -0.165733    -1.303546
    -0.164059    -1.297568
    -0.162385    -1.291539
    -0.160710    -1.285460
    -0.159036    -1.279331
    -0.157362    -1.273151
    -0.155688    -1.266921
    -0.154014    -1.260641
    -0.152340    -1.254312
    -0.150666    -1.247932
    -0.148992    -1.241504
    -0.147318    -1.235027
    -0.145644    -1.228502
    -0.143970    -1.221929
    -0.142296    -1.215310
    -0.140622    -1.208649
    -0.138948    -1.201970
    -0.137274    -1.195588
    -0.135599    -1.189483
    -0.133925    -1.183357
    -0.132251    -1.177190
    -0.130577    -1.170978
    -0.128903    -1.164720
    -0.127229    -1.158415
    -0.125555    -1.152063
    -0.123881    -1.145663
    -0.122207    -1.139216
    -0.120533    -1.132722
    -0.118859    -1.126180
    -0.117185    -1.119590
    -0.115511    -1.112953
    -0.113837    -1.106269
    -0.112163    -1.099537
    -0.110488    -1.092760
    -0.108814    -1.085937
    -0.107140    -1.079068
    -0.105466    -1.072155
    -0.103792    -1.065197
    -0.102118    -1.058197
    -0.100444    -1.051155
    -0.098770    -1.044072
    -0.097096    -1.036949
    -0.095422    -1.029788
    -0.093748    -1.022591
    -0.092074    -1.015358
    -0.090400    -1.008093
    -0.088726    -1.000796
    -0.087051    -0.993470
    -0.085377    -0.986117
    -0.083703    -0.978739
    -0.082029    -0.971340
    -0.080355    -0.963922
    -0.078681    -0.956488
    -0.077007    -0.949042
    -0.075333    -0.941586
    -0.073659    -0.934125
    -0.071985    -0.926662
    -0.070311    -0.919201
    -0.068637    -0.911748
    -0.066963    -0.904306
    -0.065289    -0.896880
    -0.063615    -0.889476
    -0.061940    -0.882100
    -0.060266    -0.874756
    -0.058592    -0.867452
    -0.056918    -0.860194
    -0.055244    -0.852989
    -0.053570    -0.845843
    -0.051896    -0.838765
    -0.050222    -0.831762
    -0.048548    -0.824843
    -0.046874    -0.818017
    -0.045200    -0.811292
    -0.043526    -0.804679
    -0.041852    -0.798187
    -0.040178    -0.791826
    -0.038504    -0.785608
    -0.036829    -0.779542
    -0.035155    -0.773641
    -0.033481    -0.767916
    -0.031807    -0.762379
    -0.030133    -0.757040
    -0.028459    -0.751913
    -0.026785    -0.747009
    -0.025111    -0.742340
    -0.023437    -0.737917
    -0.021763    -0.733752
    -0.020089    -0.729854
    -0.018415    -0.726235
    -0.016741    -0.722903
    -0.015067    -0.719867
    -0.013393    -0.717134
    -0.011718    -0.714712
    -0.010044    -0.712606
    -0.008370    -0.710821
    -0.006696    -0.709359
    -0.005022    -0.708222
    -0.003348    -0.707412
    -0.001674    -0.706926
     0.000000    -0.706762
     0.001674    -0.706921
     0.003348    -0.707400
     0.005022    -0.708210
     0.006696    -0.709347
     0.008370    -0.710809
     0.010044    -0.712595
     0.011718    -0.714701
     0.013393    -0.717123
     0.015067    -0.719855
     0.016741    -0.722891
     0.018415    -0.726223
     0.020089    -0.729843
     0.021763    -0.733740
     0.023437    -0.737906
     0.025111    -0.742329
     0.026785    -0.746998
     0.028459    -0.751902
     0.030133    -0.757029
     0.031807    -0.762367
     0.033481    -0.767905
     0.035155    -0.773630
     0.036829    -0.779531
     0.038504    -0.785597
     0.040178    -0.791816
     0.041852    -0.798176
     0.043526    -0.804669
     0.045200    -0.811282
     0.046874    -0.818007
     0.048548    -0.824834
     0.050222    -0.831753
     0.051896    -0.838756
     0.053570    -0.845834
     0.055244    -0.852980
     0.056918    -0.860186
     0.058592    -0.867445
     0.060266    -0.874749
     0.061940    -0.882093
     0.063615    -0.889470
     0.065289    -0.896874
     0.066963    -0.904299
     0.068637    -0.911742
     0.070311    -0.919196
     0.071985    -0.926656
     0.073659    -0.934120
     0.075333    -0.941581
     0.077007    -0.949037
     0.078681    -0.956484
     0.080355    -0.963918
     0.082029    -0.971337
     0.083703    -0.978736
     0.085377    -0.986114
     0.087051    -0.993467
     0.088726    -1.000793
     0.090400    -1.008090
     0.092074    -1.015356
     0.093748    -1.022589
     0.095422    -1.029787
     0.097096    -1.036948
     0.098770    -1.044070
     0.100444    -1.051154
     0.102118    -1.058196
     0.103792    -1.065196
     0.105466    -1.072154
     0.107140    -1.079067
     0.108814    -1.085936
     0.110488    -1.092760
     0.112163    -1.099537
     0.113837    -1.106268
     0.115511    -1.112953
     0.117185    -1.119590
     0.118859    -1.126180
     0.120533    -1.132722
     0.122207    -1.139217
     0.123881    -1.145664
     0.125555    -1.152063
     0.127229    -1.158415
     0.128903    -1.164720
     0.130577    -1.170978
     0.132251    -1.177190
     0.133925    -1.183356
     0.135599    -1.189480
     0.137274    -1.195581
     0.138948    -1.201954
     0.140622    -1.208635
     0.142296    -1.215297
     0.143970    -1.221915
     0.145644    -1.228488
     0.147318    -1.235013
     0.148992    -1.241490
     0.150666    -1.247918
     0.152340    -1.254296
     0.154014    -1.260626
     0.155688    -1.266905
     0.157362    -1.273135
     0.159036    -1.279314
     0.160710    -1.285443
     0.162385    -1.291521
     0.164059    -1.297550
     0.165733    -1.303527
     0.167407    -1.309455


    -0.167407    -1.297516
    -0.165733    -1.292184
    -0.164059    -1.286816
    -0.162385    -1.281411
    -0.160710    -1.275969
    -0.159036    -1.270489
    -0.157362    -1.264970
    -0.155688    -1.259412
    -0.154014    -1.253814
    -0.152340    -1.248176
    -0.150666    -1.242496
    -0.148992    -1.236775
    -0.147318    -1.231012
    -0.145644    -1.225206
    -0.143970    -1.219356
    -0.142296    -1.213461
    -0.140622    -1.207516
    -0.138948    -1.201499
    -0.137274    -1.195093
    -0.135599    -1.188319
    -0.133925    -1.181475
    -0.132251    -1.174583
    -0.130577    -1.167646
    -0.128903    -1.160667
    -0.127229    -1.153646
    -0.125555    -1.146586
    -0.123881    -1.139486
    -0.122207    -1.132349
    -0.120533    -1.125176
    -0.118859    -1.117968
    -0.117185    -1.110726
    -0.115511    -1.103453
    -0.113837    -1.096149
    -0.112163    -1.088817
    -0.110488    -1.081457
    -0.108814    -1.074073
    -0.107140    -1.066665
    -0.105466    -1.059236
    -0.103792    -1.051788
    -0.102118    -1.044322
    -0.100444    -1.036842
    -0.098770    -1.029349
    -0.097096    -1.021846
    -0.095422    -1.014335
    -0.093748    -1.006820
    -0.092074    -0.999301
    -0.090400    -0.991783
    -0.088726    -0.984267
    -0.087051    -0.976758
    -0.085377    -0.969257
    -0.083703    -0.961769
    -0.082029    -0.954295
    -0.080355    -0.946841
    -0.078681    -0.939407
    -0.077007    -0.932000
    -0.075333    -0.924621
    -0.073659    -0.917274
    -0.071985    -0.909965
    -0.070311    -0.902695
    -0.068637    -0.895470
    -0.066963    -0.888293
    -0.065289    -0.881169
    -0.063615    -0.874101
    -0.061940    -0.867096
    -0.060266    -0.860156
    -0.058592    -0.853288
    -0.056918    -0.846495
    -0.055244    -0.839784
    -0.053570    -0.833158
    -0.051896    -0.826624
    -0.050222    -0.820187
    -0.048548    -0.813853
    -0.046874    -0.807627
    -0.045200    -0.801516
    -0.043526    -0.795526
    -0.041852    -0.789663
    -0.040178    -0.783934
    -0.038504    -0.778346
    -0.036829    -0.772905
    -0.035155    -0.767619
    -0.033481    -0.762496
    -0.031807    -0.757543
    -0.030133    -0.752767
    -0.028459    -0.748177
    -0.026785    -0.743782
    -0.025111    -0.739588
    -0.023437    -0.735606
    -0.021763    -0.731843
    -0.020089    -0.728308
    -0.018415    -0.725010
    -0.016741    -0.721958
    -0.015067    -0.719161
    -0.013393    -0.716626
    -0.011718    -0.714362
    -0.010044    -0.712379
    -0.008370    -0.710682
    -0.006696    -0.709280
    -0.005022    -0.708179
    -0.003348    -0.707387
    -0.001674    -0.706909
     0.000000    -0.706750
     0.001674    -0.706913
     0.003348    -0.707397
     0.005022    -0.708189
     0.006696    -0.709289
     0.008370    -0.710690
     0.010044    -0.712386
     0.011718    -0.714369
     0.013393    -0.716632
     0.015067    -0.719166
     0.016741    -0.721963
     0.018415    -0.725015
     0.020089    -0.728313
     0.021763    -0.731847
     0.023437    -0.735610
     0.025111    -0.739592
     0.026785    -0.743785
     0.028459    -0.748181
     0.030133    -0.752770
     0.031807    -0.757546
     0.033481    -0.762499
     0.035155    -0.767622
     0.036829    -0.772907
     0.038504    -0.778348
     0.040178    -0.783936
     0.041852    -0.789665
     0.043526    -0.795528
     0.045200    -0.801518
     0.046874    -0.807629
     0.048548    -0.813855
     0.050222    -0.820189
     0.051896    -0.826626
     0.053570    -0.833160
     0.055244    -0.839785
     0.056918    -0.846497
     0.058592    -0.853289
     0.060266    -0.860158
     0.061940    -0.867097
     0.063615    -0.874103
     0.065289    -0.881170
     0.066963    -0.888294
     0.068637    -0.895471
     0.070311    -0.902696
     0.071985    -0.909966
     0.073659    -0.917275
     0.075333    -0.924622
     0.077007    -0.932000
     0.078681    -0.939408
     0.080355    -0.946841
     0.082029    -0.954296
     0.083703    -0.961769
     0.085377    -0.969257
     0.087051    -0.976758
     0.088726    -0.984267
     0.090400    -0.991782
     0.092074    -0.999300
     0.093748    -1.006819
     0.095422    -1.014334
     0.097096    -1.021845
     0.098770    -1.029348
     0.100444    -1.036840
     0.102118    -1.044320
     0.103792    -1.051785
     0.105466    -1.059233
     0.107140    -1.066662
     0.108814    -1.074069
     0.110488    -1.081454
     0.112163    -1.088813
     0.113837    -1.096145
     0.115511    -1.103448
     0.117185    -1.110721
     0.118859    -1.117963
     0.120533    -1.125170
     0.122207    -1.132343
     0.123881    -1.139480
     0.125555    -1.146579
     0.127229    -1.153639
     0.128903    -1.160660
     0.130577    -1.167639
     0.132251    -1.174575
     0.133925    -1.181467
     0.135599    -1.188312
     0.137274    -1.195090
     0.138948    -1.201504
     0.140622    -1.207519
     0.142296    -1.213463
     0.143970    -1.219358
     0.145644    -1.225208
     0.147318    -1.231014
     0.148992    -1.236777
     0.150666    -1.242497
     0.152340    -1.248176
     0.154014    -1.253815
     0.155688    -1.259412
     0.157362    -1.264970
     0.159036    -1.270489
     0.160710    -1.275969
     0.162385    -1.281411
     0.164059    -1.286816
     0.165733    -1.292184
     0.167407    -1.297516


    -0.167407    -0.489629
    -0.165733    -0.485129
    -0.164059    -0.480672
    -0.162385    -0.476259
    -0.160710    -0.471892
    -0.159036    -0.467571
    -0.157362    -0.463296
    -0.155688    -0.459069
    -0.154014    -0.454891
    -0.152340    -0.450761
    -0.150666    -0.446682
    -0.148992    -0.442654
    -0.147318    -0.438678
    -0.145644    -0.434755
    -0.143970    -0.430885
    -0.142296    -0.427069
    -0.140622    -0.423308
    -0.138948    -0.419603
    -0.137274    -0.415955
    -0.135599    -0.412365
    -0.133925    -0.408833
    -0.132251    -0.405359
    -0.130577    -0.401946
    -0.128903    -0.398593
    -0.127229    -0.395301
    -0.125555    -0.392072
    -0.123881    -0.388904
    -0.122207    -0.385800
    -0.120533    -0.382760
    -0.118859    -0.379785
    -0.117185    -0.376874
    -0.115511    -0.374029
    -0.113837    -0.371250
    -0.112163    -0.368537
    -0.110488    -0.365891
    -0.108814    -0.363313
    -0.107140    -0.360801
    -0.105466    -0.358358
    -0.103792    -0.355983
    -0.102118    -0.353675
    -0.100444    -0.351436
    -0.098770    -0.349265
    -0.097096    -0.347161
    -0.095422    -0.345126
    -0.093748    -0.343158
    -0.092074    -0.341257
    -0.090400    -0.339423
    -0.088726    -0.337655
    -0.087051    -0.335953
    -0.085377    -0.334315
    -0.083703    -0.332740
    -0.082029    -0.331228
    -0.080355    -0.329777
    -0.078681    -0.328387
    -0.077007    -0.327054
    -0.075333    -0.325778
    -0.073659    -0.324556
    -0.071985    -0.323386
    -0.070311    -0.322266
    -0.068637    -0.321194
    -0.066963    -0.320165
    -0.065289    -0.319178
    -0.063615    -0.318229
    -0.061940    -0.317313
    -0.060266    -0.316427
    -0.058592    -0.315567
    -0.056918    -0.314727
    -0.055244    -0.313903
    -0.053570    -0.313089
    -0.051896    -0.312280
    -0.050222    -0.311469
    -0.048548    -0.310649
    -0.046874    -0.309813
    -0.045200    -0.308955
    -0.043526    -0.308065
    -0.041852    -0.307136
    -0.040178    -0.306159
    -0.038504    -0.305125
    -0.036829    -0.304024
    -0.035155    -0.302846
    -0.033481    -0.301582
    -0.031807    -0.300221
    -0.030133    -0.298753
    -0.028459    -0.297166
    -0.026785    -0.295451
    -0.025111    -0.293597
    -0.023437    -0.291593
    -0.021763    -0.289429
    -0.020089    -0.287096
    -0.018415    -0.284585
    -0.016741    -0.281887
    -0.015067    -0.278995
    -0.013393    -0.275901
    -0.011718    -0.272600
    -0.010044    -0.269086
    -0.008370    -0.265357
    -0.006696    -0.261410
    -0.005022    -0.257244
    -0.003348    -0.252858
    -0.001674    -0.248253
     0.000000    -0.243458
     0.001674    -0.248278
     0.003348    -0.252883
     0.005022    -0.257270
     0.006696    -0.261437
     0.008370    -0.265385
     0.010044    -0.269114
     0.011718    -0.272628
     0.013393    -0.275930
     0.015067    -0.279024
     0.016741    -0.281917
     0.018415    -0.284616
     0.020089    -0.287127
     0.021763    -0.289460
     0.023437    -0.291624
     0.025111    -0.293628
     0.026785    -0.295482
     0.028459    -0.297198
     0.030133    -0.298784
     0.031807    -0.300253
     0.033481    -0.301613
     0.035155    -0.302877
     0.036829    -0.304055
     0.038504    -0.305156
     0.040178    -0.306190
     0.041852    -0.307167
     0.043526    -0.308095
     0.045200    -0.308985
     0.046874    -0.309843
     0.048548    -0.310678
     0.050222    -0.311498
     0.051896    -0.312309
     0.053570    -0.313118
     0.055244    -0.313931
     0.056918    -0.314755
     0.058592    -0.315594
     0.060266    -0.316454
     0.061940    -0.317339
     0.063615    -0.318254
     0.065289    -0.319203
     0.066963    -0.320190
     0.068637    -0.321218
     0.070311    -0.322290
     0.071985    -0.323409
     0.073659    -0.324578
     0.075333    -0.325800
     0.077007    -0.327075
     0.078681    -0.328408
     0.080355    -0.329798
     0.082029    -0.331248
     0.083703    -0.332760
     0.085377    -0.334334
     0.087051    -0.335971
     0.088726    -0.337673
     0.090400    -0.339441
     0.092074    -0.341274
     0.093748    -0.343175
     0.095422    -0.345142
     0.097096    -0.347177
     0.098770    -0.349280
     0.100444    -0.351451
     0.102118    -0.353690
     0.103792    -0.355997
     0.105466    -0.358372
     0.107140    -0.360815
     0.108814    -0.363325
     0.110488    -0.365904
     0.112163    -0.368549
     0.113837    -0.371261
     0.115511    -0.374040
     0.117185    -0.376885
     0.118859    -0.379795
     0.120533    -0.382771
     0.122207    -0.385810
     0.123881    -0.388914
     0.125555    -0.392081
     0.127229    -0.395310
     0.128903    -0.398602
     0.130577    -0.401954
     0.132251    -0.405368
     0.133925    -0.408841
     0.135599    -0.412373
     0.137274    -0.415963
     0.138948    -0.419611
     0.140622    -0.423315
     0.142296    -0.427076
     0.143970    -0.430892
     0.145644    -0.434762
     0.147318    -0.438685
     0.148992    -0.442661
     0.150666    -0.446689
     0.152340    -0.450768
     0.154014    -0.454897
     0.155688    -0.459075
     0.157362    -0.463302
     0.159036    -0.467577
     0.160710    -0.471898
     0.162385    -0.476266
     0.164059    -0.480678
     0.165733    -0.485135
     0.167407    -0.489635


    -0.167407    -0.446920
    -0.165733    -0.440553
    -0.164059    -0.434188
    -0.162385    -0.427826
    -0.160710    -0.421468
    -0.159036    -0.415112
    -0.157362    -0.408761
    -0.155688    -0.402413
    -0.154014    -0.396069
    -0.152340    -0.389728
    -0.150666    -0.383392
    -0.148992    -0.377059
    -0.147318    -0.370730
    -0.145644    -0.364406
    -0.143970    -0.358086
    -0.142296    -0.351770
    -0.140622    -0.345459
    -0.138948    -0.339153
    -0.137274    -0.332851
    -0.135599    -0.326554
    -0.133925    -0.320262
    -0.132251    -0.313975
    -0.130577    -0.307693
    -0.128903    -0.301417
    -0.127229    -0.295146
    -0.125555    -0.288881
    -0.123881    -0.282621
    -0.122207    -0.276368
    -0.120533    -0.270121
    -0.118859    -0.263880
    -0.117185    -0.257647
    -0.115511    -0.251420
    -0.113837    -0.245201
    -0.112163    -0.238989
    -0.110488    -0.232786
    -0.108814    -0.226591
    -0.107140    -0.220406
    -0.105466    -0.214230
    -0.103792    -0.208065
    -0.102118    -0.201912
    -0.100444    -0.195771
    -0.098770    -0.189644
    -0.097096    -0.183531
    -0.095422    -0.177436
    -0.093748    -0.171358
    -0.092074    -0.165300
    -0.090400    -0.159266
    -0.088726    -0.153256
    -0.087051    -0.147276
    -0.085377    -0.141329
    -0.083703    -0.135420
    -0.082029    -0.129554
    -0.080355    -0.123739
    -0.078681    -0.117983
    -0.077007    -0.112296
    -0.075333    -0.106691
    -0.073659    -0.101182
    -0.071985    -0.095790
    -0.070311    -0.090538
    -0.068637    -0.085454
    -0.066963    -0.080577
    -0.065289    -0.075953
    -0.063615    -0.071640
    -0.061940    -0.067710
    -0.060266    -0.064251
    -0.058592    -0.061367
    -0.056918    -0.059174
    -0.055244    -0.057795
    -0.053570    -0.057342
    -0.051896    -0.057896
    -0.050222    -0.059490
    -0.048548    -0.062099
    -0.046874    -0.065646
    -0.045200    -0.070018
    -0.043526    -0.075085
    -0.041852    -0.080719
    -0.040178    -0.086804
    -0.038504    -0.093240
    -0.036829    -0.099942
    -0.035155    -0.106842
    -0.033481    -0.113883
    -0.031807    -0.121018
    -0.030133    -0.128208
    -0.028459    -0.135420
    -0.026785    -0.142628
    -0.025111    -0.149806
    -0.023437    -0.156935
    -0.021763    -0.163996
    -0.020089    -0.170971
    -0.018415    -0.177846
    -0.016741    -0.184607
    -0.015067    -0.191240
    -0.013393    -0.197733
    -0.011718    -0.204076
    -0.010044    -0.210257
    -0.008370    -0.216266
    -0.006696    -0.222096
    -0.005022    -0.227736
    -0.003348    -0.233181
    -0.001674    -0.238423
     0.000000    -0.243432
     0.001674    -0.238399
     0.003348    -0.233158
     0.005022    -0.227714
     0.006696    -0.222074
     0.008370    -0.216246
     0.010044    -0.210237
     0.011718    -0.204056
     0.013393    -0.197714
     0.015067    -0.191222
     0.016741    -0.184589
     0.018415    -0.177829
     0.020089    -0.170955
     0.021763    -0.163980
     0.023437    -0.156920
     0.025111    -0.149792
     0.026785    -0.142614
     0.028459    -0.135407
     0.030133    -0.128195
     0.031807    -0.121005
     0.033481    -0.113871
     0.035155    -0.106830
     0.036829    -0.099930
     0.038504    -0.093228
     0.040178    -0.086792
     0.041852    -0.080706
     0.043526    -0.075072
     0.045200    -0.070005
     0.046874    -0.065632
     0.048548    -0.062084
     0.050222    -0.059474
     0.051896    -0.057880
     0.053570    -0.057326
     0.055244    -0.057779
     0.056918    -0.059157
     0.058592    -0.061349
     0.060266    -0.064233
     0.061940    -0.067693
     0.063615    -0.071623
     0.065289    -0.075936
     0.066963    -0.080560
     0.068637    -0.085437
     0.070311    -0.090520
     0.071985    -0.095772
     0.073659    -0.101165
     0.075333    -0.106673
     0.077007    -0.112279
     0.078681    -0.117966
     0.080355    -0.123722
     0.082029    -0.129537
     0.083703    -0.135403
     0.085377    -0.141313
     0.087051    -0.147260
     0.088726    -0.153240
     0.090400    -0.159250
     0.092074    -0.165285
     0.093748    -0.171342
     0.095422    -0.177420
     0.097096    -0.183516
     0.098770    -0.189629
     0.100444    -0.195757
     0.102118    -0.201898
     0.103792    -0.208052
     0.105466    -0.214217
     0.107140    -0.220393
     0.108814    -0.226578
     0.110488    -0.232773
     0.112163    -0.238977
     0.113837    -0.245189
     0.115511    -0.251409
     0.117185    -0.257636
     0.118859    -0.263871
     0.120533    -0.270112
     0.122207    -0.276359
     0.123881    -0.282613
     0.125555    -0.288873
     0.127229    -0.295139
     0.128903    -0.301410
     0.130577    -0.307687
     0.132251    -0.313969
     0.133925    -0.320257
     0.135599    -0.326549
     0.137274    -0.332847
     0.138948    -0.339149
     0.140622    -0.345456
     0.142296    -0.351768
     0.143970    -0.358084
     0.145644    -0.364405
     0.147318    -0.370730
     0.148992    -0.377059
     0.150666    -0.383392
     0.152340    -0.389729
     0.154014    -0.396070
     0.155688    -0.402415
     0.157362    -0.408764
     0.159036    -0.415116
     0.160710    -0.421471
     0.162385    -0.427830
     0.164059    -0.434193
     0.165733    -0.440558
     0.167407    -0.446927


    -0.167407     0.650603
    -0.165733     0.641864
    -0.164059     0.633099
    -0.162385     0.624308
    -0.160710     0.615493
    -0.159036     0.606652
    -0.157362     0.597787
    -0.155688     0.588898
    -0.154014     0.579985
    -0.152340     0.571048
    -0.150666     0.562089
    -0.148992     0.553106
    -0.147318     0.544102
    -0.145644     0.535075
    -0.143970     0.526027
    -0.142296     0.516958
    -0.140622     0.507868
    -0.138948     0.498758
    -0.137274     0.489629
    -0.135599     0.480480
    -0.133925     0.471313
    -0.132251     0.462129
    -0.130577     0.452927
    -0.128903     0.443708
    -0.127229     0.434474
    -0.125555     0.425225
    -0.123881     0.415961
    -0.122207     0.406684
    -0.120533     0.397395
    -0.118859     0.388093
    -0.117185     0.378781
    -0.115511     0.369459
    -0.113837     0.360129
    -0.112163     0.350792
    -0.110488     0.341449
    -0.108814     0.332101
    -0.107140     0.322750
    -0.105466     0.313397
    -0.103792     0.304045
    -0.102118     0.294695
    -0.100444     0.285350
    -0.098770     0.276011
    -0.097096     0.266681
    -0.095422     0.257364
    -0.093748     0.248061
    -0.092074     0.238777
    -0.090400     0.229516
    -0.088726     0.220281
    -0.087051     0.211078
    -0.085377     0.201913
    -0.083703     0.192792
    -0.082029     0.183722
    -0.080355     0.174713
    -0.078681     0.165774
    -0.077007     0.156919
    -0.075333     0.148161
    -0.073659     0.139518
    -0.071985     0.131011
    -0.070311     0.122668
    -0.068637     0.114518
    -0.066963     0.106603
    -0.065289     0.098972
    -0.063615     0.091685
    -0.061940     0.084817
    -0.060266     0.078460
    -0.058592     0.072720
    -0.056918     0.067718
    -0.055244     0.063579
    -0.053570     0.060419
    -0.051896     0.058323
    -0.050222     0.057328
    -0.048548     0.057414
    -0.046874     0.058507
    -0.045200     0.060498
    -0.043526     0.063263
    -0.041852     0.066679
    -0.040178     0.070635
    -0.038504     0.075036
    -0.036829     0.079802
    -0.035155     0.084872
    -0.033481     0.090193
    -0.031807     0.095726
    -0.030133     0.101438
    -0.028459     0.107303
    -0.026785     0.113300
    -0.025111     0.119412
    -0.023437     0.125626
    -0.021763     0.131930
    -0.020089     0.138316
    -0.018415     0.144774
    -0.016741     0.151298
    -0.015067     0.157884
    -0.013393     0.164525
    -0.011718     0.171219
    -0.010044     0.177961
    -0.008370     0.184748
    -0.006696     0.191578
    -0.005022     0.198448
    -0.003348     0.205355
    -0.001674     0.212298
     0.000000     0.219269
     0.001674     0.212294
     0.003348     0.205351
     0.005022     0.198445
     0.006696     0.191575
     0.008370     0.184746
     0.010044     0.177959
     0.011718     0.171217
     0.013393     0.164524
     0.015067     0.157883
     0.016741     0.151298
     0.018415     0.144773
     0.020089     0.138316
     0.021763     0.131931
     0.023437     0.125627
     0.025111     0.119413
     0.026785     0.113301
     0.028459     0.107304
     0.030133     0.101440
     0.031807     0.095728
     0.033481     0.090195
     0.035155     0.084874
     0.036829     0.079804
     0.038504     0.075037
     0.040178     0.070637
     0.041852     0.066680
     0.043526     0.063264
     0.045200     0.060498
     0.046874     0.058506
     0.048548     0.057412
     0.050222     0.057326
     0.051896     0.058320
     0.053570     0.060415
     0.055244     0.063575
     0.056918     0.067713
     0.058592     0.072715
     0.060266     0.078454
     0.061940     0.084812
     0.063615     0.091679
     0.065289     0.098966
     0.066963     0.106598
     0.068637     0.114512
     0.070311     0.122662
     0.071985     0.131005
     0.073659     0.139512
     0.075333     0.148155
     0.077007     0.156913
     0.078681     0.165768
     0.080355     0.174707
     0.082029     0.183716
     0.083703     0.192786
     0.085377     0.201907
     0.087051     0.211072
     0.088726     0.220275
     0.090400     0.229509
     0.092074     0.238771
     0.093748     0.248055
     0.095422     0.257357
     0.097096     0.266675
     0.098770     0.276005
     0.100444     0.285344
     0.102118     0.294689
     0.103792     0.304039
     0.105466     0.313391
     0.107140     0.322744
     0.108814     0.332095
     0.110488     0.341443
     0.112163     0.350787
     0.113837     0.360124
     0.115511     0.369455
     0.117185     0.378776
     0.118859     0.388089
     0.120533     0.397390
     0.122207     0.406680
     0.123881     0.415957
     0.125555     0.425221
     0.127229     0.434471
     0.128903     0.443705
     0.130577     0.452924
     0.132251     0.462126
     0.133925     0.471311
     0.135599     0.480478
     0.137274     0.489626
     0.138948     0.498756
     0.140622     0.507866
     0.142296     0.516956
     0.143970     0.526025
     0.145644     0.535074
     0.147318     0.544101
     0.148992     0.553106
     0.150666     0.562088
     0.152340     0.571048
     0.154014     0.579985
     0.155688     0.588898
     0.157362     0.597788
     0.159036     0.606653
     0.160710     0.615494
     0.162385     0.624310
     0.164059     0.633100
     0.165733     0.641866
     0.167407     0.650605


    -0.167407     0.886816
    -0.165733     0.881157
    -0.164059     0.875483
    -0.162385     0.869794
    -0.160710     0.864089
    -0.159036     0.858369
    -0.157362     0.852633
    -0.155688     0.846880
    -0.154014     0.841111
    -0.152340     0.835324
    -0.150666     0.829520
    -0.148992     0.823698
    -0.147318     0.817858
    -0.145644     0.811999
    -0.143970     0.806121
    -0.142296     0.800224
    -0.140622     0.794306
    -0.138948     0.788368
    -0.137274     0.782409
    -0.135599     0.776429
    -0.133925     0.770426
    -0.132251     0.764402
    -0.130577     0.758354
    -0.128903     0.752283
    -0.127229     0.746189
    -0.125555     0.740070
    -0.123881     0.733927
    -0.122207     0.727758
    -0.120533     0.721564
    -0.118859     0.715344
    -0.117185     0.709097
    -0.115511     0.702824
    -0.113837     0.696523
    -0.112163     0.690195
    -0.110488     0.683838
    -0.108814     0.677454
    -0.107140     0.671041
    -0.105466     0.664599
    -0.103792     0.658128
    -0.102118     0.651627
    -0.100444     0.645098
    -0.098770     0.638538
    -0.097096     0.631949
    -0.095422     0.625331
    -0.093748     0.618682
    -0.092074     0.612004
    -0.090400     0.605296
    -0.088726     0.598558
    -0.087051     0.591791
    -0.085377     0.584995
    -0.083703     0.578171
    -0.082029     0.571317
    -0.080355     0.564435
    -0.078681     0.557526
    -0.077007     0.550589
    -0.075333     0.543626
    -0.073659     0.536636
    -0.071985     0.529621
    -0.070311     0.522581
    -0.068637     0.515517
    -0.066963     0.508429
    -0.065289     0.501319
    -0.063615     0.494188
    -0.061940     0.487035
    -0.060266     0.479863
    -0.058592     0.472673
    -0.056918     0.465465
    -0.055244     0.458240
    -0.053570     0.451000
    -0.051896     0.443746
    -0.050222     0.436479
    -0.048548     0.429200
    -0.046874     0.421911
    -0.045200     0.414613
    -0.043526     0.407307
    -0.041852     0.399995
    -0.040178     0.392678
    -0.038504     0.385357
    -0.036829     0.378034
    -0.035155     0.370710
    -0.033481     0.363387
    -0.031807     0.356066
    -0.030133     0.348749
    -0.028459     0.341436
    -0.026785     0.334130
    -0.025111     0.326831
    -0.023437     0.319542
    -0.021763     0.312263
    -0.020089     0.304997
    -0.018415     0.297744
    -0.016741     0.290506
    -0.015067     0.283284
    -0.013393     0.276081
    -0.011718     0.268896
    -0.010044     0.261733
    -0.008370     0.254591
    -0.006696     0.247473
    -0.005022     0.240381
    -0.003348     0.233315
    -0.001674     0.226277
     0.000000     0.219275
     0.001674     0.226282
     0.003348     0.233320
     0.005022     0.240386
     0.006696     0.247479
     0.008370     0.254597
     0.010044     0.261739
     0.011718     0.268903
     0.013393     0.276088
     0.015067     0.283291
     0.016741     0.290513
     0.018415     0.297751
     0.020089     0.305004
     0.021763     0.312271
     0.023437     0.319550
     0.025111     0.326839
     0.026785     0.334138
     0.028459     0.341444
     0.030133     0.348757
     0.031807     0.356075
     0.033481     0.363396
     0.035155     0.370719
     0.036829     0.378043
     0.038504     0.385366
     0.040178     0.392687
     0.041852     0.400004
     0.043526     0.407316
     0.045200     0.414622
     0.046874     0.421920
     0.048548     0.429209
     0.050222     0.436487
     0.051896     0.443754
     0.053570     0.451008
     0.055244     0.458248
     0.056918     0.465472
     0.058592     0.472680
     0.060266     0.479871
     0.061940     0.487042
     0.063615     0.494195
     0.065289     0.501326
     0.066963     0.508436
     0.068637     0.515523
     0.070311     0.522587
     0.071985     0.529627
     0.073659     0.536642
     0.075333     0.543631
     0.077007     0.550594
     0.078681     0.557531
     0.080355     0.564440
     0.082029     0.571322
     0.083703     0.578175
     0.085377     0.584999
     0.087051     0.591795
     0.088726     0.598562
     0.090400     0.605299
     0.092074     0.612007
     0.093748     0.618685
     0.095422     0.625333
     0.097096     0.631952
     0.098770     0.638540
     0.100444     0.645100
     0.102118     0.651629
     0.103792     0.658129
     0.105466     0.664600
     0.107140     0.671042
     0.108814     0.677455
     0.110488     0.683839
     0.112163     0.690195
     0.113837     0.696523
     0.115511     0.702824
     0.117185     0.709097
     0.118859     0.715344
     0.120533     0.721564
     0.122207     0.727758
     0.123881     0.733926
     0.125555     0.740070
     0.127229     0.746188
     0.128903     0.752283
     0.130577     0.758353
     0.132251     0.764401
     0.133925     0.770425
     0.135599     0.776428
     0.137274     0.782408
     0.138948     0.788367
     0.140622     0.794305
     0.142296     0.800222
     0.143970     0.806120
     0.145644     0.811998
     0.147318     0.817857
     0.148992     0.823697
     0.150666     0.829519
     0.152340     0.835323
     0.154014     0.841109
     0.155688     0.846878
     0.157362     0.852631
     0.159036     0.858367
     0.160710     0.864088
     0.162385     0.869792
     0.164059     0.875482
     0.165733     0.881156
     0.167407     0.886815


    -0.167407     1.830026
    -0.165733     1.822238
    -0.164059     1.814468
    -0.162385     1.806719
    -0.160710     1.798993
    -0.159036     1.791291
    -0.157362     1.783615
    -0.155688     1.775968
    -0.154014     1.768352
    -0.152340     1.760769
    -0.150666     1.753220
    -0.148992     1.745709
    -0.147318     1.738236
    -0.145644     1.730806
    -0.143970     1.723418
    -0.142296     1.716077
    -0.140622     1.708785
    -0.138948     1.701542
    -0.137274     1.694353
    -0.135599     1.687219
    -0.133925     1.680143
    -0.132251     1.673127
    -0.130577     1.666173
    -0.128903     1.659284
    -0.127229     1.652463
    -0.125555     1.645711
    -0.123881     1.639031
    -0.122207     1.632426
    -0.120533     1.625898
    -0.118859     1.619449
    -0.117185     1.613082
    -0.115511     1.606798
    -0.113837     1.600602
    -0.112163     1.594493
    -0.110488     1.588476
    -0.108814     1.582553
    -0.107140     1.576724
    -0.105466     1.570994
    -0.103792     1.565363
    -0.102118     1.559834
    -0.100444     1.554410
    -0.098770     1.549091
    -0.097096     1.543881
    -0.095422     1.538781
    -0.093748     1.533792
    -0.092074     1.528918
    -0.090400     1.524158
    -0.088726     1.519516
    -0.087051     1.514993
    -0.085377     1.510590
    -0.083703     1.506308
    -0.082029     1.502150
    -0.080355     1.498116
    -0.078681     1.494207
    -0.077007     1.490426
    -0.075333     1.486772
    -0.073659     1.483247
    -0.071985     1.479852
    -0.070311     1.476587
    -0.068637     1.473454
    -0.066963     1.470453
    -0.065289     1.467584
    -0.063615     1.464848
    -0.061940     1.462245
    -0.060266     1.459776
    -0.058592     1.457441
    -0.056918     1.455240
    -0.055244     1.453173
    -0.053570     1.451240
    -0.051896     1.449441
    -0.050222     1.447775
    -0.048548     1.446243
    -0.046874     1.444844
    -0.045200     1.443578
    -0.043526     1.442444
    -0.041852     1.441442
    -0.040178     1.440571
    -0.038504     1.439830
    -0.036829     1.439219
    -0.035155     1.438737
    -0.033481     1.438383
    -0.031807     1.438155
    -0.030133     1.438054
    -0.028459     1.438078
    -0.026785     1.438226
    -0.025111     1.438496
    -0.023437     1.438888
    -0.021763     1.439401
    -0.020089     1.440033
    -0.018415     1.440783
    -0.016741     1.441650
    -0.015067     1.442632
    -0.013393     1.443728
    -0.011718     1.444937
    -0.010044     1.446257
    -0.008370     1.447686
    -0.006696     1.449224
    -0.005022     1.450869
    -0.003348     1.452618
    -0.001674     1.454472
     0.000000     1.456422
     0.001674     1.454482
     0.003348     1.452628
     0.005022     1.450879
     0.006696     1.449234
     0.008370     1.447697
     0.010044     1.446268
     0.011718     1.444948
     0.013393     1.443740
     0.015067     1.442644
     0.016741     1.441662
     0.018415     1.440796
     0.020089     1.440046
     0.021763     1.439414
     0.023437     1.438902
     0.025111     1.438510
     0.026785     1.438239
     0.028459     1.438092
     0.030133     1.438068
     0.031807     1.438170
     0.033481     1.438397
     0.035155     1.438752
     0.036829     1.439234
     0.038504     1.439846
     0.040178     1.440587
     0.041852     1.441458
     0.043526     1.442461
     0.045200     1.443595
     0.046874     1.444861
     0.048548     1.446260
     0.050222     1.447792
     0.051896     1.449458
     0.053570     1.451257
     0.055244     1.453190
     0.056918     1.455257
     0.058592     1.457459
     0.060266     1.459794
     0.061940     1.462263
     0.063615     1.464866
     0.065289     1.467602
     0.066963     1.470471
     0.068637     1.473472
     0.070311     1.476605
     0.071985     1.479870
     0.073659     1.483265
     0.075333     1.486790
     0.077007     1.490444
     0.078681     1.494225
     0.080355     1.498134
     0.082029     1.502167
     0.083703     1.506326
     0.085377     1.510607
     0.087051     1.515010
     0.088726     1.519533
     0.090400     1.524175
     0.092074     1.528935
     0.093748     1.533809
     0.095422     1.538797
     0.097096     1.543897
     0.098770     1.549107
     0.100444     1.554426
     0.102118     1.559850
     0.103792     1.565378
     0.105466     1.571009
     0.107140     1.576739
     0.108814     1.582567
     0.110488     1.588490
     0.112163     1.594507
     0.113837     1.600615
     0.115511     1.606811
     0.117185     1.613094
     0.118859     1.619461
     0.120533     1.625910
     0.122207     1.632438
     0.123881     1.639042
     0.125555     1.645722
     0.127229     1.652473
     0.128903     1.659294
     0.130577     1.666183
     0.132251     1.673136
     0.133925     1.680151
     0.135599     1.687227
     0.137274     1.694361
     0.138948     1.701550
     0.140622     1.708791
     0.142296     1.716084
     0.143970     1.723424
     0.145644     1.730811
     0.147318     1.738241
     0.148992     1.745713
     0.150666     1.753224
     0.152340     1.760773
     0.154014     1.768356
     0.155688     1.775971
     0.157362     1.783618
     0.159036     1.791293
     0.160710     1.798994
     0.162385     1.806720
     0.164059     1.814469
     0.165733     1.822238
     0.167407     1.830026


    -0.167407     1.951508
    -0.165733     1.945067
    -0.164059     1.938637
    -0.162385     1.932217
    -0.160710     1.925808
    -0.159036     1.919411
    -0.157362     1.913026
    -0.155688     1.906654
    -0.154014     1.900296
    -0.152340     1.893951
    -0.150666     1.887621
    -0.148992     1.881305
    -0.147318     1.875005
    -0.145644     1.868721
    -0.143970     1.862454
    -0.142296     1.856203
    -0.140622     1.849971
    -0.138948     1.843756
    -0.137274     1.837560
    -0.135599     1.831383
    -0.133925     1.825225
    -0.132251     1.819088
    -0.130577     1.812972
    -0.128903     1.806876
    -0.127229     1.800803
    -0.125555     1.794751
    -0.123881     1.788723
    -0.122207     1.782717
    -0.120533     1.776736
    -0.118859     1.770778
    -0.117185     1.764846
    -0.115511     1.758938
    -0.113837     1.753057
    -0.112163     1.747202
    -0.110488     1.741374
    -0.108814     1.735574
    -0.107140     1.729802
    -0.105466     1.724058
    -0.103792     1.718344
    -0.102118     1.712659
    -0.100444     1.707005
    -0.098770     1.701382
    -0.097096     1.695791
    -0.095422     1.690232
    -0.093748     1.684706
    -0.092074     1.679213
    -0.090400     1.673755
    -0.088726     1.668332
    -0.087051     1.662944
    -0.085377     1.657593
    -0.083703     1.652280
    -0.082029     1.647004
    -0.080355     1.641767
    -0.078681     1.636569
    -0.077007     1.631412
    -0.075333     1.626295
    -0.073659     1.621221
    -0.071985     1.616190
    -0.070311     1.611203
    -0.068637     1.606260
    -0.066963     1.601363
    -0.065289     1.596513
    -0.063615     1.591710
    -0.061940     1.586956
    -0.060266     1.582251
    -0.058592     1.577598
    -0.056918     1.572996
    -0.055244     1.568447
    -0.053570     1.563952
    -0.051896     1.559512
    -0.050222     1.555129
    -0.048548     1.550803
    -0.046874     1.546536
    -0.045200     1.542329
    -0.043526     1.538183
    -0.041852     1.534100
    -0.040178     1.530080
    -0.038504     1.526126
    -0.036829     1.522238
    -0.035155     1.518418
    -0.033481     1.514668
    -0.031807     1.510987
    -0.030133     1.507379
    -0.028459     1.503845
    -0.026785     1.500385
    -0.025111     1.497002
    -0.023437     1.493696
    -0.021763     1.490470
    -0.020089     1.487324
    -0.018415     1.484261
    -0.016741     1.481282
    -0.015067     1.478388
    -0.013393     1.475581
    -0.011718     1.472862
    -0.010044     1.470234
    -0.008370     1.467696
    -0.006696     1.465252
    -0.005022     1.462903
    -0.003348     1.460649
    -0.001674     1.458494
     0.000000     1.456444
     0.001674     1.458485
     0.003348     1.460641
     0.005022     1.462894
     0.006696     1.465244
     0.008370     1.467689
     0.010044     1.470226
     0.011718     1.472855
     0.013393     1.475574
     0.015067     1.478381
     0.016741     1.481275
     0.018415     1.484255
     0.020089     1.487318
     0.021763     1.490464
     0.023437     1.493690
     0.025111     1.496996
     0.026785     1.500380
     0.028459     1.503840
     0.030133     1.507375
     0.031807     1.510983
     0.033481     1.514663
     0.035155     1.518414
     0.036829     1.522234
     0.038504     1.526122
     0.040178     1.530077
     0.041852     1.534096
     0.043526     1.538180
     0.045200     1.542326
     0.046874     1.546533
     0.048548     1.550800
     0.050222     1.555126
     0.051896     1.559510
     0.053570     1.563949
     0.055244     1.568444
     0.056918     1.572994
     0.058592     1.577596
     0.060266     1.582249
     0.061940     1.586954
     0.063615     1.591708
     0.065289     1.596511
     0.066963     1.601361
     0.068637     1.606258
     0.070311     1.611201
     0.071985     1.616189
     0.073659     1.621220
     0.075333     1.626294
     0.077007     1.631411
     0.078681     1.636568
     0.080355     1.641766
     0.082029     1.647003
     0.083703     1.652279
     0.085377     1.657593
     0.087051     1.662944
     0.088726     1.668331
     0.090400     1.673755
     0.092074     1.679213
     0.093748     1.684705
     0.095422     1.690231
     0.097096     1.695791
     0.098770     1.701382
     0.100444     1.707005
     0.102118     1.712659
     0.103792     1.718344
     0.105466     1.724058
     0.107140     1.729802
     0.108814     1.735574
     0.110488     1.741375
     0.112163     1.747203
     0.113837     1.753058
     0.115511     1.758939
     0.117185     1.764846
     0.118859     1.770779
     0.120533     1.776737
     0.122207     1.782718
     0.123881     1.788724
     0.125555     1.794753
     0.127229     1.800804
     0.128903     1.806878
     0.130577     1.812973
     0.132251     1.819090
     0.133925     1.825227
     0.135599     1.831384
     0.137274     1.837561
     0.138948     1.843758
     0.140622     1.849972
     0.142296     1.856205
     0.143970     1.862456
     0.145644     1.868723
     0.147318     1.875007
     0.148992     1.881307
     0.150666     1.887623
     0.152340     1.893953
     0.154014     1.900298
     0.155688     1.906657
     0.157362     1.913029
     0.159036     1.919414
     0.160710     1.925811
     0.162385     1.932219
     0.164059     1.938639
     0.165733     1.945070
     0.167407     1.951510


    -0.167407     2.319487
    -0.165733     2.311956
    -0.164059     2.304458
    -0.162385     2.296994
    -0.160710     2.289567
    -0.159036     2.282178
    -0.157362     2.274827
    -0.155688     2.267517
    -0.154014     2.260247
    -0.152340     2.253020
    -0.150666     2.245837
    -0.148992     2.238698
    -0.147318     2.231606
    -0.145644     2.224561
    -0.143970     2.217564
    -0.142296     2.210616
    -0.140622     2.203719
    -0.138948     2.196873
    -0.137274     2.190079
    -0.135599     2.183339
    -0.133925     2.176654
    -0.132251     2.170024
    -0.130577     2.163451
    -0.128903     2.156935
    -0.127229     2.150477
    -0.125555     2.144078
    -0.123881     2.137740
    -0.122207     2.131463
    -0.120533     2.125248
    -0.118859     2.119095
    -0.117185     2.113006
    -0.115511     2.106981
    -0.113837     2.101022
    -0.112163     2.095129
    -0.110488     2.089303
    -0.108814     2.083544
    -0.107140     2.077854
    -0.105466     2.072233
    -0.103792     2.066681
    -0.102118     2.061201
    -0.100444     2.055792
    -0.098770     2.050455
    -0.097096     2.045191
    -0.095422     2.040000
    -0.093748     2.034884
    -0.092074     2.029842
    -0.090400     2.024876
    -0.088726     2.019986
    -0.087051     2.015174
    -0.085377     2.010438
    -0.083703     2.005781
    -0.082029     2.001203
    -0.080355     1.996705
    -0.078681     1.992286
    -0.077007     1.987949
    -0.075333     1.983692
    -0.073659     1.979518
    -0.071985     1.975426
    -0.070311     1.971418
    -0.068637     1.967493
    -0.066963     1.963652
    -0.065289     1.959897
    -0.063615     1.956227
    -0.061940     1.952643
    -0.060266     1.949146
    -0.058592     1.945736
    -0.056918     1.942414
    -0.055244     1.939181
    -0.053570     1.936036
    -0.051896     1.932981
    -0.050222     1.930015
    -0.048548     1.927140
    -0.046874     1.924356
    -0.045200     1.921664
    -0.043526     1.919063
    -0.041852     1.916556
    -0.040178     1.914141
    -0.038504     1.911819
    -0.036829     1.909592
    -0.035155     1.907459
    -0.033481     1.905421
    -0.031807     1.903478
    -0.030133     1.901632
    -0.028459     1.899881
    -0.026785     1.898227
    -0.025111     1.896671
    -0.023437     1.895212
    -0.021763     1.893851
    -0.020089     1.892589
    -0.018415     1.891426
    -0.016741     1.890363
    -0.015067     1.889400
    -0.013393     1.888537
    -0.011718     1.887776
    -0.010044     1.887117
    -0.008370     1.886559
    -0.006696     1.886104
    -0.005022     1.885750
    -0.003348     1.885497
    -0.001674     1.885344
     0.000000     1.885291
     0.001674     1.885337
     0.003348     1.885484
     0.005022     1.885734
     0.006696     1.886085
     0.008370     1.886539
     0.010044     1.887095
     0.011718     1.887753
     0.013393     1.888512
     0.015067     1.889373
     0.016741     1.890335
     0.018415     1.891397
     0.020089     1.892559
     0.021763     1.893820
     0.023437     1.895180
     0.025111     1.896639
     0.026785     1.898195
     0.028459     1.899849
     0.030133     1.901599
     0.031807     1.903446
     0.033481     1.905389
     0.035155     1.907427
     0.036829     1.909560
     0.038504     1.911788
     0.040178     1.914109
     0.041852     1.916524
     0.043526     1.919032
     0.045200     1.921633
     0.046874     1.924326
     0.048548     1.927110
     0.050222     1.929985
     0.051896     1.932951
     0.053570     1.936006
     0.055244     1.939151
     0.056918     1.942385
     0.058592     1.945707
     0.060266     1.949118
     0.061940     1.952615
     0.063615     1.956199
     0.065289     1.959869
     0.066963     1.963625
     0.068637     1.967466
     0.070311     1.971391
     0.071985     1.975400
     0.073659     1.979492
     0.075333     1.983666
     0.077007     1.987923
     0.078681     1.992261
     0.080355     1.996680
     0.082029     2.001179
     0.083703     2.005758
     0.085377     2.010415
     0.087051     2.015151
     0.088726     2.019964
     0.090400     2.024854
     0.092074     2.029821
     0.093748     2.034863
     0.095422     2.039980
     0.097096     2.045171
     0.098770     2.050436
     0.100444     2.055773
     0.102118     2.061183
     0.103792     2.066664
     0.105466     2.072216
     0.107140     2.077837
     0.108814     2.083528
     0.110488     2.089288
     0.112163     2.095115
     0.113837     2.101008
     0.115511     2.106968
     0.117185     2.112993
     0.118859     2.119083
     0.120533     2.125236
     0.122207     2.131452
     0.123881     2.137730
     0.125555     2.144069
     0.127229     2.150468
     0.128903     2.156927
     0.130577     2.163443
     0.132251     2.170018
     0.133925     2.176648
     0.135599     2.183334
     0.137274     2.190075
     0.138948     2.196869
     0.140622     2.203715
     0.142296     2.210613
     0.143970     2.217562
     0.145644     2.224560
     0.147318     2.231606
     0.148992     2.238699
     0.150666     2.245838
     0.152340     2.253022
     0.154014     2.260249
     0.155688     2.267519
     0.157362     2.274831
     0.159036     2.282182
     0.160710     2.289572
     0.162385     2.297000
     0.164059     2.304463
     0.165733     2.311962
     0.167407     2.319494


    -0.167407     2.344552
    -0.165733     2.336907
    -0.164059     2.329279
    -0.162385     2.321668
    -0.160710     2.314078
    -0.159036     2.306509
    -0.157362     2.298963
    -0.155688     2.291442
    -0.154014     2.283948
    -0.152340     2.276481
    -0.150666     2.269044
    -0.148992     2.261638
    -0.147318     2.254266
    -0.145644     2.246927
    -0.143970     2.239625
    -0.142296     2.232360
    -0.140622     2.225134
    -0.138948     2.217949
    -0.137274     2.210807
    -0.135599     2.203708
    -0.133925     2.196654
    -0.132251     2.189648
    -0.130577     2.182690
    -0.128903     2.175782
    -0.127229     2.168925
    -0.125555     2.162121
    -0.123881     2.155372
    -0.122207     2.148679
    -0.120533     2.142043
    -0.118859     2.135467
    -0.117185     2.128950
    -0.115511     2.122495
    -0.113837     2.116103
    -0.112163     2.109776
    -0.110488     2.103515
    -0.108814     2.097321
    -0.107140     2.091196
    -0.105466     2.085140
    -0.103792     2.079156
    -0.102118     2.073245
    -0.100444     2.067407
    -0.098770     2.061644
    -0.097096     2.055958
    -0.095422     2.050349
    -0.093748     2.044819
    -0.092074     2.039369
    -0.090400     2.034000
    -0.088726     2.028712
    -0.087051     2.023509
    -0.085377     2.018389
    -0.083703     2.013355
    -0.082029     2.008407
    -0.080355     2.003547
    -0.078681     1.998774
    -0.077007     1.994091
    -0.075333     1.989499
    -0.073659     1.984997
    -0.071985     1.980587
    -0.070311     1.976270
    -0.068637     1.972046
    -0.066963     1.967917
    -0.065289     1.963883
    -0.063615     1.959944
    -0.061940     1.956102
    -0.060266     1.952357
    -0.058592     1.948710
    -0.056918     1.945161
    -0.055244     1.941710
    -0.053570     1.938359
    -0.051896     1.935108
    -0.050222     1.931958
    -0.048548     1.928908
    -0.046874     1.925959
    -0.045200     1.923112
    -0.043526     1.920367
    -0.041852     1.917724
    -0.040178     1.915184
    -0.038504     1.912747
    -0.036829     1.910413
    -0.035155     1.908183
    -0.033481     1.906056
    -0.031807     1.904033
    -0.030133     1.902113
    -0.028459     1.900298
    -0.026785     1.898587
    -0.025111     1.896980
    -0.023437     1.895477
    -0.021763     1.894079
    -0.020089     1.892785
    -0.018415     1.891594
    -0.016741     1.890507
    -0.015067     1.889524
    -0.013393     1.888644
    -0.011718     1.887868
    -0.010044     1.887194
    -0.008370     1.886623
    -0.006696     1.886155
    -0.005022     1.885790
    -0.003348     1.885529
    -0.001674     1.885374
     0.000000     1.885325
     0.001674     1.885381
     0.003348     1.885541
     0.005022     1.885804
     0.006696     1.886170
     0.008370     1.886640
     0.010044     1.887212
     0.011718     1.887886
     0.013393     1.888664
     0.015067     1.889545
     0.016741     1.890529
     0.018415     1.891616
     0.020089     1.892807
     0.021763     1.894102
     0.023437     1.895500
     0.025111     1.897003
     0.026785     1.898609
     0.028459     1.900320
     0.030133     1.902135
     0.031807     1.904053
     0.033481     1.906076
     0.035155     1.908202
     0.036829     1.910432
     0.038504     1.912766
     0.040178     1.915202
     0.041852     1.917742
     0.043526     1.920384
     0.045200     1.923128
     0.046874     1.925975
     0.048548     1.928923
     0.050222     1.931972
     0.051896     1.935122
     0.053570     1.938373
     0.055244     1.941723
     0.056918     1.945173
     0.058592     1.948722
     0.060266     1.952369
     0.061940     1.956113
     0.063615     1.959955
     0.065289     1.963893
     0.066963     1.967927
     0.068637     1.972056
     0.070311     1.976279
     0.071985     1.980596
     0.073659     1.985006
     0.075333     1.989507
     0.077007     1.994100
     0.078681     1.998782
     0.080355     2.003554
     0.082029     2.008414
     0.083703     2.013362
     0.085377     2.018396
     0.087051     2.023515
     0.088726     2.028719
     0.090400     2.034006
     0.092074     2.039375
     0.093748     2.044825
     0.095422     2.050354
     0.097096     2.055963
     0.098770     2.061649
     0.100444     2.067412
     0.102118     2.073249
     0.103792     2.079161
     0.105466     2.085145
     0.107140     2.091200
     0.108814     2.097325
     0.110488     2.103519
     0.112163     2.109780
     0.113837     2.116107
     0.115511     2.122499
     0.117185     2.128953
     0.118859     2.135470
     0.120533     2.142047
     0.122207     2.148682
     0.123881     2.155375
     0.125555     2.162124
     0.127229     2.168928
     0.128903     2.175784
     0.130577     2.182693
     0.132251     2.189651
     0.133925     2.196657
     0.135599     2.203710
     0.137274     2.210809
     0.138948     2.217952
     0.140622     2.225137
     0.142296     2.232363
     0.143970     2.239628
     0.145644     2.246930
     0.147318     2.254268
     0.148992     2.261641
     0.150666     2.269047
     0.152340     2.276484
     0.154014     2.283951
     0.155688     2.291445
     0.157362     2.298966
     0.159036     2.306512
     0.160710     2.314081
     0.162385     2.321672
     0.164059     2.329282
     0.165733     2.336911
     0.167407     2.344556


