    -0.167407    -3.816960
    -0.165733    -3.817270
    -0.164059    -3.817580
    -0.162385    -3.817890
    -0.160710    -3.818199
    -0.159036    -3.818507
    -0.157362    -3.818814
    -0.155688    -3.819120
    -0.154014    -3.819425
    -0.152340    -3.819728
    -0.150666    -3.820030
    -0.148992    -3.820330
    -0.147318    -3.820627
    -0.145644    -3.820922
    -0.143970    -3.821215
    -0.142296    -3.821506
    -0.140622    -3.821793
    -0.138948    -3.822078
    -0.137274    -3.822360
    -0.135599    -3.822638
    -0.133925    -3.822913
    -0.132251    -3.823184
    -0.130577    -3.823452
    -0.128903    -3.823716
    -0.127229    -3.823976
    -0.125555    -3.824231
    -0.123881    -3.824483
    -0.122207    -3.824730
    -0.120533    -3.824972
    -0.118859    -3.825210
    -0.117185    -3.825443
    -0.115511    -3.825671
    -0.113837    -3.825894
    -0.112163    -3.826111
    -0.110488    -3.826324
    -0.108814    -3.826531
    -0.107140    -3.826732
    -0.105466    -3.826928
    -0.103792    -3.827118
    -0.102118    -3.827302
    -0.100444    -3.827480
    -0.098770    -3.827652
    -0.097096    -3.827818
    -0.095422    -3.827977
    -0.093748    -3.828130
    -0.092074    -3.828276
    -0.090400    -3.828416
    -0.088726    -3.828549
    -0.087051    -3.828676
    -0.085377    -3.828795
    -0.083703    -3.828908
    -0.082029    -3.829013
    -0.080355    -3.829111
    -0.078681    -3.829202
    -0.077007    -3.829286
    -0.075333    -3.829362
    -0.073659    -3.829431
    -0.071985    -3.829493
    -0.070311    -3.829546
    -0.068637    -3.829592
    -0.066963    -3.829630
    -0.065289    -3.829661
    -0.063615    -3.829683
    -0.061940    -3.829698
    -0.060266    -3.829704
    -0.058592    -3.829702
    -0.056918    -3.829692
    -0.055244    -3.829674
    -0.053570    -3.829648
    -0.051896    -3.829613
    -0.050222    -3.829570
    -0.048548    -3.829518
    -0.046874    -3.829458
    -0.045200    -3.829389
    -0.043526    -3.829312
    -0.041852    -3.829226
    -0.040178    -3.829131
    -0.038504    -3.829027
    -0.036829    -3.828915
    -0.035155    -3.828794
    -0.033481    -3.828664
    -0.031807    -3.828525
    -0.030133    -3.828377
    -0.028459    -3.828220
    -0.026785    -3.828053
    -0.025111    -3.827878
    -0.023437    -3.827694
    -0.021763    -3.827500
    -0.020089    -3.827297
    -0.018415    -3.827085
    -0.016741    -3.826864
    -0.015067    -3.826633
    -0.013393    -3.826393
    -0.011718    -3.826144
    -0.010044    -3.825885
    -0.008370    -3.825617
    -0.006696    -3.825339
    -0.005022    -3.825052
    -0.003348    -3.824755
    -0.001674    -3.824449
     0.000000    -3.824139
     0.001674    -3.824450
     0.003348    -3.824756
     0.005022    -3.825053
     0.006696    -3.825340
     0.008370    -3.825618
     0.010044    -3.825886
     0.011718    -3.826145
     0.013393    -3.826395
     0.015067    -3.826635
     0.016741    -3.826865
     0.018415    -3.827087
     0.020089    -3.827299
     0.021763    -3.827502
     0.023437    -3.827695
     0.025111    -3.827880
     0.026785    -3.828055
     0.028459    -3.828221
     0.030133    -3.828378
     0.031807    -3.828526
     0.033481    -3.828665
     0.035155    -3.828796
     0.036829    -3.828917
     0.038504    -3.829029
     0.040178    -3.829133
     0.041852    -3.829227
     0.043526    -3.829313
     0.045200    -3.829391
     0.046874    -3.829459
     0.048548    -3.829519
     0.050222    -3.829571
     0.051896    -3.829614
     0.053570    -3.829649
     0.055244    -3.829675
     0.056918    -3.829693
     0.058592    -3.829703
     0.060266    -3.829704
     0.061940    -3.829698
     0.063615    -3.829683
     0.065289    -3.829661
     0.066963    -3.829630
     0.068637    -3.829592
     0.070311    -3.829546
     0.071985    -3.829492
     0.073659    -3.829430
     0.075333    -3.829361
     0.077007    -3.829285
     0.078681    -3.829201
     0.080355    -3.829110
     0.082029    -3.829011
     0.083703    -3.828905
     0.085377    -3.828793
     0.087051    -3.828673
     0.088726    -3.828546
     0.090400    -3.828413
     0.092074    -3.828273
     0.093748    -3.828126
     0.095422    -3.827973
     0.097096    -3.827813
     0.098770    -3.827647
     0.100444    -3.827475
     0.102118    -3.827297
     0.103792    -3.827113
     0.105466    -3.826922
     0.107140    -3.826726
     0.108814    -3.826525
     0.110488    -3.826317
     0.112163    -3.826105
     0.113837    -3.825887
     0.115511    -3.825664
     0.117185    -3.825435
     0.118859    -3.825202
     0.120533    -3.824964
     0.122207    -3.824722
     0.123881    -3.824474
     0.125555    -3.824223
     0.127229    -3.823967
     0.128903    -3.823707
     0.130577    -3.823443
     0.132251    -3.823175
     0.133925    -3.822903
     0.135599    -3.822628
     0.137274    -3.822349
     0.138948    -3.822067
     0.140622    -3.821782
     0.142296    -3.821495
     0.143970    -3.821204
     0.145644    -3.820911
     0.147318    -3.820615
     0.148992    -3.820318
     0.150666    -3.820018
     0.152340    -3.819716
     0.154014    -3.819412
     0.155688    -3.819107
     0.157362    -3.818801
     0.159036    -3.818494
     0.160710    -3.818185
     0.162385    -3.817876
     0.164059    -3.817567
     0.165733    -3.817257
     0.167407    -3.816947


    -0.167407    -3.744895
    -0.165733    -3.746105
    -0.164059    -3.747308
    -0.162385    -3.748505
    -0.160710    -3.749695
    -0.159036    -3.750878
    -0.157362    -3.752055
    -0.155688    -3.753224
    -0.154014    -3.754387
    -0.152340    -3.755542
    -0.150666    -3.756690
    -0.148992    -3.757831
    -0.147318    -3.758965
    -0.145644    -3.760091
    -0.143970    -3.761210
    -0.142296    -3.762321
    -0.140622    -3.763424
    -0.138948    -3.764520
    -0.137274    -3.765608
    -0.135599    -3.766688
    -0.133925    -3.767761
    -0.132251    -3.768825
    -0.130577    -3.769881
    -0.128903    -3.770929
    -0.127229    -3.771969
    -0.125555    -3.773001
    -0.123881    -3.774024
    -0.122207    -3.775039
    -0.120533    -3.776046
    -0.118859    -3.777044
    -0.117185    -3.778034
    -0.115511    -3.779015
    -0.113837    -3.779987
    -0.112163    -3.780951
    -0.110488    -3.781906
    -0.108814    -3.782852
    -0.107140    -3.783789
    -0.105466    -3.784718
    -0.103792    -3.785637
    -0.102118    -3.786548
    -0.100444    -3.787450
    -0.098770    -3.788342
    -0.097096    -3.789226
    -0.095422    -3.790100
    -0.093748    -3.790965
    -0.092074    -3.791821
    -0.090400    -3.792668
    -0.088726    -3.793506
    -0.087051    -3.794334
    -0.085377    -3.795153
    -0.083703    -3.795962
    -0.082029    -3.796763
    -0.080355    -3.797553
    -0.078681    -3.798335
    -0.077007    -3.799106
    -0.075333    -3.799869
    -0.073659    -3.800622
    -0.071985    -3.801365
    -0.070311    -3.802098
    -0.068637    -3.802823
    -0.066963    -3.803537
    -0.065289    -3.804242
    -0.063615    -3.804937
    -0.061940    -3.805623
    -0.060266    -3.806298
    -0.058592    -3.806965
    -0.056918    -3.807621
    -0.055244    -3.808268
    -0.053570    -3.808905
    -0.051896    -3.809532
    -0.050222    -3.810150
    -0.048548    -3.810757
    -0.046874    -3.811355
    -0.045200    -3.811944
    -0.043526    -3.812522
    -0.041852    -3.813091
    -0.040178    -3.813650
    -0.038504    -3.814199
    -0.036829    -3.814738
    -0.035155    -3.815268
    -0.033481    -3.815787
    -0.031807    -3.816297
    -0.030133    -3.816797
    -0.028459    -3.817288
    -0.026785    -3.817768
    -0.025111    -3.818239
    -0.023437    -3.818700
    -0.021763    -3.819152
    -0.020089    -3.819593
    -0.018415    -3.820025
    -0.016741    -3.820447
    -0.015067    -3.820859
    -0.013393    -3.821262
    -0.011718    -3.821655
    -0.010044    -3.822038
    -0.008370    -3.822411
    -0.006696    -3.822775
    -0.005022    -3.823129
    -0.003348    -3.823474
    -0.001674    -3.823809
     0.000000    -3.824129
     0.001674    -3.823808
     0.003348    -3.823473
     0.005022    -3.823129
     0.006696    -3.822775
     0.008370    -3.822411
     0.010044    -3.822038
     0.011718    -3.821655
     0.013393    -3.821262
     0.015067    -3.820859
     0.016741    -3.820447
     0.018415    -3.820025
     0.020089    -3.819594
     0.021763    -3.819152
     0.023437    -3.818701
     0.025111    -3.818240
     0.026785    -3.817770
     0.028459    -3.817289
     0.030133    -3.816799
     0.031807    -3.816299
     0.033481    -3.815789
     0.035155    -3.815270
     0.036829    -3.814740
     0.038504    -3.814201
     0.040178    -3.813652
     0.041852    -3.813093
     0.043526    -3.812525
     0.045200    -3.811946
     0.046874    -3.811358
     0.048548    -3.810760
     0.050222    -3.810153
     0.051896    -3.809535
     0.053570    -3.808908
     0.055244    -3.808271
     0.056918    -3.807625
     0.058592    -3.806968
     0.060266    -3.806302
     0.061940    -3.805627
     0.063615    -3.804941
     0.065289    -3.804246
     0.066963    -3.803541
     0.068637    -3.802827
     0.070311    -3.802103
     0.071985    -3.801369
     0.073659    -3.800626
     0.075333    -3.799873
     0.077007    -3.799111
     0.078681    -3.798339
     0.080355    -3.797558
     0.082029    -3.796767
     0.083703    -3.795967
     0.085377    -3.795158
     0.087051    -3.794339
     0.088726    -3.793511
     0.090400    -3.792673
     0.092074    -3.791826
     0.093748    -3.790970
     0.095422    -3.790105
     0.097096    -3.789231
     0.098770    -3.788347
     0.100444    -3.787455
     0.102118    -3.786553
     0.103792    -3.785642
     0.105466    -3.784722
     0.107140    -3.783794
     0.108814    -3.782856
     0.110488    -3.781910
     0.112163    -3.780955
     0.113837    -3.779991
     0.115511    -3.779019
     0.117185    -3.778038
     0.118859    -3.777048
     0.120533    -3.776050
     0.122207    -3.775043
     0.123881    -3.774028
     0.125555    -3.773004
     0.127229    -3.771972
     0.128903    -3.770932
     0.130577    -3.769884
     0.132251    -3.768828
     0.133925    -3.767763
     0.135599    -3.766691
     0.137274    -3.765611
     0.138948    -3.764523
     0.140622    -3.763427
     0.142296    -3.762323
     0.143970    -3.761212
     0.145644    -3.760093
     0.147318    -3.758966
     0.148992    -3.757833
     0.150666    -3.756691
     0.152340    -3.755543
     0.154014    -3.754388
     0.155688    -3.753225
     0.157362    -3.752055
     0.159036    -3.750879
     0.160710    -3.749695
     0.162385    -3.748505
     0.164059    -3.747308
     0.165733    -3.746104
     0.167407    -3.744894


    -0.167407    -2.413595
    -0.165733    -2.409077
    -0.164059    -2.404676
    -0.162385    -2.400388
    -0.160710    -2.396209
    -0.159036    -2.392135
    -0.157362    -2.388164
    -0.155688    -2.384291
    -0.154014    -2.380512
    -0.152340    -2.376826
    -0.150666    -2.373227
    -0.148992    -2.369714
    -0.147318    -2.366283
    -0.145644    -2.362931
    -0.143970    -2.359655
    -0.142296    -2.356454
    -0.140622    -2.353323
    -0.138948    -2.350261
    -0.137274    -2.347265
    -0.135599    -2.344334
    -0.133925    -2.341464
    -0.132251    -2.338655
    -0.130577    -2.335904
    -0.128903    -2.333209
    -0.127229    -2.330569
    -0.125555    -2.327981
    -0.123881    -2.325446
    -0.122207    -2.322960
    -0.120533    -2.320523
    -0.118859    -2.318134
    -0.117185    -2.315790
    -0.115511    -2.313492
    -0.113837    -2.311238
    -0.112163    -2.309026
    -0.110488    -2.306857
    -0.108814    -2.304728
    -0.107140    -2.302640
    -0.105466    -2.300591
    -0.103792    -2.298581
    -0.102118    -2.296609
    -0.100444    -2.294674
    -0.098770    -2.292776
    -0.097096    -2.290914
    -0.095422    -2.289087
    -0.093748    -2.287295
    -0.092074    -2.285538
    -0.090400    -2.283814
    -0.088726    -2.282124
    -0.087051    -2.280468
    -0.085377    -2.278844
    -0.083703    -2.277252
    -0.082029    -2.275692
    -0.080355    -2.274164
    -0.078681    -2.272668
    -0.077007    -2.271202
    -0.075333    -2.269768
    -0.073659    -2.268364
    -0.071985    -2.266990
    -0.070311    -2.265646
    -0.068637    -2.264333
    -0.066963    -2.263049
    -0.065289    -2.261794
    -0.063615    -2.260569
    -0.061940    -2.259374
    -0.060266    -2.258207
    -0.058592    -2.257069
    -0.056918    -2.255960
    -0.055244    -2.254879
    -0.053570    -2.253827
    -0.051896    -2.252804
    -0.050222    -2.251809
    -0.048548    -2.250842
    -0.046874    -2.249903
    -0.045200    -2.248992
    -0.043526    -2.248109
    -0.041852    -2.247254
    -0.040178    -2.246427
    -0.038504    -2.245627
    -0.036829    -2.244855
    -0.035155    -2.244111
    -0.033481    -2.243394
    -0.031807    -2.242705
    -0.030133    -2.242043
    -0.028459    -2.241408
    -0.026785    -2.240801
    -0.025111    -2.240221
    -0.023437    -2.239668
    -0.021763    -2.239143
    -0.020089    -2.238644
    -0.018415    -2.238173
    -0.016741    -2.237729
    -0.015067    -2.237311
    -0.013393    -2.236921
    -0.011718    -2.236558
    -0.010044    -2.236221
    -0.008370    -2.235911
    -0.006696    -2.235628
    -0.005022    -2.235372
    -0.003348    -2.235143
    -0.001674    -2.234940
     0.000000    -2.234774
     0.001674    -2.234948
     0.003348    -2.235151
     0.005022    -2.235380
     0.006696    -2.235637
     0.008370    -2.235920
     0.010044    -2.236229
     0.011718    -2.236566
     0.013393    -2.236930
     0.015067    -2.237320
     0.016741    -2.237738
     0.018415    -2.238182
     0.020089    -2.238653
     0.021763    -2.239152
     0.023437    -2.239678
     0.025111    -2.240230
     0.026785    -2.240810
     0.028459    -2.241418
     0.030133    -2.242052
     0.031807    -2.242714
     0.033481    -2.243403
     0.035155    -2.244120
     0.036829    -2.244865
     0.038504    -2.245637
     0.040178    -2.246436
     0.041852    -2.247263
     0.043526    -2.248118
     0.045200    -2.249001
     0.046874    -2.249912
     0.048548    -2.250851
     0.050222    -2.251818
     0.051896    -2.252813
     0.053570    -2.253837
     0.055244    -2.254889
     0.056918    -2.255969
     0.058592    -2.257078
     0.060266    -2.258216
     0.061940    -2.259383
     0.063615    -2.260579
     0.065289    -2.261804
     0.066963    -2.263058
     0.068637    -2.264342
     0.070311    -2.265656
     0.071985    -2.266999
     0.073659    -2.268373
     0.075333    -2.269777
     0.077007    -2.271212
     0.078681    -2.272677
     0.080355    -2.274174
     0.082029    -2.275701
     0.083703    -2.277261
     0.085377    -2.278853
     0.087051    -2.280477
     0.088726    -2.282133
     0.090400    -2.283823
     0.092074    -2.285547
     0.093748    -2.287304
     0.095422    -2.289096
     0.097096    -2.290923
     0.098770    -2.292785
     0.100444    -2.294683
     0.102118    -2.296618
     0.103792    -2.298590
     0.105466    -2.300600
     0.107140    -2.302649
     0.108814    -2.304737
     0.110488    -2.306866
     0.112163    -2.309035
     0.113837    -2.311246
     0.115511    -2.313501
     0.117185    -2.315799
     0.118859    -2.318142
     0.120533    -2.320532
     0.122207    -2.322969
     0.123881    -2.325455
     0.125555    -2.327990
     0.127229    -2.330577
     0.128903    -2.333218
     0.130577    -2.335913
     0.132251    -2.338664
     0.133925    -2.341473
     0.135599    -2.344343
     0.137274    -2.347274
     0.138948    -2.350270
     0.140622    -2.353331
     0.142296    -2.356462
     0.143970    -2.359664
     0.145644    -2.362939
     0.147318    -2.366291
     0.148992    -2.369722
     0.150666    -2.373236
     0.152340    -2.376834
     0.154014    -2.380520
     0.155688    -2.384299
     0.157362    -2.388172
     0.159036    -2.392143
     0.160710    -2.396217
     0.162385    -2.400395
     0.164059    -2.404683
     0.165733    -2.409084
     0.167407    -2.413602


    -0.167407    -2.361616
    -0.165733    -2.357825
    -0.164059    -2.354178
    -0.162385    -2.350668
    -0.160710    -2.347285
    -0.159036    -2.344022
    -0.157362    -2.340873
    -0.155688    -2.337829
    -0.154014    -2.334885
    -0.152340    -2.332035
    -0.150666    -2.329272
    -0.148992    -2.326592
    -0.147318    -2.323990
    -0.145644    -2.321462
    -0.143970    -2.319002
    -0.142296    -2.316609
    -0.140622    -2.314277
    -0.138948    -2.312004
    -0.137274    -2.309787
    -0.135599    -2.307623
    -0.133925    -2.305510
    -0.132251    -2.303446
    -0.130577    -2.301427
    -0.128903    -2.299454
    -0.127229    -2.297522
    -0.125555    -2.295632
    -0.123881    -2.293782
    -0.122207    -2.291969
    -0.120533    -2.290194
    -0.118859    -2.288454
    -0.117185    -2.286749
    -0.115511    -2.285079
    -0.113837    -2.283441
    -0.112163    -2.281835
    -0.110488    -2.280261
    -0.108814    -2.278717
    -0.107140    -2.277204
    -0.105466    -2.275720
    -0.103792    -2.274266
    -0.102118    -2.272840
    -0.100444    -2.271443
    -0.098770    -2.270073
    -0.097096    -2.268731
    -0.095422    -2.267416
    -0.093748    -2.266128
    -0.092074    -2.264866
    -0.090400    -2.263632
    -0.088726    -2.262423
    -0.087051    -2.261240
    -0.085377    -2.260084
    -0.083703    -2.258953
    -0.082029    -2.257848
    -0.080355    -2.256768
    -0.078681    -2.255714
    -0.077007    -2.254685
    -0.075333    -2.253681
    -0.073659    -2.252703
    -0.071985    -2.251750
    -0.070311    -2.250821
    -0.068637    -2.249918
    -0.066963    -2.249041
    -0.065289    -2.248188
    -0.063615    -2.247360
    -0.061940    -2.246557
    -0.060266    -2.245780
    -0.058592    -2.245027
    -0.056918    -2.244300
    -0.055244    -2.243597
    -0.053570    -2.242920
    -0.051896    -2.242268
    -0.050222    -2.241642
    -0.048548    -2.241040
    -0.046874    -2.240464
    -0.045200    -2.239913
    -0.043526    -2.239387
    -0.041852    -2.238887
    -0.040178    -2.238412
    -0.038504    -2.237963
    -0.036829    -2.237539
    -0.035155    -2.237141
    -0.033481    -2.236769
    -0.031807    -2.236422
    -0.030133    -2.236101
    -0.028459    -2.235805
    -0.026785    -2.235536
    -0.025111    -2.235292
    -0.023437    -2.235074
    -0.021763    -2.234882
    -0.020089    -2.234716
    -0.018415    -2.234577
    -0.016741    -2.234463
    -0.015067    -2.234375
    -0.013393    -2.234314
    -0.011718    -2.234279
    -0.010044    -2.234270
    -0.008370    -2.234287
    -0.006696    -2.234331
    -0.005022    -2.234402
    -0.003348    -2.234498
    -0.001674    -2.234621
     0.000000    -2.234761
     0.001674    -2.234614
     0.003348    -2.234491
     0.005022    -2.234394
     0.006696    -2.234324
     0.008370    -2.234281
     0.010044    -2.234263
     0.011718    -2.234272
     0.013393    -2.234308
     0.015067    -2.234369
     0.016741    -2.234457
     0.018415    -2.234571
     0.020089    -2.234711
     0.021763    -2.234877
     0.023437    -2.235069
     0.025111    -2.235287
     0.026785    -2.235531
     0.028459    -2.235801
     0.030133    -2.236097
     0.031807    -2.236418
     0.033481    -2.236765
     0.035155    -2.237138
     0.036829    -2.237537
     0.038504    -2.237961
     0.040178    -2.238410
     0.041852    -2.238885
     0.043526    -2.239386
     0.045200    -2.239912
     0.046874    -2.240463
     0.048548    -2.241039
     0.050222    -2.241641
     0.051896    -2.242268
     0.053570    -2.242921
     0.055244    -2.243598
     0.056918    -2.244301
     0.058592    -2.245028
     0.060266    -2.245781
     0.061940    -2.246559
     0.063615    -2.247362
     0.065289    -2.248190
     0.066963    -2.249043
     0.068637    -2.249922
     0.070311    -2.250825
     0.071985    -2.251753
     0.073659    -2.252707
     0.075333    -2.253686
     0.077007    -2.254690
     0.078681    -2.255719
     0.080355    -2.256773
     0.082029    -2.257853
     0.083703    -2.258959
     0.085377    -2.260090
     0.087051    -2.261247
     0.088726    -2.262430
     0.090400    -2.263639
     0.092074    -2.264874
     0.093748    -2.266136
     0.095422    -2.267424
     0.097096    -2.268739
     0.098770    -2.270081
     0.100444    -2.271451
     0.102118    -2.272849
     0.103792    -2.274275
     0.105466    -2.275730
     0.107140    -2.277214
     0.108814    -2.278727
     0.110488    -2.280271
     0.112163    -2.281845
     0.113837    -2.283451
     0.115511    -2.285089
     0.117185    -2.286761
     0.118859    -2.288465
     0.120533    -2.290205
     0.122207    -2.291981
     0.123881    -2.293793
     0.125555    -2.295644
     0.127229    -2.297534
     0.128903    -2.299466
     0.130577    -2.301440
     0.132251    -2.303458
     0.133925    -2.305523
     0.135599    -2.307636
     0.137274    -2.309800
     0.138948    -2.312017
     0.140622    -2.314289
     0.142296    -2.316621
     0.143970    -2.319015
     0.145644    -2.321474
     0.147318    -2.324002
     0.148992    -2.326604
     0.150666    -2.329284
     0.152340    -2.332047
     0.154014    -2.334897
     0.155688    -2.337841
     0.157362    -2.340885
     0.159036    -2.344034
     0.160710    -2.347296
     0.162385    -2.350679
     0.164059    -2.354190
     0.165733    -2.357836
     0.167407    -2.361627


    -0.167407    -2.144277
    -0.165733    -2.136372
    -0.164059    -2.128377
    -0.162385    -2.120303
    -0.160710    -2.112160
    -0.159036    -2.103957
    -0.157362    -2.095703
    -0.155688    -2.087407
    -0.154014    -2.079077
    -0.152340    -2.070720
    -0.150666    -2.062344
    -0.148992    -2.053956
    -0.147318    -2.045563
    -0.145644    -2.037170
    -0.143970    -2.028784
    -0.142296    -2.020410
    -0.140622    -2.012053
    -0.138948    -2.003718
    -0.137274    -1.995409
    -0.135599    -1.987132
    -0.133925    -1.978890
    -0.132251    -1.970686
    -0.130577    -1.962526
    -0.128903    -1.954412
    -0.127229    -1.946347
    -0.125555    -1.938334
    -0.123881    -1.930378
    -0.122207    -1.922479
    -0.120533    -1.914642
    -0.118859    -1.906868
    -0.117185    -1.899160
    -0.115511    -1.891520
    -0.113837    -1.883950
    -0.112163    -1.876453
    -0.110488    -1.869029
    -0.108814    -1.861682
    -0.107140    -1.854412
    -0.105466    -1.847221
    -0.103792    -1.840111
    -0.102118    -1.833083
    -0.100444    -1.826137
    -0.098770    -1.819277
    -0.097096    -1.812501
    -0.095422    -1.805812
    -0.093748    -1.799211
    -0.092074    -1.792698
    -0.090400    -1.786273
    -0.088726    -1.779938
    -0.087051    -1.773694
    -0.085377    -1.767540
    -0.083703    -1.761478
    -0.082029    -1.755507
    -0.080355    -1.749629
    -0.078681    -1.743844
    -0.077007    -1.738152
    -0.075333    -1.732555
    -0.073659    -1.727054
    -0.071985    -1.721654
    -0.070311    -1.716362
    -0.068637    -1.711190
    -0.066963    -1.706143
    -0.065289    -1.701208
    -0.063615    -1.696369
    -0.061940    -1.691615
    -0.060266    -1.686943
    -0.058592    -1.682350
    -0.056918    -1.677835
    -0.055244    -1.673398
    -0.053570    -1.669038
    -0.051896    -1.664756
    -0.050222    -1.660550
    -0.048548    -1.656422
    -0.046874    -1.652370
    -0.045200    -1.648395
    -0.043526    -1.644497
    -0.041852    -1.640676
    -0.040178    -1.636931
    -0.038504    -1.633264
    -0.036829    -1.629673
    -0.035155    -1.626160
    -0.033481    -1.622724
    -0.031807    -1.619365
    -0.030133    -1.616085
    -0.028459    -1.612882
    -0.026785    -1.609758
    -0.025111    -1.606714
    -0.023437    -1.603750
    -0.021763    -1.600868
    -0.020089    -1.598069
    -0.018415    -1.595356
    -0.016741    -1.592732
    -0.015067    -1.590201
    -0.013393    -1.587769
    -0.011718    -1.585447
    -0.010044    -1.583248
    -0.008370    -1.581194
    -0.006696    -1.579318
    -0.005022    -1.577676
    -0.003348    -1.576352
    -0.001674    -1.575460
     0.000000    -1.575125
     0.001674    -1.575456
     0.003348    -1.576345
     0.005022    -1.577668
     0.006696    -1.579309
     0.008370    -1.581183
     0.010044    -1.583237
     0.011718    -1.585435
     0.013393    -1.587757
     0.015067    -1.590188
     0.016741    -1.592719
     0.018415    -1.595343
     0.020089    -1.598056
     0.021763    -1.600854
     0.023437    -1.603736
     0.025111    -1.606700
     0.026785    -1.609744
     0.028459    -1.612868
     0.030133    -1.616070
     0.031807    -1.619351
     0.033481    -1.622709
     0.035155    -1.626145
     0.036829    -1.629658
     0.038504    -1.633249
     0.040178    -1.636916
     0.041852    -1.640660
     0.043526    -1.644482
     0.045200    -1.648380
     0.046874    -1.652354
     0.048548    -1.656406
     0.050222    -1.660535
     0.051896    -1.664740
     0.053570    -1.669022
     0.055244    -1.673382
     0.056918    -1.677819
     0.058592    -1.682333
     0.060266    -1.686926
     0.061940    -1.691598
     0.063615    -1.696351
     0.065289    -1.701189
     0.066963    -1.706123
     0.068637    -1.711169
     0.070311    -1.716340
     0.071985    -1.721632
     0.073659    -1.727032
     0.075333    -1.732533
     0.077007    -1.738130
     0.078681    -1.743822
     0.080355    -1.749607
     0.082029    -1.755485
     0.083703    -1.761455
     0.085377    -1.767517
     0.087051    -1.773671
     0.088726    -1.779915
     0.090400    -1.786250
     0.092074    -1.792674
     0.093748    -1.799187
     0.095422    -1.805789
     0.097096    -1.812477
     0.098770    -1.819253
     0.100444    -1.826113
     0.102118    -1.833058
     0.103792    -1.840087
     0.105466    -1.847197
     0.107140    -1.854388
     0.108814    -1.861658
     0.110488    -1.869005
     0.112163    -1.876429
     0.113837    -1.883926
     0.115511    -1.891496
     0.117185    -1.899136
     0.118859    -1.906844
     0.120533    -1.914618
     0.122207    -1.922456
     0.123881    -1.930354
     0.125555    -1.938311
     0.127229    -1.946324
     0.128903    -1.954389
     0.130577    -1.962503
     0.132251    -1.970664
     0.133925    -1.978868
     0.135599    -1.987110
     0.137274    -1.995388
     0.138948    -2.003697
     0.140622    -2.012032
     0.142296    -2.020389
     0.143970    -2.028764
     0.145644    -2.037150
     0.147318    -2.045544
     0.148992    -2.053937
     0.150666    -2.062326
     0.152340    -2.070702
     0.154014    -2.079059
     0.155688    -2.087390
     0.157362    -2.095686
     0.159036    -2.103941
     0.160710    -2.112144
     0.162385    -2.120288
     0.164059    -2.128362
     0.165733    -2.136357
     0.167407    -2.144263


    -0.167407    -2.108885
    -0.165733    -2.101555
    -0.164059    -2.094179
    -0.162385    -2.086762
    -0.160710    -2.079308
    -0.159036    -2.071822
    -0.157362    -2.064310
    -0.155688    -2.056775
    -0.154014    -2.049224
    -0.152340    -2.041659
    -0.150666    -2.034086
    -0.148992    -2.026508
    -0.147318    -2.018931
    -0.145644    -2.011357
    -0.143970    -2.003792
    -0.142296    -1.996238
    -0.140622    -1.988699
    -0.138948    -1.981179
    -0.137274    -1.973681
    -0.135599    -1.966209
    -0.133925    -1.958764
    -0.132251    -1.951351
    -0.130577    -1.943972
    -0.128903    -1.936629
    -0.127229    -1.929325
    -0.125555    -1.922063
    -0.123881    -1.914845
    -0.122207    -1.907673
    -0.120533    -1.900549
    -0.118859    -1.893476
    -0.117185    -1.886454
    -0.115511    -1.879486
    -0.113837    -1.872573
    -0.112163    -1.865718
    -0.110488    -1.858921
    -0.108814    -1.852184
    -0.107140    -1.845508
    -0.105466    -1.838894
    -0.103792    -1.832345
    -0.102118    -1.825860
    -0.100444    -1.819441
    -0.098770    -1.813089
    -0.097096    -1.806804
    -0.095422    -1.800588
    -0.093748    -1.794441
    -0.092074    -1.788365
    -0.090400    -1.782359
    -0.088726    -1.776424
    -0.087051    -1.770560
    -0.085377    -1.764770
    -0.083703    -1.759051
    -0.082029    -1.753406
    -0.080355    -1.747833
    -0.078681    -1.742334
    -0.077007    -1.736908
    -0.075333    -1.731554
    -0.073659    -1.726270
    -0.071985    -1.721053
    -0.070311    -1.715896
    -0.068637    -1.710786
    -0.066963    -1.705719
    -0.065289    -1.700706
    -0.063615    -1.695766
    -0.061940    -1.690907
    -0.060266    -1.686134
    -0.058592    -1.681447
    -0.056918    -1.676848
    -0.055244    -1.672338
    -0.053570    -1.667915
    -0.051896    -1.663580
    -0.050222    -1.659333
    -0.048548    -1.655172
    -0.046874    -1.651098
    -0.045200    -1.647110
    -0.043526    -1.643207
    -0.041852    -1.639390
    -0.040178    -1.635657
    -0.038504    -1.632008
    -0.036829    -1.628443
    -0.035155    -1.624961
    -0.033481    -1.621561
    -0.031807    -1.618245
    -0.030133    -1.615010
    -0.028459    -1.611858
    -0.026785    -1.608788
    -0.025111    -1.605800
    -0.023437    -1.602895
    -0.021763    -1.600074
    -0.020089    -1.597337
    -0.018415    -1.594686
    -0.016741    -1.592125
    -0.015067    -1.589657
    -0.013393    -1.587289
    -0.011718    -1.585028
    -0.010044    -1.582890
    -0.008370    -1.580896
    -0.006696    -1.579079
    -0.005022    -1.577495
    -0.003348    -1.576229
    -0.001674    -1.575397
     0.000000    -1.575119
     0.001674    -1.575396
     0.003348    -1.576226
     0.005022    -1.577491
     0.006696    -1.579074
     0.008370    -1.580890
     0.010044    -1.582884
     0.011718    -1.585022
     0.013393    -1.587282
     0.015067    -1.589651
     0.016741    -1.592118
     0.018415    -1.594679
     0.020089    -1.597329
     0.021763    -1.600065
     0.023437    -1.602887
     0.025111    -1.605791
     0.026785    -1.608779
     0.028459    -1.611849
     0.030133    -1.615000
     0.031807    -1.618234
     0.033481    -1.621551
     0.035155    -1.624950
     0.036829    -1.628431
     0.038504    -1.631996
     0.040178    -1.635645
     0.041852    -1.639377
     0.043526    -1.643194
     0.045200    -1.647097
     0.046874    -1.651084
     0.048548    -1.655158
     0.050222    -1.659318
     0.051896    -1.663566
     0.053570    -1.667900
     0.055244    -1.672323
     0.056918    -1.676833
     0.058592    -1.681431
     0.060266    -1.686118
     0.061940    -1.690891
     0.063615    -1.695750
     0.065289    -1.700691
     0.066963    -1.705704
     0.068637    -1.710772
     0.070311    -1.715882
     0.071985    -1.721039
     0.073659    -1.726255
     0.075333    -1.731539
     0.077007    -1.736893
     0.078681    -1.742319
     0.080355    -1.747818
     0.082029    -1.753390
     0.083703    -1.759035
     0.085377    -1.764753
     0.087051    -1.770544
     0.088726    -1.776407
     0.090400    -1.782342
     0.092074    -1.788348
     0.093748    -1.794425
     0.095422    -1.800571
     0.097096    -1.806787
     0.098770    -1.813072
     0.100444    -1.819424
     0.102118    -1.825843
     0.103792    -1.832327
     0.105466    -1.838877
     0.107140    -1.845490
     0.108814    -1.852166
     0.110488    -1.858903
     0.112163    -1.865700
     0.113837    -1.872555
     0.115511    -1.879468
     0.117185    -1.886435
     0.118859    -1.893457
     0.120533    -1.900531
     0.122207    -1.907655
     0.123881    -1.914827
     0.125555    -1.922045
     0.127229    -1.929307
     0.128903    -1.936610
     0.130577    -1.943953
     0.132251    -1.951332
     0.133925    -1.958745
     0.135599    -1.966190
     0.137274    -1.973662
     0.138948    -1.981160
     0.140622    -1.988680
     0.142296    -1.996219
     0.143970    -2.003773
     0.145644    -2.011338
     0.147318    -2.018912
     0.148992    -2.026489
     0.150666    -2.034066
     0.152340    -2.041640
     0.154014    -2.049205
     0.155688    -2.056756
     0.157362    -2.064291
     0.159036    -2.071804
     0.160710    -2.079289
     0.162385    -2.086743
     0.164059    -2.094161
     0.165733    -2.101537
     0.167407    -2.108867


    -0.167407    -1.658531
    -0.165733    -1.655612
    -0.164059    -1.652715
    -0.162385    -1.649842
    -0.160710    -1.646994
    -0.159036    -1.644169
    -0.157362    -1.641369
    -0.155688    -1.638595
    -0.154014    -1.635847
    -0.152340    -1.633125
    -0.150666    -1.630431
    -0.148992    -1.627763
    -0.147318    -1.625124
    -0.145644    -1.622513
    -0.143970    -1.619931
    -0.142296    -1.617379
    -0.140622    -1.614856
    -0.138948    -1.612364
    -0.137274    -1.609904
    -0.135599    -1.607475
    -0.133925    -1.605078
    -0.132251    -1.602715
    -0.130577    -1.600384
    -0.128903    -1.598088
    -0.127229    -1.595826
    -0.125555    -1.593599
    -0.123881    -1.591407
    -0.122207    -1.589252
    -0.120533    -1.587134
    -0.118859    -1.585054
    -0.117185    -1.583011
    -0.115511    -1.581007
    -0.113837    -1.579042
    -0.112163    -1.577116
    -0.110488    -1.575232
    -0.108814    -1.573388
    -0.107140    -1.571585
    -0.105466    -1.569825
    -0.103792    -1.568108
    -0.102118    -1.566434
    -0.100444    -1.564804
    -0.098770    -1.563218
    -0.097096    -1.561678
    -0.095422    -1.560183
    -0.093748    -1.558735
    -0.092074    -1.557334
    -0.090400    -1.555980
    -0.088726    -1.554674
    -0.087051    -1.553417
    -0.085377    -1.552209
    -0.083703    -1.551050
    -0.082029    -1.549943
    -0.080355    -1.548886
    -0.078681    -1.547880
    -0.077007    -1.546927
    -0.075333    -1.546026
    -0.073659    -1.545178
    -0.071985    -1.544383
    -0.070311    -1.543643
    -0.068637    -1.542957
    -0.066963    -1.542327
    -0.065289    -1.541752
    -0.063615    -1.541233
    -0.061940    -1.540771
    -0.060266    -1.540365
    -0.058592    -1.540018
    -0.056918    -1.539728
    -0.055244    -1.539496
    -0.053570    -1.539323
    -0.051896    -1.539209
    -0.050222    -1.539154
    -0.048548    -1.539160
    -0.046874    -1.539226
    -0.045200    -1.539352
    -0.043526    -1.539539
    -0.041852    -1.539787
    -0.040178    -1.540096
    -0.038504    -1.540467
    -0.036829    -1.540900
    -0.035155    -1.541394
    -0.033481    -1.541951
    -0.031807    -1.542569
    -0.030133    -1.543249
    -0.028459    -1.543992
    -0.026785    -1.544796
    -0.025111    -1.545661
    -0.023437    -1.546588
    -0.021763    -1.547575
    -0.020089    -1.548621
    -0.018415    -1.549724
    -0.016741    -1.550879
    -0.015067    -1.552080
    -0.013393    -1.553319
    -0.011718    -1.554584
    -0.010044    -1.555862
    -0.008370    -1.557131
    -0.006696    -1.558356
    -0.005022    -1.559484
    -0.003348    -1.560429
    -0.001674    -1.561077
     0.000000    -1.561308
     0.001674    -1.561069
     0.003348    -1.560420
     0.005022    -1.559475
     0.006696    -1.558349
     0.008370    -1.557125
     0.010044    -1.555858
     0.011718    -1.554581
     0.013393    -1.553317
     0.015067    -1.552080
     0.016741    -1.550881
     0.018415    -1.549729
     0.020089    -1.548628
     0.021763    -1.547585
     0.023437    -1.546599
     0.025111    -1.545674
     0.026785    -1.544809
     0.028459    -1.544006
     0.030133    -1.543264
     0.031807    -1.542584
     0.033481    -1.541965
     0.035155    -1.541409
     0.036829    -1.540914
     0.038504    -1.540482
     0.040178    -1.540111
     0.041852    -1.539801
     0.043526    -1.539553
     0.045200    -1.539366
     0.046874    -1.539240
     0.048548    -1.539174
     0.050222    -1.539168
     0.051896    -1.539223
     0.053570    -1.539336
     0.055244    -1.539509
     0.056918    -1.539741
     0.058592    -1.540031
     0.060266    -1.540378
     0.061940    -1.540784
     0.063615    -1.541246
     0.065289    -1.541764
     0.066963    -1.542339
     0.068637    -1.542970
     0.070311    -1.543655
     0.071985    -1.544395
     0.073659    -1.545189
     0.075333    -1.546037
     0.077007    -1.546938
     0.078681    -1.547891
     0.080355    -1.548896
     0.082029    -1.549953
     0.083703    -1.551061
     0.085377    -1.552218
     0.087051    -1.553426
     0.088726    -1.554683
     0.090400    -1.555989
     0.092074    -1.557342
     0.093748    -1.558744
     0.095422    -1.560192
     0.097096    -1.561686
     0.098770    -1.563226
     0.100444    -1.564811
     0.102118    -1.566441
     0.103792    -1.568115
     0.105466    -1.569832
     0.107140    -1.571592
     0.108814    -1.573394
     0.110488    -1.575237
     0.112163    -1.577122
     0.113837    -1.579047
     0.115511    -1.581011
     0.117185    -1.583015
     0.118859    -1.585058
     0.120533    -1.587138
     0.122207    -1.589256
     0.123881    -1.591411
     0.125555    -1.593602
     0.127229    -1.595829
     0.128903    -1.598090
     0.130577    -1.600387
     0.132251    -1.602717
     0.133925    -1.605080
     0.135599    -1.607477
     0.137274    -1.609905
     0.138948    -1.612366
     0.140622    -1.614857
     0.142296    -1.617379
     0.143970    -1.619932
     0.145644    -1.622513
     0.147318    -1.625124
     0.148992    -1.627763
     0.150666    -1.630430
     0.152340    -1.633125
     0.154014    -1.635847
     0.155688    -1.638595
     0.157362    -1.641369
     0.159036    -1.644168
     0.160710    -1.646992
     0.162385    -1.649841
     0.164059    -1.652714
     0.165733    -1.655610
     0.167407    -1.658530


    -0.167407    -1.639123
    -0.165733    -1.636230
    -0.164059    -1.633372
    -0.162385    -1.630551
    -0.160710    -1.627767
    -0.159036    -1.625020
    -0.157362    -1.622310
    -0.155688    -1.619637
    -0.154014    -1.617003
    -0.152340    -1.614406
    -0.150666    -1.611849
    -0.148992    -1.609329
    -0.147318    -1.606849
    -0.145644    -1.604409
    -0.143970    -1.602008
    -0.142296    -1.599646
    -0.140622    -1.597325
    -0.138948    -1.595044
    -0.137274    -1.592804
    -0.135599    -1.590604
    -0.133925    -1.588445
    -0.132251    -1.586328
    -0.130577    -1.584252
    -0.128903    -1.582217
    -0.127229    -1.580224
    -0.125555    -1.578274
    -0.123881    -1.576365
    -0.122207    -1.574499
    -0.120533    -1.572676
    -0.118859    -1.570895
    -0.117185    -1.569157
    -0.115511    -1.567462
    -0.113837    -1.565811
    -0.112163    -1.564203
    -0.110488    -1.562639
    -0.108814    -1.561119
    -0.107140    -1.559643
    -0.105466    -1.558210
    -0.103792    -1.556823
    -0.102118    -1.555480
    -0.100444    -1.554182
    -0.098770    -1.552928
    -0.097096    -1.551720
    -0.095422    -1.550557
    -0.093748    -1.549440
    -0.092074    -1.548368
    -0.090400    -1.547343
    -0.088726    -1.546363
    -0.087051    -1.545430
    -0.085377    -1.544543
    -0.083703    -1.543703
    -0.082029    -1.542910
    -0.080355    -1.542163
    -0.078681    -1.541465
    -0.077007    -1.540813
    -0.075333    -1.540210
    -0.073659    -1.539654
    -0.071985    -1.539147
    -0.070311    -1.538688
    -0.068637    -1.538278
    -0.066963    -1.537916
    -0.065289    -1.537604
    -0.063615    -1.537341
    -0.061940    -1.537128
    -0.060266    -1.536964
    -0.058592    -1.536851
    -0.056918    -1.536787
    -0.055244    -1.536775
    -0.053570    -1.536813
    -0.051896    -1.536902
    -0.050222    -1.537043
    -0.048548    -1.537234
    -0.046874    -1.537478
    -0.045200    -1.537774
    -0.043526    -1.538122
    -0.041852    -1.538522
    -0.040178    -1.538974
    -0.038504    -1.539480
    -0.036829    -1.540038
    -0.035155    -1.540649
    -0.033481    -1.541313
    -0.031807    -1.542030
    -0.030133    -1.542800
    -0.028459    -1.543622
    -0.026785    -1.544496
    -0.025111    -1.545421
    -0.023437    -1.546397
    -0.021763    -1.547420
    -0.020089    -1.548491
    -0.018415    -1.549606
    -0.016741    -1.550765
    -0.015067    -1.551966
    -0.013393    -1.553204
    -0.011718    -1.554471
    -0.010044    -1.555753
    -0.008370    -1.557030
    -0.006696    -1.558267
    -0.005022    -1.559409
    -0.003348    -1.560371
    -0.001674    -1.561036
     0.000000    -1.561282
     0.001674    -1.561049
     0.003348    -1.560389
     0.005022    -1.559427
     0.006696    -1.558285
     0.008370    -1.557048
     0.010044    -1.555770
     0.011718    -1.554487
     0.013393    -1.553219
     0.015067    -1.551979
     0.016741    -1.550776
     0.018415    -1.549614
     0.020089    -1.548496
     0.021763    -1.547423
     0.023437    -1.546397
     0.025111    -1.545420
     0.026785    -1.544494
     0.028459    -1.543619
     0.030133    -1.542796
     0.031807    -1.542026
     0.033481    -1.541309
     0.035155    -1.540645
     0.036829    -1.540033
     0.038504    -1.539475
     0.040178    -1.538969
     0.041852    -1.538516
     0.043526    -1.538116
     0.045200    -1.537768
     0.046874    -1.537472
     0.048548    -1.537229
     0.050222    -1.537036
     0.051896    -1.536896
     0.053570    -1.536807
     0.055244    -1.536768
     0.056918    -1.536781
     0.058592    -1.536844
     0.060266    -1.536957
     0.061940    -1.537121
     0.063615    -1.537334
     0.065289    -1.537597
     0.066963    -1.537909
     0.068637    -1.538271
     0.070311    -1.538681
     0.071985    -1.539140
     0.073659    -1.539647
     0.075333    -1.540203
     0.077007    -1.540806
     0.078681    -1.541458
     0.080355    -1.542156
     0.082029    -1.542902
     0.083703    -1.543696
     0.085377    -1.544536
     0.087051    -1.545423
     0.088726    -1.546356
     0.090400    -1.547336
     0.092074    -1.548361
     0.093748    -1.549433
     0.095422    -1.550550
     0.097096    -1.551713
     0.098770    -1.552921
     0.100444    -1.554175
     0.102118    -1.555473
     0.103792    -1.556816
     0.105466    -1.558204
     0.107140    -1.559636
     0.108814    -1.561112
     0.110488    -1.562633
     0.112163    -1.564197
     0.113837    -1.565805
     0.115511    -1.567456
     0.117185    -1.569151
     0.118859    -1.570889
     0.120533    -1.572670
     0.122207    -1.574494
     0.123881    -1.576360
     0.125555    -1.578268
     0.127229    -1.580219
     0.128903    -1.582212
     0.130577    -1.584247
     0.132251    -1.586323
     0.133925    -1.588441
     0.135599    -1.590600
     0.137274    -1.592799
     0.138948    -1.595040
     0.140622    -1.597321
     0.142296    -1.599643
     0.143970    -1.602004
     0.145644    -1.604405
     0.147318    -1.606846
     0.148992    -1.609327
     0.150666    -1.611846
     0.152340    -1.614404
     0.154014    -1.617000
     0.155688    -1.619635
     0.157362    -1.622308
     0.159036    -1.625018
     0.160710    -1.627766
     0.162385    -1.630550
     0.164059    -1.633371
     0.165733    -1.636228
     0.167407    -1.639122


    -0.167407    -1.269239
    -0.165733    -1.263665
    -0.164059    -1.258041
    -0.162385    -1.252364
    -0.160710    -1.246637
    -0.159036    -1.240858
    -0.157362    -1.235029
    -0.155688    -1.229148
    -0.154014    -1.223217
    -0.152340    -1.217236
    -0.150666    -1.211205
    -0.148992    -1.205127
    -0.147318    -1.199031
    -0.145644    -1.193432
    -0.143970    -1.187980
    -0.142296    -1.182488
    -0.140622    -1.176950
    -0.138948    -1.171365
    -0.137274    -1.165733
    -0.135599    -1.160052
    -0.133925    -1.154323
    -0.132251    -1.148544
    -0.130577    -1.142715
    -0.128903    -1.136837
    -0.127229    -1.130908
    -0.125555    -1.124928
    -0.123881    -1.118897
    -0.122207    -1.112816
    -0.120533    -1.106683
    -0.118859    -1.100499
    -0.117185    -1.094264
    -0.115511    -1.087978
    -0.113837    -1.081642
    -0.112163    -1.075255
    -0.110488    -1.068817
    -0.108814    -1.062330
    -0.107140    -1.055794
    -0.105466    -1.049210
    -0.103792    -1.042577
    -0.102118    -1.035898
    -0.100444    -1.029173
    -0.098770    -1.022403
    -0.097096    -1.015589
    -0.095422    -1.008733
    -0.093748    -1.001836
    -0.092074    -0.994900
    -0.090400    -0.987926
    -0.088726    -0.980917
    -0.087051    -0.973874
    -0.085377    -0.966799
    -0.083703    -0.959696
    -0.082029    -0.952567
    -0.080355    -0.945413
    -0.078681    -0.938239
    -0.077007    -0.931048
    -0.075333    -0.923842
    -0.073659    -0.916626
    -0.071985    -0.909403
    -0.070311    -0.902177
    -0.068637    -0.894952
    -0.066963    -0.887734
    -0.065289    -0.880526
    -0.063615    -0.873335
    -0.061940    -0.866165
    -0.060266    -0.859022
    -0.058592    -0.851913
    -0.056918    -0.844843
    -0.055244    -0.837820
    -0.053570    -0.830851
    -0.051896    -0.823942
    -0.050222    -0.817103
    -0.048548    -0.810341
    -0.046874    -0.803665
    -0.045200    -0.797084
    -0.043526    -0.790608
    -0.041852    -0.784247
    -0.040178    -0.778011
    -0.038504    -0.771910
    -0.036829    -0.765957
    -0.035155    -0.760161
    -0.033481    -0.754536
    -0.031807    -0.749092
    -0.030133    -0.743842
    -0.028459    -0.738798
    -0.026785    -0.733971
    -0.025111    -0.729375
    -0.023437    -0.725020
    -0.021763    -0.720917
    -0.020089    -0.717078
    -0.018415    -0.713514
    -0.016741    -0.710232
    -0.015067    -0.707243
    -0.013393    -0.704553
    -0.011718    -0.702170
    -0.010044    -0.700098
    -0.008370    -0.698343
    -0.006696    -0.696906
    -0.005022    -0.695791
    -0.003348    -0.694997
    -0.001674    -0.694522
     0.000000    -0.694362
     0.001674    -0.694517
     0.003348    -0.694987
     0.005022    -0.695783
     0.006696    -0.696899
     0.008370    -0.698336
     0.010044    -0.700092
     0.011718    -0.702164
     0.013393    -0.704547
     0.015067    -0.707236
     0.016741    -0.710226
     0.018415    -0.713507
     0.020089    -0.717072
     0.021763    -0.720910
     0.023437    -0.725013
     0.025111    -0.729368
     0.026785    -0.733964
     0.028459    -0.738791
     0.030133    -0.743835
     0.031807    -0.749085
     0.033481    -0.754529
     0.035155    -0.760154
     0.036829    -0.765950
     0.038504    -0.771903
     0.040178    -0.778004
     0.041852    -0.784240
     0.043526    -0.790601
     0.045200    -0.797077
     0.046874    -0.803658
     0.048548    -0.810334
     0.050222    -0.817096
     0.051896    -0.823936
     0.053570    -0.830844
     0.055244    -0.837814
     0.056918    -0.844837
     0.058592    -0.851907
     0.060266    -0.859017
     0.061940    -0.866160
     0.063615    -0.873330
     0.065289    -0.880521
     0.066963    -0.887729
     0.068637    -0.894948
     0.070311    -0.902172
     0.071985    -0.909398
     0.073659    -0.916622
     0.075333    -0.923838
     0.077007    -0.931044
     0.078681    -0.938236
     0.080355    -0.945410
     0.082029    -0.952563
     0.083703    -0.959693
     0.085377    -0.966797
     0.087051    -0.973871
     0.088726    -0.980914
     0.090400    -0.987924
     0.092074    -0.994897
     0.093748    -1.001834
     0.095422    -1.008731
     0.097096    -1.015587
     0.098770    -1.022401
     0.100444    -1.029171
     0.102118    -1.035897
     0.103792    -1.042576
     0.105466    -1.049209
     0.107140    -1.055793
     0.108814    -1.062330
     0.110488    -1.068817
     0.112163    -1.075254
     0.113837    -1.081641
     0.115511    -1.087978
     0.117185    -1.094264
     0.118859    -1.100499
     0.120533    -1.106683
     0.122207    -1.112816
     0.123881    -1.118897
     0.125555    -1.124928
     0.127229    -1.130908
     0.128903    -1.136837
     0.130577    -1.142716
     0.132251    -1.148544
     0.133925    -1.154323
     0.135599    -1.160053
     0.137274    -1.165733
     0.138948    -1.171366
     0.140622    -1.176950
     0.142296    -1.182488
     0.143970    -1.187979
     0.145644    -1.193430
     0.147318    -1.199017
     0.148992    -1.205115
     0.150666    -1.211193
     0.152340    -1.217224
     0.154014    -1.223205
     0.155688    -1.229135
     0.157362    -1.235016
     0.159036    -1.240845
     0.160710    -1.246623
     0.162385    -1.252350
     0.164059    -1.258026
     0.165733    -1.263650
     0.167407    -1.269223


    -0.167407    -1.260249
    -0.165733    -1.255350
    -0.164059    -1.250412
    -0.162385    -1.245436
    -0.160710    -1.240421
    -0.159036    -1.235366
    -0.157362    -1.230271
    -0.155688    -1.225134
    -0.154014    -1.219955
    -0.152340    -1.214733
    -0.150666    -1.209467
    -0.148992    -1.204155
    -0.147318    -1.198766
    -0.145644    -1.192788
    -0.143970    -1.186567
    -0.142296    -1.180292
    -0.140622    -1.173968
    -0.138948    -1.167597
    -0.137274    -1.161179
    -0.135599    -1.154716
    -0.133925    -1.148209
    -0.132251    -1.141657
    -0.130577    -1.135063
    -0.128903    -1.128427
    -0.127229    -1.121751
    -0.125555    -1.115034
    -0.123881    -1.108280
    -0.122207    -1.101488
    -0.120533    -1.094660
    -0.118859    -1.087798
    -0.117185    -1.080903
    -0.115511    -1.073977
    -0.113837    -1.067020
    -0.112163    -1.060035
    -0.110488    -1.053024
    -0.108814    -1.045988
    -0.107140    -1.038929
    -0.105466    -1.031849
    -0.103792    -1.024749
    -0.102118    -1.017633
    -0.100444    -1.010502
    -0.098770    -1.003359
    -0.097096    -0.996205
    -0.095422    -0.989043
    -0.093748    -0.981876
    -0.092074    -0.974706
    -0.090400    -0.967535
    -0.088726    -0.960367
    -0.087051    -0.953204
    -0.085377    -0.946049
    -0.083703    -0.938905
    -0.082029    -0.931774
    -0.080355    -0.924661
    -0.078681    -0.917567
    -0.077007    -0.910498
    -0.075333    -0.903455
    -0.073659    -0.896442
    -0.071985    -0.889463
    -0.070311    -0.882522
    -0.068637    -0.875622
    -0.066963    -0.868767
    -0.065289    -0.861962
    -0.063615    -0.855209
    -0.061940    -0.848514
    -0.060266    -0.841882
    -0.058592    -0.835315
    -0.056918    -0.828819
    -0.055244    -0.822400
    -0.053570    -0.816060
    -0.051896    -0.809807
    -0.050222    -0.803644
    -0.048548    -0.797578
    -0.046874    -0.791613
    -0.045200    -0.785756
    -0.043526    -0.780012
    -0.041852    -0.774388
    -0.040178    -0.768890
    -0.038504    -0.763524
    -0.036829    -0.758297
    -0.035155    -0.753216
    -0.033481    -0.748288
    -0.031807    -0.743521
    -0.030133    -0.738922
    -0.028459    -0.734498
    -0.026785    -0.730259
    -0.025111    -0.726211
    -0.023437    -0.722364
    -0.021763    -0.718726
    -0.020089    -0.715306
    -0.018415    -0.712112
    -0.016741    -0.709153
    -0.015067    -0.706438
    -0.013393    -0.703976
    -0.011718    -0.701776
    -0.010044    -0.699845
    -0.008370    -0.698192
    -0.006696    -0.696825
    -0.005022    -0.695750
    -0.003348    -0.694974
    -0.001674    -0.694505
     0.000000    -0.694350
     0.001674    -0.694510
     0.003348    -0.694982
     0.005022    -0.695756
     0.006696    -0.696829
     0.008370    -0.698195
     0.010044    -0.699847
     0.011718    -0.701777
     0.013393    -0.703978
     0.015067    -0.706439
     0.016741    -0.709154
     0.018415    -0.712112
     0.020089    -0.715306
     0.021763    -0.718726
     0.023437    -0.722364
     0.025111    -0.726211
     0.026785    -0.730258
     0.028459    -0.734497
     0.030133    -0.738921
     0.031807    -0.743520
     0.033481    -0.748287
     0.035155    -0.753215
     0.036829    -0.758296
     0.038504    -0.763523
     0.040178    -0.768889
     0.041852    -0.774387
     0.043526    -0.780011
     0.045200    -0.785755
     0.046874    -0.791612
     0.048548    -0.797577
     0.050222    -0.803643
     0.051896    -0.809806
     0.053570    -0.816060
     0.055244    -0.822399
     0.056918    -0.828819
     0.058592    -0.835315
     0.060266    -0.841881
     0.061940    -0.848514
     0.063615    -0.855209
     0.065289    -0.861962
     0.066963    -0.868767
     0.068637    -0.875622
     0.070311    -0.882522
     0.071985    -0.889463
     0.073659    -0.896442
     0.075333    -0.903455
     0.077007    -0.910498
     0.078681    -0.917568
     0.080355    -0.924661
     0.082029    -0.931774
     0.083703    -0.938905
     0.085377    -0.946049
     0.087051    -0.953204
     0.088726    -0.960367
     0.090400    -0.967535
     0.092074    -0.974706
     0.093748    -0.981876
     0.095422    -0.989043
     0.097096    -0.996204
     0.098770    -1.003358
     0.100444    -1.010501
     0.102118    -1.017632
     0.103792    -1.024748
     0.105466    -1.031847
     0.107140    -1.038927
     0.108814    -1.045986
     0.110488    -1.053022
     0.112163    -1.060033
     0.113837    -1.067018
     0.115511    -1.073974
     0.117185    -1.080900
     0.118859    -1.087795
     0.120533    -1.094657
     0.122207    -1.101484
     0.123881    -1.108275
     0.125555    -1.115029
     0.127229    -1.121745
     0.128903    -1.128421
     0.130577    -1.135057
     0.132251    -1.141651
     0.133925    -1.148202
     0.135599    -1.154709
     0.137274    -1.161172
     0.138948    -1.167589
     0.140622    -1.173960
     0.142296    -1.180284
     0.143970    -1.186559
     0.145644    -1.192780
     0.147318    -1.198771
     0.148992    -1.204157
     0.150666    -1.209469
     0.152340    -1.214735
     0.154014    -1.219956
     0.155688    -1.225135
     0.157362    -1.230272
     0.159036    -1.235367
     0.160710    -1.240422
     0.162385    -1.245438
     0.164059    -1.250414
     0.165733    -1.255351
     0.167407    -1.260251


    -0.167407    -0.475001
    -0.165733    -0.470931
    -0.164059    -0.466904
    -0.162385    -0.462923
    -0.160710    -0.458987
    -0.159036    -0.455098
    -0.157362    -0.451256
    -0.155688    -0.447462
    -0.154014    -0.443716
    -0.152340    -0.440020
    -0.150666    -0.436374
    -0.148992    -0.432778
    -0.147318    -0.429235
    -0.145644    -0.425744
    -0.143970    -0.422306
    -0.142296    -0.418921
    -0.140622    -0.415592
    -0.138948    -0.412317
    -0.137274    -0.409099
    -0.135599    -0.405937
    -0.133925    -0.402832
    -0.132251    -0.399785
    -0.130577    -0.396797
    -0.128903    -0.393868
    -0.127229    -0.390999
    -0.125555    -0.388190
    -0.123881    -0.385442
    -0.122207    -0.382756
    -0.120533    -0.380131
    -0.118859    -0.377569
    -0.117185    -0.375070
    -0.115511    -0.372634
    -0.113837    -0.370261
    -0.112163    -0.367953
    -0.110488    -0.365708
    -0.108814    -0.363528
    -0.107140    -0.361413
    -0.105466    -0.359363
    -0.103792    -0.357377
    -0.102118    -0.355456
    -0.100444    -0.353600
    -0.098770    -0.351809
    -0.097096    -0.350082
    -0.095422    -0.348419
    -0.093748    -0.346820
    -0.092074    -0.345284
    -0.090400    -0.343811
    -0.088726    -0.342401
    -0.087051    -0.341051
    -0.085377    -0.339762
    -0.083703    -0.338532
    -0.082029    -0.337361
    -0.080355    -0.336247
    -0.078681    -0.335188
    -0.077007    -0.334182
    -0.075333    -0.333229
    -0.073659    -0.332326
    -0.071985    -0.331470
    -0.070311    -0.330660
    -0.068637    -0.329893
    -0.066963    -0.329165
    -0.065289    -0.328474
    -0.063615    -0.327816
    -0.061940    -0.327187
    -0.060266    -0.326584
    -0.058592    -0.326002
    -0.056918    -0.325437
    -0.055244    -0.324882
    -0.053570    -0.324334
    -0.051896    -0.323785
    -0.050222    -0.323231
    -0.048548    -0.322664
    -0.046874    -0.322076
    -0.045200    -0.321462
    -0.043526    -0.320813
    -0.041852    -0.320119
    -0.040178    -0.319374
    -0.038504    -0.318568
    -0.036829    -0.317690
    -0.035155    -0.316732
    -0.033481    -0.315682
    -0.031807    -0.314532
    -0.030133    -0.313269
    -0.028459    -0.311884
    -0.026785    -0.310366
    -0.025111    -0.308704
    -0.023437    -0.306888
    -0.021763    -0.304907
    -0.020089    -0.302752
    -0.018415    -0.300415
    -0.016741    -0.297887
    -0.015067    -0.295159
    -0.013393    -0.292227
    -0.011718    -0.289084
    -0.010044    -0.285726
    -0.008370    -0.282151
    -0.006696    -0.278355
    -0.005022    -0.274340
    -0.003348    -0.270106
    -0.001674    -0.265654
     0.000000    -0.261012
     0.001674    -0.265677
     0.003348    -0.270129
     0.005022    -0.274364
     0.006696    -0.278380
     0.008370    -0.282176
     0.010044    -0.285752
     0.011718    -0.289110
     0.013393    -0.292254
     0.015067    -0.295186
     0.016741    -0.297914
     0.018415    -0.300443
     0.020089    -0.302781
     0.021763    -0.304935
     0.023437    -0.306916
     0.025111    -0.308733
     0.026785    -0.310395
     0.028459    -0.311913
     0.030133    -0.313298
     0.031807    -0.314561
     0.033481    -0.315711
     0.035155    -0.316761
     0.036829    -0.317719
     0.038504    -0.318596
     0.040178    -0.319403
     0.041852    -0.320148
     0.043526    -0.320841
     0.045200    -0.321490
     0.046874    -0.322104
     0.048548    -0.322691
     0.050222    -0.323258
     0.051896    -0.323812
     0.053570    -0.324360
     0.055244    -0.324908
     0.056918    -0.325462
     0.058592    -0.326028
     0.060266    -0.326609
     0.061940    -0.327212
     0.063615    -0.327840
     0.065289    -0.328497
     0.066963    -0.329188
     0.068637    -0.329915
     0.070311    -0.330682
     0.071985    -0.331492
     0.073659    -0.332347
     0.075333    -0.333250
     0.077007    -0.334203
     0.078681    -0.335208
     0.080355    -0.336266
     0.082029    -0.337380
     0.083703    -0.338551
     0.085377    -0.339780
     0.087051    -0.341069
     0.088726    -0.342418
     0.090400    -0.343828
     0.092074    -0.345301
     0.093748    -0.346836
     0.095422    -0.348434
     0.097096    -0.350097
     0.098770    -0.351823
     0.100444    -0.353614
     0.102118    -0.355470
     0.103792    -0.357390
     0.105466    -0.359376
     0.107140    -0.361426
     0.108814    -0.363541
     0.110488    -0.365720
     0.112163    -0.367964
     0.113837    -0.370273
     0.115511    -0.372645
     0.117185    -0.375081
     0.118859    -0.377580
     0.120533    -0.380141
     0.122207    -0.382766
     0.123881    -0.385452
     0.125555    -0.388200
     0.127229    -0.391008
     0.128903    -0.393877
     0.130577    -0.396806
     0.132251    -0.399794
     0.133925    -0.402840
     0.135599    -0.405945
     0.137274    -0.409106
     0.138948    -0.412325
     0.140622    -0.415599
     0.142296    -0.418929
     0.143970    -0.422313
     0.145644    -0.425751
     0.147318    -0.429242
     0.148992    -0.432785
     0.150666    -0.436380
     0.152340    -0.440026
     0.154014    -0.443723
     0.155688    -0.447468
     0.157362    -0.451262
     0.159036    -0.455105
     0.160710    -0.458994
     0.162385    -0.462930
     0.164059    -0.466911
     0.165733    -0.470937
     0.167407    -0.475007


    -0.167407    -0.424040
    -0.165733    -0.418009
    -0.164059    -0.411982
    -0.162385    -0.405959
    -0.160710    -0.399941
    -0.159036    -0.393927
    -0.157362    -0.387918
    -0.155688    -0.381914
    -0.154014    -0.375915
    -0.152340    -0.369921
    -0.150666    -0.363932
    -0.148992    -0.357949
    -0.147318    -0.351971
    -0.145644    -0.346000
    -0.143970    -0.340034
    -0.142296    -0.334075
    -0.140622    -0.328121
    -0.138948    -0.322175
    -0.137274    -0.316235
    -0.135599    -0.310303
    -0.133925    -0.304378
    -0.132251    -0.298460
    -0.130577    -0.292550
    -0.128903    -0.286649
    -0.127229    -0.280756
    -0.125555    -0.274873
    -0.123881    -0.268999
    -0.122207    -0.263134
    -0.120533    -0.257281
    -0.118859    -0.251438
    -0.117185    -0.245607
    -0.115511    -0.239789
    -0.113837    -0.233984
    -0.112163    -0.228193
    -0.110488    -0.222417
    -0.108814    -0.216658
    -0.107140    -0.210916
    -0.105466    -0.205194
    -0.103792    -0.199493
    -0.102118    -0.193814
    -0.100444    -0.188160
    -0.098770    -0.182534
    -0.097096    -0.176938
    -0.095422    -0.171375
    -0.093748    -0.165850
    -0.092074    -0.160366
    -0.090400    -0.154929
    -0.088726    -0.149543
    -0.087051    -0.144216
    -0.085377    -0.138956
    -0.083703    -0.133772
    -0.082029    -0.128673
    -0.080355    -0.123673
    -0.078681    -0.118786
    -0.077007    -0.114030
    -0.075333    -0.109424
    -0.073659    -0.104992
    -0.071985    -0.100763
    -0.070311    -0.096769
    -0.068637    -0.093049
    -0.066963    -0.089646
    -0.065289    -0.086611
    -0.063615    -0.083998
    -0.061940    -0.081869
    -0.060266    -0.080284
    -0.058592    -0.079304
    -0.056918    -0.078982
    -0.055244    -0.079360
    -0.053570    -0.080463
    -0.051896    -0.082295
    -0.050222    -0.084837
    -0.048548    -0.088052
    -0.046874    -0.091888
    -0.045200    -0.096281
    -0.043526    -0.101163
    -0.041852    -0.106466
    -0.040178    -0.112125
    -0.038504    -0.118079
    -0.036829    -0.124275
    -0.035155    -0.130662
    -0.033481    -0.137199
    -0.031807    -0.143846
    -0.030133    -0.150571
    -0.028459    -0.157344
    -0.026785    -0.164137
    -0.025111    -0.170928
    -0.023437    -0.177695
    -0.021763    -0.184417
    -0.020089    -0.191077
    -0.018415    -0.197659
    -0.016741    -0.204146
    -0.015067    -0.210523
    -0.013393    -0.216778
    -0.011718    -0.222897
    -0.010044    -0.228868
    -0.008370    -0.234680
    -0.006696    -0.240322
    -0.005022    -0.245785
    -0.003348    -0.251059
    -0.001674    -0.256137
     0.000000    -0.260988
     0.001674    -0.256115
     0.003348    -0.251038
     0.005022    -0.245764
     0.006696    -0.240303
     0.008370    -0.234661
     0.010044    -0.228850
     0.011718    -0.222879
     0.013393    -0.216761
     0.015067    -0.210507
     0.016741    -0.204130
     0.018415    -0.197643
     0.020089    -0.191062
     0.021763    -0.184403
     0.023437    -0.177681
     0.025111    -0.170915
     0.026785    -0.164124
     0.028459    -0.157331
     0.030133    -0.150559
     0.031807    -0.143834
     0.033481    -0.137187
     0.035155    -0.130651
     0.036829    -0.124263
     0.038504    -0.118068
     0.040178    -0.112114
     0.041852    -0.106455
     0.043526    -0.101152
     0.045200    -0.096270
     0.046874    -0.091877
     0.048548    -0.088041
     0.050222    -0.084825
     0.051896    -0.082282
     0.053570    -0.080450
     0.055244    -0.079346
     0.056918    -0.078967
     0.058592    -0.079289
     0.060266    -0.080268
     0.061940    -0.081853
     0.063615    -0.083982
     0.065289    -0.086594
     0.066963    -0.089629
     0.068637    -0.093032
     0.070311    -0.096752
     0.071985    -0.100746
     0.073659    -0.104974
     0.075333    -0.109406
     0.077007    -0.114012
     0.078681    -0.118768
     0.080355    -0.123655
     0.082029    -0.128655
     0.083703    -0.133753
     0.085377    -0.138938
     0.087051    -0.144198
     0.088726    -0.149525
     0.090400    -0.154911
     0.092074    -0.160348
     0.093748    -0.165832
     0.095422    -0.171358
     0.097096    -0.176921
     0.098770    -0.182517
     0.100444    -0.188144
     0.102118    -0.193797
     0.103792    -0.199476
     0.105466    -0.205178
     0.107140    -0.210901
     0.108814    -0.216642
     0.110488    -0.222402
     0.112163    -0.228178
     0.113837    -0.233969
     0.115511    -0.239775
     0.117185    -0.245594
     0.118859    -0.251425
     0.120533    -0.257268
     0.122207    -0.263122
     0.123881    -0.268987
     0.125555    -0.274861
     0.127229    -0.280746
     0.128903    -0.286639
     0.130577    -0.292541
     0.132251    -0.298451
     0.133925    -0.304369
     0.135599    -0.310295
     0.137274    -0.316228
     0.138948    -0.322168
     0.140622    -0.328115
     0.142296    -0.334069
     0.143970    -0.340029
     0.145644    -0.345995
     0.147318    -0.351967
     0.148992    -0.357945
     0.150666    -0.363929
     0.152340    -0.369918
     0.154014    -0.375913
     0.155688    -0.381913
     0.157362    -0.387917
     0.159036    -0.393927
     0.160710    -0.399941
     0.162385    -0.405960
     0.164059    -0.411983
     0.165733    -0.418011
     0.167407    -0.424043


    -0.167407     0.638576
    -0.165733     0.629914
    -0.164059     0.621228
    -0.162385     0.612518
    -0.160710     0.603785
    -0.159036     0.595029
    -0.157362     0.586251
    -0.155688     0.577450
    -0.154014     0.568628
    -0.152340     0.559784
    -0.150666     0.550920
    -0.148992     0.542036
    -0.147318     0.533131
    -0.145644     0.524208
    -0.143970     0.515265
    -0.142296     0.506305
    -0.140622     0.497327
    -0.138948     0.488333
    -0.137274     0.479322
    -0.135599     0.470296
    -0.133925     0.461255
    -0.132251     0.452201
    -0.130577     0.443133
    -0.128903     0.434053
    -0.127229     0.424963
    -0.125555     0.415862
    -0.123881     0.406752
    -0.122207     0.397634
    -0.120533     0.388510
    -0.118859     0.379380
    -0.117185     0.370246
    -0.115511     0.361111
    -0.113837     0.351974
    -0.112163     0.342839
    -0.110488     0.333706
    -0.108814     0.324579
    -0.107140     0.315460
    -0.105466     0.306350
    -0.103792     0.297253
    -0.102118     0.288172
    -0.100444     0.279110
    -0.098770     0.270070
    -0.097096     0.261058
    -0.095422     0.252076
    -0.093748     0.243131
    -0.092074     0.234228
    -0.090400     0.225374
    -0.088726     0.216575
    -0.087051     0.207840
    -0.085377     0.199179
    -0.083703     0.190602
    -0.082029     0.182121
    -0.080355     0.173750
    -0.078681     0.165507
    -0.077007     0.157411
    -0.075333     0.149483
    -0.073659     0.141750
    -0.071985     0.134242
    -0.070311     0.126994
    -0.068637     0.120048
    -0.066963     0.113448
    -0.065289     0.107249
    -0.063615     0.101508
    -0.061940     0.096288
    -0.060266     0.091655
    -0.058592     0.087670
    -0.056918     0.084391
    -0.055244     0.081864
    -0.053570     0.080116
    -0.051896     0.079155
    -0.050222     0.078967
    -0.048548     0.079519
    -0.046874     0.080761
    -0.045200     0.082635
    -0.043526     0.085079
    -0.041852     0.088027
    -0.040178     0.091421
    -0.038504     0.095204
    -0.036829     0.099329
    -0.035155     0.103752
    -0.033481     0.108435
    -0.031807     0.113347
    -0.030133     0.118461
    -0.028459     0.123752
    -0.026785     0.129203
    -0.025111     0.134795
    -0.023437     0.140514
    -0.021763     0.146348
    -0.020089     0.152288
    -0.018415     0.158322
    -0.016741     0.164444
    -0.015067     0.170647
    -0.013393     0.176925
    -0.011718     0.183271
    -0.010044     0.189683
    -0.008370     0.196155
    -0.006696     0.202684
    -0.005022     0.209266
    -0.003348     0.215898
    -0.001674     0.222577
     0.000000     0.229299
     0.001674     0.222576
     0.003348     0.215897
     0.005022     0.209265
     0.006696     0.202683
     0.008370     0.196155
     0.010044     0.189683
     0.011718     0.183272
     0.013393     0.176925
     0.015067     0.170648
     0.016741     0.164446
     0.018415     0.158324
     0.020089     0.152290
     0.021763     0.146351
     0.023437     0.140517
     0.025111     0.134798
     0.026785     0.129206
     0.028459     0.123756
     0.030133     0.118465
     0.031807     0.113352
     0.033481     0.108440
     0.035155     0.103757
     0.036829     0.099334
     0.038504     0.095209
     0.040178     0.091426
     0.041852     0.088032
     0.043526     0.085083
     0.045200     0.082640
     0.046874     0.080765
     0.048548     0.079523
     0.050222     0.078971
     0.051896     0.079158
     0.053570     0.080119
     0.055244     0.081866
     0.056918     0.084393
     0.058592     0.087671
     0.060266     0.091655
     0.061940     0.096288
     0.063615     0.101507
     0.065289     0.107248
     0.066963     0.113447
     0.068637     0.120046
     0.070311     0.126992
     0.071985     0.134239
     0.073659     0.141747
     0.075333     0.149480
     0.077007     0.157407
     0.078681     0.165504
     0.080355     0.173747
     0.082029     0.182117
     0.083703     0.190597
     0.085377     0.199175
     0.087051     0.207836
     0.088726     0.216570
     0.090400     0.225369
     0.092074     0.234223
     0.093748     0.243126
     0.095422     0.252071
     0.097096     0.261052
     0.098770     0.270065
     0.100444     0.279104
     0.102118     0.288166
     0.103792     0.297248
     0.105466     0.306345
     0.107140     0.315454
     0.108814     0.324574
     0.110488     0.333701
     0.112163     0.342833
     0.113837     0.351968
     0.115511     0.361105
     0.117185     0.370241
     0.118859     0.379374
     0.120533     0.388504
     0.122207     0.397628
     0.123881     0.406746
     0.125555     0.415856
     0.127229     0.424957
     0.128903     0.434048
     0.130577     0.443128
     0.132251     0.452195
     0.133925     0.461250
     0.135599     0.470291
     0.137274     0.479317
     0.138948     0.488328
     0.140622     0.497323
     0.142296     0.506300
     0.143970     0.515261
     0.145644     0.524203
     0.147318     0.533127
     0.148992     0.542031
     0.150666     0.550916
     0.152340     0.559780
     0.154014     0.568624
     0.155688     0.577446
     0.157362     0.586247
     0.159036     0.595025
     0.160710     0.603782
     0.162385     0.612515
     0.164059     0.621225
     0.165733     0.629911
     0.167407     0.638573


    -0.167407     0.889087
    -0.165733     0.883532
    -0.164059     0.877961
    -0.162385     0.872372
    -0.160710     0.866767
    -0.159036     0.861143
    -0.157362     0.855501
    -0.155688     0.849841
    -0.154014     0.844162
    -0.152340     0.838464
    -0.150666     0.832745
    -0.148992     0.827007
    -0.147318     0.821248
    -0.145644     0.815467
    -0.143970     0.809666
    -0.142296     0.803842
    -0.140622     0.797996
    -0.138948     0.792127
    -0.137274     0.786234
    -0.135599     0.780318
    -0.133925     0.774378
    -0.132251     0.768412
    -0.130577     0.762422
    -0.128903     0.756406
    -0.127229     0.750364
    -0.125555     0.744295
    -0.123881     0.738199
    -0.122207     0.732076
    -0.120533     0.725926
    -0.118859     0.719747
    -0.117185     0.713540
    -0.115511     0.707304
    -0.113837     0.701039
    -0.112163     0.694745
    -0.110488     0.688421
    -0.108814     0.682068
    -0.107140     0.675684
    -0.105466     0.669270
    -0.103792     0.662826
    -0.102118     0.656352
    -0.100444     0.649847
    -0.098770     0.643312
    -0.097096     0.636747
    -0.095422     0.630151
    -0.093748     0.623525
    -0.092074     0.616869
    -0.090400     0.610183
    -0.088726     0.603468
    -0.087051     0.596724
    -0.085377     0.589951
    -0.083703     0.583150
    -0.082029     0.576320
    -0.080355     0.569464
    -0.078681     0.562580
    -0.077007     0.555671
    -0.075333     0.548736
    -0.073659     0.541776
    -0.071985     0.534793
    -0.070311     0.527786
    -0.068637     0.520757
    -0.066963     0.513707
    -0.065289     0.506637
    -0.063615     0.499547
    -0.061940     0.492439
    -0.060266     0.485314
    -0.058592     0.478173
    -0.056918     0.471018
    -0.055244     0.463849
    -0.053570     0.456668
    -0.051896     0.449476
    -0.050222     0.442275
    -0.048548     0.435065
    -0.046874     0.427849
    -0.045200     0.420627
    -0.043526     0.413402
    -0.041852     0.406174
    -0.040178     0.398945
    -0.038504     0.391717
    -0.036829     0.384491
    -0.035155     0.377269
    -0.033481     0.370052
    -0.031807     0.362841
    -0.030133     0.355639
    -0.028459     0.348447
    -0.026785     0.341267
    -0.025111     0.334099
    -0.023437     0.326947
    -0.021763     0.319811
    -0.020089     0.312692
    -0.018415     0.305594
    -0.016741     0.298517
    -0.015067     0.291462
    -0.013393     0.284433
    -0.011718     0.277429
    -0.010044     0.270454
    -0.008370     0.263509
    -0.006696     0.256596
    -0.005022     0.249716
    -0.003348     0.242872
    -0.001674     0.236066
     0.000000     0.229303
     0.001674     0.236068
     0.003348     0.242875
     0.005022     0.249719
     0.006696     0.256599
     0.008370     0.263512
     0.010044     0.270458
     0.011718     0.277433
     0.013393     0.284437
     0.015067     0.291466
     0.016741     0.298521
     0.018415     0.305599
     0.020089     0.312697
     0.021763     0.319816
     0.023437     0.326952
     0.025111     0.334105
     0.026785     0.341272
     0.028459     0.348453
     0.030133     0.355645
     0.031807     0.362847
     0.033481     0.370057
     0.035155     0.377274
     0.036829     0.384497
     0.038504     0.391723
     0.040178     0.398951
     0.041852     0.406180
     0.043526     0.413407
     0.045200     0.420633
     0.046874     0.427854
     0.048548     0.435070
     0.050222     0.442280
     0.051896     0.449481
     0.053570     0.456673
     0.055244     0.463854
     0.056918     0.471023
     0.058592     0.478178
     0.060266     0.485318
     0.061940     0.492443
     0.063615     0.499551
     0.065289     0.506640
     0.066963     0.513710
     0.068637     0.520760
     0.070311     0.527789
     0.071985     0.534795
     0.073659     0.541779
     0.075333     0.548738
     0.077007     0.555673
     0.078681     0.562582
     0.080355     0.569465
     0.082029     0.576322
     0.083703     0.583151
     0.085377     0.589952
     0.087051     0.596725
     0.088726     0.603469
     0.090400     0.610183
     0.092074     0.616869
     0.093748     0.623524
     0.095422     0.630150
     0.097096     0.636746
     0.098770     0.643311
     0.100444     0.649846
     0.102118     0.656350
     0.103792     0.662825
     0.105466     0.669268
     0.107140     0.675682
     0.108814     0.682065
     0.110488     0.688419
     0.112163     0.694742
     0.113837     0.701036
     0.115511     0.707301
     0.117185     0.713537
     0.118859     0.719744
     0.120533     0.725922
     0.122207     0.732073
     0.123881     0.738196
     0.125555     0.744291
     0.127229     0.750360
     0.128903     0.756402
     0.130577     0.762418
     0.132251     0.768408
     0.133925     0.774373
     0.135599     0.780314
     0.137274     0.786230
     0.138948     0.792122
     0.140622     0.797991
     0.142296     0.803837
     0.143970     0.809661
     0.145644     0.815463
     0.147318     0.821243
     0.148992     0.827002
     0.150666     0.832741
     0.152340     0.838459
     0.154014     0.844157
     0.155688     0.849836
     0.157362     0.855497
     0.159036     0.861138
     0.160710     0.866762
     0.162385     0.872368
     0.164059     0.877956
     0.165733     0.883527
     0.167407     0.889082


    -0.167407     1.826482
    -0.165733     1.818883
    -0.164059     1.811306
    -0.162385     1.803753
    -0.160710     1.796226
    -0.159036     1.788727
    -0.157362     1.781258
    -0.155688     1.773822
    -0.154014     1.766420
    -0.152340     1.759054
    -0.150666     1.751727
    -0.148992     1.744440
    -0.147318     1.737196
    -0.145644     1.729997
    -0.143970     1.722846
    -0.142296     1.715744
    -0.140622     1.708693
    -0.138948     1.701697
    -0.137274     1.694756
    -0.135599     1.687874
    -0.133925     1.681053
    -0.132251     1.674295
    -0.130577     1.667603
    -0.128903     1.660978
    -0.127229     1.654422
    -0.125555     1.647939
    -0.123881     1.641531
    -0.122207     1.635199
    -0.120533     1.628946
    -0.118859     1.622774
    -0.117185     1.616686
    -0.115511     1.610683
    -0.113837     1.604767
    -0.112163     1.598942
    -0.110488     1.593208
    -0.108814     1.587568
    -0.107140     1.582024
    -0.105466     1.576578
    -0.103792     1.571231
    -0.102118     1.565987
    -0.100444     1.560845
    -0.098770     1.555809
    -0.097096     1.550880
    -0.095422     1.546060
    -0.093748     1.541350
    -0.092074     1.536751
    -0.090400     1.532266
    -0.088726     1.527896
    -0.087051     1.523641
    -0.085377     1.519504
    -0.083703     1.515485
    -0.082029     1.511586
    -0.080355     1.507807
    -0.078681     1.504150
    -0.077007     1.500616
    -0.075333     1.497204
    -0.073659     1.493917
    -0.071985     1.490755
    -0.070311     1.487718
    -0.068637     1.484807
    -0.066963     1.482023
    -0.065289     1.479365
    -0.063615     1.476834
    -0.061940     1.474431
    -0.060266     1.472155
    -0.058592     1.470006
    -0.056918     1.467985
    -0.055244     1.466091
    -0.053570     1.464325
    -0.051896     1.462686
    -0.050222     1.461174
    -0.048548     1.459788
    -0.046874     1.458528
    -0.045200     1.457394
    -0.043526     1.456385
    -0.041852     1.455501
    -0.040178     1.454741
    -0.038504     1.454104
    -0.036829     1.453590
    -0.035155     1.453198
    -0.033481     1.452927
    -0.031807     1.452775
    -0.030133     1.452744
    -0.028459     1.452830
    -0.026785     1.453034
    -0.025111     1.453355
    -0.023437     1.453790
    -0.021763     1.454340
    -0.020089     1.455003
    -0.018415     1.455779
    -0.016741     1.456665
    -0.015067     1.457660
    -0.013393     1.458765
    -0.011718     1.459976
    -0.010044     1.461293
    -0.008370     1.462716
    -0.006696     1.464241
    -0.005022     1.465869
    -0.003348     1.467598
    -0.001674     1.469427
     0.000000     1.471344
     0.001674     1.469436
     0.003348     1.467608
     0.005022     1.465879
     0.006696     1.464252
     0.008370     1.462726
     0.010044     1.461304
     0.011718     1.459987
     0.013393     1.458776
     0.015067     1.457672
     0.016741     1.456677
     0.018415     1.455791
     0.020089     1.455016
     0.021763     1.454353
     0.023437     1.453804
     0.025111     1.453368
     0.026785     1.453048
     0.028459     1.452844
     0.030133     1.452758
     0.031807     1.452790
     0.033481     1.452941
     0.035155     1.453213
     0.036829     1.453605
     0.038504     1.454120
     0.040178     1.454757
     0.041852     1.455517
     0.043526     1.456401
     0.045200     1.457410
     0.046874     1.458544
     0.048548     1.459804
     0.050222     1.461190
     0.051896     1.462703
     0.053570     1.464342
     0.055244     1.466108
     0.056918     1.468002
     0.058592     1.470023
     0.060266     1.472172
     0.061940     1.474448
     0.063615     1.476852
     0.065289     1.479382
     0.066963     1.482040
     0.068637     1.484825
     0.070311     1.487736
     0.071985     1.490772
     0.073659     1.493935
     0.075333     1.497222
     0.077007     1.500633
     0.078681     1.504167
     0.080355     1.507824
     0.082029     1.511602
     0.083703     1.515501
     0.085377     1.519520
     0.087051     1.523657
     0.088726     1.527912
     0.090400     1.532282
     0.092074     1.536767
     0.093748     1.541365
     0.095422     1.546075
     0.097096     1.550895
     0.098770     1.555824
     0.100444     1.560860
     0.102118     1.566001
     0.103792     1.571245
     0.105466     1.576591
     0.107140     1.582037
     0.108814     1.587581
     0.110488     1.593220
     0.112163     1.598954
     0.113837     1.604779
     0.115511     1.610694
     0.117185     1.616697
     0.118859     1.622785
     0.120533     1.628956
     0.122207     1.635209
     0.123881     1.641540
     0.125555     1.647948
     0.127229     1.654431
     0.128903     1.660986
     0.130577     1.667610
     0.132251     1.674303
     0.133925     1.681060
     0.135599     1.687881
     0.137274     1.694762
     0.138948     1.701702
     0.140622     1.708698
     0.142296     1.715748
     0.143970     1.722850
     0.145644     1.730001
     0.147318     1.737200
     0.148992     1.744443
     0.150666     1.751730
     0.152340     1.759057
     0.154014     1.766422
     0.155688     1.773824
     0.157362     1.781260
     0.159036     1.788728
     0.160710     1.796226
     0.162385     1.803753
     0.164059     1.811306
     0.165733     1.818883
     0.167407     1.826482


    -0.167407     1.959481
    -0.165733     1.953181
    -0.164059     1.946888
    -0.162385     1.940603
    -0.160710     1.934327
    -0.159036     1.928059
    -0.157362     1.921801
    -0.155688     1.915553
    -0.154014     1.909316
    -0.152340     1.903089
    -0.150666     1.896874
    -0.148992     1.890671
    -0.147318     1.884481
    -0.145644     1.878304
    -0.143970     1.872141
    -0.142296     1.865992
    -0.140622     1.859858
    -0.138948     1.853739
    -0.137274     1.847636
    -0.135599     1.841549
    -0.133925     1.835480
    -0.132251     1.829428
    -0.130577     1.823394
    -0.128903     1.817379
    -0.127229     1.811383
    -0.125555     1.805407
    -0.123881     1.799451
    -0.122207     1.793516
    -0.120533     1.787603
    -0.118859     1.781712
    -0.117185     1.775844
    -0.115511     1.770000
    -0.113837     1.764180
    -0.112163     1.758384
    -0.110488     1.752614
    -0.108814     1.746870
    -0.107140     1.741152
    -0.105466     1.735462
    -0.103792     1.729800
    -0.102118     1.724167
    -0.100444     1.718564
    -0.098770     1.712990
    -0.097096     1.707448
    -0.095422     1.701937
    -0.093748     1.696459
    -0.092074     1.691015
    -0.090400     1.685604
    -0.088726     1.680228
    -0.087051     1.674888
    -0.085377     1.669584
    -0.083703     1.664318
    -0.082029     1.659090
    -0.080355     1.653901
    -0.078681     1.648752
    -0.077007     1.643644
    -0.075333     1.638578
    -0.073659     1.633554
    -0.071985     1.628575
    -0.070311     1.623639
    -0.068637     1.618750
    -0.066963     1.613907
    -0.065289     1.609111
    -0.063615     1.604364
    -0.061940     1.599667
    -0.060266     1.595020
    -0.058592     1.590426
    -0.056918     1.585884
    -0.055244     1.581395
    -0.053570     1.576962
    -0.051896     1.572585
    -0.050222     1.568266
    -0.048548     1.564004
    -0.046874     1.559802
    -0.045200     1.555661
    -0.043526     1.551582
    -0.041852     1.547566
    -0.040178     1.543614
    -0.038504     1.539728
    -0.036829     1.535908
    -0.035155     1.532156
    -0.033481     1.528474
    -0.031807     1.524862
    -0.030133     1.521322
    -0.028459     1.517855
    -0.026785     1.514462
    -0.025111     1.511145
    -0.023437     1.507905
    -0.021763     1.504743
    -0.020089     1.501660
    -0.018415     1.498659
    -0.016741     1.495739
    -0.015067     1.492903
    -0.013393     1.490153
    -0.011718     1.487488
    -0.010044     1.484911
    -0.008370     1.482423
    -0.006696     1.480025
    -0.005022     1.477718
    -0.003348     1.475505
    -0.001674     1.473386
     0.000000     1.471372
     0.001674     1.473377
     0.003348     1.475497
     0.005022     1.477710
     0.006696     1.480017
     0.008370     1.482415
     0.010044     1.484903
     0.011718     1.487481
     0.013393     1.490146
     0.015067     1.492897
     0.016741     1.495733
     0.018415     1.498653
     0.020089     1.501655
     0.021763     1.504737
     0.023437     1.507900
     0.025111     1.511140
     0.026785     1.514458
     0.028459     1.517851
     0.030133     1.521318
     0.031807     1.524859
     0.033481     1.528471
     0.035155     1.532154
     0.036829     1.535905
     0.038504     1.539725
     0.040178     1.543612
     0.041852     1.547564
     0.043526     1.551581
     0.045200     1.555660
     0.046874     1.559801
     0.048548     1.564003
     0.050222     1.568265
     0.051896     1.572585
     0.053570     1.576962
     0.055244     1.581396
     0.056918     1.585884
     0.058592     1.590426
     0.060266     1.595021
     0.061940     1.599668
     0.063615     1.604366
     0.065289     1.609113
     0.066963     1.613908
     0.068637     1.618752
     0.070311     1.623641
     0.071985     1.628577
     0.073659     1.633557
     0.075333     1.638581
     0.077007     1.643647
     0.078681     1.648755
     0.080355     1.653905
     0.082029     1.659094
     0.083703     1.664322
     0.085377     1.669588
     0.087051     1.674892
     0.088726     1.680232
     0.090400     1.685608
     0.092074     1.691019
     0.093748     1.696464
     0.095422     1.701942
     0.097096     1.707453
     0.098770     1.712995
     0.100444     1.718569
     0.102118     1.724173
     0.103792     1.729806
     0.105466     1.735468
     0.107140     1.741158
     0.108814     1.746876
     0.110488     1.752620
     0.112163     1.758390
     0.113837     1.764186
     0.115511     1.770006
     0.117185     1.775851
     0.118859     1.781719
     0.120533     1.787610
     0.122207     1.793523
     0.123881     1.799458
     0.125555     1.805414
     0.127229     1.811390
     0.128903     1.817386
     0.130577     1.823401
     0.132251     1.829435
     0.133925     1.835487
     0.135599     1.841557
     0.137274     1.847644
     0.138948     1.853747
     0.140622     1.859866
     0.142296     1.866000
     0.143970     1.872149
     0.145644     1.878312
     0.147318     1.884489
     0.148992     1.890680
     0.150666     1.896883
     0.152340     1.903097
     0.154014     1.909324
     0.155688     1.915562
     0.157362     1.921810
     0.159036     1.928068
     0.160710     1.934335
     0.162385     1.940612
     0.164059     1.946897
     0.165733     1.953190
     0.167407     1.959490


    -0.167407     2.320671
    -0.165733     2.313567
    -0.164059     2.306500
    -0.162385     2.299471
    -0.160710     2.292480
    -0.159036     2.285530
    -0.157362     2.278620
    -0.155688     2.271752
    -0.154014     2.264928
    -0.152340     2.258147
    -0.150666     2.251412
    -0.148992     2.244723
    -0.147318     2.238081
    -0.145644     2.231488
    -0.143970     2.224943
    -0.142296     2.218448
    -0.140622     2.212004
    -0.138948     2.205612
    -0.137274     2.199273
    -0.135599     2.192987
    -0.133925     2.186755
    -0.132251     2.180578
    -0.130577     2.174458
    -0.128903     2.168394
    -0.127229     2.162388
    -0.125555     2.156439
    -0.123881     2.150550
    -0.122207     2.144721
    -0.120533     2.138952
    -0.118859     2.133244
    -0.117185     2.127599
    -0.115511     2.122015
    -0.113837     2.116496
    -0.112163     2.111039
    -0.110488     2.105648
    -0.108814     2.100322
    -0.107140     2.095061
    -0.105466     2.089867
    -0.103792     2.084740
    -0.102118     2.079681
    -0.100444     2.074690
    -0.098770     2.069768
    -0.097096     2.064916
    -0.095422     2.060133
    -0.093748     2.055421
    -0.092074     2.050781
    -0.090400     2.046212
    -0.088726     2.041715
    -0.087051     2.037291
    -0.085377     2.032940
    -0.083703     2.028663
    -0.082029     2.024461
    -0.080355     2.020333
    -0.078681     2.016281
    -0.077007     2.012305
    -0.075333     2.008405
    -0.073659     2.004582
    -0.071985     2.000836
    -0.070311     1.997168
    -0.068637     1.993578
    -0.066963     1.990068
    -0.065289     1.986636
    -0.063615     1.983284
    -0.061940     1.980012
    -0.060266     1.976821
    -0.058592     1.973711
    -0.056918     1.970682
    -0.055244     1.967735
    -0.053570     1.964870
    -0.051896     1.962088
    -0.050222     1.959390
    -0.048548     1.956774
    -0.046874     1.954243
    -0.045200     1.951796
    -0.043526     1.949433
    -0.041852     1.947156
    -0.040178     1.944964
    -0.038504     1.942858
    -0.036829     1.940838
    -0.035155     1.938905
    -0.033481     1.937058
    -0.031807     1.935299
    -0.030133     1.933627
    -0.028459     1.932044
    -0.026785     1.930548
    -0.025111     1.929141
    -0.023437     1.927823
    -0.021763     1.926594
    -0.020089     1.925455
    -0.018415     1.924406
    -0.016741     1.923448
    -0.015067     1.922580
    -0.013393     1.921803
    -0.011718     1.921117
    -0.010044     1.920523
    -0.008370     1.920021
    -0.006696     1.919610
    -0.005022     1.919290
    -0.003348     1.919060
    -0.001674     1.918920
     0.000000     1.918871
     0.001674     1.918912
     0.003348     1.919045
     0.005022     1.919270
     0.006696     1.919587
     0.008370     1.919996
     0.010044     1.920497
     0.011718     1.921089
     0.013393     1.921773
     0.015067     1.922549
     0.016741     1.923416
     0.018415     1.924373
     0.020089     1.925422
     0.021763     1.926560
     0.023437     1.927788
     0.025111     1.929106
     0.026785     1.930513
     0.028459     1.932008
     0.030133     1.933592
     0.031807     1.935264
     0.033481     1.937024
     0.035155     1.938871
     0.036829     1.940804
     0.038504     1.942825
     0.040178     1.944931
     0.041852     1.947123
     0.043526     1.949401
     0.045200     1.951764
     0.046874     1.954211
     0.048548     1.956743
     0.050222     1.959358
     0.051896     1.962058
     0.053570     1.964840
     0.055244     1.967705
     0.056918     1.970652
     0.058592     1.973681
     0.060266     1.976792
     0.061940     1.979983
     0.063615     1.983255
     0.065289     1.986608
     0.066963     1.990040
     0.068637     1.993551
     0.070311     1.997141
     0.071985     2.000809
     0.073659     2.004555
     0.075333     2.008379
     0.077007     2.012279
     0.078681     2.016256
     0.080355     2.020309
     0.082029     2.024437
     0.083703     2.028640
     0.085377     2.032917
     0.087051     2.037268
     0.088726     2.041693
     0.090400     2.046190
     0.092074     2.050760
     0.093748     2.055401
     0.095422     2.060114
     0.097096     2.064897
     0.098770     2.069750
     0.100444     2.074672
     0.102118     2.079664
     0.103792     2.084724
     0.105466     2.089851
     0.107140     2.095046
     0.108814     2.100307
     0.110488     2.105634
     0.112163     2.111026
     0.113837     2.116483
     0.115511     2.122004
     0.117185     2.127588
     0.118859     2.133234
     0.120533     2.138942
     0.122207     2.144712
     0.123881     2.150542
     0.125555     2.156432
     0.127229     2.162381
     0.128903     2.168388
     0.130577     2.174453
     0.132251     2.180574
     0.133925     2.186751
     0.135599     2.192984
     0.137274     2.199271
     0.138948     2.205611
     0.140622     2.212004
     0.142296     2.218448
     0.143970     2.224944
     0.145644     2.231489
     0.147318     2.238084
     0.148992     2.244726
     0.150666     2.251416
     0.152340     2.258152
     0.154014     2.264933
     0.155688     2.271758
     0.157362     2.278626
     0.159036     2.285537
     0.160710     2.292488
     0.162385     2.299479
     0.164059     2.306509
     0.165733     2.313577
     0.167407     2.320681


    -0.167407     2.340414
    -0.165733     2.333183
    -0.164059     2.325975
    -0.162385     2.318791
    -0.160710     2.311634
    -0.159036     2.304504
    -0.157362     2.297404
    -0.155688     2.290333
    -0.154014     2.283295
    -0.152340     2.276290
    -0.150666     2.269320
    -0.148992     2.262386
    -0.147318     2.255490
    -0.145644     2.248633
    -0.143970     2.241817
    -0.142296     2.235042
    -0.140622     2.228311
    -0.138948     2.221624
    -0.137274     2.214984
    -0.135599     2.208390
    -0.133925     2.201846
    -0.132251     2.195351
    -0.130577     2.188907
    -0.128903     2.182517
    -0.127229     2.176179
    -0.125555     2.169897
    -0.123881     2.163672
    -0.122207     2.157503
    -0.120533     2.151394
    -0.118859     2.145344
    -0.117185     2.139356
    -0.115511     2.133429
    -0.113837     2.127566
    -0.112163     2.121767
    -0.110488     2.116034
    -0.108814     2.110367
    -0.107140     2.104769
    -0.105466     2.099238
    -0.103792     2.093778
    -0.102118     2.088388
    -0.100444     2.083069
    -0.098770     2.077824
    -0.097096     2.072651
    -0.095422     2.067553
    -0.093748     2.062531
    -0.092074     2.057584
    -0.090400     2.052715
    -0.088726     2.047923
    -0.087051     2.043210
    -0.085377     2.038577
    -0.083703     2.034023
    -0.082029     2.029551
    -0.080355     2.025160
    -0.078681     2.020851
    -0.077007     2.016625
    -0.075333     2.012482
    -0.073659     2.008424
    -0.071985     2.004451
    -0.070311     2.000563
    -0.068637     1.996760
    -0.066963     1.993045
    -0.065289     1.989416
    -0.063615     1.985874
    -0.061940     1.982421
    -0.060266     1.979055
    -0.058592     1.975779
    -0.056918     1.972592
    -0.055244     1.969494
    -0.053570     1.966486
    -0.051896     1.963569
    -0.050222     1.960742
    -0.048548     1.958006
    -0.046874     1.955361
    -0.045200     1.952807
    -0.043526     1.950346
    -0.041852     1.947976
    -0.040178     1.945698
    -0.038504     1.943513
    -0.036829     1.941420
    -0.035155     1.939420
    -0.033481     1.937513
    -0.031807     1.935698
    -0.030133     1.933977
    -0.028459     1.932349
    -0.026785     1.930814
    -0.025111     1.929372
    -0.023437     1.928023
    -0.021763     1.926768
    -0.020089     1.925605
    -0.018415     1.924536
    -0.016741     1.923560
    -0.015067     1.922676
    -0.013393     1.921885
    -0.011718     1.921187
    -0.010044     1.920581
    -0.008370     1.920068
    -0.006696     1.919649
    -0.005022     1.919322
    -0.003348     1.919090
    -0.001674     1.918952
     0.000000     1.918909
     0.001674     1.918960
     0.003348     1.919103
     0.005022     1.919340
     0.006696     1.919669
     0.008370     1.920090
     0.010044     1.920604
     0.011718     1.921211
     0.013393     1.921910
     0.015067     1.922701
     0.016741     1.923585
     0.018415     1.924562
     0.020089     1.925632
     0.021763     1.926794
     0.023437     1.928050
     0.025111     1.929398
     0.026785     1.930839
     0.028459     1.932374
     0.030133     1.934001
     0.031807     1.935722
     0.033481     1.937536
     0.035155     1.939442
     0.036829     1.941442
     0.038504     1.943534
     0.040178     1.945718
     0.041852     1.947995
     0.043526     1.950364
     0.045200     1.952825
     0.046874     1.955378
     0.048548     1.958022
     0.050222     1.960758
     0.051896     1.963584
     0.053570     1.966501
     0.055244     1.969508
     0.056918     1.972606
     0.058592     1.975792
     0.060266     1.979068
     0.061940     1.982433
     0.063615     1.985886
     0.065289     1.989427
     0.066963     1.993056
     0.068637     1.996771
     0.070311     2.000573
     0.071985     2.004460
     0.073659     2.008434
     0.075333     2.012491
     0.077007     2.016633
     0.078681     2.020859
     0.080355     2.025168
     0.082029     2.029558
     0.083703     2.034031
     0.085377     2.038584
     0.087051     2.043217
     0.088726     2.047930
     0.090400     2.052721
     0.092074     2.057590
     0.093748     2.062537
     0.095422     2.067559
     0.097096     2.072657
     0.098770     2.077829
     0.100444     2.083074
     0.102118     2.088392
     0.103792     2.093782
     0.105466     2.099242
     0.107140     2.104773
     0.108814     2.110371
     0.110488     2.116038
     0.112163     2.121771
     0.113837     2.127569
     0.115511     2.133432
     0.117185     2.139359
     0.118859     2.145347
     0.120533     2.151397
     0.122207     2.157506
     0.123881     2.163674
     0.125555     2.169900
     0.127229     2.176182
     0.128903     2.182519
     0.130577     2.188910
     0.132251     2.195353
     0.133925     2.201848
     0.135599     2.208392
     0.137274     2.214986
     0.138948     2.221626
     0.140622     2.228313
     0.142296     2.235044
     0.143970     2.241819
     0.145644     2.248635
     0.147318     2.255492
     0.148992     2.262388
     0.150666     2.269322
     0.152340     2.276292
     0.154014     2.283297
     0.155688     2.290336
     0.157362     2.297406
     0.159036     2.304507
     0.160710     2.311637
     0.162385     2.318794
     0.164059     2.325978
     0.165733     2.333186
     0.167407     2.340417


