    -0.167407    -3.757868
    -0.165733    -3.758099
    -0.164059    -3.758330
    -0.162385    -3.758562
    -0.160710    -3.758794
    -0.159036    -3.759027
    -0.157362    -3.759259
    -0.155688    -3.759491
    -0.154014    -3.759722
    -0.152340    -3.759952
    -0.150666    -3.760182
    -0.148992    -3.760410
    -0.147318    -3.760637
    -0.145644    -3.760863
    -0.143970    -3.761087
    -0.142296    -3.761308
    -0.140622    -3.761528
    -0.138948    -3.761746
    -0.137274    -3.761961
    -0.135599    -3.762174
    -0.133925    -3.762384
    -0.132251    -3.762591
    -0.130577    -3.762796
    -0.128903    -3.762997
    -0.127229    -3.763194
    -0.125555    -3.763389
    -0.123881    -3.763579
    -0.122207    -3.763766
    -0.120533    -3.763949
    -0.118859    -3.764128
    -0.117185    -3.764303
    -0.115511    -3.764473
    -0.113837    -3.764639
    -0.112163    -3.764801
    -0.110488    -3.764958
    -0.108814    -3.765110
    -0.107140    -3.765257
    -0.105466    -3.765399
    -0.103792    -3.765536
    -0.102118    -3.765667
    -0.100444    -3.765794
    -0.098770    -3.765914
    -0.097096    -3.766030
    -0.095422    -3.766139
    -0.093748    -3.766243
    -0.092074    -3.766340
    -0.090400    -3.766432
    -0.088726    -3.766518
    -0.087051    -3.766597
    -0.085377    -3.766670
    -0.083703    -3.766737
    -0.082029    -3.766797
    -0.080355    -3.766851
    -0.078681    -3.766898
    -0.077007    -3.766938
    -0.075333    -3.766972
    -0.073659    -3.766999
    -0.071985    -3.767018
    -0.070311    -3.767031
    -0.068637    -3.767036
    -0.066963    -3.767035
    -0.065289    -3.767026
    -0.063615    -3.767009
    -0.061940    -3.766986
    -0.060266    -3.766954
    -0.058592    -3.766915
    -0.056918    -3.766869
    -0.055244    -3.766815
    -0.053570    -3.766753
    -0.051896    -3.766684
    -0.050222    -3.766606
    -0.048548    -3.766521
    -0.046874    -3.766427
    -0.045200    -3.766326
    -0.043526    -3.766217
    -0.041852    -3.766099
    -0.040178    -3.765973
    -0.038504    -3.765839
    -0.036829    -3.765697
    -0.035155    -3.765547
    -0.033481    -3.765388
    -0.031807    -3.765220
    -0.030133    -3.765045
    -0.028459    -3.764860
    -0.026785    -3.764667
    -0.025111    -3.764466
    -0.023437    -3.764256
    -0.021763    -3.764037
    -0.020089    -3.763810
    -0.018415    -3.763574
    -0.016741    -3.763329
    -0.015067    -3.763075
    -0.013393    -3.762813
    -0.011718    -3.762542
    -0.010044    -3.762261
    -0.008370    -3.761972
    -0.006696    -3.761674
    -0.005022    -3.761367
    -0.003348    -3.761051
    -0.001674    -3.760726
     0.000000    -3.760398
     0.001674    -3.760726
     0.003348    -3.761051
     0.005022    -3.761367
     0.006696    -3.761674
     0.008370    -3.761972
     0.010044    -3.762262
     0.011718    -3.762542
     0.013393    -3.762813
     0.015067    -3.763076
     0.016741    -3.763329
     0.018415    -3.763574
     0.020089    -3.763810
     0.021763    -3.764038
     0.023437    -3.764257
     0.025111    -3.764467
     0.026785    -3.764668
     0.028459    -3.764861
     0.030133    -3.765045
     0.031807    -3.765221
     0.033481    -3.765388
     0.035155    -3.765547
     0.036829    -3.765698
     0.038504    -3.765840
     0.040178    -3.765974
     0.041852    -3.766099
     0.043526    -3.766217
     0.045200    -3.766326
     0.046874    -3.766428
     0.048548    -3.766521
     0.050222    -3.766606
     0.051896    -3.766683
     0.053570    -3.766753
     0.055244    -3.766815
     0.056918    -3.766869
     0.058592    -3.766915
     0.060266    -3.766954
     0.061940    -3.766985
     0.063615    -3.767008
     0.065289    -3.767024
     0.066963    -3.767033
     0.068637    -3.767035
     0.070311    -3.767029
     0.071985    -3.767016
     0.073659    -3.766997
     0.075333    -3.766970
     0.077007    -3.766936
     0.078681    -3.766896
     0.080355    -3.766848
     0.082029    -3.766795
     0.083703    -3.766734
     0.085377    -3.766667
     0.087051    -3.766594
     0.088726    -3.766514
     0.090400    -3.766428
     0.092074    -3.766336
     0.093748    -3.766238
     0.095422    -3.766135
     0.097096    -3.766025
     0.098770    -3.765910
     0.100444    -3.765789
     0.102118    -3.765662
     0.103792    -3.765530
     0.105466    -3.765393
     0.107140    -3.765251
     0.108814    -3.765104
     0.110488    -3.764951
     0.112163    -3.764794
     0.113837    -3.764633
     0.115511    -3.764466
     0.117185    -3.764296
     0.118859    -3.764121
     0.120533    -3.763941
     0.122207    -3.763758
     0.123881    -3.763571
     0.125555    -3.763380
     0.127229    -3.763186
     0.128903    -3.762988
     0.130577    -3.762787
     0.132251    -3.762582
     0.133925    -3.762375
     0.135599    -3.762165
     0.137274    -3.761952
     0.138948    -3.761736
     0.140622    -3.761518
     0.142296    -3.761298
     0.143970    -3.761076
     0.145644    -3.760852
     0.147318    -3.760626
     0.148992    -3.760399
     0.150666    -3.760171
     0.152340    -3.759941
     0.154014    -3.759710
     0.155688    -3.759479
     0.157362    -3.759247
     0.159036    -3.759015
     0.160710    -3.758782
     0.162385    -3.758550
     0.164059    -3.758318
     0.165733    -3.758086
     0.167407    -3.757855


    -0.167407    -3.681507
    -0.165733    -3.682694
    -0.164059    -3.683874
    -0.162385    -3.685049
    -0.160710    -3.686217
    -0.159036    -3.687378
    -0.157362    -3.688534
    -0.155688    -3.689682
    -0.154014    -3.690824
    -0.152340    -3.691960
    -0.150666    -3.693088
    -0.148992    -3.694210
    -0.147318    -3.695325
    -0.145644    -3.696432
    -0.143970    -3.697533
    -0.142296    -3.698626
    -0.140622    -3.699713
    -0.138948    -3.700791
    -0.137274    -3.701863
    -0.135599    -3.702927
    -0.133925    -3.703983
    -0.132251    -3.705032
    -0.130577    -3.706073
    -0.128903    -3.707107
    -0.127229    -3.708133
    -0.125555    -3.709150
    -0.123881    -3.710160
    -0.122207    -3.711162
    -0.120533    -3.712156
    -0.118859    -3.713142
    -0.117185    -3.714120
    -0.115511    -3.715089
    -0.113837    -3.716050
    -0.112163    -3.717003
    -0.110488    -3.717948
    -0.108814    -3.718884
    -0.107140    -3.719812
    -0.105466    -3.720731
    -0.103792    -3.721642
    -0.102118    -3.722544
    -0.100444    -3.723437
    -0.098770    -3.724322
    -0.097096    -3.725198
    -0.095422    -3.726066
    -0.093748    -3.726924
    -0.092074    -3.727774
    -0.090400    -3.728615
    -0.088726    -3.729447
    -0.087051    -3.730271
    -0.085377    -3.731085
    -0.083703    -3.731890
    -0.082029    -3.732686
    -0.080355    -3.733474
    -0.078681    -3.734252
    -0.077007    -3.735021
    -0.075333    -3.735781
    -0.073659    -3.736532
    -0.071985    -3.737274
    -0.070311    -3.738006
    -0.068637    -3.738730
    -0.066963    -3.739444
    -0.065289    -3.740149
    -0.063615    -3.740845
    -0.061940    -3.741531
    -0.060266    -3.742209
    -0.058592    -3.742877
    -0.056918    -3.743535
    -0.055244    -3.744185
    -0.053570    -3.744825
    -0.051896    -3.745456
    -0.050222    -3.746077
    -0.048548    -3.746689
    -0.046874    -3.747292
    -0.045200    -3.747886
    -0.043526    -3.748470
    -0.041852    -3.749045
    -0.040178    -3.749610
    -0.038504    -3.750166
    -0.036829    -3.750713
    -0.035155    -3.751251
    -0.033481    -3.751779
    -0.031807    -3.752297
    -0.030133    -3.752807
    -0.028459    -3.753307
    -0.026785    -3.753798
    -0.025111    -3.754279
    -0.023437    -3.754752
    -0.021763    -3.755214
    -0.020089    -3.755668
    -0.018415    -3.756112
    -0.016741    -3.756547
    -0.015067    -3.756973
    -0.013393    -3.757390
    -0.011718    -3.757797
    -0.010044    -3.758195
    -0.008370    -3.758584
    -0.006696    -3.758964
    -0.005022    -3.759335
    -0.003348    -3.759696
    -0.001674    -3.760048
     0.000000    -3.760386
     0.001674    -3.760049
     0.003348    -3.759696
     0.005022    -3.759335
     0.006696    -3.758965
     0.008370    -3.758585
     0.010044    -3.758196
     0.011718    -3.757798
     0.013393    -3.757391
     0.015067    -3.756974
     0.016741    -3.756549
     0.018415    -3.756114
     0.020089    -3.755669
     0.021763    -3.755216
     0.023437    -3.754753
     0.025111    -3.754281
     0.026785    -3.753800
     0.028459    -3.753309
     0.030133    -3.752809
     0.031807    -3.752300
     0.033481    -3.751781
     0.035155    -3.751253
     0.036829    -3.750716
     0.038504    -3.750169
     0.040178    -3.749613
     0.041852    -3.749048
     0.043526    -3.748473
     0.045200    -3.747889
     0.046874    -3.747296
     0.048548    -3.746693
     0.050222    -3.746081
     0.051896    -3.745459
     0.053570    -3.744829
     0.055244    -3.744189
     0.056918    -3.743539
     0.058592    -3.742881
     0.060266    -3.742213
     0.061940    -3.741535
     0.063615    -3.740849
     0.065289    -3.740153
     0.066963    -3.739448
     0.068637    -3.738734
     0.070311    -3.738011
     0.071985    -3.737278
     0.073659    -3.736536
     0.075333    -3.735786
     0.077007    -3.735026
     0.078681    -3.734256
     0.080355    -3.733478
     0.082029    -3.732691
     0.083703    -3.731895
     0.085377    -3.731089
     0.087051    -3.730275
     0.088726    -3.729452
     0.090400    -3.728620
     0.092074    -3.727779
     0.093748    -3.726929
     0.095422    -3.726070
     0.097096    -3.725203
     0.098770    -3.724327
     0.100444    -3.723442
     0.102118    -3.722548
     0.103792    -3.721646
     0.105466    -3.720735
     0.107140    -3.719816
     0.108814    -3.718888
     0.110488    -3.717952
     0.112163    -3.717007
     0.113837    -3.716054
     0.115511    -3.715093
     0.117185    -3.714123
     0.118859    -3.713145
     0.120533    -3.712160
     0.122207    -3.711166
     0.123881    -3.710163
     0.125555    -3.709153
     0.127229    -3.708135
     0.128903    -3.707110
     0.130577    -3.706076
     0.132251    -3.705035
     0.133925    -3.703986
     0.135599    -3.702929
     0.137274    -3.701865
     0.138948    -3.700793
     0.140622    -3.699714
     0.142296    -3.698628
     0.143970    -3.697534
     0.145644    -3.696433
     0.147318    -3.695325
     0.148992    -3.694210
     0.150666    -3.693089
     0.152340    -3.691960
     0.154014    -3.690824
     0.155688    -3.689682
     0.157362    -3.688533
     0.159036    -3.687378
     0.160710    -3.686216
     0.162385    -3.685048
     0.164059    -3.683873
     0.165733    -3.682693
     0.167407    -3.681506


    -0.167407    -2.392718
    -0.165733    -2.388022
    -0.164059    -2.383445
    -0.162385    -2.378982
    -0.160710    -2.374629
    -0.159036    -2.370385
    -0.157362    -2.366244
    -0.155688    -2.362205
    -0.154014    -2.358263
    -0.152340    -2.354416
    -0.150666    -2.350659
    -0.148992    -2.346991
    -0.147318    -2.343409
    -0.145644    -2.339908
    -0.143970    -2.336487
    -0.142296    -2.333143
    -0.140622    -2.329874
    -0.138948    -2.326676
    -0.137274    -2.323548
    -0.135599    -2.320487
    -0.133925    -2.317490
    -0.132251    -2.314557
    -0.130577    -2.311685
    -0.128903    -2.308873
    -0.127229    -2.306117
    -0.125555    -2.303418
    -0.123881    -2.300772
    -0.122207    -2.298179
    -0.120533    -2.295638
    -0.118859    -2.293146
    -0.117185    -2.290702
    -0.115511    -2.288306
    -0.113837    -2.285957
    -0.112163    -2.283652
    -0.110488    -2.281391
    -0.108814    -2.279174
    -0.107140    -2.276999
    -0.105466    -2.274865
    -0.103792    -2.272771
    -0.102118    -2.270718
    -0.100444    -2.268703
    -0.098770    -2.266727
    -0.097096    -2.264788
    -0.095422    -2.262887
    -0.093748    -2.261022
    -0.092074    -2.259193
    -0.090400    -2.257399
    -0.088726    -2.255641
    -0.087051    -2.253917
    -0.085377    -2.252227
    -0.083703    -2.250571
    -0.082029    -2.248948
    -0.080355    -2.247358
    -0.078681    -2.245801
    -0.077007    -2.244276
    -0.075333    -2.242783
    -0.073659    -2.241322
    -0.071985    -2.239892
    -0.070311    -2.238494
    -0.068637    -2.237126
    -0.066963    -2.235790
    -0.065289    -2.234484
    -0.063615    -2.233208
    -0.061940    -2.231963
    -0.060266    -2.230747
    -0.058592    -2.229562
    -0.056918    -2.228406
    -0.055244    -2.227280
    -0.053570    -2.226183
    -0.051896    -2.225115
    -0.050222    -2.224077
    -0.048548    -2.223068
    -0.046874    -2.222087
    -0.045200    -2.221136
    -0.043526    -2.220213
    -0.041852    -2.219320
    -0.040178    -2.218454
    -0.038504    -2.217617
    -0.036829    -2.216809
    -0.035155    -2.216029
    -0.033481    -2.215277
    -0.031807    -2.214554
    -0.030133    -2.213858
    -0.028459    -2.213191
    -0.026785    -2.212552
    -0.025111    -2.211940
    -0.023437    -2.211357
    -0.021763    -2.210801
    -0.020089    -2.210273
    -0.018415    -2.209773
    -0.016741    -2.209301
    -0.015067    -2.208856
    -0.013393    -2.208439
    -0.011718    -2.208050
    -0.010044    -2.207688
    -0.008370    -2.207353
    -0.006696    -2.207046
    -0.005022    -2.206766
    -0.003348    -2.206514
    -0.001674    -2.206289
     0.000000    -2.206101
     0.001674    -2.206295
     0.003348    -2.206520
     0.005022    -2.206773
     0.006696    -2.207053
     0.008370    -2.207360
     0.010044    -2.207695
     0.011718    -2.208057
     0.013393    -2.208447
     0.015067    -2.208864
     0.016741    -2.209309
     0.018415    -2.209781
     0.020089    -2.210281
     0.021763    -2.210809
     0.023437    -2.211365
     0.025111    -2.211948
     0.026785    -2.212560
     0.028459    -2.213199
     0.030133    -2.213866
     0.031807    -2.214562
     0.033481    -2.215285
     0.035155    -2.216037
     0.036829    -2.216817
     0.038504    -2.217626
     0.040178    -2.218463
     0.041852    -2.219328
     0.043526    -2.220222
     0.045200    -2.221145
     0.046874    -2.222096
     0.048548    -2.223076
     0.050222    -2.224086
     0.051896    -2.225124
     0.053570    -2.226191
     0.055244    -2.227288
     0.056918    -2.228415
     0.058592    -2.229570
     0.060266    -2.230756
     0.061940    -2.231971
     0.063615    -2.233217
     0.065289    -2.234492
     0.066963    -2.235798
     0.068637    -2.237135
     0.070311    -2.238503
     0.071985    -2.239901
     0.073659    -2.241331
     0.075333    -2.242792
     0.077007    -2.244285
     0.078681    -2.245810
     0.080355    -2.247367
     0.082029    -2.248957
     0.083703    -2.250580
     0.085377    -2.252236
     0.087051    -2.253926
     0.088726    -2.255650
     0.090400    -2.257408
     0.092074    -2.259202
     0.093748    -2.261031
     0.095422    -2.262896
     0.097096    -2.264797
     0.098770    -2.266736
     0.100444    -2.268712
     0.102118    -2.270727
     0.103792    -2.272781
     0.105466    -2.274874
     0.107140    -2.277008
     0.108814    -2.279183
     0.110488    -2.281401
     0.112163    -2.283661
     0.113837    -2.285966
     0.115511    -2.288316
     0.117185    -2.290712
     0.118859    -2.293155
     0.120533    -2.295647
     0.122207    -2.298189
     0.123881    -2.300782
     0.125555    -2.303427
     0.127229    -2.306127
     0.128903    -2.308882
     0.130577    -2.311695
     0.132251    -2.314567
     0.133925    -2.317500
     0.135599    -2.320496
     0.137274    -2.323557
     0.138948    -2.326685
     0.140622    -2.329883
     0.142296    -2.333153
     0.143970    -2.336497
     0.145644    -2.339918
     0.147318    -2.343418
     0.148992    -2.347001
     0.150666    -2.350668
     0.152340    -2.354425
     0.154014    -2.358272
     0.155688    -2.362214
     0.157362    -2.366253
     0.159036    -2.370393
     0.160710    -2.374638
     0.162385    -2.378990
     0.164059    -2.383453
     0.165733    -2.388030
     0.167407    -2.392725


    -0.167407    -2.335293
    -0.165733    -2.331333
    -0.164059    -2.327525
    -0.162385    -2.323860
    -0.160710    -2.320331
    -0.159036    -2.316929
    -0.157362    -2.313648
    -0.155688    -2.310481
    -0.154014    -2.307420
    -0.152340    -2.304460
    -0.150666    -2.301594
    -0.148992    -2.298817
    -0.147318    -2.296123
    -0.145644    -2.293509
    -0.143970    -2.290970
    -0.142296    -2.288500
    -0.140622    -2.286098
    -0.138948    -2.283759
    -0.137274    -2.281480
    -0.135599    -2.279258
    -0.133925    -2.277090
    -0.132251    -2.274974
    -0.130577    -2.272908
    -0.128903    -2.270889
    -0.127229    -2.268916
    -0.125555    -2.266986
    -0.123881    -2.265098
    -0.122207    -2.263251
    -0.120533    -2.261443
    -0.118859    -2.259673
    -0.117185    -2.257940
    -0.115511    -2.256242
    -0.113837    -2.254579
    -0.112163    -2.252950
    -0.110488    -2.251354
    -0.108814    -2.249790
    -0.107140    -2.248257
    -0.105466    -2.246756
    -0.103792    -2.245285
    -0.102118    -2.243844
    -0.100444    -2.242432
    -0.098770    -2.241049
    -0.097096    -2.239695
    -0.095422    -2.238368
    -0.093748    -2.237070
    -0.092074    -2.235799
    -0.090400    -2.234556
    -0.088726    -2.233339
    -0.087051    -2.232150
    -0.085377    -2.230987
    -0.083703    -2.229851
    -0.082029    -2.228741
    -0.080355    -2.227657
    -0.078681    -2.226599
    -0.077007    -2.225568
    -0.075333    -2.224562
    -0.073659    -2.223582
    -0.071985    -2.222628
    -0.070311    -2.221699
    -0.068637    -2.220797
    -0.066963    -2.219919
    -0.065289    -2.219068
    -0.063615    -2.218242
    -0.061940    -2.217442
    -0.060266    -2.216667
    -0.058592    -2.215918
    -0.056918    -2.215195
    -0.055244    -2.214497
    -0.053570    -2.213825
    -0.051896    -2.213178
    -0.050222    -2.212557
    -0.048548    -2.211962
    -0.046874    -2.211393
    -0.045200    -2.210849
    -0.043526    -2.210332
    -0.041852    -2.209840
    -0.040178    -2.209374
    -0.038504    -2.208934
    -0.036829    -2.208520
    -0.035155    -2.208132
    -0.033481    -2.207771
    -0.031807    -2.207435
    -0.030133    -2.207126
    -0.028459    -2.206843
    -0.026785    -2.206586
    -0.025111    -2.206355
    -0.023437    -2.206151
    -0.021763    -2.205974
    -0.020089    -2.205823
    -0.018415    -2.205698
    -0.016741    -2.205600
    -0.015067    -2.205529
    -0.013393    -2.205485
    -0.011718    -2.205467
    -0.010044    -2.205476
    -0.008370    -2.205512
    -0.006696    -2.205575
    -0.005022    -2.205665
    -0.003348    -2.205782
    -0.001674    -2.205926
     0.000000    -2.206086
     0.001674    -2.205919
     0.003348    -2.205776
     0.005022    -2.205659
     0.006696    -2.205569
     0.008370    -2.205507
     0.010044    -2.205471
     0.011718    -2.205462
     0.013393    -2.205480
     0.015067    -2.205524
     0.016741    -2.205596
     0.018415    -2.205694
     0.020089    -2.205819
     0.021763    -2.205970
     0.023437    -2.206148
     0.025111    -2.206352
     0.026785    -2.206582
     0.028459    -2.206839
     0.030133    -2.207123
     0.031807    -2.207432
     0.033481    -2.207768
     0.035155    -2.208130
     0.036829    -2.208518
     0.038504    -2.208932
     0.040178    -2.209373
     0.041852    -2.209839
     0.043526    -2.210331
     0.045200    -2.210849
     0.046874    -2.211393
     0.048548    -2.211962
     0.050222    -2.212557
     0.051896    -2.213179
     0.053570    -2.213825
     0.055244    -2.214498
     0.056918    -2.215196
     0.058592    -2.215920
     0.060266    -2.216669
     0.061940    -2.217444
     0.063615    -2.218245
     0.065289    -2.219071
     0.066963    -2.219923
     0.068637    -2.220800
     0.070311    -2.221703
     0.071985    -2.222632
     0.073659    -2.223586
     0.075333    -2.224566
     0.077007    -2.225572
     0.078681    -2.226604
     0.080355    -2.227662
     0.082029    -2.228746
     0.083703    -2.229857
     0.085377    -2.230993
     0.087051    -2.232156
     0.088726    -2.233346
     0.090400    -2.234563
     0.092074    -2.235806
     0.093748    -2.237077
     0.095422    -2.238376
     0.097096    -2.239702
     0.098770    -2.241057
     0.100444    -2.242440
     0.102118    -2.243852
     0.103792    -2.245294
     0.105466    -2.246765
     0.107140    -2.248266
     0.108814    -2.249799
     0.110488    -2.251363
     0.112163    -2.252959
     0.113837    -2.254589
     0.115511    -2.256252
     0.117185    -2.257950
     0.118859    -2.259683
     0.120533    -2.261453
     0.122207    -2.263262
     0.123881    -2.265109
     0.125555    -2.266997
     0.127229    -2.268926
     0.128903    -2.270900
     0.130577    -2.272919
     0.132251    -2.274985
     0.133925    -2.277101
     0.135599    -2.279269
     0.137274    -2.281491
     0.138948    -2.283770
     0.140622    -2.286109
     0.142296    -2.288511
     0.143970    -2.290980
     0.145644    -2.293520
     0.147318    -2.296134
     0.148992    -2.298827
     0.150666    -2.301604
     0.152340    -2.304470
     0.154014    -2.307431
     0.155688    -2.310491
     0.157362    -2.313659
     0.159036    -2.316939
     0.160710    -2.320341
     0.162385    -2.323870
     0.164059    -2.327534
     0.165733    -2.331343
     0.167407    -2.335303


    -0.167407    -2.124135
    -0.165733    -2.116575
    -0.164059    -2.108917
    -0.162385    -2.101170
    -0.160710    -2.093344
    -0.159036    -2.085448
    -0.157362    -2.077492
    -0.155688    -2.069484
    -0.154014    -2.061433
    -0.152340    -2.053346
    -0.150666    -2.045231
    -0.148992    -2.037096
    -0.147318    -2.028947
    -0.145644    -2.020790
    -0.143970    -2.012633
    -0.142296    -2.004479
    -0.140622    -1.996336
    -0.138948    -1.988207
    -0.137274    -1.980099
    -0.135599    -1.972014
    -0.133925    -1.963959
    -0.132251    -1.955936
    -0.130577    -1.947950
    -0.128903    -1.940004
    -0.127229    -1.932101
    -0.125555    -1.924246
    -0.123881    -1.916440
    -0.122207    -1.908687
    -0.120533    -1.900990
    -0.118859    -1.893351
    -0.117185    -1.885773
    -0.115511    -1.878257
    -0.113837    -1.870807
    -0.112163    -1.863424
    -0.110488    -1.856110
    -0.108814    -1.848867
    -0.107140    -1.841697
    -0.105466    -1.834601
    -0.103792    -1.827581
    -0.102118    -1.820638
    -0.100444    -1.813774
    -0.098770    -1.806989
    -0.097096    -1.800286
    -0.095422    -1.793665
    -0.093748    -1.787127
    -0.092074    -1.780673
    -0.090400    -1.774305
    -0.088726    -1.768023
    -0.087051    -1.761830
    -0.085377    -1.755728
    -0.083703    -1.749727
    -0.082029    -1.743849
    -0.080355    -1.738136
    -0.078681    -1.732574
    -0.077007    -1.727114
    -0.075333    -1.721737
    -0.073659    -1.716437
    -0.071985    -1.711211
    -0.070311    -1.706059
    -0.068637    -1.700981
    -0.066963    -1.695976
    -0.065289    -1.691045
    -0.063615    -1.686188
    -0.061940    -1.681405
    -0.060266    -1.676697
    -0.058592    -1.672064
    -0.056918    -1.667505
    -0.055244    -1.663022
    -0.053570    -1.658614
    -0.051896    -1.654282
    -0.050222    -1.650027
    -0.048548    -1.645848
    -0.046874    -1.641746
    -0.045200    -1.637721
    -0.043526    -1.633774
    -0.041852    -1.629906
    -0.040178    -1.626117
    -0.038504    -1.622408
    -0.036829    -1.618779
    -0.035155    -1.615233
    -0.033481    -1.611769
    -0.031807    -1.608390
    -0.030133    -1.605097
    -0.028459    -1.601892
    -0.026785    -1.598778
    -0.025111    -1.595757
    -0.023437    -1.592833
    -0.021763    -1.590010
    -0.020089    -1.587295
    -0.018415    -1.584692
    -0.016741    -1.582211
    -0.015067    -1.579862
    -0.013393    -1.577658
    -0.011718    -1.575614
    -0.010044    -1.573749
    -0.008370    -1.572087
    -0.006696    -1.570654
    -0.005022    -1.569480
    -0.003348    -1.568595
    -0.001674    -1.568026
     0.000000    -1.567795
     0.001674    -1.568024
     0.003348    -1.568591
     0.005022    -1.569475
     0.006696    -1.570647
     0.008370    -1.572079
     0.010044    -1.573740
     0.011718    -1.575604
     0.013393    -1.577647
     0.015067    -1.579851
     0.016741    -1.582200
     0.018415    -1.584680
     0.020089    -1.587282
     0.021763    -1.589997
     0.023437    -1.592819
     0.025111    -1.595743
     0.026785    -1.598764
     0.028459    -1.601878
     0.030133    -1.605083
     0.031807    -1.608375
     0.033481    -1.611754
     0.035155    -1.615218
     0.036829    -1.618764
     0.038504    -1.622392
     0.040178    -1.626101
     0.041852    -1.629890
     0.043526    -1.633758
     0.045200    -1.637705
     0.046874    -1.641729
     0.048548    -1.645831
     0.050222    -1.650010
     0.051896    -1.654266
     0.053570    -1.658598
     0.055244    -1.663005
     0.056918    -1.667488
     0.058592    -1.672047
     0.060266    -1.676680
     0.061940    -1.681388
     0.063615    -1.686171
     0.065289    -1.691027
     0.066963    -1.695958
     0.068637    -1.700963
     0.070311    -1.706041
     0.071985    -1.711192
     0.073659    -1.716418
     0.075333    -1.721718
     0.077007    -1.727094
     0.078681    -1.732552
     0.080355    -1.738112
     0.082029    -1.743823
     0.083703    -1.749701
     0.085377    -1.755702
     0.087051    -1.761804
     0.088726    -1.767997
     0.090400    -1.774279
     0.092074    -1.780647
     0.093748    -1.787101
     0.095422    -1.793639
     0.097096    -1.800260
     0.098770    -1.806964
     0.100444    -1.813748
     0.102118    -1.820612
     0.103792    -1.827555
     0.105466    -1.834575
     0.107140    -1.841671
     0.108814    -1.848842
     0.110488    -1.856085
     0.112163    -1.863399
     0.113837    -1.870782
     0.115511    -1.878232
     0.117185    -1.885748
     0.118859    -1.893326
     0.120533    -1.900966
     0.122207    -1.908663
     0.123881    -1.916416
     0.125555    -1.924222
     0.127229    -1.932078
     0.128903    -1.939980
     0.130577    -1.947927
     0.132251    -1.955913
     0.133925    -1.963937
     0.135599    -1.971992
     0.137274    -1.980077
     0.138948    -1.988186
     0.140622    -1.996315
     0.142296    -2.004459
     0.143970    -2.012613
     0.145644    -2.020771
     0.147318    -2.028928
     0.148992    -2.037077
     0.150666    -2.045213
     0.152340    -2.053328
     0.154014    -2.061415
     0.155688    -2.069467
     0.157362    -2.077476
     0.159036    -2.085433
     0.160710    -2.093329
     0.162385    -2.101155
     0.164059    -2.108903
     0.165733    -2.116562
     0.167407    -2.124122


    -0.167407    -2.092378
    -0.165733    -2.085322
    -0.164059    -2.078216
    -0.162385    -2.071064
    -0.160710    -2.063871
    -0.159036    -2.056642
    -0.157362    -2.049381
    -0.155688    -2.042092
    -0.154014    -2.034781
    -0.152340    -2.027450
    -0.150666    -2.020106
    -0.148992    -2.012751
    -0.147318    -2.005389
    -0.145644    -1.998026
    -0.143970    -1.990664
    -0.142296    -1.983307
    -0.140622    -1.975959
    -0.138948    -1.968623
    -0.137274    -1.961303
    -0.135599    -1.954001
    -0.133925    -1.946721
    -0.132251    -1.939466
    -0.130577    -1.932238
    -0.128903    -1.925041
    -0.127229    -1.917877
    -0.125555    -1.910747
    -0.123881    -1.903656
    -0.122207    -1.896604
    -0.120533    -1.889594
    -0.118859    -1.882629
    -0.117185    -1.875709
    -0.115511    -1.868837
    -0.113837    -1.862015
    -0.112163    -1.855244
    -0.110488    -1.848526
    -0.108814    -1.841862
    -0.107140    -1.835253
    -0.105466    -1.828702
    -0.103792    -1.822209
    -0.102118    -1.815776
    -0.100444    -1.809403
    -0.098770    -1.803091
    -0.097096    -1.796842
    -0.095422    -1.790657
    -0.093748    -1.784535
    -0.092074    -1.778478
    -0.090400    -1.772487
    -0.088726    -1.766561
    -0.087051    -1.760699
    -0.085377    -1.754901
    -0.083703    -1.749158
    -0.082029    -1.743448
    -0.080355    -1.737731
    -0.078681    -1.732021
    -0.077007    -1.726368
    -0.075333    -1.720792
    -0.073659    -1.715299
    -0.071985    -1.709893
    -0.070311    -1.704573
    -0.068637    -1.699342
    -0.066963    -1.694198
    -0.065289    -1.689143
    -0.063615    -1.684176
    -0.061940    -1.679297
    -0.060266    -1.674506
    -0.058592    -1.669803
    -0.056918    -1.665188
    -0.055244    -1.660660
    -0.053570    -1.656220
    -0.051896    -1.651867
    -0.050222    -1.647601
    -0.048548    -1.643423
    -0.046874    -1.639331
    -0.045200    -1.635325
    -0.043526    -1.631407
    -0.041852    -1.627575
    -0.040178    -1.623831
    -0.038504    -1.620173
    -0.036829    -1.616603
    -0.035155    -1.613121
    -0.033481    -1.609728
    -0.031807    -1.606424
    -0.030133    -1.603211
    -0.028459    -1.600091
    -0.026785    -1.597064
    -0.025111    -1.594134
    -0.023437    -1.591304
    -0.021763    -1.588578
    -0.020089    -1.585961
    -0.018415    -1.583459
    -0.016741    -1.581081
    -0.015067    -1.578835
    -0.013393    -1.576736
    -0.011718    -1.574799
    -0.010044    -1.573043
    -0.008370    -1.571492
    -0.006696    -1.570172
    -0.005022    -1.569115
    -0.003348    -1.568350
    -0.001674    -1.567902
     0.000000    -1.567789
     0.001674    -1.567902
     0.003348    -1.568347
     0.005022    -1.569111
     0.006696    -1.570168
     0.008370    -1.571486
     0.010044    -1.573036
     0.011718    -1.574791
     0.013393    -1.576728
     0.015067    -1.578827
     0.016741    -1.581071
     0.018415    -1.583449
     0.020089    -1.585951
     0.021763    -1.588568
     0.023437    -1.591293
     0.025111    -1.594123
     0.026785    -1.597052
     0.028459    -1.600078
     0.030133    -1.603199
     0.031807    -1.606411
     0.033481    -1.609715
     0.035155    -1.613107
     0.036829    -1.616589
     0.038504    -1.620159
     0.040178    -1.623816
     0.041852    -1.627560
     0.043526    -1.631391
     0.045200    -1.635309
     0.046874    -1.639314
     0.048548    -1.643406
     0.050222    -1.647584
     0.051896    -1.651850
     0.053570    -1.656202
     0.055244    -1.660642
     0.056918    -1.665169
     0.058592    -1.669784
     0.060266    -1.674487
     0.061940    -1.679277
     0.063615    -1.684156
     0.065289    -1.689123
     0.066963    -1.694178
     0.068637    -1.699321
     0.070311    -1.704552
     0.071985    -1.709872
     0.073659    -1.715278
     0.075333    -1.720771
     0.077007    -1.726348
     0.078681    -1.732002
     0.080355    -1.737713
     0.082029    -1.743433
     0.083703    -1.749142
     0.085377    -1.754885
     0.087051    -1.760683
     0.088726    -1.766544
     0.090400    -1.772470
     0.092074    -1.778461
     0.093748    -1.784518
     0.095422    -1.790639
     0.097096    -1.796824
     0.098770    -1.803073
     0.100444    -1.809385
     0.102118    -1.815757
     0.103792    -1.822191
     0.105466    -1.828684
     0.107140    -1.835235
     0.108814    -1.841843
     0.110488    -1.848507
     0.112163    -1.855225
     0.113837    -1.861996
     0.115511    -1.868818
     0.117185    -1.875690
     0.118859    -1.882609
     0.120533    -1.889575
     0.122207    -1.896585
     0.123881    -1.903636
     0.125555    -1.910728
     0.127229    -1.917857
     0.128903    -1.925021
     0.130577    -1.932219
     0.132251    -1.939446
     0.133925    -1.946701
     0.135599    -1.953981
     0.137274    -1.961283
     0.138948    -1.968603
     0.140622    -1.975939
     0.142296    -1.983287
     0.143970    -1.990644
     0.145644    -1.998006
     0.147318    -2.005369
     0.148992    -2.012731
     0.150666    -2.020086
     0.152340    -2.027431
     0.154014    -2.034761
     0.155688    -2.042073
     0.157362    -2.049361
     0.159036    -2.056623
     0.160710    -2.063852
     0.162385    -2.071045
     0.164059    -2.078197
     0.165733    -2.085303
     0.167407    -2.092360


    -0.167407    -1.633864
    -0.165733    -1.630877
    -0.164059    -1.627915
    -0.162385    -1.624978
    -0.160710    -1.622066
    -0.159036    -1.619181
    -0.157362    -1.616322
    -0.155688    -1.613491
    -0.154014    -1.610687
    -0.152340    -1.607913
    -0.150666    -1.605167
    -0.148992    -1.602451
    -0.147318    -1.599765
    -0.145644    -1.597110
    -0.143970    -1.594487
    -0.142296    -1.591895
    -0.140622    -1.589337
    -0.138948    -1.586812
    -0.137274    -1.584320
    -0.135599    -1.581864
    -0.133925    -1.579442
    -0.132251    -1.577056
    -0.130577    -1.574707
    -0.128903    -1.572395
    -0.127229    -1.570120
    -0.125555    -1.567884
    -0.123881    -1.565686
    -0.122207    -1.563529
    -0.120533    -1.561411
    -0.118859    -1.559334
    -0.117185    -1.557299
    -0.115511    -1.555305
    -0.113837    -1.553354
    -0.112163    -1.551447
    -0.110488    -1.549583
    -0.108814    -1.547764
    -0.107140    -1.545990
    -0.105466    -1.544262
    -0.103792    -1.542580
    -0.102118    -1.540944
    -0.100444    -1.539356
    -0.098770    -1.537816
    -0.097096    -1.536325
    -0.095422    -1.534883
    -0.093748    -1.533490
    -0.092074    -1.532148
    -0.090400    -1.530856
    -0.088726    -1.529615
    -0.087051    -1.528427
    -0.085377    -1.527290
    -0.083703    -1.526206
    -0.082029    -1.525175
    -0.080355    -1.524198
    -0.078681    -1.523275
    -0.077007    -1.522407
    -0.075333    -1.521593
    -0.073659    -1.520835
    -0.071985    -1.520132
    -0.070311    -1.519485
    -0.068637    -1.518895
    -0.066963    -1.518362
    -0.065289    -1.517885
    -0.063615    -1.517466
    -0.061940    -1.517105
    -0.060266    -1.516801
    -0.058592    -1.516556
    -0.056918    -1.516368
    -0.055244    -1.516239
    -0.053570    -1.516169
    -0.051896    -1.516157
    -0.050222    -1.516204
    -0.048548    -1.516309
    -0.046874    -1.516473
    -0.045200    -1.516695
    -0.043526    -1.516975
    -0.041852    -1.517314
    -0.040178    -1.517710
    -0.038504    -1.518162
    -0.036829    -1.518672
    -0.035155    -1.519237
    -0.033481    -1.519857
    -0.031807    -1.520531
    -0.030133    -1.521257
    -0.028459    -1.522036
    -0.026785    -1.522863
    -0.025111    -1.523738
    -0.023437    -1.524656
    -0.021763    -1.525610
    -0.020089    -1.526593
    -0.018415    -1.527597
    -0.016741    -1.528613
    -0.015067    -1.529630
    -0.013393    -1.530634
    -0.011718    -1.531610
    -0.010044    -1.532540
    -0.008370    -1.533399
    -0.006696    -1.534162
    -0.005022    -1.534799
    -0.003348    -1.535279
    -0.001674    -1.535578
     0.000000    -1.535676
     0.001674    -1.535570
     0.003348    -1.535268
     0.005022    -1.534787
     0.006696    -1.534152
     0.008370    -1.533390
     0.010044    -1.532531
     0.011718    -1.531603
     0.013393    -1.530628
     0.015067    -1.529624
     0.016741    -1.528609
     0.018415    -1.527594
     0.020089    -1.526591
     0.021763    -1.525610
     0.023437    -1.524659
     0.025111    -1.523744
     0.026785    -1.522872
     0.028459    -1.522047
     0.030133    -1.521270
     0.031807    -1.520545
     0.033481    -1.519871
     0.035155    -1.519252
     0.036829    -1.518687
     0.038504    -1.518178
     0.040178    -1.517725
     0.041852    -1.517329
     0.043526    -1.516991
     0.045200    -1.516711
     0.046874    -1.516488
     0.048548    -1.516324
     0.050222    -1.516219
     0.051896    -1.516172
     0.053570    -1.516184
     0.055244    -1.516254
     0.056918    -1.516383
     0.058592    -1.516570
     0.060266    -1.516815
     0.061940    -1.517119
     0.063615    -1.517480
     0.065289    -1.517899
     0.066963    -1.518375
     0.068637    -1.518908
     0.070311    -1.519498
     0.071985    -1.520145
     0.073659    -1.520847
     0.075333    -1.521605
     0.077007    -1.522419
     0.078681    -1.523287
     0.080355    -1.524210
     0.082029    -1.525187
     0.083703    -1.526217
     0.085377    -1.527301
     0.087051    -1.528437
     0.088726    -1.529626
     0.090400    -1.530866
     0.092074    -1.532157
     0.093748    -1.533500
     0.095422    -1.534892
     0.097096    -1.536334
     0.098770    -1.537825
     0.100444    -1.539365
     0.102118    -1.540952
     0.103792    -1.542587
     0.105466    -1.544269
     0.107140    -1.545997
     0.108814    -1.547771
     0.110488    -1.549590
     0.112163    -1.551453
     0.113837    -1.553360
     0.115511    -1.555311
     0.117185    -1.557304
     0.118859    -1.559339
     0.120533    -1.561416
     0.122207    -1.563533
     0.123881    -1.565691
     0.125555    -1.567888
     0.127229    -1.570124
     0.128903    -1.572398
     0.130577    -1.574710
     0.132251    -1.577059
     0.133925    -1.579445
     0.135599    -1.581866
     0.137274    -1.584323
     0.138948    -1.586814
     0.140622    -1.589339
     0.142296    -1.591897
     0.143970    -1.594488
     0.145644    -1.597111
     0.147318    -1.599766
     0.148992    -1.602451
     0.150666    -1.605167
     0.152340    -1.607913
     0.154014    -1.610687
     0.155688    -1.613491
     0.157362    -1.616322
     0.159036    -1.619180
     0.160710    -1.622065
     0.162385    -1.624977
     0.164059    -1.627914
     0.165733    -1.630876
     0.167407    -1.633863


    -0.167407    -1.611690
    -0.165733    -1.608793
    -0.164059    -1.605933
    -0.162385    -1.603112
    -0.160710    -1.600331
    -0.159036    -1.597589
    -0.157362    -1.594887
    -0.155688    -1.592225
    -0.154014    -1.589604
    -0.152340    -1.587024
    -0.150666    -1.584485
    -0.148992    -1.581988
    -0.147318    -1.579532
    -0.145644    -1.577119
    -0.143970    -1.574747
    -0.142296    -1.572419
    -0.140622    -1.570133
    -0.138948    -1.567890
    -0.137274    -1.565690
    -0.135599    -1.563534
    -0.133925    -1.561421
    -0.132251    -1.559352
    -0.130577    -1.557327
    -0.128903    -1.555346
    -0.127229    -1.553410
    -0.125555    -1.551518
    -0.123881    -1.549670
    -0.122207    -1.547868
    -0.120533    -1.546110
    -0.118859    -1.544398
    -0.117185    -1.542730
    -0.115511    -1.541108
    -0.113837    -1.539532
    -0.112163    -1.538001
    -0.110488    -1.536516
    -0.108814    -1.535076
    -0.107140    -1.533683
    -0.105466    -1.532335
    -0.103792    -1.531034
    -0.102118    -1.529779
    -0.100444    -1.528571
    -0.098770    -1.527409
    -0.097096    -1.526294
    -0.095422    -1.525226
    -0.093748    -1.524204
    -0.092074    -1.523230
    -0.090400    -1.522302
    -0.088726    -1.521422
    -0.087051    -1.520590
    -0.085377    -1.519804
    -0.083703    -1.519067
    -0.082029    -1.518377
    -0.080355    -1.517735
    -0.078681    -1.517141
    -0.077007    -1.516595
    -0.075333    -1.516097
    -0.073659    -1.515647
    -0.071985    -1.515246
    -0.070311    -1.514893
    -0.068637    -1.514589
    -0.066963    -1.514333
    -0.065289    -1.514127
    -0.063615    -1.513969
    -0.061940    -1.513860
    -0.060266    -1.513800
    -0.058592    -1.513789
    -0.056918    -1.513827
    -0.055244    -1.513914
    -0.053570    -1.514050
    -0.051896    -1.514235
    -0.050222    -1.514469
    -0.048548    -1.514752
    -0.046874    -1.515084
    -0.045200    -1.515464
    -0.043526    -1.515892
    -0.041852    -1.516368
    -0.040178    -1.516892
    -0.038504    -1.517463
    -0.036829    -1.518080
    -0.035155    -1.518742
    -0.033481    -1.519449
    -0.031807    -1.520198
    -0.030133    -1.520988
    -0.028459    -1.521817
    -0.026785    -1.522683
    -0.025111    -1.523581
    -0.023437    -1.524509
    -0.021763    -1.525466
    -0.020089    -1.526448
    -0.018415    -1.527451
    -0.016741    -1.528466
    -0.015067    -1.529486
    -0.013393    -1.530496
    -0.011718    -1.531482
    -0.010044    -1.532423
    -0.008370    -1.533296
    -0.006696    -1.534074
    -0.005022    -1.534727
    -0.003348    -1.535223
    -0.001674    -1.535537
     0.000000    -1.535648
     0.001674    -1.535547
     0.003348    -1.535239
     0.005022    -1.534745
     0.006696    -1.534093
     0.008370    -1.533316
     0.010044    -1.532443
     0.011718    -1.531501
     0.013393    -1.530515
     0.015067    -1.529505
     0.016741    -1.528485
     0.018415    -1.527468
     0.020089    -1.526464
     0.021763    -1.525480
     0.023437    -1.524520
     0.025111    -1.523589
     0.026785    -1.522687
     0.028459    -1.521820
     0.030133    -1.520989
     0.031807    -1.520198
     0.033481    -1.519447
     0.035155    -1.518740
     0.036829    -1.518078
     0.038504    -1.517460
     0.040178    -1.516889
     0.041852    -1.516365
     0.043526    -1.515889
     0.045200    -1.515460
     0.046874    -1.515080
     0.048548    -1.514748
     0.050222    -1.514465
     0.051896    -1.514231
     0.053570    -1.514046
     0.055244    -1.513910
     0.056918    -1.513822
     0.058592    -1.513784
     0.060266    -1.513795
     0.061940    -1.513855
     0.063615    -1.513964
     0.065289    -1.514122
     0.066963    -1.514329
     0.068637    -1.514584
     0.070311    -1.514889
     0.071985    -1.515241
     0.073659    -1.515642
     0.075333    -1.516092
     0.077007    -1.516590
     0.078681    -1.517136
     0.080355    -1.517730
     0.082029    -1.518372
     0.083703    -1.519062
     0.085377    -1.519800
     0.087051    -1.520585
     0.088726    -1.521418
     0.090400    -1.522298
     0.092074    -1.523225
     0.093748    -1.524199
     0.095422    -1.525221
     0.097096    -1.526289
     0.098770    -1.527405
     0.100444    -1.528566
     0.102118    -1.529775
     0.103792    -1.531030
     0.105466    -1.532331
     0.107140    -1.533678
     0.108814    -1.535072
     0.110488    -1.536511
     0.112163    -1.537997
     0.113837    -1.539528
     0.115511    -1.541104
     0.117185    -1.542726
     0.118859    -1.544394
     0.120533    -1.546107
     0.122207    -1.547864
     0.123881    -1.549667
     0.125555    -1.551514
     0.127229    -1.553406
     0.128903    -1.555343
     0.130577    -1.557324
     0.132251    -1.559349
     0.133925    -1.561418
     0.135599    -1.563531
     0.137274    -1.565687
     0.138948    -1.567887
     0.140622    -1.570130
     0.142296    -1.572416
     0.143970    -1.574745
     0.145644    -1.577117
     0.147318    -1.579530
     0.148992    -1.581986
     0.150666    -1.584484
     0.152340    -1.587023
     0.154014    -1.589603
     0.155688    -1.592224
     0.157362    -1.594886
     0.159036    -1.597588
     0.160710    -1.600330
     0.162385    -1.603112
     0.164059    -1.605933
     0.165733    -1.608792
     0.167407    -1.611690


    -0.167407    -1.249208
    -0.165733    -1.243819
    -0.164059    -1.238378
    -0.162385    -1.232886
    -0.160710    -1.227342
    -0.159036    -1.221746
    -0.157362    -1.216099
    -0.155688    -1.210401
    -0.154014    -1.204652
    -0.152340    -1.198854
    -0.150666    -1.193047
    -0.148992    -1.187846
    -0.147318    -1.182705
    -0.145644    -1.177521
    -0.143970    -1.172291
    -0.142296    -1.167014
    -0.140622    -1.161688
    -0.138948    -1.156314
    -0.137274    -1.150890
    -0.135599    -1.145416
    -0.133925    -1.139892
    -0.132251    -1.134316
    -0.130577    -1.128690
    -0.128903    -1.123011
    -0.127229    -1.117281
    -0.125555    -1.111498
    -0.123881    -1.105662
    -0.122207    -1.099774
    -0.120533    -1.093833
    -0.118859    -1.087838
    -0.117185    -1.081791
    -0.115511    -1.075691
    -0.113837    -1.069538
    -0.112163    -1.063332
    -0.110488    -1.057074
    -0.108814    -1.050765
    -0.107140    -1.044404
    -0.105466    -1.037993
    -0.103792    -1.031532
    -0.102118    -1.025021
    -0.100444    -1.018463
    -0.098770    -1.011857
    -0.097096    -1.005206
    -0.095422    -0.998510
    -0.093748    -0.991771
    -0.092074    -0.984990
    -0.090400    -0.978169
    -0.088726    -0.971310
    -0.087051    -0.964415
    -0.085377    -0.957487
    -0.083703    -0.950527
    -0.082029    -0.943537
    -0.080355    -0.936522
    -0.078681    -0.929483
    -0.077007    -0.922424
    -0.075333    -0.915348
    -0.073659    -0.908259
    -0.071985    -0.901160
    -0.070311    -0.894055
    -0.068637    -0.886948
    -0.066963    -0.879845
    -0.065289    -0.872750
    -0.063615    -0.865667
    -0.061940    -0.858603
    -0.060266    -0.851562
    -0.058592    -0.844552
    -0.056918    -0.837578
    -0.055244    -0.830647
    -0.053570    -0.823766
    -0.051896    -0.816942
    -0.050222    -0.810184
    -0.048548    -0.803500
    -0.046874    -0.796899
    -0.045200    -0.790389
    -0.043526    -0.783980
    -0.041852    -0.777682
    -0.040178    -0.771505
    -0.038504    -0.765461
    -0.036829    -0.759560
    -0.035155    -0.753814
    -0.033481    -0.748235
    -0.031807    -0.742834
    -0.030133    -0.737624
    -0.028459    -0.732616
    -0.026785    -0.727824
    -0.025111    -0.723259
    -0.023437    -0.718933
    -0.021763    -0.714858
    -0.020089    -0.711044
    -0.018415    -0.707502
    -0.016741    -0.704241
    -0.015067    -0.701271
    -0.013393    -0.698599
    -0.011718    -0.696232
    -0.010044    -0.694175
    -0.008370    -0.692432
    -0.006696    -0.691006
    -0.005022    -0.689900
    -0.003348    -0.689114
    -0.001674    -0.688643
     0.000000    -0.688485
     0.001674    -0.688638
     0.003348    -0.689106
     0.005022    -0.689894
     0.006696    -0.691002
     0.008370    -0.692428
     0.010044    -0.694171
     0.011718    -0.696228
     0.013393    -0.698596
     0.015067    -0.701268
     0.016741    -0.704237
     0.018415    -0.707498
     0.020089    -0.711039
     0.021763    -0.714853
     0.023437    -0.718929
     0.025111    -0.723254
     0.026785    -0.727819
     0.028459    -0.732611
     0.030133    -0.737619
     0.031807    -0.742829
     0.033481    -0.748230
     0.035155    -0.753809
     0.036829    -0.759555
     0.038504    -0.765456
     0.040178    -0.771500
     0.041852    -0.777676
     0.043526    -0.783974
     0.045200    -0.790383
     0.046874    -0.796893
     0.048548    -0.803495
     0.050222    -0.810179
     0.051896    -0.816937
     0.053570    -0.823761
     0.055244    -0.830642
     0.056918    -0.837573
     0.058592    -0.844547
     0.060266    -0.851558
     0.061940    -0.858598
     0.063615    -0.865663
     0.065289    -0.872745
     0.066963    -0.879841
     0.068637    -0.886944
     0.070311    -0.894051
     0.071985    -0.901156
     0.073659    -0.908255
     0.075333    -0.915345
     0.077007    -0.922421
     0.078681    -0.929480
     0.080355    -0.936519
     0.082029    -0.943534
     0.083703    -0.950524
     0.085377    -0.957484
     0.087051    -0.964413
     0.088726    -0.971308
     0.090400    -0.978166
     0.092074    -0.984987
     0.093748    -0.991768
     0.095422    -0.998508
     0.097096    -1.005204
     0.098770    -1.011855
     0.100444    -1.018461
     0.102118    -1.025020
     0.103792    -1.031530
     0.105466    -1.037991
     0.107140    -1.044403
     0.108814    -1.050764
     0.110488    -1.057073
     0.112163    -1.063331
     0.113837    -1.069537
     0.115511    -1.075690
     0.117185    -1.081790
     0.118859    -1.087838
     0.120533    -1.093832
     0.122207    -1.099773
     0.123881    -1.105662
     0.125555    -1.111498
     0.127229    -1.117281
     0.128903    -1.123011
     0.130577    -1.128690
     0.132251    -1.134316
     0.133925    -1.139892
     0.135599    -1.145416
     0.137274    -1.150890
     0.138948    -1.156314
     0.140622    -1.161688
     0.142296    -1.167014
     0.143970    -1.172292
     0.145644    -1.177522
     0.147318    -1.182706
     0.148992    -1.187845
     0.150666    -1.193035
     0.152340    -1.198843
     0.154014    -1.204641
     0.155688    -1.210389
     0.157362    -1.216087
     0.159036    -1.221734
     0.160710    -1.227329
     0.162385    -1.232873
     0.164059    -1.238365
     0.165733    -1.243805
     0.167407    -1.249194


    -0.167407    -1.241482
    -0.165733    -1.236808
    -0.164059    -1.232095
    -0.162385    -1.227344
    -0.160710    -1.222552
    -0.159036    -1.217720
    -0.157362    -1.212847
    -0.155688    -1.207931
    -0.154014    -1.202972
    -0.152340    -1.197967
    -0.150666    -1.192877
    -0.148992    -1.187086
    -0.147318    -1.181138
    -0.145644    -1.175139
    -0.143970    -1.169090
    -0.142296    -1.162992
    -0.140622    -1.156846
    -0.138948    -1.150654
    -0.137274    -1.144415
    -0.135599    -1.138130
    -0.133925    -1.131801
    -0.132251    -1.125428
    -0.130577    -1.119013
    -0.128903    -1.112555
    -0.127229    -1.106057
    -0.125555    -1.099519
    -0.123881    -1.092943
    -0.122207    -1.086329
    -0.120533    -1.079680
    -0.118859    -1.072997
    -0.117185    -1.066280
    -0.115511    -1.059532
    -0.113837    -1.052754
    -0.112163    -1.045948
    -0.110488    -1.039115
    -0.108814    -1.032258
    -0.107140    -1.025377
    -0.105466    -1.018476
    -0.103792    -1.011555
    -0.102118    -1.004617
    -0.100444    -0.997665
    -0.098770    -0.990699
    -0.097096    -0.983724
    -0.095422    -0.976740
    -0.093748    -0.969750
    -0.092074    -0.962757
    -0.090400    -0.955763
    -0.088726    -0.948771
    -0.087051    -0.941784
    -0.085377    -0.934803
    -0.083703    -0.927833
    -0.082029    -0.920876
    -0.080355    -0.913936
    -0.078681    -0.907014
    -0.077007    -0.900115
    -0.075333    -0.893241
    -0.073659    -0.886397
    -0.071985    -0.879585
    -0.070311    -0.872808
    -0.068637    -0.866072
    -0.066963    -0.859379
    -0.065289    -0.852733
    -0.063615    -0.846139
    -0.061940    -0.839600
    -0.060266    -0.833121
    -0.058592    -0.826705
    -0.056918    -0.820358
    -0.055244    -0.814084
    -0.053570    -0.807887
    -0.051896    -0.801773
    -0.050222    -0.795747
    -0.048548    -0.789814
    -0.046874    -0.783979
    -0.045200    -0.778248
    -0.043526    -0.772626
    -0.041852    -0.767120
    -0.040178    -0.761736
    -0.038504    -0.756479
    -0.036829    -0.751357
    -0.035155    -0.746377
    -0.033481    -0.741545
    -0.031807    -0.736869
    -0.030133    -0.732355
    -0.028459    -0.728013
    -0.026785    -0.723849
    -0.025111    -0.719872
    -0.023437    -0.716091
    -0.021763    -0.712512
    -0.020089    -0.709147
    -0.018415    -0.706002
    -0.016741    -0.703088
    -0.015067    -0.700412
    -0.013393    -0.697985
    -0.011718    -0.695813
    -0.010044    -0.693907
    -0.008370    -0.692274
    -0.006696    -0.690923
    -0.005022    -0.689859
    -0.003348    -0.689091
    -0.001674    -0.688626
     0.000000    -0.688472
     0.001674    -0.688630
     0.003348    -0.689097
     0.005022    -0.689863
     0.006696    -0.690924
     0.008370    -0.692275
     0.010044    -0.693907
     0.011718    -0.695812
     0.013393    -0.697983
     0.015067    -0.700411
     0.016741    -0.703086
     0.018415    -0.706000
     0.020089    -0.709144
     0.021763    -0.712510
     0.023437    -0.716088
     0.025111    -0.719869
     0.026785    -0.723846
     0.028459    -0.728010
     0.030133    -0.732352
     0.031807    -0.736866
     0.033481    -0.741542
     0.035155    -0.746374
     0.036829    -0.751355
     0.038504    -0.756477
     0.040178    -0.761733
     0.041852    -0.767117
     0.043526    -0.772624
     0.045200    -0.778245
     0.046874    -0.783977
     0.048548    -0.789812
     0.050222    -0.795745
     0.051896    -0.801772
     0.053570    -0.807886
     0.055244    -0.814082
     0.056918    -0.820356
     0.058592    -0.826704
     0.060266    -0.833119
     0.061940    -0.839599
     0.063615    -0.846138
     0.065289    -0.852733
     0.066963    -0.859379
     0.068637    -0.866072
     0.070311    -0.872808
     0.071985    -0.879584
     0.073659    -0.886396
     0.075333    -0.893241
     0.077007    -0.900115
     0.078681    -0.907014
     0.080355    -0.913936
     0.082029    -0.920876
     0.083703    -0.927833
     0.085377    -0.934803
     0.087051    -0.941784
     0.088726    -0.948771
     0.090400    -0.955763
     0.092074    -0.962757
     0.093748    -0.969750
     0.095422    -0.976739
     0.097096    -0.983723
     0.098770    -0.990699
     0.100444    -0.997664
     0.102118    -1.004617
     0.103792    -1.011554
     0.105466    -1.018475
     0.107140    -1.025376
     0.108814    -1.032256
     0.110488    -1.039114
     0.112163    -1.045946
     0.113837    -1.052752
     0.115511    -1.059530
     0.117185    -1.066278
     0.118859    -1.072994
     0.120533    -1.079677
     0.122207    -1.086326
     0.123881    -1.092939
     0.125555    -1.099515
     0.127229    -1.106053
     0.128903    -1.112550
     0.130577    -1.119008
     0.132251    -1.125423
     0.133925    -1.131796
     0.135599    -1.138124
     0.137274    -1.144408
     0.138948    -1.150647
     0.140622    -1.156839
     0.142296    -1.162985
     0.143970    -1.169082
     0.145644    -1.175131
     0.147318    -1.181130
     0.148992    -1.187078
     0.150666    -1.192880
     0.152340    -1.197969
     0.154014    -1.202973
     0.155688    -1.207933
     0.157362    -1.212848
     0.159036    -1.217722
     0.160710    -1.222554
     0.162385    -1.227345
     0.164059    -1.232097
     0.165733    -1.236810
     0.167407    -1.241484


    -0.167407    -0.467935
    -0.165733    -0.464087
    -0.164059    -0.460283
    -0.162385    -0.456524
    -0.160710    -0.452811
    -0.159036    -0.449144
    -0.157362    -0.445525
    -0.155688    -0.441954
    -0.154014    -0.438431
    -0.152340    -0.434957
    -0.150666    -0.431534
    -0.148992    -0.428162
    -0.147318    -0.424840
    -0.145644    -0.421572
    -0.143970    -0.418355
    -0.142296    -0.415193
    -0.140622    -0.412084
    -0.138948    -0.409031
    -0.137274    -0.406033
    -0.135599    -0.403090
    -0.133925    -0.400205
    -0.132251    -0.397377
    -0.130577    -0.394607
    -0.128903    -0.391895
    -0.127229    -0.389242
    -0.125555    -0.386649
    -0.123881    -0.384115
    -0.122207    -0.381642
    -0.120533    -0.379230
    -0.118859    -0.376880
    -0.117185    -0.374591
    -0.115511    -0.372364
    -0.113837    -0.370199
    -0.112163    -0.368097
    -0.110488    -0.366058
    -0.108814    -0.364082
    -0.107140    -0.362169
    -0.105466    -0.360319
    -0.103792    -0.358532
    -0.102118    -0.356809
    -0.100444    -0.355149
    -0.098770    -0.353551
    -0.097096    -0.352017
    -0.095422    -0.350545
    -0.093748    -0.349135
    -0.092074    -0.347786
    -0.090400    -0.346498
    -0.088726    -0.345270
    -0.087051    -0.344102
    -0.085377    -0.342992
    -0.083703    -0.341940
    -0.082029    -0.340943
    -0.080355    -0.340002
    -0.078681    -0.339114
    -0.077007    -0.338278
    -0.075333    -0.337491
    -0.073659    -0.336753
    -0.071985    -0.336060
    -0.070311    -0.335411
    -0.068637    -0.334802
    -0.066963    -0.334232
    -0.065289    -0.333695
    -0.063615    -0.333190
    -0.061940    -0.332713
    -0.060266    -0.332259
    -0.058592    -0.331824
    -0.056918    -0.331404
    -0.055244    -0.330993
    -0.053570    -0.330586
    -0.051896    -0.330178
    -0.050222    -0.329762
    -0.048548    -0.329331
    -0.046874    -0.328879
    -0.045200    -0.328398
    -0.043526    -0.327881
    -0.041852    -0.327318
    -0.040178    -0.326701
    -0.038504    -0.326022
    -0.036829    -0.325269
    -0.035155    -0.324435
    -0.033481    -0.323507
    -0.031807    -0.322477
    -0.030133    -0.321332
    -0.028459    -0.320063
    -0.026785    -0.318659
    -0.025111    -0.317109
    -0.023437    -0.315403
    -0.021763    -0.313530
    -0.020089    -0.311481
    -0.018415    -0.309246
    -0.016741    -0.306818
    -0.015067    -0.304190
    -0.013393    -0.301354
    -0.011718    -0.298305
    -0.010044    -0.295040
    -0.008370    -0.291556
    -0.006696    -0.287851
    -0.005022    -0.283925
    -0.003348    -0.279779
    -0.001674    -0.275417
     0.000000    -0.270864
     0.001674    -0.275439
     0.003348    -0.279802
     0.005022    -0.283948
     0.006696    -0.287874
     0.008370    -0.291580
     0.010044    -0.295065
     0.011718    -0.298330
     0.013393    -0.301379
     0.015067    -0.304215
     0.016741    -0.306845
     0.018415    -0.309273
     0.020089    -0.311507
     0.021763    -0.313557
     0.023437    -0.315430
     0.025111    -0.317137
     0.026785    -0.318687
     0.028459    -0.320091
     0.030133    -0.321360
     0.031807    -0.322504
     0.033481    -0.323535
     0.035155    -0.324462
     0.036829    -0.325297
     0.038504    -0.326049
     0.040178    -0.326729
     0.041852    -0.327345
     0.043526    -0.327908
     0.045200    -0.328425
     0.046874    -0.328906
     0.048548    -0.329358
     0.050222    -0.329788
     0.051896    -0.330204
     0.053570    -0.330612
     0.055244    -0.331018
     0.056918    -0.331429
     0.058592    -0.331848
     0.060266    -0.332283
     0.061940    -0.332736
     0.063615    -0.333214
     0.065289    -0.333718
     0.066963    -0.334254
     0.068637    -0.334825
     0.070311    -0.335433
     0.071985    -0.336082
     0.073659    -0.336774
     0.075333    -0.337512
     0.077007    -0.338298
     0.078681    -0.339133
     0.080355    -0.340021
     0.082029    -0.340962
     0.083703    -0.341958
     0.085377    -0.343010
     0.087051    -0.344119
     0.088726    -0.345287
     0.090400    -0.346514
     0.092074    -0.347802
     0.093748    -0.349150
     0.095422    -0.350560
     0.097096    -0.352032
     0.098770    -0.353566
     0.100444    -0.355163
     0.102118    -0.356823
     0.103792    -0.358546
     0.105466    -0.360332
     0.107140    -0.362181
     0.108814    -0.364094
     0.110488    -0.366070
     0.112163    -0.368108
     0.113837    -0.370210
     0.115511    -0.372374
     0.117185    -0.374601
     0.118859    -0.376890
     0.120533    -0.379240
     0.122207    -0.381652
     0.123881    -0.384125
     0.125555    -0.386658
     0.127229    -0.389251
     0.128903    -0.391904
     0.130577    -0.394615
     0.132251    -0.397385
     0.133925    -0.400213
     0.135599    -0.403098
     0.137274    -0.406040
     0.138948    -0.409038
     0.140622    -0.412092
     0.142296    -0.415200
     0.143970    -0.418363
     0.145644    -0.421579
     0.147318    -0.424847
     0.148992    -0.428168
     0.150666    -0.431541
     0.152340    -0.434964
     0.154014    -0.438438
     0.155688    -0.441960
     0.157362    -0.445532
     0.159036    -0.449151
     0.160710    -0.452817
     0.162385    -0.456530
     0.164059    -0.460289
     0.165733    -0.464093
     0.167407    -0.467942


    -0.167407    -0.412606
    -0.165733    -0.406754
    -0.164059    -0.400907
    -0.162385    -0.395066
    -0.160710    -0.389229
    -0.159036    -0.383398
    -0.157362    -0.377572
    -0.155688    -0.371753
    -0.154014    -0.365939
    -0.152340    -0.360131
    -0.150666    -0.354330
    -0.148992    -0.348535
    -0.147318    -0.342747
    -0.145644    -0.336966
    -0.143970    -0.331192
    -0.142296    -0.325426
    -0.140622    -0.319667
    -0.138948    -0.313917
    -0.137274    -0.308175
    -0.135599    -0.302442
    -0.133925    -0.296717
    -0.132251    -0.291002
    -0.130577    -0.285298
    -0.128903    -0.279603
    -0.127229    -0.273919
    -0.125555    -0.268247
    -0.123881    -0.262587
    -0.122207    -0.256940
    -0.120533    -0.251306
    -0.118859    -0.245686
    -0.117185    -0.240082
    -0.115511    -0.234494
    -0.113837    -0.228923
    -0.112163    -0.223371
    -0.110488    -0.217839
    -0.108814    -0.212329
    -0.107140    -0.206843
    -0.105466    -0.201381
    -0.103792    -0.195948
    -0.102118    -0.190545
    -0.100444    -0.185175
    -0.098770    -0.179842
    -0.097096    -0.174549
    -0.095422    -0.169300
    -0.093748    -0.164101
    -0.092074    -0.158956
    -0.090400    -0.153873
    -0.088726    -0.148858
    -0.087051    -0.143920
    -0.085377    -0.139068
    -0.083703    -0.134314
    -0.082029    -0.129671
    -0.080355    -0.125152
    -0.078681    -0.120776
    -0.077007    -0.116562
    -0.075333    -0.112532
    -0.073659    -0.108714
    -0.071985    -0.105135
    -0.070311    -0.101830
    -0.068637    -0.098837
    -0.066963    -0.096196
    -0.065289    -0.093952
    -0.063615    -0.092151
    -0.061940    -0.090839
    -0.060266    -0.090062
    -0.058592    -0.089858
    -0.056918    -0.090257
    -0.055244    -0.091280
    -0.053570    -0.092933
    -0.051896    -0.095206
    -0.050222    -0.098078
    -0.048548    -0.101513
    -0.046874    -0.105469
    -0.045200    -0.109895
    -0.043526    -0.114741
    -0.041852    -0.119952
    -0.040178    -0.125478
    -0.038504    -0.131271
    -0.036829    -0.137286
    -0.035155    -0.143481
    -0.033481    -0.149821
    -0.031807    -0.156272
    -0.030133    -0.162802
    -0.028459    -0.169384
    -0.026785    -0.175995
    -0.025111    -0.182609
    -0.023437    -0.189207
    -0.021763    -0.195769
    -0.020089    -0.202278
    -0.018415    -0.208715
    -0.016741    -0.215065
    -0.015067    -0.221313
    -0.013393    -0.227444
    -0.011718    -0.233447
    -0.010044    -0.239306
    -0.008370    -0.245012
    -0.006696    -0.250552
    -0.005022    -0.255916
    -0.003348    -0.261094
    -0.001674    -0.266079
     0.000000    -0.270841
     0.001674    -0.266059
     0.003348    -0.261075
     0.005022    -0.255896
     0.006696    -0.250533
     0.008370    -0.244994
     0.010044    -0.239289
     0.011718    -0.233430
     0.013393    -0.227428
     0.015067    -0.221297
     0.016741    -0.215049
     0.018415    -0.208700
     0.020089    -0.202263
     0.021763    -0.195756
     0.023437    -0.189194
     0.025111    -0.182597
     0.026785    -0.175982
     0.028459    -0.169373
     0.030133    -0.162790
     0.031807    -0.156260
     0.033481    -0.149810
     0.035155    -0.143471
     0.036829    -0.137275
     0.038504    -0.131261
     0.040178    -0.125468
     0.041852    -0.119942
     0.043526    -0.114731
     0.045200    -0.109885
     0.046874    -0.105458
     0.048548    -0.101502
     0.050222    -0.098066
     0.051896    -0.095195
     0.053570    -0.092921
     0.055244    -0.091268
     0.056918    -0.090244
     0.058592    -0.089844
     0.060266    -0.090048
     0.061940    -0.090825
     0.063615    -0.092136
     0.065289    -0.093936
     0.066963    -0.096180
     0.068637    -0.098821
     0.070311    -0.101814
     0.071985    -0.105118
     0.073659    -0.108696
     0.075333    -0.112515
     0.077007    -0.116544
     0.078681    -0.120758
     0.080355    -0.125134
     0.082029    -0.129652
     0.083703    -0.134296
     0.085377    -0.139050
     0.087051    -0.143901
     0.088726    -0.148839
     0.090400    -0.153854
     0.092074    -0.158938
     0.093748    -0.164082
     0.095422    -0.169282
     0.097096    -0.174531
     0.098770    -0.179824
     0.100444    -0.185157
     0.102118    -0.190527
     0.103792    -0.195931
     0.105466    -0.201364
     0.107140    -0.206826
     0.108814    -0.212313
     0.110488    -0.217823
     0.112163    -0.223355
     0.113837    -0.228907
     0.115511    -0.234478
     0.117185    -0.240067
     0.118859    -0.245672
     0.120533    -0.251292
     0.122207    -0.256926
     0.123881    -0.262574
     0.125555    -0.268234
     0.127229    -0.273907
     0.128903    -0.279591
     0.130577    -0.285286
     0.132251    -0.290992
     0.133925    -0.296707
     0.135599    -0.302432
     0.137274    -0.308166
     0.138948    -0.313908
     0.140622    -0.319659
     0.142296    -0.325418
     0.143970    -0.331185
     0.145644    -0.336960
     0.147318    -0.342741
     0.148992    -0.348530
     0.150666    -0.354325
     0.152340    -0.360127
     0.154014    -0.365935
     0.155688    -0.371750
     0.157362    -0.377570
     0.159036    -0.383396
     0.160710    -0.389228
     0.162385    -0.395065
     0.164059    -0.400907
     0.165733    -0.406755
     0.167407    -0.412607


    -0.167407     0.632269
    -0.165733     0.623653
    -0.164059     0.615014
    -0.162385     0.606353
    -0.160710     0.597670
    -0.159036     0.588966
    -0.157362     0.580240
    -0.155688     0.571493
    -0.154014     0.562726
    -0.152340     0.553939
    -0.150666     0.545134
    -0.148992     0.536309
    -0.147318     0.527466
    -0.145644     0.518606
    -0.143970     0.509729
    -0.142296     0.500836
    -0.140622     0.491928
    -0.138948     0.483004
    -0.137274     0.474067
    -0.135599     0.465117
    -0.133925     0.456155
    -0.132251     0.447181
    -0.130577     0.438197
    -0.128903     0.429204
    -0.127229     0.420203
    -0.125555     0.411195
    -0.123881     0.402181
    -0.122207     0.393164
    -0.120533     0.384143
    -0.118859     0.375122
    -0.117185     0.366101
    -0.115511     0.357082
    -0.113837     0.348069
    -0.112163     0.339061
    -0.110488     0.330063
    -0.108814     0.321076
    -0.107140     0.312103
    -0.105466     0.303148
    -0.103792     0.294213
    -0.102118     0.285303
    -0.100444     0.276421
    -0.098770     0.267573
    -0.097096     0.258762
    -0.095422     0.249994
    -0.093748     0.241277
    -0.092074     0.232615
    -0.090400     0.224019
    -0.088726     0.215495
    -0.087051     0.207055
    -0.085377     0.198709
    -0.083703     0.190470
    -0.082029     0.182354
    -0.080355     0.174375
    -0.078681     0.166555
    -0.077007     0.158913
    -0.075333     0.151475
    -0.073659     0.144270
    -0.071985     0.137328
    -0.070311     0.130687
    -0.068637     0.124385
    -0.066963     0.118466
    -0.065289     0.112978
    -0.063615     0.107970
    -0.061940     0.103490
    -0.060266     0.099586
    -0.058592     0.096301
    -0.056918     0.093668
    -0.055244     0.091710
    -0.053570     0.090437
    -0.051896     0.089844
    -0.050222     0.089912
    -0.048548     0.090611
    -0.046874     0.091901
    -0.045200     0.093737
    -0.043526     0.096072
    -0.041852     0.098857
    -0.040178     0.102047
    -0.038504     0.105598
    -0.036829     0.109471
    -0.035155     0.113632
    -0.033481     0.118048
    -0.031807     0.122692
    -0.030133     0.127540
    -0.028459     0.132571
    -0.026785     0.137768
    -0.025111     0.143114
    -0.023437     0.148595
    -0.021763     0.154199
    -0.020089     0.159917
    -0.018415     0.165738
    -0.016741     0.171655
    -0.015067     0.177660
    -0.013393     0.183748
    -0.011718     0.189912
    -0.010044     0.196149
    -0.008370     0.202452
    -0.006696     0.208818
    -0.005022     0.215244
    -0.003348     0.221726
    -0.001674     0.228261
     0.000000     0.234843
     0.001674     0.228261
     0.003348     0.221726
     0.005022     0.215245
     0.006696     0.208819
     0.008370     0.202453
     0.010044     0.196150
     0.011718     0.189914
     0.013393     0.183750
     0.015067     0.177663
     0.016741     0.171658
     0.018415     0.165741
     0.020089     0.159921
     0.021763     0.154204
     0.023437     0.148599
     0.025111     0.143119
     0.026785     0.137773
     0.028459     0.132577
     0.030133     0.127546
     0.031807     0.122698
     0.033481     0.118054
     0.035155     0.113638
     0.036829     0.109478
     0.038504     0.105605
     0.040178     0.102054
     0.041852     0.098864
     0.043526     0.096079
     0.045200     0.093744
     0.046874     0.091907
     0.048548     0.090617
     0.050222     0.089918
     0.051896     0.089850
     0.053570     0.090443
     0.055244     0.091715
     0.056918     0.093672
     0.058592     0.096305
     0.060266     0.099589
     0.061940     0.103492
     0.063615     0.107972
     0.065289     0.112980
     0.066963     0.118467
     0.068637     0.124385
     0.070311     0.130687
     0.071985     0.137328
     0.073659     0.144269
     0.075333     0.151474
     0.077007     0.158911
     0.078681     0.166553
     0.080355     0.174373
     0.082029     0.182351
     0.083703     0.190468
     0.085377     0.198706
     0.087051     0.207052
     0.088726     0.215492
     0.090400     0.224015
     0.092074     0.232612
     0.093748     0.241272
     0.095422     0.249990
     0.097096     0.258757
     0.098770     0.267568
     0.100444     0.276417
     0.102118     0.285298
     0.103792     0.294208
     0.105466     0.303143
     0.107140     0.312098
     0.108814     0.321070
     0.110488     0.330057
     0.112163     0.339056
     0.113837     0.348063
     0.115511     0.357077
     0.117185     0.366095
     0.118859     0.375116
     0.120533     0.384137
     0.122207     0.393158
     0.123881     0.402175
     0.125555     0.411189
     0.127229     0.420197
     0.128903     0.429198
     0.130577     0.438191
     0.132251     0.447175
     0.133925     0.456148
     0.135599     0.465111
     0.137274     0.474061
     0.138948     0.482998
     0.140622     0.491921
     0.142296     0.500830
     0.143970     0.509723
     0.145644     0.518600
     0.147318     0.527460
     0.148992     0.536303
     0.150666     0.545127
     0.152340     0.553933
     0.154014     0.562720
     0.155688     0.571487
     0.157362     0.580234
     0.159036     0.588960
     0.160710     0.597665
     0.162385     0.606348
     0.164059     0.615009
     0.165733     0.623647
     0.167407     0.632263


    -0.167407     0.890039
    -0.165733     0.884538
    -0.164059     0.879018
    -0.162385     0.873481
    -0.160710     0.867925
    -0.159036     0.862351
    -0.157362     0.856757
    -0.155688     0.851143
    -0.154014     0.845510
    -0.152340     0.839856
    -0.150666     0.834181
    -0.148992     0.828485
    -0.147318     0.822767
    -0.145644     0.817027
    -0.143970     0.811264
    -0.142296     0.805478
    -0.140622     0.799669
    -0.138948     0.793835
    -0.137274     0.787977
    -0.135599     0.782094
    -0.133925     0.776186
    -0.132251     0.770252
    -0.130577     0.764291
    -0.128903     0.758304
    -0.127229     0.752290
    -0.125555     0.746248
    -0.123881     0.740178
    -0.122207     0.734080
    -0.120533     0.727954
    -0.118859     0.721798
    -0.117185     0.715613
    -0.115511     0.709399
    -0.113837     0.703155
    -0.112163     0.696881
    -0.110488     0.690577
    -0.108814     0.684242
    -0.107140     0.677877
    -0.105466     0.671481
    -0.103792     0.665055
    -0.102118     0.658598
    -0.100444     0.652110
    -0.098770     0.645592
    -0.097096     0.639043
    -0.095422     0.632464
    -0.093748     0.625855
    -0.092074     0.619216
    -0.090400     0.612548
    -0.088726     0.605850
    -0.087051     0.599124
    -0.085377     0.592369
    -0.083703     0.585586
    -0.082029     0.578776
    -0.080355     0.571940
    -0.078681     0.565077
    -0.077007     0.558189
    -0.075333     0.551276
    -0.073659     0.544340
    -0.071985     0.537381
    -0.070311     0.530400
    -0.068637     0.523398
    -0.066963     0.516376
    -0.065289     0.509334
    -0.063615     0.502276
    -0.061940     0.495200
    -0.060266     0.488109
    -0.058592     0.481003
    -0.056918     0.473885
    -0.055244     0.466754
    -0.053570     0.459614
    -0.051896     0.452464
    -0.050222     0.445307
    -0.048548     0.438143
    -0.046874     0.430975
    -0.045200     0.423803
    -0.043526     0.416630
    -0.041852     0.409456
    -0.040178     0.402284
    -0.038504     0.395115
    -0.036829     0.387950
    -0.035155     0.380791
    -0.033481     0.373639
    -0.031807     0.366497
    -0.030133     0.359366
    -0.028459     0.352248
    -0.026785     0.345144
    -0.025111     0.338055
    -0.023437     0.330985
    -0.021763     0.323933
    -0.020089     0.316903
    -0.018415     0.309895
    -0.016741     0.302912
    -0.015067     0.295955
    -0.013393     0.289027
    -0.011718     0.282128
    -0.010044     0.275262
    -0.008370     0.268429
    -0.006696     0.261632
    -0.005022     0.254873
    -0.003348     0.248154
    -0.001674     0.241477
     0.000000     0.234848
     0.001674     0.241478
     0.003348     0.248155
     0.005022     0.254874
     0.006696     0.261633
     0.008370     0.268430
     0.010044     0.275264
     0.011718     0.282130
     0.013393     0.289029
     0.015067     0.295958
     0.016741     0.302915
     0.018415     0.309898
     0.020089     0.316906
     0.021763     0.323936
     0.023437     0.330988
     0.025111     0.338059
     0.026785     0.345147
     0.028459     0.352252
     0.030133     0.359370
     0.031807     0.366501
     0.033481     0.373643
     0.035155     0.380794
     0.036829     0.387953
     0.038504     0.395118
     0.040178     0.402288
     0.041852     0.409460
     0.043526     0.416633
     0.045200     0.423807
     0.046874     0.430978
     0.048548     0.438146
     0.050222     0.445310
     0.051896     0.452467
     0.053570     0.459617
     0.055244     0.466757
     0.056918     0.473887
     0.058592     0.481006
     0.060266     0.488111
     0.061940     0.495202
     0.063615     0.502277
     0.065289     0.509336
     0.066963     0.516377
     0.068637     0.523399
     0.070311     0.530401
     0.071985     0.537382
     0.073659     0.544341
     0.075333     0.551277
     0.077007     0.558189
     0.078681     0.565077
     0.080355     0.571939
     0.082029     0.578776
     0.083703     0.585585
     0.085377     0.592368
     0.087051     0.599123
     0.088726     0.605849
     0.090400     0.612546
     0.092074     0.619214
     0.093748     0.625853
     0.095422     0.632462
     0.097096     0.639041
     0.098770     0.645589
     0.100444     0.652107
     0.102118     0.658595
     0.103792     0.665052
     0.105466     0.671478
     0.107140     0.677873
     0.108814     0.684238
     0.110488     0.690573
     0.112163     0.696877
     0.113837     0.703151
     0.115511     0.709395
     0.117185     0.715609
     0.118859     0.721793
     0.120533     0.727949
     0.122207     0.734075
     0.123881     0.740173
     0.125555     0.746242
     0.127229     0.752284
     0.128903     0.758298
     0.130577     0.764285
     0.132251     0.770246
     0.133925     0.776180
     0.135599     0.782088
     0.137274     0.787971
     0.138948     0.793829
     0.140622     0.799663
     0.142296     0.805472
     0.143970     0.811258
     0.145644     0.817021
     0.147318     0.822761
     0.148992     0.828479
     0.150666     0.834175
     0.152340     0.839849
     0.154014     0.845503
     0.155688     0.851137
     0.157362     0.856750
     0.159036     0.862344
     0.160710     0.867919
     0.162385     0.873474
     0.164059     0.879012
     0.165733     0.884531
     0.167407     0.890033


    -0.167407     1.824575
    -0.165733     1.817074
    -0.164059     1.809597
    -0.162385     1.802147
    -0.160710     1.794724
    -0.159036     1.787331
    -0.157362     1.779971
    -0.155688     1.772644
    -0.154014     1.765354
    -0.152340     1.758102
    -0.150666     1.750890
    -0.148992     1.743721
    -0.147318     1.736596
    -0.145644     1.729518
    -0.143970     1.722489
    -0.142296     1.715512
    -0.140622     1.708587
    -0.138948     1.701719
    -0.137274     1.694908
    -0.135599     1.688157
    -0.133925     1.681469
    -0.132251     1.674845
    -0.130577     1.668287
    -0.128903     1.661799
    -0.127229     1.655382
    -0.125555     1.649038
    -0.123881     1.642769
    -0.122207     1.636579
    -0.120533     1.630468
    -0.118859     1.624438
    -0.117185     1.618493
    -0.115511     1.612634
    -0.113837     1.606864
    -0.112163     1.601183
    -0.110488     1.595594
    -0.108814     1.590100
    -0.107140     1.584701
    -0.105466     1.579400
    -0.103792     1.574199
    -0.102118     1.569098
    -0.100444     1.564101
    -0.098770     1.559209
    -0.097096     1.554423
    -0.095422     1.549744
    -0.093748     1.545175
    -0.092074     1.540716
    -0.090400     1.536369
    -0.088726     1.532136
    -0.087051     1.528017
    -0.085377     1.524013
    -0.083703     1.520127
    -0.082029     1.516358
    -0.080355     1.512707
    -0.078681     1.509176
    -0.077007     1.505766
    -0.075333     1.502476
    -0.073659     1.499308
    -0.071985     1.496262
    -0.070311     1.493339
    -0.068637     1.490539
    -0.066963     1.487862
    -0.065289     1.485309
    -0.063615     1.482881
    -0.061940     1.480576
    -0.060266     1.478396
    -0.058592     1.476340
    -0.056918     1.474408
    -0.055244     1.472600
    -0.053570     1.470917
    -0.051896     1.469357
    -0.050222     1.467920
    -0.048548     1.466606
    -0.046874     1.465416
    -0.045200     1.464347
    -0.043526     1.463400
    -0.041852     1.462574
    -0.040178     1.461869
    -0.038504     1.461283
    -0.036829     1.460817
    -0.035155     1.460469
    -0.033481     1.460238
    -0.031807     1.460125
    -0.030133     1.460127
    -0.028459     1.460244
    -0.026785     1.460476
    -0.025111     1.460820
    -0.023437     1.461277
    -0.021763     1.461845
    -0.020089     1.462523
    -0.018415     1.463310
    -0.016741     1.464205
    -0.015067     1.465207
    -0.013393     1.466315
    -0.011718     1.467527
    -0.010044     1.468843
    -0.008370     1.470261
    -0.006696     1.471779
    -0.005022     1.473398
    -0.003348     1.475116
    -0.001674     1.476930
     0.000000     1.478831
     0.001674     1.476940
     0.003348     1.475125
     0.005022     1.473408
     0.006696     1.471790
     0.008370     1.470271
     0.010044     1.468854
     0.011718     1.467539
     0.013393     1.466327
     0.015067     1.465219
     0.016741     1.464218
     0.018415     1.463323
     0.020089     1.462536
     0.021763     1.461858
     0.023437     1.461291
     0.025111     1.460834
     0.026785     1.460490
     0.028459     1.460259
     0.030133     1.460141
     0.031807     1.460139
     0.033481     1.460253
     0.035155     1.460484
     0.036829     1.460832
     0.038504     1.461299
     0.040178     1.461884
     0.041852     1.462590
     0.043526     1.463416
     0.045200     1.464363
     0.046874     1.465432
     0.048548     1.466623
     0.050222     1.467937
     0.051896     1.469373
     0.053570     1.470933
     0.055244     1.472617
     0.056918     1.474425
     0.058592     1.476357
     0.060266     1.478413
     0.061940     1.480593
     0.063615     1.482898
     0.065289     1.485326
     0.066963     1.487879
     0.068637     1.490556
     0.070311     1.493356
     0.071985     1.496279
     0.073659     1.499325
     0.075333     1.502493
     0.077007     1.505782
     0.078681     1.509193
     0.080355     1.512724
     0.082029     1.516374
     0.083703     1.520143
     0.085377     1.524029
     0.087051     1.528033
     0.088726     1.532151
     0.090400     1.536385
     0.092074     1.540731
     0.093748     1.545190
     0.095422     1.549759
     0.097096     1.554437
     0.098770     1.559223
     0.100444     1.564115
     0.102118     1.569112
     0.103792     1.574212
     0.105466     1.579413
     0.107140     1.584713
     0.108814     1.590112
     0.110488     1.595606
     0.112163     1.601194
     0.113837     1.606875
     0.115511     1.612645
     0.117185     1.618504
     0.118859     1.624448
     0.120533     1.630477
     0.122207     1.636588
     0.123881     1.642778
     0.125555     1.649046
     0.127229     1.655390
     0.128903     1.661806
     0.130577     1.668294
     0.132251     1.674851
     0.133925     1.681475
     0.135599     1.688163
     0.137274     1.694913
     0.138948     1.701724
     0.140622     1.708592
     0.142296     1.715516
     0.143970     1.722493
     0.145644     1.729521
     0.147318     1.736599
     0.148992     1.743723
     0.150666     1.750892
     0.152340     1.758103
     0.154014     1.765355
     0.155688     1.772645
     0.157362     1.779971
     0.159036     1.787332
     0.160710     1.794724
     0.162385     1.802146
     0.164059     1.809597
     0.165733     1.817073
     0.167407     1.824574


    -0.167407     1.963331
    -0.165733     1.957095
    -0.164059     1.950865
    -0.162385     1.944642
    -0.160710     1.938425
    -0.159036     1.932216
    -0.157362     1.926016
    -0.155688     1.919824
    -0.154014     1.913641
    -0.152340     1.907468
    -0.150666     1.901306
    -0.148992     1.895154
    -0.147318     1.889013
    -0.145644     1.882885
    -0.143970     1.876769
    -0.142296     1.870666
    -0.140622     1.864577
    -0.138948     1.858501
    -0.137274     1.852441
    -0.135599     1.846396
    -0.133925     1.840366
    -0.132251     1.834354
    -0.130577     1.828358
    -0.128903     1.822380
    -0.127229     1.816421
    -0.125555     1.810480
    -0.123881     1.804559
    -0.122207     1.798658
    -0.120533     1.792778
    -0.118859     1.786920
    -0.117185     1.781084
    -0.115511     1.775271
    -0.113837     1.769481
    -0.112163     1.763715
    -0.110488     1.757975
    -0.108814     1.752260
    -0.107140     1.746571
    -0.105466     1.740910
    -0.103792     1.735277
    -0.102118     1.729672
    -0.100444     1.724096
    -0.098770     1.718551
    -0.097096     1.713037
    -0.095422     1.707554
    -0.093748     1.702104
    -0.092074     1.696687
    -0.090400     1.691305
    -0.088726     1.685958
    -0.087051     1.680646
    -0.085377     1.675371
    -0.083703     1.670134
    -0.082029     1.664936
    -0.080355     1.659777
    -0.078681     1.654658
    -0.077007     1.649581
    -0.075333     1.644546
    -0.073659     1.639554
    -0.071985     1.634606
    -0.070311     1.629704
    -0.068637     1.624847
    -0.066963     1.620037
    -0.065289     1.615276
    -0.063615     1.610564
    -0.061940     1.605901
    -0.060266     1.601290
    -0.058592     1.596731
    -0.056918     1.592226
    -0.055244     1.587774
    -0.053570     1.583378
    -0.051896     1.579039
    -0.050222     1.574757
    -0.048548     1.570533
    -0.046874     1.566370
    -0.045200     1.562267
    -0.043526     1.558227
    -0.041852     1.554250
    -0.040178     1.550337
    -0.038504     1.546489
    -0.036829     1.542709
    -0.035155     1.538996
    -0.033481     1.535352
    -0.031807     1.531778
    -0.030133     1.528276
    -0.028459     1.524846
    -0.026785     1.521491
    -0.025111     1.518210
    -0.023437     1.515006
    -0.021763     1.511879
    -0.020089     1.508831
    -0.018415     1.505863
    -0.016741     1.502976
    -0.015067     1.500172
    -0.013393     1.497451
    -0.011718     1.494815
    -0.010044     1.492266
    -0.008370     1.489804
    -0.006696     1.487431
    -0.005022     1.485148
    -0.003348     1.482956
    -0.001674     1.480856
     0.000000     1.478861
     0.001674     1.480848
     0.003348     1.482947
     0.005022     1.485140
     0.006696     1.487423
     0.008370     1.489797
     0.010044     1.492259
     0.011718     1.494808
     0.013393     1.497444
     0.015067     1.500165
     0.016741     1.502970
     0.018415     1.505857
     0.020089     1.508826
     0.021763     1.511874
     0.023437     1.515001
     0.025111     1.518206
     0.026785     1.521487
     0.028459     1.524843
     0.030133     1.528273
     0.031807     1.531775
     0.033481     1.535349
     0.035155     1.538993
     0.036829     1.542707
     0.038504     1.546488
     0.040178     1.550335
     0.041852     1.554249
     0.043526     1.558226
     0.045200     1.562267
     0.046874     1.566370
     0.048548     1.570534
     0.050222     1.574757
     0.051896     1.579040
     0.053570     1.583379
     0.055244     1.587776
     0.056918     1.592227
     0.058592     1.596733
     0.060266     1.601292
     0.061940     1.605904
     0.063615     1.610566
     0.065289     1.615279
     0.066963     1.620041
     0.068637     1.624851
     0.070311     1.629707
     0.071985     1.634610
     0.073659     1.639558
     0.075333     1.644551
     0.077007     1.649586
     0.078681     1.654663
     0.080355     1.659782
     0.082029     1.664942
     0.083703     1.670140
     0.085377     1.675377
     0.087051     1.680652
     0.088726     1.685964
     0.090400     1.691312
     0.092074     1.696694
     0.093748     1.702111
     0.095422     1.707561
     0.097096     1.713044
     0.098770     1.718559
     0.100444     1.724104
     0.102118     1.729680
     0.103792     1.735285
     0.105466     1.740918
     0.107140     1.746580
     0.108814     1.752269
     0.110488     1.757984
     0.112163     1.763724
     0.113837     1.769490
     0.115511     1.775280
     0.117185     1.781093
     0.118859     1.786930
     0.120533     1.792788
     0.122207     1.798668
     0.123881     1.804569
     0.125555     1.810490
     0.127229     1.816431
     0.128903     1.822391
     0.130577     1.828369
     0.132251     1.834364
     0.133925     1.840377
     0.135599     1.846406
     0.137274     1.852452
     0.138948     1.858512
     0.140622     1.864588
     0.142296     1.870677
     0.143970     1.876780
     0.145644     1.882896
     0.147318     1.889025
     0.148992     1.895165
     0.150666     1.901317
     0.152340     1.907480
     0.154014     1.913653
     0.155688     1.919835
     0.157362     1.926027
     0.159036     1.932228
     0.160710     1.938437
     0.162385     1.944653
     0.164059     1.950877
     0.165733     1.957107
     0.167407     1.963343


    -0.167407     2.321538
    -0.165733     2.314648
    -0.164059     2.307796
    -0.162385     2.300983
    -0.160710     2.294210
    -0.159036     2.287477
    -0.157362     2.280787
    -0.155688     2.274139
    -0.154014     2.267536
    -0.152340     2.260977
    -0.150666     2.254464
    -0.148992     2.247998
    -0.147318     2.241580
    -0.145644     2.235209
    -0.143970     2.228889
    -0.142296     2.222618
    -0.140622     2.216398
    -0.138948     2.210230
    -0.137274     2.204115
    -0.135599     2.198053
    -0.133925     2.192045
    -0.132251     2.186092
    -0.130577     2.180194
    -0.128903     2.174353
    -0.127229     2.168569
    -0.125555     2.162842
    -0.123881     2.157174
    -0.122207     2.151565
    -0.120533     2.146015
    -0.118859     2.140526
    -0.117185     2.135097
    -0.115511     2.129731
    -0.113837     2.124426
    -0.112163     2.119184
    -0.110488     2.114006
    -0.108814     2.108891
    -0.107140     2.103841
    -0.105466     2.098857
    -0.103792     2.093937
    -0.102118     2.089084
    -0.100444     2.084298
    -0.098770     2.079578
    -0.097096     2.074927
    -0.095422     2.070344
    -0.093748     2.065829
    -0.092074     2.061384
    -0.090400     2.057008
    -0.088726     2.052703
    -0.087051     2.048469
    -0.085377     2.044305
    -0.083703     2.040214
    -0.082029     2.036194
    -0.080355     2.032247
    -0.078681     2.028373
    -0.077007     2.024572
    -0.075333     2.020846
    -0.073659     2.017193
    -0.071985     2.013615
    -0.070311     2.010113
    -0.068637     2.006686
    -0.066963     2.003335
    -0.065289     2.000060
    -0.063615     1.996862
    -0.061940     1.993742
    -0.060266     1.990699
    -0.058592     1.987733
    -0.056918     1.984846
    -0.055244     1.982038
    -0.053570     1.979309
    -0.051896     1.976659
    -0.050222     1.974089
    -0.048548     1.971599
    -0.046874     1.969190
    -0.045200     1.966861
    -0.043526     1.964613
    -0.041852     1.962447
    -0.040178     1.960363
    -0.038504     1.958360
    -0.036829     1.956440
    -0.035155     1.954603
    -0.033481     1.952848
    -0.031807     1.951177
    -0.030133     1.949590
    -0.028459     1.948086
    -0.026785     1.946666
    -0.025111     1.945331
    -0.023437     1.944081
    -0.021763     1.942915
    -0.020089     1.941835
    -0.018415     1.940841
    -0.016741     1.939932
    -0.015067     1.939110
    -0.013393     1.938373
    -0.011718     1.937724
    -0.010044     1.937161
    -0.008370     1.936684
    -0.006696     1.936294
    -0.005022     1.935990
    -0.003348     1.935771
    -0.001674     1.935638
     0.000000     1.935591
     0.001674     1.935630
     0.003348     1.935756
     0.005022     1.935969
     0.006696     1.936270
     0.008370     1.936657
     0.010044     1.937132
     0.011718     1.937693
     0.013393     1.938341
     0.015067     1.939076
     0.016741     1.939898
     0.018415     1.940806
     0.020089     1.941800
     0.021763     1.942879
     0.023437     1.944044
     0.025111     1.945295
     0.026785     1.946630
     0.028459     1.948049
     0.030133     1.949553
     0.031807     1.951141
     0.033481     1.952813
     0.035155     1.954567
     0.036829     1.956405
     0.038504     1.958326
     0.040178     1.960328
     0.041852     1.962413
     0.043526     1.964580
     0.045200     1.966828
     0.046874     1.969157
     0.048548     1.971567
     0.050222     1.974057
     0.051896     1.976628
     0.053570     1.979278
     0.055244     1.982008
     0.056918     1.984816
     0.058592     1.987703
     0.060266     1.990669
     0.061940     1.993713
     0.063615     1.996834
     0.065289     2.000032
     0.066963     2.003307
     0.068637     2.006658
     0.070311     2.010086
     0.071985     2.013589
     0.073659     2.017167
     0.075333     2.020820
     0.077007     2.024547
     0.078681     2.028348
     0.080355     2.032223
     0.082029     2.036170
     0.083703     2.040190
     0.085377     2.044282
     0.087051     2.048446
     0.088726     2.052682
     0.090400     2.056987
     0.092074     2.061363
     0.093748     2.065809
     0.095422     2.070324
     0.097096     2.074908
     0.098770     2.079560
     0.100444     2.084280
     0.102118     2.089067
     0.103792     2.093921
     0.105466     2.098841
     0.107140     2.103827
     0.108814     2.108877
     0.110488     2.113993
     0.112163     2.119172
     0.113837     2.124414
     0.115511     2.129720
     0.117185     2.135087
     0.118859     2.140516
     0.120533     2.146006
     0.122207     2.151556
     0.123881     2.157166
     0.125555     2.162835
     0.127229     2.168563
     0.128903     2.174348
     0.130577     2.180190
     0.132251     2.186088
     0.133925     2.192042
     0.135599     2.198051
     0.137274     2.204114
     0.138948     2.210230
     0.140622     2.216399
     0.142296     2.222619
     0.143970     2.228891
     0.145644     2.235212
     0.147318     2.241583
     0.148992     2.248003
     0.150666     2.254470
     0.152340     2.260983
     0.154014     2.267543
     0.155688     2.274147
     0.157362     2.280795
     0.159036     2.287486
     0.160710     2.294219
     0.162385     2.300993
     0.164059     2.307807
     0.165733     2.314660
     0.167407     2.321550


    -0.167407     2.338579
    -0.165733     2.331561
    -0.164059     2.324569
    -0.162385     2.317604
    -0.160710     2.310669
    -0.159036     2.303764
    -0.157362     2.296891
    -0.155688     2.290051
    -0.154014     2.283246
    -0.152340     2.276476
    -0.150666     2.269744
    -0.148992     2.263051
    -0.147318     2.256397
    -0.145644     2.249785
    -0.143970     2.243215
    -0.142296     2.236690
    -0.140622     2.230209
    -0.138948     2.223774
    -0.137274     2.217388
    -0.135599     2.211049
    -0.133925     2.204761
    -0.132251     2.198524
    -0.130577     2.192340
    -0.128903     2.186209
    -0.127229     2.180132
    -0.125555     2.174112
    -0.123881     2.168148
    -0.122207     2.162242
    -0.120533     2.156395
    -0.118859     2.150608
    -0.117185     2.144882
    -0.115511     2.139218
    -0.113837     2.133617
    -0.112163     2.128080
    -0.110488     2.122608
    -0.108814     2.117202
    -0.107140     2.111863
    -0.105466     2.106591
    -0.103792     2.101388
    -0.102118     2.096254
    -0.100444     2.091191
    -0.098770     2.086198
    -0.097096     2.081277
    -0.095422     2.076429
    -0.093748     2.071654
    -0.092074     2.066953
    -0.090400     2.062326
    -0.088726     2.057775
    -0.087051     2.053300
    -0.085377     2.048902
    -0.083703     2.044581
    -0.082029     2.040338
    -0.080355     2.036174
    -0.078681     2.032088
    -0.077007     2.028082
    -0.075333     2.024157
    -0.073659     2.020311
    -0.071985     2.016547
    -0.070311     2.012865
    -0.068637     2.009265
    -0.066963     2.005747
    -0.065289     2.002312
    -0.063615     1.998960
    -0.061940     1.995692
    -0.060266     1.992508
    -0.058592     1.989408
    -0.056918     1.986393
    -0.055244     1.983463
    -0.053570     1.980618
    -0.051896     1.977859
    -0.050222     1.975186
    -0.048548     1.972599
    -0.046874     1.970099
    -0.045200     1.967684
    -0.043526     1.965357
    -0.041852     1.963117
    -0.040178     1.960964
    -0.038504     1.958898
    -0.036829     1.956919
    -0.035155     1.955028
    -0.033481     1.953225
    -0.031807     1.951510
    -0.030133     1.949882
    -0.028459     1.948342
    -0.026785     1.946891
    -0.025111     1.945527
    -0.023437     1.944251
    -0.021763     1.943064
    -0.020089     1.941964
    -0.018415     1.940952
    -0.016741     1.940028
    -0.015067     1.939192
    -0.013393     1.938443
    -0.011718     1.937782
    -0.010044     1.937209
    -0.008370     1.936724
    -0.006696     1.936328
    -0.005022     1.936019
    -0.003348     1.935801
    -0.001674     1.935671
     0.000000     1.935631
     0.001674     1.935679
     0.003348     1.935815
     0.005022     1.936038
     0.006696     1.936350
     0.008370     1.936749
     0.010044     1.937235
     0.011718     1.937809
     0.013393     1.938470
     0.015067     1.939220
     0.016741     1.940056
     0.018415     1.940980
     0.020089     1.941992
     0.021763     1.943092
     0.023437     1.944280
     0.025111     1.945555
     0.026785     1.946918
     0.028459     1.948369
     0.030133     1.949908
     0.031807     1.951535
     0.033481     1.953250
     0.035155     1.955052
     0.036829     1.956942
     0.038504     1.958920
     0.040178     1.960985
     0.041852     1.963138
     0.043526     1.965377
     0.045200     1.967704
     0.046874     1.970117
     0.048548     1.972617
     0.050222     1.975204
     0.051896     1.977876
     0.053570     1.980634
     0.055244     1.983478
     0.056918     1.986408
     0.058592     1.989422
     0.060266     1.992521
     0.061940     1.995705
     0.063615     1.998972
     0.065289     2.002324
     0.066963     2.005758
     0.068637     2.009276
     0.070311     2.012876
     0.071985     2.016558
     0.073659     2.020321
     0.075333     2.024166
     0.077007     2.028091
     0.078681     2.032097
     0.080355     2.036182
     0.082029     2.040346
     0.083703     2.044589
     0.085377     2.048910
     0.087051     2.053308
     0.088726     2.057782
     0.090400     2.062333
     0.092074     2.066959
     0.093748     2.071660
     0.095422     2.076435
     0.097096     2.081283
     0.098770     2.086203
     0.100444     2.091196
     0.102118     2.096259
     0.103792     2.101393
     0.105466     2.106595
     0.107140     2.111867
     0.108814     2.117206
     0.110488     2.122612
     0.112163     2.128084
     0.113837     2.133620
     0.115511     2.139221
     0.117185     2.144885
     0.118859     2.150611
     0.120533     2.156397
     0.122207     2.162244
     0.123881     2.168150
     0.125555     2.174114
     0.127229     2.180135
     0.128903     2.186211
     0.130577     2.192342
     0.132251     2.198527
     0.133925     2.204763
     0.135599     2.211051
     0.137274     2.217390
     0.138948     2.223776
     0.140622     2.230211
     0.142296     2.236692
     0.143970     2.243217
     0.145644     2.249787
     0.147318     2.256399
     0.148992     2.263053
     0.150666     2.269746
     0.152340     2.276478
     0.154014     2.283248
     0.155688     2.290053
     0.157362     2.296893
     0.159036     2.303766
     0.160710     2.310671
     0.162385     2.317607
     0.164059     2.324571
     0.165733     2.331563
     0.167407     2.338582


