    -0.167407    -3.541967
    -0.165733    -3.541855
    -0.164059    -3.541748
    -0.162385    -3.541644
    -0.160710    -3.541544
    -0.159036    -3.541447
    -0.157362    -3.541354
    -0.155688    -3.541263
    -0.154014    -3.541176
    -0.152340    -3.541090
    -0.150666    -3.541007
    -0.148992    -3.540927
    -0.147318    -3.540847
    -0.145644    -3.540770
    -0.143970    -3.540694
    -0.142296    -3.540619
    -0.140622    -3.540546
    -0.138948    -3.540473
    -0.137274    -3.540401
    -0.135599    -3.540329
    -0.133925    -3.540258
    -0.132251    -3.540187
    -0.130577    -3.540116
    -0.128903    -3.540044
    -0.127229    -3.539973
    -0.125555    -3.539900
    -0.123881    -3.539827
    -0.122207    -3.539753
    -0.120533    -3.539679
    -0.118859    -3.539602
    -0.117185    -3.539525
    -0.115511    -3.539446
    -0.113837    -3.539365
    -0.112163    -3.539283
    -0.110488    -3.539199
    -0.108814    -3.539113
    -0.107140    -3.539024
    -0.105466    -3.538933
    -0.103792    -3.538840
    -0.102118    -3.538744
    -0.100444    -3.538646
    -0.098770    -3.538544
    -0.097096    -3.538440
    -0.095422    -3.538333
    -0.093748    -3.538222
    -0.092074    -3.538108
    -0.090400    -3.537991
    -0.088726    -3.537871
    -0.087051    -3.537746
    -0.085377    -3.537618
    -0.083703    -3.537486
    -0.082029    -3.537350
    -0.080355    -3.537211
    -0.078681    -3.537067
    -0.077007    -3.536918
    -0.075333    -3.536766
    -0.073659    -3.536609
    -0.071985    -3.536448
    -0.070311    -3.536282
    -0.068637    -3.536111
    -0.066963    -3.535936
    -0.065289    -3.535756
    -0.063615    -3.535571
    -0.061940    -3.535381
    -0.060266    -3.535186
    -0.058592    -3.534985
    -0.056918    -3.534780
    -0.055244    -3.534569
    -0.053570    -3.534353
    -0.051896    -3.534132
    -0.050222    -3.533905
    -0.048548    -3.533672
    -0.046874    -3.533434
    -0.045200    -3.533191
    -0.043526    -3.532941
    -0.041852    -3.532686
    -0.040178    -3.532425
    -0.038504    -3.532158
    -0.036829    -3.531885
    -0.035155    -3.531605
    -0.033481    -3.531320
    -0.031807    -3.531029
    -0.030133    -3.530732
    -0.028459    -3.530428
    -0.026785    -3.530118
    -0.025111    -3.529802
    -0.023437    -3.529479
    -0.021763    -3.529150
    -0.020089    -3.528814
    -0.018415    -3.528472
    -0.016741    -3.528124
    -0.015067    -3.527768
    -0.013393    -3.527406
    -0.011718    -3.527038
    -0.010044    -3.526663
    -0.008370    -3.526281
    -0.006696    -3.525892
    -0.005022    -3.525496
    -0.003348    -3.525094
    -0.001674    -3.524684
     0.000000    -3.524277
     0.001674    -3.524681
     0.003348    -3.525091
     0.005022    -3.525493
     0.006696    -3.525889
     0.008370    -3.526278
     0.010044    -3.526660
     0.011718    -3.527035
     0.013393    -3.527403
     0.015067    -3.527765
     0.016741    -3.528121
     0.018415    -3.528469
     0.020089    -3.528811
     0.021763    -3.529147
     0.023437    -3.529476
     0.025111    -3.529799
     0.026785    -3.530115
     0.028459    -3.530425
     0.030133    -3.530729
     0.031807    -3.531026
     0.033481    -3.531317
     0.035155    -3.531602
     0.036829    -3.531881
     0.038504    -3.532154
     0.040178    -3.532421
     0.041852    -3.532683
     0.043526    -3.532938
     0.045200    -3.533187
     0.046874    -3.533431
     0.048548    -3.533669
     0.050222    -3.533902
     0.051896    -3.534128
     0.053570    -3.534350
     0.055244    -3.534566
     0.056918    -3.534776
     0.058592    -3.534982
     0.060266    -3.535182
     0.061940    -3.535377
     0.063615    -3.535567
     0.065289    -3.535752
     0.066963    -3.535932
     0.068637    -3.536107
     0.070311    -3.536278
     0.071985    -3.536444
     0.073659    -3.536605
     0.075333    -3.536762
     0.077007    -3.536914
     0.078681    -3.537062
     0.080355    -3.537206
     0.082029    -3.537346
     0.083703    -3.537482
     0.085377    -3.537614
     0.087051    -3.537742
     0.088726    -3.537866
     0.090400    -3.537987
     0.092074    -3.538104
     0.093748    -3.538218
     0.095422    -3.538328
     0.097096    -3.538435
     0.098770    -3.538540
     0.100444    -3.538641
     0.102118    -3.538739
     0.103792    -3.538835
     0.105466    -3.538928
     0.107140    -3.539019
     0.108814    -3.539108
     0.110488    -3.539194
     0.112163    -3.539278
     0.113837    -3.539360
     0.115511    -3.539441
     0.117185    -3.539520
     0.118859    -3.539597
     0.120533    -3.539673
     0.122207    -3.539748
     0.123881    -3.539822
     0.125555    -3.539895
     0.127229    -3.539967
     0.128903    -3.540039
     0.130577    -3.540110
     0.132251    -3.540181
     0.133925    -3.540253
     0.135599    -3.540324
     0.137274    -3.540395
     0.138948    -3.540467
     0.140622    -3.540540
     0.142296    -3.540614
     0.143970    -3.540688
     0.145644    -3.540764
     0.147318    -3.540842
     0.148992    -3.540921
     0.150666    -3.541002
     0.152340    -3.541085
     0.154014    -3.541170
     0.155688    -3.541258
     0.157362    -3.541348
     0.159036    -3.541441
     0.160710    -3.541538
     0.162385    -3.541638
     0.164059    -3.541742
     0.165733    -3.541849
     0.167407    -3.541961


    -0.167407    -3.446486
    -0.165733    -3.447577
    -0.164059    -3.448663
    -0.162385    -3.449745
    -0.160710    -3.450822
    -0.159036    -3.451895
    -0.157362    -3.452963
    -0.155688    -3.454026
    -0.154014    -3.455085
    -0.152340    -3.456138
    -0.150666    -3.457187
    -0.148992    -3.458230
    -0.147318    -3.459268
    -0.145644    -3.460301
    -0.143970    -3.461328
    -0.142296    -3.462350
    -0.140622    -3.463366
    -0.138948    -3.464377
    -0.137274    -3.465381
    -0.135599    -3.466380
    -0.133925    -3.467374
    -0.132251    -3.468361
    -0.130577    -3.469342
    -0.128903    -3.470317
    -0.127229    -3.471287
    -0.125555    -3.472249
    -0.123881    -3.473206
    -0.122207    -3.474156
    -0.120533    -3.475100
    -0.118859    -3.476038
    -0.117185    -3.476969
    -0.115511    -3.477893
    -0.113837    -3.478811
    -0.112163    -3.479722
    -0.110488    -3.480626
    -0.108814    -3.481524
    -0.107140    -3.482415
    -0.105466    -3.483299
    -0.103792    -3.484176
    -0.102118    -3.485046
    -0.100444    -3.485909
    -0.098770    -3.486765
    -0.097096    -3.487614
    -0.095422    -3.488456
    -0.093748    -3.489291
    -0.092074    -3.490119
    -0.090400    -3.490939
    -0.088726    -3.491753
    -0.087051    -3.492559
    -0.085377    -3.493358
    -0.083703    -3.494149
    -0.082029    -3.494934
    -0.080355    -3.495711
    -0.078681    -3.496480
    -0.077007    -3.497242
    -0.075333    -3.497997
    -0.073659    -3.498744
    -0.071985    -3.499484
    -0.070311    -3.500217
    -0.068637    -3.500942
    -0.066963    -3.501660
    -0.065289    -3.502370
    -0.063615    -3.503072
    -0.061940    -3.503768
    -0.060266    -3.504455
    -0.058592    -3.505135
    -0.056918    -3.505808
    -0.055244    -3.506473
    -0.053570    -3.507131
    -0.051896    -3.507781
    -0.050222    -3.508424
    -0.048548    -3.509059
    -0.046874    -3.509687
    -0.045200    -3.510307
    -0.043526    -3.510920
    -0.041852    -3.511525
    -0.040178    -3.512123
    -0.038504    -3.512713
    -0.036829    -3.513296
    -0.035155    -3.513871
    -0.033481    -3.514439
    -0.031807    -3.515000
    -0.030133    -3.515553
    -0.028459    -3.516098
    -0.026785    -3.516637
    -0.025111    -3.517168
    -0.023437    -3.517692
    -0.021763    -3.518208
    -0.020089    -3.518717
    -0.018415    -3.519219
    -0.016741    -3.519713
    -0.015067    -3.520201
    -0.013393    -3.520681
    -0.011718    -3.521154
    -0.010044    -3.521619
    -0.008370    -3.522078
    -0.006696    -3.522529
    -0.005022    -3.522974
    -0.003348    -3.523411
    -0.001674    -3.523841
     0.000000    -3.524256
     0.001674    -3.523844
     0.003348    -3.523414
     0.005022    -3.522977
     0.006696    -3.522532
     0.008370    -3.522081
     0.010044    -3.521622
     0.011718    -3.521157
     0.013393    -3.520684
     0.015067    -3.520204
     0.016741    -3.519717
     0.018415    -3.519222
     0.020089    -3.518720
     0.021763    -3.518211
     0.023437    -3.517695
     0.025111    -3.517171
     0.026785    -3.516640
     0.028459    -3.516102
     0.030133    -3.515556
     0.031807    -3.515003
     0.033481    -3.514442
     0.035155    -3.513875
     0.036829    -3.513299
     0.038504    -3.512716
     0.040178    -3.512126
     0.041852    -3.511528
     0.043526    -3.510923
     0.045200    -3.510310
     0.046874    -3.509690
     0.048548    -3.509063
     0.050222    -3.508427
     0.051896    -3.507785
     0.053570    -3.507134
     0.055244    -3.506477
     0.056918    -3.505812
     0.058592    -3.505139
     0.060266    -3.504459
     0.061940    -3.503771
     0.063615    -3.503076
     0.065289    -3.502373
     0.066963    -3.501663
     0.068637    -3.500945
     0.070311    -3.500220
     0.071985    -3.499488
     0.073659    -3.498748
     0.075333    -3.498000
     0.077007    -3.497245
     0.078681    -3.496483
     0.080355    -3.495714
     0.082029    -3.494937
     0.083703    -3.494152
     0.085377    -3.493361
     0.087051    -3.492562
     0.088726    -3.491756
     0.090400    -3.490942
     0.092074    -3.490122
     0.093748    -3.489294
     0.095422    -3.488459
     0.097096    -3.487617
     0.098770    -3.486767
     0.100444    -3.485911
     0.102118    -3.485048
     0.103792    -3.484178
     0.105466    -3.483300
     0.107140    -3.482416
     0.108814    -3.481525
     0.110488    -3.480628
     0.112163    -3.479723
     0.113837    -3.478812
     0.115511    -3.477894
     0.117185    -3.476969
     0.118859    -3.476038
     0.120533    -3.475101
     0.122207    -3.474157
     0.123881    -3.473206
     0.125555    -3.472250
     0.127229    -3.471287
     0.128903    -3.470317
     0.130577    -3.469342
     0.132251    -3.468361
     0.133925    -3.467373
     0.135599    -3.466380
     0.137274    -3.465380
     0.138948    -3.464375
     0.140622    -3.463365
     0.142296    -3.462348
     0.143970    -3.461326
     0.145644    -3.460299
     0.147318    -3.459266
     0.148992    -3.458228
     0.150666    -3.457184
     0.152340    -3.456136
     0.154014    -3.455082
     0.155688    -3.454023
     0.157362    -3.452960
     0.159036    -3.451892
     0.160710    -3.450819
     0.162385    -3.449741
     0.164059    -3.448659
     0.165733    -3.447572
     0.167407    -3.446482


    -0.167407    -2.321505
    -0.165733    -2.316127
    -0.164059    -2.310861
    -0.162385    -2.305706
    -0.160710    -2.300661
    -0.159036    -2.295723
    -0.157362    -2.290892
    -0.155688    -2.286165
    -0.154014    -2.281539
    -0.152340    -2.277013
    -0.150666    -2.272585
    -0.148992    -2.268252
    -0.147318    -2.264012
    -0.145644    -2.259863
    -0.143970    -2.255803
    -0.142296    -2.251829
    -0.140622    -2.247940
    -0.138948    -2.244133
    -0.137274    -2.240405
    -0.135599    -2.236756
    -0.133925    -2.233183
    -0.132251    -2.229683
    -0.130577    -2.226255
    -0.128903    -2.222898
    -0.127229    -2.219608
    -0.125555    -2.216385
    -0.123881    -2.213227
    -0.122207    -2.210132
    -0.120533    -2.207098
    -0.118859    -2.204125
    -0.117185    -2.201210
    -0.115511    -2.198352
    -0.113837    -2.195550
    -0.112163    -2.192802
    -0.110488    -2.190108
    -0.108814    -2.187466
    -0.107140    -2.184875
    -0.105466    -2.182334
    -0.103792    -2.179842
    -0.102118    -2.177397
    -0.100444    -2.175000
    -0.098770    -2.172649
    -0.097096    -2.170344
    -0.095422    -2.168083
    -0.093748    -2.165866
    -0.092074    -2.163691
    -0.090400    -2.161560
    -0.088726    -2.159470
    -0.087051    -2.157421
    -0.085377    -2.155413
    -0.083703    -2.153445
    -0.082029    -2.151516
    -0.080355    -2.149626
    -0.078681    -2.147775
    -0.077007    -2.145962
    -0.075333    -2.144186
    -0.073659    -2.142448
    -0.071985    -2.140747
    -0.070311    -2.139082
    -0.068637    -2.137454
    -0.066963    -2.135861
    -0.065289    -2.134304
    -0.063615    -2.132782
    -0.061940    -2.131295
    -0.060266    -2.129843
    -0.058592    -2.128425
    -0.056918    -2.127042
    -0.055244    -2.125692
    -0.053570    -2.124377
    -0.051896    -2.123095
    -0.050222    -2.121846
    -0.048548    -2.120630
    -0.046874    -2.119448
    -0.045200    -2.118298
    -0.043526    -2.117181
    -0.041852    -2.116097
    -0.040178    -2.115045
    -0.038504    -2.114025
    -0.036829    -2.113037
    -0.035155    -2.112082
    -0.033481    -2.111158
    -0.031807    -2.110266
    -0.030133    -2.109405
    -0.028459    -2.108576
    -0.026785    -2.107779
    -0.025111    -2.107013
    -0.023437    -2.106277
    -0.021763    -2.105573
    -0.020089    -2.104900
    -0.018415    -2.104258
    -0.016741    -2.103647
    -0.015067    -2.103066
    -0.013393    -2.102516
    -0.011718    -2.101997
    -0.010044    -2.101508
    -0.008370    -2.101049
    -0.006696    -2.100621
    -0.005022    -2.100223
    -0.003348    -2.099855
    -0.001674    -2.099517
     0.000000    -2.099220
     0.001674    -2.099520
     0.003348    -2.099858
     0.005022    -2.100226
     0.006696    -2.100625
     0.008370    -2.101053
     0.010044    -2.101512
     0.011718    -2.102001
     0.013393    -2.102521
     0.015067    -2.103071
     0.016741    -2.103651
     0.018415    -2.104263
     0.020089    -2.104905
     0.021763    -2.105578
     0.023437    -2.106282
     0.025111    -2.107017
     0.026785    -2.107784
     0.028459    -2.108582
     0.030133    -2.109411
     0.031807    -2.110271
     0.033481    -2.111163
     0.035155    -2.112087
     0.036829    -2.113043
     0.038504    -2.114031
     0.040178    -2.115051
     0.041852    -2.116103
     0.043526    -2.117187
     0.045200    -2.118305
     0.046874    -2.119454
     0.048548    -2.120637
     0.050222    -2.121853
     0.051896    -2.123101
     0.053570    -2.124384
     0.055244    -2.125700
     0.056918    -2.127049
     0.058592    -2.128433
     0.060266    -2.129851
     0.061940    -2.131303
     0.063615    -2.132790
     0.065289    -2.134312
     0.066963    -2.135869
     0.068637    -2.137462
     0.070311    -2.139091
     0.071985    -2.140756
     0.073659    -2.142457
     0.075333    -2.144195
     0.077007    -2.145971
     0.078681    -2.147784
     0.080355    -2.149635
     0.082029    -2.151525
     0.083703    -2.153454
     0.085377    -2.155422
     0.087051    -2.157431
     0.088726    -2.159480
     0.090400    -2.161570
     0.092074    -2.163702
     0.093748    -2.165876
     0.095422    -2.168093
     0.097096    -2.170354
     0.098770    -2.172660
     0.100444    -2.175011
     0.102118    -2.177408
     0.103792    -2.179853
     0.105466    -2.182345
     0.107140    -2.184886
     0.108814    -2.187477
     0.110488    -2.190120
     0.112163    -2.192814
     0.113837    -2.195562
     0.115511    -2.198364
     0.117185    -2.201222
     0.118859    -2.204137
     0.120533    -2.207110
     0.122207    -2.210144
     0.123881    -2.213239
     0.125555    -2.216398
     0.127229    -2.219621
     0.128903    -2.222910
     0.130577    -2.226268
     0.132251    -2.229696
     0.133925    -2.233195
     0.135599    -2.236769
     0.137274    -2.240418
     0.138948    -2.244145
     0.140622    -2.247952
     0.142296    -2.251842
     0.143970    -2.255815
     0.145644    -2.259875
     0.147318    -2.264024
     0.148992    -2.268264
     0.150666    -2.272597
     0.152340    -2.277025
     0.154014    -2.281550
     0.155688    -2.286176
     0.157362    -2.290903
     0.159036    -2.295734
     0.160710    -2.300671
     0.162385    -2.305716
     0.164059    -2.310870
     0.165733    -2.316136
     0.167407    -2.321514


    -0.167407    -2.237582
    -0.165733    -2.232939
    -0.164059    -2.228468
    -0.162385    -2.224164
    -0.160710    -2.220022
    -0.159036    -2.216034
    -0.157362    -2.212195
    -0.155688    -2.208496
    -0.154014    -2.204933
    -0.152340    -2.201497
    -0.150666    -2.198184
    -0.148992    -2.194985
    -0.147318    -2.191896
    -0.145644    -2.188910
    -0.143970    -2.186021
    -0.142296    -2.183226
    -0.140622    -2.180518
    -0.138948    -2.177893
    -0.137274    -2.175346
    -0.135599    -2.172874
    -0.133925    -2.170473
    -0.132251    -2.168140
    -0.130577    -2.165870
    -0.128903    -2.163661
    -0.127229    -2.161511
    -0.125555    -2.159416
    -0.123881    -2.157374
    -0.122207    -2.155383
    -0.120533    -2.153442
    -0.118859    -2.151547
    -0.117185    -2.149698
    -0.115511    -2.147893
    -0.113837    -2.146130
    -0.112163    -2.144408
    -0.110488    -2.142726
    -0.108814    -2.141083
    -0.107140    -2.139477
    -0.105466    -2.137908
    -0.103792    -2.136374
    -0.102118    -2.134876
    -0.100444    -2.133412
    -0.098770    -2.131982
    -0.097096    -2.130584
    -0.095422    -2.129219
    -0.093748    -2.127886
    -0.092074    -2.126584
    -0.090400    -2.125313
    -0.088726    -2.124073
    -0.087051    -2.122863
    -0.085377    -2.121683
    -0.083703    -2.120533
    -0.082029    -2.119412
    -0.080355    -2.118321
    -0.078681    -2.117258
    -0.077007    -2.116224
    -0.075333    -2.115219
    -0.073659    -2.114243
    -0.071985    -2.113294
    -0.070311    -2.112374
    -0.068637    -2.111482
    -0.066963    -2.110619
    -0.065289    -2.109783
    -0.063615    -2.108975
    -0.061940    -2.108196
    -0.060266    -2.107444
    -0.058592    -2.106720
    -0.056918    -2.106024
    -0.055244    -2.105356
    -0.053570    -2.104715
    -0.051896    -2.104103
    -0.050222    -2.103519
    -0.048548    -2.102962
    -0.046874    -2.102434
    -0.045200    -2.101933
    -0.043526    -2.101461
    -0.041852    -2.101016
    -0.040178    -2.100600
    -0.038504    -2.100212
    -0.036829    -2.099852
    -0.035155    -2.099521
    -0.033481    -2.099218
    -0.031807    -2.098943
    -0.030133    -2.098697
    -0.028459    -2.098479
    -0.026785    -2.098290
    -0.025111    -2.098129
    -0.023437    -2.097997
    -0.021763    -2.097894
    -0.020089    -2.097820
    -0.018415    -2.097775
    -0.016741    -2.097759
    -0.015067    -2.097772
    -0.013393    -2.097815
    -0.011718    -2.097886
    -0.010044    -2.097987
    -0.008370    -2.098117
    -0.006696    -2.098277
    -0.005022    -2.098466
    -0.003348    -2.098685
    -0.001674    -2.098933
     0.000000    -2.099200
     0.001674    -2.098930
     0.003348    -2.098682
     0.005022    -2.098463
     0.006696    -2.098274
     0.008370    -2.098114
     0.010044    -2.097984
     0.011718    -2.097884
     0.013393    -2.097812
     0.015067    -2.097770
     0.016741    -2.097757
     0.018415    -2.097774
     0.020089    -2.097819
     0.021763    -2.097893
     0.023437    -2.097996
     0.025111    -2.098128
     0.026785    -2.098289
     0.028459    -2.098478
     0.030133    -2.098696
     0.031807    -2.098942
     0.033481    -2.099217
     0.035155    -2.099520
     0.036829    -2.099852
     0.038504    -2.100212
     0.040178    -2.100600
     0.041852    -2.101017
     0.043526    -2.101461
     0.045200    -2.101934
     0.046874    -2.102434
     0.048548    -2.102963
     0.050222    -2.103520
     0.051896    -2.104104
     0.053570    -2.104717
     0.055244    -2.105357
     0.056918    -2.106025
     0.058592    -2.106721
     0.060266    -2.107445
     0.061940    -2.108197
     0.063615    -2.108977
     0.065289    -2.109785
     0.066963    -2.110621
     0.068637    -2.111485
     0.070311    -2.112377
     0.071985    -2.113297
     0.073659    -2.114245
     0.075333    -2.115222
     0.077007    -2.116227
     0.078681    -2.117261
     0.080355    -2.118324
     0.082029    -2.119416
     0.083703    -2.120536
     0.085377    -2.121687
     0.087051    -2.122867
     0.088726    -2.124077
     0.090400    -2.125317
     0.092074    -2.126588
     0.093748    -2.127890
     0.095422    -2.129223
     0.097096    -2.130588
     0.098770    -2.131985
     0.100444    -2.133416
     0.102118    -2.134880
     0.103792    -2.136379
     0.105466    -2.137912
     0.107140    -2.139481
     0.108814    -2.141087
     0.110488    -2.142730
     0.112163    -2.144412
     0.113837    -2.146134
     0.115511    -2.147897
     0.117185    -2.149702
     0.118859    -2.151551
     0.120533    -2.153446
     0.122207    -2.155387
     0.123881    -2.157378
     0.125555    -2.159420
     0.127229    -2.161515
     0.128903    -2.163665
     0.130577    -2.165874
     0.132251    -2.168143
     0.133925    -2.170477
     0.135599    -2.172878
     0.137274    -2.175350
     0.138948    -2.177896
     0.140622    -2.180521
     0.142296    -2.183229
     0.143970    -2.186025
     0.145644    -2.188913
     0.147318    -2.191899
     0.148992    -2.194988
     0.150666    -2.198187
     0.152340    -2.201501
     0.154014    -2.204936
     0.155688    -2.208499
     0.157362    -2.212197
     0.159036    -2.216037
     0.160710    -2.220025
     0.162385    -2.224167
     0.164059    -2.228471
     0.165733    -2.232941
     0.167407    -2.237585


    -0.167407    -2.048794
    -0.165733    -2.042583
    -0.164059    -2.036246
    -0.162385    -2.029789
    -0.160710    -2.023219
    -0.159036    -2.016545
    -0.157362    -2.009775
    -0.155688    -2.002918
    -0.154014    -1.995980
    -0.152340    -1.988971
    -0.150666    -1.981899
    -0.148992    -1.974771
    -0.147318    -1.967596
    -0.145644    -1.960380
    -0.143970    -1.953130
    -0.142296    -1.945853
    -0.140622    -1.938557
    -0.138948    -1.931246
    -0.137274    -1.923927
    -0.135599    -1.916605
    -0.133925    -1.909286
    -0.132251    -1.901974
    -0.130577    -1.894675
    -0.128903    -1.887392
    -0.127229    -1.880129
    -0.125555    -1.872892
    -0.123881    -1.865683
    -0.122207    -1.858507
    -0.120533    -1.851365
    -0.118859    -1.844263
    -0.117185    -1.837202
    -0.115511    -1.830186
    -0.113837    -1.823218
    -0.112163    -1.816304
    -0.110488    -1.809539
    -0.108814    -1.803220
    -0.107140    -1.796979
    -0.105466    -1.790780
    -0.103792    -1.784622
    -0.102118    -1.778506
    -0.100444    -1.772433
    -0.098770    -1.766406
    -0.097096    -1.760424
    -0.095422    -1.754490
    -0.093748    -1.748606
    -0.092074    -1.742771
    -0.090400    -1.736988
    -0.088726    -1.731257
    -0.087051    -1.725581
    -0.085377    -1.719959
    -0.083703    -1.714394
    -0.082029    -1.708886
    -0.080355    -1.703437
    -0.078681    -1.698047
    -0.077007    -1.692717
    -0.075333    -1.687449
    -0.073659    -1.682244
    -0.071985    -1.677103
    -0.070311    -1.672026
    -0.068637    -1.667015
    -0.066963    -1.662071
    -0.065289    -1.657196
    -0.063615    -1.652389
    -0.061940    -1.647653
    -0.060266    -1.642988
    -0.058592    -1.638396
    -0.056918    -1.633878
    -0.055244    -1.629435
    -0.053570    -1.625069
    -0.051896    -1.620782
    -0.050222    -1.616574
    -0.048548    -1.612448
    -0.046874    -1.608405
    -0.045200    -1.604447
    -0.043526    -1.600576
    -0.041852    -1.596795
    -0.040178    -1.593105
    -0.038504    -1.589510
    -0.036829    -1.586011
    -0.035155    -1.582612
    -0.033481    -1.579316
    -0.031807    -1.576126
    -0.030133    -1.573046
    -0.028459    -1.570080
    -0.026785    -1.567231
    -0.025111    -1.564505
    -0.023437    -1.561905
    -0.021763    -1.559438
    -0.020089    -1.557108
    -0.018415    -1.554920
    -0.016741    -1.552881
    -0.015067    -1.550997
    -0.013393    -1.549272
    -0.011718    -1.547713
    -0.010044    -1.546326
    -0.008370    -1.545116
    -0.006696    -1.544087
    -0.005022    -1.543245
    -0.003348    -1.542594
    -0.001674    -1.542135
     0.000000    -1.541874
     0.001674    -1.542135
     0.003348    -1.542593
     0.005022    -1.543243
     0.006696    -1.544084
     0.008370    -1.545111
     0.010044    -1.546321
     0.011718    -1.547707
     0.013393    -1.549265
     0.015067    -1.550988
     0.016741    -1.552872
     0.018415    -1.554910
     0.020089    -1.557097
     0.021763    -1.559426
     0.023437    -1.561893
     0.025111    -1.564492
     0.026785    -1.567217
     0.028459    -1.570065
     0.030133    -1.573031
     0.031807    -1.576111
     0.033481    -1.579301
     0.035155    -1.582596
     0.036829    -1.585995
     0.038504    -1.589493
     0.040178    -1.593088
     0.041852    -1.596778
     0.043526    -1.600559
     0.045200    -1.604429
     0.046874    -1.608387
     0.048548    -1.612429
     0.050222    -1.616555
     0.051896    -1.620763
     0.053570    -1.625050
     0.055244    -1.629416
     0.056918    -1.633858
     0.058592    -1.638376
     0.060266    -1.642968
     0.061940    -1.647633
     0.063615    -1.652369
     0.065289    -1.657175
     0.066963    -1.662051
     0.068637    -1.666995
     0.070311    -1.672006
     0.071985    -1.677082
     0.073659    -1.682224
     0.075333    -1.687429
     0.077007    -1.692696
     0.078681    -1.698026
     0.080355    -1.703416
     0.082029    -1.708865
     0.083703    -1.714373
     0.085377    -1.719938
     0.087051    -1.725560
     0.088726    -1.731236
     0.090400    -1.736966
     0.092074    -1.742749
     0.093748    -1.748584
     0.095422    -1.754469
     0.097096    -1.760402
     0.098770    -1.766384
     0.100444    -1.772411
     0.102118    -1.778484
     0.103792    -1.784599
     0.105466    -1.790757
     0.107140    -1.796956
     0.108814    -1.803195
     0.110488    -1.809506
     0.112163    -1.816273
     0.113837    -1.823188
     0.115511    -1.830157
     0.117185    -1.837174
     0.118859    -1.844235
     0.120533    -1.851338
     0.122207    -1.858480
     0.123881    -1.865658
     0.125555    -1.872867
     0.127229    -1.880105
     0.128903    -1.887367
     0.130577    -1.894651
     0.132251    -1.901951
     0.133925    -1.909264
     0.135599    -1.916584
     0.137274    -1.923906
     0.138948    -1.931226
     0.140622    -1.938537
     0.142296    -1.945834
     0.143970    -1.953112
     0.145644    -1.960362
     0.147318    -1.967579
     0.148992    -1.974755
     0.150666    -1.981884
     0.152340    -1.988957
     0.154014    -1.995966
     0.155688    -2.002905
     0.157362    -2.009763
     0.159036    -2.016534
     0.160710    -2.023208
     0.162385    -2.029778
     0.164059    -2.036237
     0.165733    -2.042575
     0.167407    -2.048786


    -0.167407    -2.028003
    -0.165733    -2.021955
    -0.164059    -2.015853
    -0.162385    -2.009699
    -0.160710    -2.003495
    -0.159036    -1.997246
    -0.157362    -1.990953
    -0.155688    -1.984620
    -0.154014    -1.978249
    -0.152340    -1.971844
    -0.150666    -1.965409
    -0.148992    -1.958945
    -0.147318    -1.952457
    -0.145644    -1.945948
    -0.143970    -1.939420
    -0.142296    -1.932877
    -0.140622    -1.926322
    -0.138948    -1.919758
    -0.137274    -1.913188
    -0.135599    -1.906615
    -0.133925    -1.900042
    -0.132251    -1.893472
    -0.130577    -1.886908
    -0.128903    -1.880351
    -0.127229    -1.873806
    -0.125555    -1.867274
    -0.123881    -1.860758
    -0.122207    -1.854260
    -0.120533    -1.847783
    -0.118859    -1.841329
    -0.117185    -1.834900
    -0.115511    -1.828497
    -0.113837    -1.822123
    -0.112163    -1.815775
    -0.110488    -1.809364
    -0.108814    -1.802596
    -0.107140    -1.795843
    -0.105466    -1.789145
    -0.103792    -1.782506
    -0.102118    -1.775929
    -0.100444    -1.769415
    -0.098770    -1.762966
    -0.097096    -1.756584
    -0.095422    -1.750270
    -0.093748    -1.744026
    -0.092074    -1.737852
    -0.090400    -1.731751
    -0.088726    -1.725722
    -0.087051    -1.719768
    -0.085377    -1.713889
    -0.083703    -1.708087
    -0.082029    -1.702361
    -0.080355    -1.696714
    -0.078681    -1.691145
    -0.077007    -1.685656
    -0.075333    -1.680248
    -0.073659    -1.674920
    -0.071985    -1.669675
    -0.070311    -1.664512
    -0.068637    -1.659433
    -0.066963    -1.654438
    -0.065289    -1.649528
    -0.063615    -1.644703
    -0.061940    -1.639964
    -0.060266    -1.635313
    -0.058592    -1.630749
    -0.056918    -1.626275
    -0.055244    -1.621890
    -0.053570    -1.617596
    -0.051896    -1.613393
    -0.050222    -1.609283
    -0.048548    -1.605268
    -0.046874    -1.601347
    -0.045200    -1.597524
    -0.043526    -1.593800
    -0.041852    -1.590175
    -0.040178    -1.586653
    -0.038504    -1.583235
    -0.036829    -1.579925
    -0.035155    -1.576723
    -0.033481    -1.573633
    -0.031807    -1.570659
    -0.030133    -1.567803
    -0.028459    -1.565070
    -0.026785    -1.562462
    -0.025111    -1.559985
    -0.023437    -1.557643
    -0.021763    -1.555440
    -0.020089    -1.553382
    -0.018415    -1.551475
    -0.016741    -1.549722
    -0.015067    -1.548131
    -0.013393    -1.546706
    -0.011718    -1.545453
    -0.010044    -1.544378
    -0.008370    -1.543484
    -0.006696    -1.542777
    -0.005022    -1.542259
    -0.003348    -1.541935
    -0.001674    -1.541806
     0.000000    -1.541869
     0.001674    -1.541803
     0.003348    -1.541931
     0.005022    -1.542254
     0.006696    -1.542770
     0.008370    -1.543476
     0.010044    -1.544369
     0.011718    -1.545443
     0.013393    -1.546695
     0.015067    -1.548119
     0.016741    -1.549709
     0.018415    -1.551461
     0.020089    -1.553367
     0.021763    -1.555424
     0.023437    -1.557626
     0.025111    -1.559968
     0.026785    -1.562444
     0.028459    -1.565051
     0.030133    -1.567784
     0.031807    -1.570639
     0.033481    -1.573613
     0.035155    -1.576701
     0.036829    -1.579903
     0.038504    -1.583213
     0.040178    -1.586630
     0.041852    -1.590152
     0.043526    -1.593776
     0.045200    -1.597500
     0.046874    -1.601323
     0.048548    -1.605242
     0.050222    -1.609257
     0.051896    -1.613367
     0.053570    -1.617569
     0.055244    -1.621863
     0.056918    -1.626248
     0.058592    -1.630722
     0.060266    -1.635285
     0.061940    -1.639936
     0.063615    -1.644674
     0.065289    -1.649499
     0.066963    -1.654409
     0.068637    -1.659404
     0.070311    -1.664483
     0.071985    -1.669645
     0.073659    -1.674891
     0.075333    -1.680218
     0.077007    -1.685626
     0.078681    -1.691115
     0.080355    -1.696683
     0.082029    -1.702331
     0.083703    -1.708056
     0.085377    -1.713859
     0.087051    -1.719738
     0.088726    -1.725692
     0.090400    -1.731721
     0.092074    -1.737822
     0.093748    -1.743996
     0.095422    -1.750240
     0.097096    -1.756554
     0.098770    -1.762936
     0.100444    -1.769385
     0.102118    -1.775900
     0.103792    -1.782477
     0.105466    -1.789117
     0.107140    -1.795815
     0.108814    -1.802570
     0.110488    -1.809347
     0.112163    -1.815756
     0.113837    -1.822103
     0.115511    -1.828476
     0.117185    -1.834878
     0.118859    -1.841308
     0.120533    -1.847762
     0.122207    -1.854239
     0.123881    -1.860736
     0.125555    -1.867252
     0.127229    -1.873784
     0.128903    -1.880329
     0.130577    -1.886886
     0.132251    -1.893450
     0.133925    -1.900020
     0.135599    -1.906593
     0.137274    -1.913166
     0.138948    -1.919736
     0.140622    -1.926300
     0.142296    -1.932855
     0.143970    -1.939398
     0.145644    -1.945925
     0.147318    -1.952435
     0.148992    -1.958923
     0.150666    -1.965387
     0.152340    -1.971822
     0.154014    -1.978227
     0.155688    -1.984598
     0.157362    -1.990931
     0.159036    -1.997224
     0.160710    -2.003474
     0.162385    -2.009677
     0.164059    -2.015832
     0.165733    -2.021934
     0.167407    -2.027983


    -0.167407    -1.546771
    -0.165733    -1.543515
    -0.164059    -1.540288
    -0.162385    -1.537090
    -0.160710    -1.533921
    -0.159036    -1.530783
    -0.157362    -1.527677
    -0.155688    -1.524603
    -0.154014    -1.521562
    -0.152340    -1.518557
    -0.150666    -1.515586
    -0.148992    -1.512652
    -0.147318    -1.509755
    -0.145644    -1.506896
    -0.143970    -1.504077
    -0.142296    -1.501297
    -0.140622    -1.498559
    -0.138948    -1.495863
    -0.137274    -1.493209
    -0.135599    -1.490599
    -0.133925    -1.488034
    -0.132251    -1.485514
    -0.130577    -1.483041
    -0.128903    -1.480615
    -0.127229    -1.478237
    -0.125555    -1.475908
    -0.123881    -1.473628
    -0.122207    -1.471399
    -0.120533    -1.469221
    -0.118859    -1.467095
    -0.117185    -1.465022
    -0.115511    -1.463002
    -0.113837    -1.461036
    -0.112163    -1.459124
    -0.110488    -1.457267
    -0.108814    -1.455466
    -0.107140    -1.453722
    -0.105466    -1.452033
    -0.103792    -1.450402
    -0.102118    -1.448829
    -0.100444    -1.447313
    -0.098770    -1.445855
    -0.097096    -1.444456
    -0.095422    -1.443116
    -0.093748    -1.441835
    -0.092074    -1.440613
    -0.090400    -1.439450
    -0.088726    -1.438347
    -0.087051    -1.437304
    -0.085377    -1.436320
    -0.083703    -1.435396
    -0.082029    -1.434531
    -0.080355    -1.433726
    -0.078681    -1.432981
    -0.077007    -1.432294
    -0.075333    -1.431666
    -0.073659    -1.431098
    -0.071985    -1.430587
    -0.070311    -1.430134
    -0.068637    -1.429739
    -0.066963    -1.429401
    -0.065289    -1.429120
    -0.063615    -1.428894
    -0.061940    -1.428723
    -0.060266    -1.428607
    -0.058592    -1.428544
    -0.056918    -1.428534
    -0.055244    -1.428575
    -0.053570    -1.428666
    -0.051896    -1.428807
    -0.050222    -1.428996
    -0.048548    -1.429230
    -0.046874    -1.429510
    -0.045200    -1.429832
    -0.043526    -1.430196
    -0.041852    -1.430598
    -0.040178    -1.431037
    -0.038504    -1.431510
    -0.036829    -1.432015
    -0.035155    -1.432548
    -0.033481    -1.433108
    -0.031807    -1.433690
    -0.030133    -1.434292
    -0.028459    -1.434909
    -0.026785    -1.435536
    -0.025111    -1.436167
    -0.023437    -1.436796
    -0.021763    -1.437416
    -0.020089    -1.438022
    -0.018415    -1.438608
    -0.016741    -1.439169
    -0.015067    -1.439698
    -0.013393    -1.440190
    -0.011718    -1.440641
    -0.010044    -1.441043
    -0.008370    -1.441393
    -0.006696    -1.441686
    -0.005022    -1.441917
    -0.003348    -1.442084
    -0.001674    -1.442184
     0.000000    -1.442217
     0.001674    -1.442181
     0.003348    -1.442077
     0.005022    -1.441908
     0.006696    -1.441675
     0.008370    -1.441382
     0.010044    -1.441032
     0.011718    -1.440630
     0.013393    -1.440180
     0.015067    -1.439689
     0.016741    -1.439160
     0.018415    -1.438600
     0.020089    -1.438015
     0.021763    -1.437410
     0.023437    -1.436791
     0.025111    -1.436164
     0.026785    -1.435536
     0.028459    -1.434913
     0.030133    -1.434299
     0.031807    -1.433701
     0.033481    -1.433121
     0.035155    -1.432563
     0.036829    -1.432030
     0.038504    -1.431526
     0.040178    -1.431054
     0.041852    -1.430615
     0.043526    -1.430214
     0.045200    -1.429850
     0.046874    -1.429528
     0.048548    -1.429249
     0.050222    -1.429014
     0.051896    -1.428826
     0.053570    -1.428685
     0.055244    -1.428593
     0.056918    -1.428552
     0.058592    -1.428562
     0.060266    -1.428625
     0.061940    -1.428741
     0.063615    -1.428911
     0.065289    -1.429137
     0.066963    -1.429419
     0.068637    -1.429756
     0.070311    -1.430151
     0.071985    -1.430604
     0.073659    -1.431114
     0.075333    -1.431683
     0.077007    -1.432310
     0.078681    -1.432996
     0.080355    -1.433742
     0.082029    -1.434547
     0.083703    -1.435411
     0.085377    -1.436335
     0.087051    -1.437319
     0.088726    -1.438362
     0.090400    -1.439464
     0.092074    -1.440627
     0.093748    -1.441848
     0.095422    -1.443129
     0.097096    -1.444469
     0.098770    -1.445868
     0.100444    -1.447325
     0.102118    -1.448841
     0.103792    -1.450414
     0.105466    -1.452045
     0.107140    -1.453733
     0.108814    -1.455477
     0.110488    -1.457278
     0.112163    -1.459134
     0.113837    -1.461046
     0.115511    -1.463012
     0.117185    -1.465031
     0.118859    -1.467104
     0.120533    -1.469230
     0.122207    -1.471408
     0.123881    -1.473636
     0.125555    -1.475915
     0.127229    -1.478244
     0.128903    -1.480622
     0.130577    -1.483048
     0.132251    -1.485521
     0.133925    -1.488040
     0.135599    -1.490605
     0.137274    -1.493215
     0.138948    -1.495868
     0.140622    -1.498564
     0.142296    -1.501302
     0.143970    -1.504082
     0.145644    -1.506901
     0.147318    -1.509759
     0.148992    -1.512656
     0.150666    -1.515590
     0.152340    -1.518560
     0.154014    -1.521566
     0.155688    -1.524606
     0.157362    -1.527679
     0.159036    -1.530786
     0.160710    -1.533923
     0.162385    -1.537092
     0.164059    -1.540290
     0.165733    -1.543517
     0.167407    -1.546773


    -0.167407    -1.513130
    -0.165733    -1.510194
    -0.164059    -1.507305
    -0.162385    -1.504463
    -0.160710    -1.501669
    -0.159036    -1.498923
    -0.157362    -1.496226
    -0.155688    -1.493578
    -0.154014    -1.490980
    -0.152340    -1.488432
    -0.150666    -1.485934
    -0.148992    -1.483487
    -0.147318    -1.481090
    -0.145644    -1.478745
    -0.143970    -1.476451
    -0.142296    -1.474208
    -0.140622    -1.472017
    -0.138948    -1.469878
    -0.137274    -1.467790
    -0.135599    -1.465755
    -0.133925    -1.463771
    -0.132251    -1.461840
    -0.130577    -1.459961
    -0.128903    -1.458133
    -0.127229    -1.456358
    -0.125555    -1.454635
    -0.123881    -1.452963
    -0.122207    -1.451343
    -0.120533    -1.449775
    -0.118859    -1.448259
    -0.117185    -1.446794
    -0.115511    -1.445381
    -0.113837    -1.444019
    -0.112163    -1.442707
    -0.110488    -1.441447
    -0.108814    -1.440238
    -0.107140    -1.439079
    -0.105466    -1.437970
    -0.103792    -1.436911
    -0.102118    -1.435903
    -0.100444    -1.434944
    -0.098770    -1.434035
    -0.097096    -1.433175
    -0.095422    -1.432364
    -0.093748    -1.431601
    -0.092074    -1.430888
    -0.090400    -1.430222
    -0.088726    -1.429605
    -0.087051    -1.429035
    -0.085377    -1.428513
    -0.083703    -1.428037
    -0.082029    -1.427608
    -0.080355    -1.427226
    -0.078681    -1.426890
    -0.077007    -1.426599
    -0.075333    -1.426354
    -0.073659    -1.426153
    -0.071985    -1.425997
    -0.070311    -1.425885
    -0.068637    -1.425816
    -0.066963    -1.425790
    -0.065289    -1.425806
    -0.063615    -1.425864
    -0.061940    -1.425963
    -0.060266    -1.426102
    -0.058592    -1.426281
    -0.056918    -1.426498
    -0.055244    -1.426753
    -0.053570    -1.427044
    -0.051896    -1.427372
    -0.050222    -1.427734
    -0.048548    -1.428129
    -0.046874    -1.428556
    -0.045200    -1.429013
    -0.043526    -1.429499
    -0.041852    -1.430011
    -0.040178    -1.430549
    -0.038504    -1.431109
    -0.036829    -1.431689
    -0.035155    -1.432287
    -0.033481    -1.432899
    -0.031807    -1.433522
    -0.030133    -1.434152
    -0.028459    -1.434786
    -0.026785    -1.435421
    -0.025111    -1.436054
    -0.023437    -1.436683
    -0.021763    -1.437302
    -0.020089    -1.437909
    -0.018415    -1.438497
    -0.016741    -1.439061
    -0.015067    -1.439595
    -0.013393    -1.440094
    -0.011718    -1.440551
    -0.010044    -1.440961
    -0.008370    -1.441318
    -0.006696    -1.441619
    -0.005022    -1.441858
    -0.003348    -1.442032
    -0.001674    -1.442139
     0.000000    -1.442177
     0.001674    -1.442144
     0.003348    -1.442042
     0.005022    -1.441872
     0.006696    -1.441636
     0.008370    -1.441337
     0.010044    -1.440981
     0.011718    -1.440572
     0.013393    -1.440116
     0.015067    -1.439618
     0.016741    -1.439084
     0.018415    -1.438520
     0.020089    -1.437932
     0.021763    -1.437326
     0.023437    -1.436705
     0.025111    -1.436076
     0.026785    -1.435440
     0.028459    -1.434802
     0.030133    -1.434165
     0.031807    -1.433532
     0.033481    -1.432907
     0.035155    -1.432294
     0.036829    -1.431695
     0.038504    -1.431114
     0.040178    -1.430554
     0.041852    -1.430016
     0.043526    -1.429503
     0.045200    -1.429017
     0.046874    -1.428560
     0.048548    -1.428133
     0.050222    -1.427738
     0.051896    -1.427376
     0.053570    -1.427048
     0.055244    -1.426757
     0.056918    -1.426502
     0.058592    -1.426284
     0.060266    -1.426106
     0.061940    -1.425967
     0.063615    -1.425868
     0.065289    -1.425810
     0.066963    -1.425794
     0.068637    -1.425820
     0.070311    -1.425889
     0.071985    -1.426001
     0.073659    -1.426157
     0.075333    -1.426358
     0.077007    -1.426603
     0.078681    -1.426893
     0.080355    -1.427230
     0.082029    -1.427612
     0.083703    -1.428041
     0.085377    -1.428516
     0.087051    -1.429038
     0.088726    -1.429608
     0.090400    -1.430226
     0.092074    -1.430891
     0.093748    -1.431605
     0.095422    -1.432367
     0.097096    -1.433178
     0.098770    -1.434038
     0.100444    -1.434947
     0.102118    -1.435906
     0.103792    -1.436915
     0.105466    -1.437973
     0.107140    -1.439082
     0.108814    -1.440241
     0.110488    -1.441450
     0.112163    -1.442710
     0.113837    -1.444022
     0.115511    -1.445384
     0.117185    -1.446797
     0.118859    -1.448262
     0.120533    -1.449778
     0.122207    -1.451346
     0.123881    -1.452966
     0.125555    -1.454638
     0.127229    -1.456361
     0.128903    -1.458136
     0.130577    -1.459964
     0.132251    -1.461843
     0.133925    -1.463774
     0.135599    -1.465758
     0.137274    -1.467793
     0.138948    -1.469881
     0.140622    -1.472020
     0.142296    -1.474211
     0.143970    -1.476453
     0.145644    -1.478748
     0.147318    -1.481093
     0.148992    -1.483489
     0.150666    -1.485937
     0.152340    -1.488435
     0.154014    -1.490983
     0.155688    -1.493581
     0.157362    -1.496229
     0.159036    -1.498926
     0.160710    -1.501671
     0.162385    -1.504465
     0.164059    -1.507307
     0.165733    -1.510196
     0.167407    -1.513132


    -0.167407    -1.174011
    -0.165733    -1.169365
    -0.164059    -1.164665
    -0.162385    -1.159913
    -0.160710    -1.155107
    -0.159036    -1.150390
    -0.157362    -1.146407
    -0.155688    -1.142383
    -0.154014    -1.138315
    -0.152340    -1.134201
    -0.150666    -1.130041
    -0.148992    -1.125832
    -0.147318    -1.121576
    -0.145644    -1.117269
    -0.143970    -1.112912
    -0.142296    -1.108504
    -0.140622    -1.104042
    -0.138948    -1.099528
    -0.137274    -1.094959
    -0.135599    -1.090335
    -0.133925    -1.085656
    -0.132251    -1.080919
    -0.130577    -1.076126
    -0.128903    -1.071274
    -0.127229    -1.066364
    -0.125555    -1.061395
    -0.123881    -1.056366
    -0.122207    -1.051277
    -0.120533    -1.046128
    -0.118859    -1.040918
    -0.117185    -1.035648
    -0.115511    -1.030317
    -0.113837    -1.024924
    -0.112163    -1.019471
    -0.110488    -1.013957
    -0.108814    -1.008383
    -0.107140    -1.002749
    -0.105466    -0.997055
    -0.103792    -0.991302
    -0.102118    -0.985490
    -0.100444    -0.979621
    -0.098770    -0.973695
    -0.097096    -0.967714
    -0.095422    -0.961678
    -0.093748    -0.955588
    -0.092074    -0.949447
    -0.090400    -0.943255
    -0.088726    -0.937014
    -0.087051    -0.930727
    -0.085377    -0.924395
    -0.083703    -0.918020
    -0.082029    -0.911605
    -0.080355    -0.905152
    -0.078681    -0.898664
    -0.077007    -0.892143
    -0.075333    -0.885594
    -0.073659    -0.879018
    -0.071985    -0.872420
    -0.070311    -0.865804
    -0.068637    -0.859172
    -0.066963    -0.852531
    -0.065289    -0.845883
    -0.063615    -0.839234
    -0.061940    -0.832588
    -0.060266    -0.825953
    -0.058592    -0.819332
    -0.056918    -0.812732
    -0.055244    -0.806159
    -0.053570    -0.799621
    -0.051896    -0.793125
    -0.050222    -0.786677
    -0.048548    -0.780288
    -0.046874    -0.773964
    -0.045200    -0.767714
    -0.043526    -0.761550
    -0.041852    -0.755480
    -0.040178    -0.749515
    -0.038504    -0.743666
    -0.036829    -0.737944
    -0.035155    -0.732362
    -0.033481    -0.726931
    -0.031807    -0.721664
    -0.030133    -0.716575
    -0.028459    -0.711675
    -0.026785    -0.706979
    -0.025111    -0.702499
    -0.023437    -0.698249
    -0.021763    -0.694241
    -0.020089    -0.690486
    -0.018415    -0.686997
    -0.016741    -0.683785
    -0.015067    -0.680857
    -0.013393    -0.678224
    -0.011718    -0.675892
    -0.010044    -0.673867
    -0.008370    -0.672153
    -0.006696    -0.670753
    -0.005022    -0.669669
    -0.003348    -0.668903
    -0.001674    -0.668448
     0.000000    -0.668294
     0.001674    -0.668444
     0.003348    -0.668902
     0.005022    -0.669673
     0.006696    -0.670759
     0.008370    -0.672160
     0.010044    -0.673874
     0.011718    -0.675899
     0.013393    -0.678231
     0.015067    -0.680864
     0.016741    -0.683790
     0.018415    -0.687003
     0.020089    -0.690491
     0.021763    -0.694245
     0.023437    -0.698253
     0.025111    -0.702503
     0.026785    -0.706983
     0.028459    -0.711678
     0.030133    -0.716577
     0.031807    -0.721667
     0.033481    -0.726933
     0.035155    -0.732363
     0.036829    -0.737945
     0.038504    -0.743667
     0.040178    -0.749516
     0.041852    -0.755480
     0.043526    -0.761550
     0.045200    -0.767714
     0.046874    -0.773963
     0.048548    -0.780287
     0.050222    -0.786677
     0.051896    -0.793124
     0.053570    -0.799620
     0.055244    -0.806158
     0.056918    -0.812730
     0.058592    -0.819330
     0.060266    -0.825951
     0.061940    -0.832586
     0.063615    -0.839231
     0.065289    -0.845880
     0.066963    -0.852528
     0.068637    -0.859170
     0.070311    -0.865801
     0.071985    -0.872417
     0.073659    -0.879015
     0.075333    -0.885590
     0.077007    -0.892140
     0.078681    -0.898660
     0.080355    -0.905148
     0.082029    -0.911601
     0.083703    -0.918016
     0.085377    -0.924391
     0.087051    -0.930723
     0.088726    -0.937010
     0.090400    -0.943251
     0.092074    -0.949443
     0.093748    -0.955584
     0.095422    -0.961674
     0.097096    -0.967710
     0.098770    -0.973691
     0.100444    -0.979617
     0.102118    -0.985486
     0.103792    -0.991298
     0.105466    -0.997051
     0.107140    -1.002745
     0.108814    -1.008379
     0.110488    -1.013954
     0.112163    -1.019468
     0.113837    -1.024921
     0.115511    -1.030313
     0.117185    -1.035644
     0.118859    -1.040915
     0.120533    -1.046125
     0.122207    -1.051274
     0.123881    -1.056363
     0.125555    -1.061392
     0.127229    -1.066361
     0.128903    -1.071271
     0.130577    -1.076123
     0.132251    -1.080917
     0.133925    -1.085653
     0.135599    -1.090333
     0.137274    -1.094957
     0.138948    -1.099526
     0.140622    -1.104041
     0.142296    -1.108502
     0.143970    -1.112911
     0.145644    -1.117268
     0.147318    -1.121575
     0.148992    -1.125832
     0.150666    -1.130040
     0.152340    -1.134201
     0.154014    -1.138315
     0.155688    -1.142383
     0.157362    -1.146407
     0.159036    -1.150390
     0.160710    -1.155102
     0.162385    -1.159907
     0.164059    -1.164660
     0.165733    -1.169359
     0.167407    -1.174005


    -0.167407    -1.169669
    -0.165733    -1.165891
    -0.164059    -1.162075
    -0.162385    -1.158219
    -0.160710    -1.154323
    -0.159036    -1.150244
    -0.157362    -1.145336
    -0.155688    -1.140371
    -0.154014    -1.135354
    -0.152340    -1.130284
    -0.150666    -1.125163
    -0.148992    -1.119989
    -0.147318    -1.114764
    -0.145644    -1.109489
    -0.143970    -1.104163
    -0.142296    -1.098787
    -0.140622    -1.093363
    -0.138948    -1.087890
    -0.137274    -1.082369
    -0.135599    -1.076802
    -0.133925    -1.071189
    -0.132251    -1.065532
    -0.130577    -1.059830
    -0.128903    -1.054086
    -0.127229    -1.048300
    -0.125555    -1.042473
    -0.123881    -1.036608
    -0.122207    -1.030704
    -0.120533    -1.024764
    -0.118859    -1.018788
    -0.117185    -1.012779
    -0.115511    -1.006738
    -0.113837    -1.000666
    -0.112163    -0.994565
    -0.110488    -0.988436
    -0.108814    -0.982282
    -0.107140    -0.976104
    -0.105466    -0.969904
    -0.103792    -0.963683
    -0.102118    -0.957445
    -0.100444    -0.951190
    -0.098770    -0.944920
    -0.097096    -0.938639
    -0.095422    -0.932348
    -0.093748    -0.926048
    -0.092074    -0.919744
    -0.090400    -0.913436
    -0.088726    -0.907127
    -0.087051    -0.900819
    -0.085377    -0.894516
    -0.083703    -0.888220
    -0.082029    -0.881932
    -0.080355    -0.875657
    -0.078681    -0.869396
    -0.077007    -0.863152
    -0.075333    -0.856929
    -0.073659    -0.850729
    -0.071985    -0.844556
    -0.070311    -0.838412
    -0.068637    -0.832300
    -0.066963    -0.826225
    -0.065289    -0.820189
    -0.063615    -0.814196
    -0.061940    -0.808249
    -0.060266    -0.802352
    -0.058592    -0.796508
    -0.056918    -0.790723
    -0.055244    -0.784999
    -0.053570    -0.779342
    -0.051896    -0.773754
    -0.050222    -0.768241
    -0.048548    -0.762808
    -0.046874    -0.757458
    -0.045200    -0.752198
    -0.043526    -0.747032
    -0.041852    -0.741965
    -0.040178    -0.737003
    -0.038504    -0.732152
    -0.036829    -0.727419
    -0.035155    -0.722808
    -0.033481    -0.718327
    -0.031807    -0.713982
    -0.030133    -0.709781
    -0.028459    -0.705731
    -0.026785    -0.701840
    -0.025111    -0.698115
    -0.023437    -0.694565
    -0.021763    -0.691199
    -0.020089    -0.688024
    -0.018415    -0.685051
    -0.016741    -0.682287
    -0.015067    -0.679744
    -0.013393    -0.677430
    -0.011718    -0.675355
    -0.010044    -0.673529
    -0.008370    -0.671959
    -0.006696    -0.670657
    -0.005022    -0.669628
    -0.003348    -0.668879
    -0.001674    -0.668424
     0.000000    -0.668273
     0.001674    -0.668426
     0.003348    -0.668879
     0.005022    -0.669622
     0.006696    -0.670648
     0.008370    -0.671950
     0.010044    -0.673518
     0.011718    -0.675345
     0.013393    -0.677420
     0.015067    -0.679733
     0.016741    -0.682276
     0.018415    -0.685039
     0.020089    -0.688013
     0.021763    -0.691188
     0.023437    -0.694554
     0.025111    -0.698104
     0.026785    -0.701829
     0.028459    -0.705721
     0.030133    -0.709771
     0.031807    -0.713972
     0.033481    -0.718317
     0.035155    -0.722798
     0.036829    -0.727409
     0.038504    -0.732143
     0.040178    -0.736994
     0.041852    -0.741956
     0.043526    -0.747023
     0.045200    -0.752190
     0.046874    -0.757451
     0.048548    -0.762801
     0.050222    -0.768235
     0.051896    -0.773748
     0.053570    -0.779336
     0.055244    -0.784994
     0.056918    -0.790718
     0.058592    -0.796503
     0.060266    -0.802347
     0.061940    -0.808244
     0.063615    -0.814191
     0.065289    -0.820185
     0.066963    -0.826222
     0.068637    -0.832297
     0.070311    -0.838409
     0.071985    -0.844553
     0.073659    -0.850727
     0.075333    -0.856927
     0.077007    -0.863151
     0.078681    -0.869394
     0.080355    -0.875655
     0.082029    -0.881931
     0.083703    -0.888219
     0.085377    -0.894516
     0.087051    -0.900819
     0.088726    -0.907127
     0.090400    -0.913436
     0.092074    -0.919744
     0.093748    -0.926049
     0.095422    -0.932348
     0.097096    -0.938640
     0.098770    -0.944921
     0.100444    -0.951191
     0.102118    -0.957446
     0.103792    -0.963684
     0.105466    -0.969905
     0.107140    -0.976105
     0.108814    -0.982283
     0.110488    -0.988437
     0.112163    -0.994566
     0.113837    -1.000667
     0.115511    -1.006739
     0.117185    -1.012780
     0.118859    -1.018789
     0.120533    -1.024764
     0.122207    -1.030704
     0.123881    -1.036608
     0.125555    -1.042473
     0.127229    -1.048300
     0.128903    -1.054085
     0.130577    -1.059830
     0.132251    -1.065531
     0.133925    -1.071189
     0.135599    -1.076801
     0.137274    -1.082368
     0.138948    -1.087888
     0.140622    -1.093361
     0.142296    -1.098785
     0.143970    -1.104161
     0.145644    -1.109486
     0.147318    -1.114762
     0.148992    -1.119986
     0.150666    -1.125159
     0.152340    -1.130281
     0.154014    -1.135350
     0.155688    -1.140367
     0.157362    -1.145331
     0.159036    -1.150240
     0.160710    -1.154324
     0.162385    -1.158220
     0.164059    -1.162076
     0.165733    -1.165893
     0.167407    -1.169671


    -0.167407    -0.442658
    -0.165733    -0.439693
    -0.164059    -0.436773
    -0.162385    -0.433898
    -0.160710    -0.431070
    -0.159036    -0.428288
    -0.157362    -0.425552
    -0.155688    -0.422865
    -0.154014    -0.420225
    -0.152340    -0.417634
    -0.150666    -0.415092
    -0.148992    -0.412600
    -0.147318    -0.410158
    -0.145644    -0.407766
    -0.143970    -0.405426
    -0.142296    -0.403137
    -0.140622    -0.400901
    -0.138948    -0.398717
    -0.137274    -0.396585
    -0.135599    -0.394507
    -0.133925    -0.392483
    -0.132251    -0.390514
    -0.130577    -0.388598
    -0.128903    -0.386738
    -0.127229    -0.384933
    -0.125555    -0.383183
    -0.123881    -0.381489
    -0.122207    -0.379852
    -0.120533    -0.378270
    -0.118859    -0.376746
    -0.117185    -0.375278
    -0.115511    -0.373867
    -0.113837    -0.372513
    -0.112163    -0.371216
    -0.110488    -0.369977
    -0.108814    -0.368794
    -0.107140    -0.367669
    -0.105466    -0.366601
    -0.103792    -0.365590
    -0.102118    -0.364636
    -0.100444    -0.363738
    -0.098770    -0.362897
    -0.097096    -0.362112
    -0.095422    -0.361382
    -0.093748    -0.360707
    -0.092074    -0.360086
    -0.090400    -0.359519
    -0.088726    -0.359006
    -0.087051    -0.358544
    -0.085377    -0.358134
    -0.083703    -0.357774
    -0.082029    -0.357462
    -0.080355    -0.357199
    -0.078681    -0.356982
    -0.077007    -0.356809
    -0.075333    -0.356680
    -0.073659    -0.356591
    -0.071985    -0.356542
    -0.070311    -0.356529
    -0.068637    -0.356550
    -0.066963    -0.356603
    -0.065289    -0.356685
    -0.063615    -0.356791
    -0.061940    -0.356920
    -0.060266    -0.357066
    -0.058592    -0.357227
    -0.056918    -0.357397
    -0.055244    -0.357572
    -0.053570    -0.357747
    -0.051896    -0.357915
    -0.050222    -0.358072
    -0.048548    -0.358211
    -0.046874    -0.358324
    -0.045200    -0.358405
    -0.043526    -0.358446
    -0.041852    -0.358438
    -0.040178    -0.358373
    -0.038504    -0.358241
    -0.036829    -0.358033
    -0.035155    -0.357738
    -0.033481    -0.357347
    -0.031807    -0.356848
    -0.030133    -0.356229
    -0.028459    -0.355480
    -0.026785    -0.354589
    -0.025111    -0.353545
    -0.023437    -0.352337
    -0.021763    -0.350953
    -0.020089    -0.349384
    -0.018415    -0.347619
    -0.016741    -0.345649
    -0.015067    -0.343468
    -0.013393    -0.341069
    -0.011718    -0.338445
    -0.010044    -0.335594
    -0.008370    -0.332513
    -0.006696    -0.329202
    -0.005022    -0.325661
    -0.003348    -0.321894
    -0.001674    -0.317905
     0.000000    -0.313716
     0.001674    -0.317921
     0.003348    -0.321911
     0.005022    -0.325678
     0.006696    -0.329219
     0.008370    -0.332531
     0.010044    -0.335612
     0.011718    -0.338464
     0.013393    -0.341088
     0.015067    -0.343488
     0.016741    -0.345669
     0.018415    -0.347639
     0.020089    -0.349404
     0.021763    -0.350974
     0.023437    -0.352358
     0.025111    -0.353567
     0.026785    -0.354611
     0.028459    -0.355502
     0.030133    -0.356251
     0.031807    -0.356870
     0.033481    -0.357369
     0.035155    -0.357761
     0.036829    -0.358055
     0.038504    -0.358263
     0.040178    -0.358395
     0.041852    -0.358460
     0.043526    -0.358468
     0.045200    -0.358427
     0.046874    -0.358346
     0.048548    -0.358232
     0.050222    -0.358094
     0.051896    -0.357937
     0.053570    -0.357768
     0.055244    -0.357593
     0.056918    -0.357418
     0.058592    -0.357248
     0.060266    -0.357087
     0.061940    -0.356940
     0.063615    -0.356811
     0.065289    -0.356704
     0.066963    -0.356623
     0.068637    -0.356569
     0.070311    -0.356548
     0.071985    -0.356560
     0.073659    -0.356609
     0.075333    -0.356698
     0.077007    -0.356827
     0.078681    -0.356999
     0.080355    -0.357216
     0.082029    -0.357479
     0.083703    -0.357790
     0.085377    -0.358150
     0.087051    -0.358560
     0.088726    -0.359021
     0.090400    -0.359534
     0.092074    -0.360101
     0.093748    -0.360721
     0.095422    -0.361396
     0.097096    -0.362125
     0.098770    -0.362911
     0.100444    -0.363752
     0.102118    -0.364649
     0.103792    -0.365603
     0.105466    -0.366614
     0.107140    -0.367681
     0.108814    -0.368806
     0.110488    -0.369988
     0.112163    -0.371228
     0.113837    -0.372524
     0.115511    -0.373878
     0.117185    -0.375288
     0.118859    -0.376756
     0.120533    -0.378280
     0.122207    -0.379862
     0.123881    -0.381499
     0.125555    -0.383192
     0.127229    -0.384942
     0.128903    -0.386747
     0.130577    -0.388607
     0.132251    -0.390522
     0.133925    -0.392492
     0.135599    -0.394516
     0.137274    -0.396594
     0.138948    -0.398725
     0.140622    -0.400909
     0.142296    -0.403145
     0.143970    -0.405434
     0.145644    -0.407774
     0.147318    -0.410166
     0.148992    -0.412608
     0.150666    -0.415100
     0.152340    -0.417642
     0.154014    -0.420233
     0.155688    -0.422872
     0.157362    -0.425560
     0.159036    -0.428295
     0.160710    -0.431077
     0.162385    -0.433906
     0.164059    -0.436780
     0.165733    -0.439700
     0.167407    -0.442665


    -0.167407    -0.369247
    -0.165733    -0.364150
    -0.164059    -0.359062
    -0.162385    -0.353984
    -0.160710    -0.348916
    -0.159036    -0.343859
    -0.157362    -0.338812
    -0.155688    -0.333776
    -0.154014    -0.328752
    -0.152340    -0.323739
    -0.150666    -0.318739
    -0.148992    -0.313752
    -0.147318    -0.308778
    -0.145644    -0.303818
    -0.143970    -0.298873
    -0.142296    -0.293942
    -0.140622    -0.289028
    -0.138948    -0.284129
    -0.137274    -0.279249
    -0.135599    -0.274386
    -0.133925    -0.269543
    -0.132251    -0.264720
    -0.130577    -0.259918
    -0.128903    -0.255138
    -0.127229    -0.250382
    -0.125555    -0.245651
    -0.123881    -0.240947
    -0.122207    -0.236272
    -0.120533    -0.231626
    -0.118859    -0.227013
    -0.117185    -0.222435
    -0.115511    -0.217893
    -0.113837    -0.213391
    -0.112163    -0.208931
    -0.110488    -0.204517
    -0.108814    -0.200153
    -0.107140    -0.195841
    -0.105466    -0.191588
    -0.103792    -0.187396
    -0.102118    -0.183273
    -0.100444    -0.179222
    -0.098770    -0.175252
    -0.097096    -0.171369
    -0.095422    -0.167580
    -0.093748    -0.163895
    -0.092074    -0.160323
    -0.090400    -0.156874
    -0.088726    -0.153560
    -0.087051    -0.150393
    -0.085377    -0.147386
    -0.083703    -0.144555
    -0.082029    -0.141916
    -0.080355    -0.139485
    -0.078681    -0.137280
    -0.077007    -0.135321
    -0.075333    -0.133626
    -0.073659    -0.132216
    -0.071985    -0.131111
    -0.070311    -0.130330
    -0.068637    -0.129893
    -0.066963    -0.129815
    -0.065289    -0.130112
    -0.063615    -0.130796
    -0.061940    -0.131875
    -0.060266    -0.133354
    -0.058592    -0.135232
    -0.056918    -0.137507
    -0.055244    -0.140171
    -0.053570    -0.143210
    -0.051896    -0.146609
    -0.050222    -0.150351
    -0.048548    -0.154413
    -0.046874    -0.158773
    -0.045200    -0.163408
    -0.043526    -0.168291
    -0.041852    -0.173400
    -0.040178    -0.178708
    -0.038504    -0.184192
    -0.036829    -0.189828
    -0.035155    -0.195594
    -0.033481    -0.201467
    -0.031807    -0.207426
    -0.030133    -0.213450
    -0.028459    -0.219522
    -0.026785    -0.225620
    -0.025111    -0.231728
    -0.023437    -0.237828
    -0.021763    -0.243903
    -0.020089    -0.249936
    -0.018415    -0.255912
    -0.016741    -0.261815
    -0.015067    -0.267630
    -0.013393    -0.273342
    -0.011718    -0.278936
    -0.010044    -0.284399
    -0.008370    -0.289718
    -0.006696    -0.294878
    -0.005022    -0.299869
    -0.003348    -0.304679
    -0.001674    -0.309297
     0.000000    -0.313696
     0.001674    -0.309282
     0.003348    -0.304664
     0.005022    -0.299855
     0.006696    -0.294865
     0.008370    -0.289705
     0.010044    -0.284387
     0.011718    -0.278924
     0.013393    -0.273330
     0.015067    -0.267619
     0.016741    -0.261804
     0.018415    -0.255902
     0.020089    -0.249926
     0.021763    -0.243893
     0.023437    -0.237819
     0.025111    -0.231719
     0.026785    -0.225611
     0.028459    -0.219513
     0.030133    -0.213442
     0.031807    -0.207418
     0.033481    -0.201459
     0.035155    -0.195586
     0.036829    -0.189821
     0.038504    -0.184185
     0.040178    -0.178701
     0.041852    -0.173393
     0.043526    -0.168285
     0.045200    -0.163401
     0.046874    -0.158767
     0.048548    -0.154406
     0.050222    -0.150344
     0.051896    -0.146602
     0.053570    -0.143202
     0.055244    -0.140163
     0.056918    -0.137499
     0.058592    -0.135224
     0.060266    -0.133345
     0.061940    -0.131866
     0.063615    -0.130786
     0.065289    -0.130102
     0.066963    -0.129804
     0.068637    -0.129881
     0.070311    -0.130318
     0.071985    -0.131098
     0.073659    -0.132202
     0.075333    -0.133612
     0.077007    -0.135306
     0.078681    -0.137265
     0.080355    -0.139469
     0.082029    -0.141900
     0.083703    -0.144539
     0.085377    -0.147369
     0.087051    -0.150375
     0.088726    -0.153542
     0.090400    -0.156855
     0.092074    -0.160304
     0.093748    -0.163876
     0.095422    -0.167561
     0.097096    -0.171349
     0.098770    -0.175232
     0.100444    -0.179203
     0.102118    -0.183253
     0.103792    -0.187376
     0.105466    -0.191568
     0.107140    -0.195821
     0.108814    -0.200133
     0.110488    -0.204497
     0.112163    -0.208911
     0.113837    -0.213371
     0.115511    -0.217873
     0.117185    -0.222415
     0.118859    -0.226994
     0.120533    -0.231607
     0.122207    -0.236253
     0.123881    -0.240929
     0.125555    -0.245633
     0.127229    -0.250364
     0.128903    -0.255121
     0.130577    -0.259901
     0.132251    -0.264703
     0.133925    -0.269527
     0.135599    -0.274370
     0.137274    -0.279233
     0.138948    -0.284115
     0.140622    -0.289013
     0.142296    -0.293928
     0.143970    -0.298859
     0.145644    -0.303805
     0.147318    -0.308766
     0.148992    -0.313740
     0.150666    -0.318728
     0.152340    -0.323729
     0.154014    -0.328742
     0.155688    -0.333767
     0.157362    -0.338803
     0.159036    -0.343851
     0.160710    -0.348909
     0.162385    -0.353977
     0.164059    -0.359056
     0.165733    -0.364144
     0.167407    -0.369242


    -0.167407     0.606684
    -0.165733     0.598298
    -0.164059     0.589894
    -0.162385     0.581475
    -0.160710     0.573040
    -0.159036     0.564590
    -0.157362     0.556126
    -0.155688     0.547648
    -0.154014     0.539158
    -0.152340     0.530656
    -0.150666     0.522143
    -0.148992     0.513620
    -0.147318     0.505087
    -0.145644     0.496547
    -0.143970     0.487999
    -0.142296     0.479446
    -0.140622     0.470888
    -0.138948     0.462326
    -0.137274     0.453763
    -0.135599     0.445199
    -0.133925     0.436635
    -0.132251     0.428075
    -0.130577     0.419518
    -0.128903     0.410968
    -0.127229     0.402426
    -0.125555     0.393894
    -0.123881     0.385375
    -0.122207     0.376871
    -0.120533     0.368385
    -0.118859     0.359919
    -0.117185     0.351476
    -0.115511     0.343061
    -0.113837     0.334677
    -0.112163     0.326326
    -0.110488     0.318015
    -0.108814     0.309746
    -0.107140     0.301526
    -0.105466     0.293360
    -0.103792     0.285253
    -0.102118     0.277212
    -0.100444     0.269244
    -0.098770     0.261357
    -0.097096     0.253559
    -0.095422     0.245859
    -0.093748     0.238268
    -0.092074     0.230795
    -0.090400     0.223453
    -0.088726     0.216255
    -0.087051     0.209215
    -0.085377     0.202348
    -0.083703     0.195671
    -0.082029     0.189201
    -0.080355     0.182956
    -0.078681     0.176958
    -0.077007     0.171226
    -0.075333     0.165782
    -0.073659     0.160648
    -0.071985     0.155847
    -0.070311     0.151399
    -0.068637     0.147327
    -0.066963     0.143650
    -0.065289     0.140384
    -0.063615     0.137544
    -0.061940     0.135141
    -0.060266     0.133183
    -0.058592     0.131674
    -0.056918     0.130611
    -0.055244     0.129991
    -0.053570     0.129804
    -0.051896     0.130038
    -0.050222     0.130679
    -0.048548     0.131709
    -0.046874     0.133109
    -0.045200     0.134859
    -0.043526     0.136939
    -0.041852     0.139329
    -0.040178     0.142009
    -0.038504     0.144960
    -0.036829     0.148163
    -0.035155     0.151601
    -0.033481     0.155257
    -0.031807     0.159117
    -0.030133     0.163167
    -0.028459     0.167394
    -0.026785     0.171785
    -0.025111     0.176331
    -0.023437     0.181021
    -0.021763     0.185845
    -0.020089     0.190796
    -0.018415     0.195867
    -0.016741     0.201049
    -0.015067     0.206337
    -0.013393     0.211725
    -0.011718     0.217207
    -0.010044     0.222779
    -0.008370     0.228435
    -0.006696     0.234172
    -0.005022     0.239985
    -0.003348     0.245871
    -0.001674     0.251827
     0.000000     0.257845
     0.001674     0.251834
     0.003348     0.245879
     0.005022     0.239993
     0.006696     0.234180
     0.008370     0.228444
     0.010044     0.222788
     0.011718     0.217217
     0.013393     0.211735
     0.015067     0.206347
     0.016741     0.201060
     0.018415     0.195878
     0.020089     0.190808
     0.021763     0.185857
     0.023437     0.181033
     0.025111     0.176344
     0.026785     0.171798
     0.028459     0.167407
     0.030133     0.163181
     0.031807     0.159132
     0.033481     0.155272
     0.035155     0.151616
     0.036829     0.148178
     0.038504     0.144976
     0.040178     0.142025
     0.041852     0.139345
     0.043526     0.136956
     0.045200     0.134875
     0.046874     0.133125
     0.048548     0.131725
     0.050222     0.130696
     0.051896     0.130055
     0.053570     0.129820
     0.055244     0.130007
     0.056918     0.130627
     0.058592     0.131689
     0.060266     0.133199
     0.061940     0.135156
     0.063615     0.137558
     0.065289     0.140397
     0.066963     0.143662
     0.068637     0.147339
     0.070311     0.151411
     0.071985     0.155857
     0.073659     0.160658
     0.075333     0.165791
     0.077007     0.171234
     0.078681     0.176966
     0.080355     0.182963
     0.082029     0.189207
     0.083703     0.195677
     0.085377     0.202353
     0.087051     0.209220
     0.088726     0.216259
     0.090400     0.223456
     0.092074     0.230797
     0.093748     0.238269
     0.095422     0.245861
     0.097096     0.253560
     0.098770     0.261357
     0.100444     0.269244
     0.102118     0.277211
     0.103792     0.285252
     0.105466     0.293358
     0.107140     0.301524
     0.108814     0.309743
     0.110488     0.318011
     0.112163     0.326322
     0.113837     0.334672
     0.115511     0.343056
     0.117185     0.351471
     0.118859     0.359913
     0.120533     0.368378
     0.122207     0.376864
     0.123881     0.385368
     0.125555     0.393887
     0.127229     0.402418
     0.128903     0.410960
     0.130577     0.419510
     0.132251     0.428066
     0.133925     0.436626
     0.135599     0.445189
     0.137274     0.453753
     0.138948     0.462316
     0.140622     0.470877
     0.142296     0.479435
     0.143970     0.487988
     0.145644     0.496535
     0.147318     0.505075
     0.148992     0.513607
     0.150666     0.522130
     0.152340     0.530643
     0.154014     0.539145
     0.155688     0.547635
     0.157362     0.556112
     0.159036     0.564576
     0.160710     0.573026
     0.162385     0.581461
     0.164059     0.589880
     0.165733     0.598283
     0.167407     0.606669


    -0.167407     0.892534
    -0.165733     0.887232
    -0.164059     0.881909
    -0.162385     0.876565
    -0.160710     0.871198
    -0.159036     0.865808
    -0.157362     0.860395
    -0.155688     0.854959
    -0.154014     0.849498
    -0.152340     0.844013
    -0.150666     0.838503
    -0.148992     0.832968
    -0.147318     0.827407
    -0.145644     0.821819
    -0.143970     0.816205
    -0.142296     0.810564
    -0.140622     0.804895
    -0.138948     0.799198
    -0.137274     0.793473
    -0.135599     0.787719
    -0.133925     0.781936
    -0.132251     0.776124
    -0.130577     0.770281
    -0.128903     0.764409
    -0.127229     0.758507
    -0.125555     0.752574
    -0.123881     0.746610
    -0.122207     0.740615
    -0.120533     0.734589
    -0.118859     0.728531
    -0.117185     0.722442
    -0.115511     0.716322
    -0.113837     0.710170
    -0.112163     0.703987
    -0.110488     0.697772
    -0.108814     0.691526
    -0.107140     0.685248
    -0.105466     0.678940
    -0.103792     0.672600
    -0.102118     0.666230
    -0.100444     0.659829
    -0.098770     0.653399
    -0.097096     0.646939
    -0.095422     0.640449
    -0.093748     0.633931
    -0.092074     0.627385
    -0.090400     0.620812
    -0.088726     0.614211
    -0.087051     0.607584
    -0.085377     0.600932
    -0.083703     0.594255
    -0.082029     0.587554
    -0.080355     0.580831
    -0.078681     0.574085
    -0.077007     0.567318
    -0.075333     0.560531
    -0.073659     0.553726
    -0.071985     0.546902
    -0.070311     0.540062
    -0.068637     0.533206
    -0.066963     0.526336
    -0.065289     0.519453
    -0.063615     0.512559
    -0.061940     0.505654
    -0.060266     0.498740
    -0.058592     0.491819
    -0.056918     0.484891
    -0.055244     0.477960
    -0.053570     0.471025
    -0.051896     0.464089
    -0.050222     0.457153
    -0.048548     0.450218
    -0.046874     0.443287
    -0.045200     0.436361
    -0.043526     0.429442
    -0.041852     0.422531
    -0.040178     0.415630
    -0.038504     0.408741
    -0.036829     0.401865
    -0.035155     0.395005
    -0.033481     0.388161
    -0.031807     0.381337
    -0.030133     0.374533
    -0.028459     0.367752
    -0.026785     0.360996
    -0.025111     0.354265
    -0.023437     0.347563
    -0.021763     0.340891
    -0.020089     0.334252
    -0.018415     0.327646
    -0.016741     0.321076
    -0.015067     0.314545
    -0.013393     0.308054
    -0.011718     0.301606
    -0.010044     0.295202
    -0.008370     0.288846
    -0.006696     0.282538
    -0.005022     0.276283
    -0.003348     0.270082
    -0.001674     0.263939
     0.000000     0.257858
     0.001674     0.263932
     0.003348     0.270076
     0.005022     0.276277
     0.006696     0.282533
     0.008370     0.288840
     0.010044     0.295197
     0.011718     0.301601
     0.013393     0.308049
     0.015067     0.314540
     0.016741     0.321072
     0.018415     0.327641
     0.020089     0.334247
     0.021763     0.340887
     0.023437     0.347559
     0.025111     0.354261
     0.026785     0.360992
     0.028459     0.367748
     0.030133     0.374529
     0.031807     0.381333
     0.033481     0.388157
     0.035155     0.395001
     0.036829     0.401861
     0.038504     0.408736
     0.040178     0.415626
     0.041852     0.422527
     0.043526     0.429437
     0.045200     0.436357
     0.046874     0.443283
     0.048548     0.450214
     0.050222     0.457148
     0.051896     0.464084
     0.053570     0.471020
     0.055244     0.477955
     0.056918     0.484886
     0.058592     0.491813
     0.060266     0.498734
     0.061940     0.505648
     0.063615     0.512553
     0.065289     0.519447
     0.066963     0.526330
     0.068637     0.533200
     0.070311     0.540055
     0.071985     0.546895
     0.073659     0.553719
     0.075333     0.560524
     0.077007     0.567311
     0.078681     0.574077
     0.080355     0.580823
     0.082029     0.587546
     0.083703     0.594247
     0.085377     0.600924
     0.087051     0.607576
     0.088726     0.614202
     0.090400     0.620803
     0.092074     0.627376
     0.093748     0.633922
     0.095422     0.640440
     0.097096     0.646929
     0.098770     0.653389
     0.100444     0.659819
     0.102118     0.666220
     0.103792     0.672590
     0.105466     0.678929
     0.107140     0.685238
     0.108814     0.691515
     0.110488     0.697761
     0.112163     0.703976
     0.113837     0.710159
     0.115511     0.716311
     0.117185     0.722431
     0.118859     0.728520
     0.120533     0.734577
     0.122207     0.740603
     0.123881     0.746598
     0.125555     0.752561
     0.127229     0.758494
     0.128903     0.764397
     0.130577     0.770269
     0.132251     0.776111
     0.133925     0.781923
     0.135599     0.787706
     0.137274     0.793460
     0.138948     0.799185
     0.140622     0.804882
     0.142296     0.810551
     0.143970     0.816192
     0.145644     0.821807
     0.147318     0.827394
     0.148992     0.832955
     0.150666     0.838491
     0.152340     0.844001
     0.154014     0.849486
     0.155688     0.854946
     0.157362     0.860383
     0.159036     0.865795
     0.160710     0.871185
     0.162385     0.876552
     0.164059     0.881897
     0.165733     0.887220
     0.167407     0.892521


    -0.167407     1.816453
    -0.165733     1.809355
    -0.164059     1.802289
    -0.162385     1.795257
    -0.160710     1.788261
    -0.159036     1.781302
    -0.157362     1.774383
    -0.155688     1.767506
    -0.154014     1.760673
    -0.152340     1.753885
    -0.150666     1.747145
    -0.148992     1.740455
    -0.147318     1.733816
    -0.145644     1.727231
    -0.143970     1.720702
    -0.142296     1.714230
    -0.140622     1.707818
    -0.138948     1.701468
    -0.137274     1.695181
    -0.135599     1.688960
    -0.133925     1.682806
    -0.132251     1.676722
    -0.130577     1.670709
    -0.128903     1.664769
    -0.127229     1.658905
    -0.125555     1.653118
    -0.123881     1.647409
    -0.122207     1.641781
    -0.120533     1.636235
    -0.118859     1.630773
    -0.117185     1.625397
    -0.115511     1.620108
    -0.113837     1.614908
    -0.112163     1.609799
    -0.110488     1.604782
    -0.108814     1.599858
    -0.107140     1.595028
    -0.105466     1.590296
    -0.103792     1.585660
    -0.102118     1.581124
    -0.100444     1.576687
    -0.098770     1.572352
    -0.097096     1.568119
    -0.095422     1.563989
    -0.093748     1.559964
    -0.092074     1.556044
    -0.090400     1.552230
    -0.088726     1.548522
    -0.087051     1.544923
    -0.085377     1.541432
    -0.083703     1.538049
    -0.082029     1.534777
    -0.080355     1.531614
    -0.078681     1.528562
    -0.077007     1.525621
    -0.075333     1.522791
    -0.073659     1.520073
    -0.071985     1.517467
    -0.070311     1.514972
    -0.068637     1.512590
    -0.066963     1.510320
    -0.065289     1.508162
    -0.063615     1.506116
    -0.061940     1.504182
    -0.060266     1.502361
    -0.058592     1.500651
    -0.056918     1.499052
    -0.055244     1.497565
    -0.053570     1.496189
    -0.051896     1.494924
    -0.050222     1.493769
    -0.048548     1.492724
    -0.046874     1.491788
    -0.045200     1.490961
    -0.043526     1.490243
    -0.041852     1.489632
    -0.040178     1.489129
    -0.038504     1.488732
    -0.036829     1.488442
    -0.035155     1.488257
    -0.033481     1.488176
    -0.031807     1.488200
    -0.030133     1.488326
    -0.028459     1.488556
    -0.026785     1.488887
    -0.025111     1.489319
    -0.023437     1.489851
    -0.021763     1.490483
    -0.020089     1.491213
    -0.018415     1.492041
    -0.016741     1.492965
    -0.015067     1.493986
    -0.013393     1.495102
    -0.011718     1.496312
    -0.010044     1.497615
    -0.008370     1.499011
    -0.006696     1.500498
    -0.005022     1.502076
    -0.003348     1.503744
    -0.001674     1.505500
     0.000000     1.507330
     0.001674     1.505510
     0.003348     1.503754
     0.005022     1.502087
     0.006696     1.500509
     0.008370     1.499022
     0.010044     1.497627
     0.011718     1.496324
     0.013393     1.495114
     0.015067     1.493998
     0.016741     1.492978
     0.018415     1.492054
     0.020089     1.491226
     0.021763     1.490496
     0.023437     1.489865
     0.025111     1.489333
     0.026785     1.488901
     0.028459     1.488570
     0.030133     1.488341
     0.031807     1.488215
     0.033481     1.488191
     0.035155     1.488272
     0.036829     1.488457
     0.038504     1.488748
     0.040178     1.489145
     0.041852     1.489648
     0.043526     1.490259
     0.045200     1.490977
     0.046874     1.491804
     0.048548     1.492740
     0.050222     1.493785
     0.051896     1.494940
     0.053570     1.496206
     0.055244     1.497582
     0.056918     1.499069
     0.058592     1.500667
     0.060266     1.502377
     0.061940     1.504199
     0.063615     1.506132
     0.065289     1.508178
     0.066963     1.510336
     0.068637     1.512606
     0.070311     1.514988
     0.071985     1.517482
     0.073659     1.520089
     0.075333     1.522807
     0.077007     1.525636
     0.078681     1.528577
     0.080355     1.531629
     0.082029     1.534791
     0.083703     1.538064
     0.085377     1.541446
     0.087051     1.544937
     0.088726     1.548536
     0.090400     1.552243
     0.092074     1.556057
     0.093748     1.559976
     0.095422     1.564002
     0.097096     1.568131
     0.098770     1.572364
     0.100444     1.576699
     0.102118     1.581135
     0.103792     1.585671
     0.105466     1.590306
     0.107140     1.595038
     0.108814     1.599867
     0.110488     1.604791
     0.112163     1.609808
     0.113837     1.614917
     0.115511     1.620116
     0.117185     1.625404
     0.118859     1.630780
     0.120533     1.636242
     0.122207     1.641787
     0.123881     1.647415
     0.125555     1.653123
     0.127229     1.658910
     0.128903     1.664774
     0.130577     1.670713
     0.132251     1.676726
     0.133925     1.682809
     0.135599     1.688963
     0.137274     1.695183
     0.138948     1.701470
     0.140622     1.707820
     0.142296     1.714231
     0.143970     1.720703
     0.145644     1.727232
     0.147318     1.733816
     0.148992     1.740455
     0.150666     1.747145
     0.152340     1.753884
     0.154014     1.760672
     0.155688     1.767505
     0.157362     1.774381
     0.159036     1.781300
     0.160710     1.788258
     0.162385     1.795254
     0.164059     1.802286
     0.165733     1.809351
     0.167407     1.816449


    -0.167407     1.976733
    -0.165733     1.970703
    -0.164059     1.964676
    -0.162385     1.958650
    -0.160710     1.952628
    -0.159036     1.946609
    -0.157362     1.940594
    -0.155688     1.934584
    -0.154014     1.928580
    -0.152340     1.922581
    -0.150666     1.916589
    -0.148992     1.910604
    -0.147318     1.904627
    -0.145644     1.898659
    -0.143970     1.892700
    -0.142296     1.886751
    -0.140622     1.880813
    -0.138948     1.874886
    -0.137274     1.868972
    -0.135599     1.863070
    -0.133925     1.857182
    -0.132251     1.851308
    -0.130577     1.845450
    -0.128903     1.839608
    -0.127229     1.833782
    -0.125555     1.827974
    -0.123881     1.822184
    -0.122207     1.816414
    -0.120533     1.810663
    -0.118859     1.804934
    -0.117185     1.799226
    -0.115511     1.793541
    -0.113837     1.787879
    -0.112163     1.782241
    -0.110488     1.776629
    -0.108814     1.771042
    -0.107140     1.765483
    -0.105466     1.759951
    -0.103792     1.754447
    -0.102118     1.748974
    -0.100444     1.743530
    -0.098770     1.738118
    -0.097096     1.732739
    -0.095422     1.727392
    -0.093748     1.722080
    -0.092074     1.716802
    -0.090400     1.711560
    -0.088726     1.706355
    -0.087051     1.701188
    -0.085377     1.696059
    -0.083703     1.690970
    -0.082029     1.685921
    -0.080355     1.680914
    -0.078681     1.675948
    -0.077007     1.671026
    -0.075333     1.666149
    -0.073659     1.661316
    -0.071985     1.656529
    -0.070311     1.651789
    -0.068637     1.647097
    -0.066963     1.642454
    -0.065289     1.637860
    -0.063615     1.633317
    -0.061940     1.628826
    -0.060266     1.624387
    -0.058592     1.620001
    -0.056918     1.615670
    -0.055244     1.611394
    -0.053570     1.607174
    -0.051896     1.603011
    -0.050222     1.598906
    -0.048548     1.594860
    -0.046874     1.590874
    -0.045200     1.586949
    -0.043526     1.583085
    -0.041852     1.579284
    -0.040178     1.575547
    -0.038504     1.571874
    -0.036829     1.568267
    -0.035155     1.564726
    -0.033481     1.561252
    -0.031807     1.557847
    -0.030133     1.554510
    -0.028459     1.551244
    -0.026785     1.548049
    -0.025111     1.544926
    -0.023437     1.541876
    -0.021763     1.538900
    -0.020089     1.535998
    -0.018415     1.533172
    -0.016741     1.530423
    -0.015067     1.527751
    -0.013393     1.525158
    -0.011718     1.522645
    -0.010044     1.520212
    -0.008370     1.517860
    -0.006696     1.515590
    -0.005022     1.513404
    -0.003348     1.511302
    -0.001674     1.509285
     0.000000     1.507369
     0.001674     1.509276
     0.003348     1.511294
     0.005022     1.513396
     0.006696     1.515583
     0.008370     1.517853
     0.010044     1.520205
     0.011718     1.522638
     0.013393     1.525152
     0.015067     1.527746
     0.016741     1.530418
     0.018415     1.533168
     0.020089     1.535994
     0.021763     1.538896
     0.023437     1.541873
     0.025111     1.544923
     0.026785     1.548047
     0.028459     1.551243
     0.030133     1.554509
     0.031807     1.557846
     0.033481     1.561252
     0.035155     1.564726
     0.036829     1.568267
     0.038504     1.571875
     0.040178     1.575548
     0.041852     1.579286
     0.043526     1.583088
     0.045200     1.586952
     0.046874     1.590877
     0.048548     1.594864
     0.050222     1.598910
     0.051896     1.603016
     0.053570     1.607179
     0.055244     1.611399
     0.056918     1.615676
     0.058592     1.620008
     0.060266     1.624394
     0.061940     1.628833
     0.063615     1.633325
     0.065289     1.637869
     0.066963     1.642463
     0.068637     1.647106
     0.070311     1.651799
     0.071985     1.656539
     0.073659     1.661326
     0.075333     1.666160
     0.077007     1.671038
     0.078681     1.675960
     0.080355     1.680926
     0.082029     1.685933
     0.083703     1.690983
     0.085377     1.696072
     0.087051     1.701201
     0.088726     1.706369
     0.090400     1.711574
     0.092074     1.716817
     0.093748     1.722095
     0.095422     1.727407
     0.097096     1.732754
     0.098770     1.738134
     0.100444     1.743547
     0.102118     1.748990
     0.103792     1.754464
     0.105466     1.759968
     0.107140     1.765500
     0.108814     1.771060
     0.110488     1.776647
     0.112163     1.782260
     0.113837     1.787897
     0.115511     1.793560
     0.117185     1.799245
     0.118859     1.804953
     0.120533     1.810683
     0.122207     1.816434
     0.123881     1.822204
     0.125555     1.827994
     0.127229     1.833802
     0.128903     1.839628
     0.130577     1.845471
     0.132251     1.851329
     0.133925     1.857203
     0.135599     1.863091
     0.137274     1.868993
     0.138948     1.874907
     0.140622     1.880834
     0.142296     1.886773
     0.143970     1.892722
     0.145644     1.898681
     0.147318     1.904649
     0.148992     1.910626
     0.150666     1.916611
     0.152340     1.922603
     0.154014     1.928602
     0.155688     1.934606
     0.157362     1.940616
     0.159036     1.946631
     0.160710     1.952650
     0.162385     1.958672
     0.164059     1.964698
     0.165733     1.970725
     0.167407     1.976755


    -0.167407     2.326404
    -0.165733     2.320318
    -0.164059     2.314275
    -0.162385     2.308274
    -0.160710     2.302317
    -0.159036     2.296403
    -0.157362     2.290534
    -0.155688     2.284710
    -0.154014     2.278932
    -0.152340     2.273201
    -0.150666     2.267517
    -0.148992     2.261881
    -0.147318     2.256294
    -0.145644     2.250755
    -0.143970     2.245266
    -0.142296     2.239827
    -0.140622     2.234439
    -0.138948     2.229102
    -0.137274     2.223816
    -0.135599     2.218583
    -0.133925     2.213402
    -0.132251     2.208275
    -0.130577     2.203201
    -0.128903     2.198181
    -0.127229     2.193216
    -0.125555     2.188306
    -0.123881     2.183451
    -0.122207     2.178652
    -0.120533     2.173909
    -0.118859     2.169223
    -0.117185     2.164593
    -0.115511     2.160021
    -0.113837     2.155507
    -0.112163     2.151051
    -0.110488     2.146653
    -0.108814     2.142315
    -0.107140     2.138035
    -0.105466     2.133815
    -0.103792     2.129654
    -0.102118     2.125554
    -0.100444     2.121514
    -0.098770     2.117535
    -0.097096     2.113617
    -0.095422     2.109761
    -0.093748     2.105966
    -0.092074     2.102233
    -0.090400     2.098562
    -0.088726     2.094954
    -0.087051     2.091408
    -0.085377     2.087925
    -0.083703     2.084506
    -0.082029     2.081150
    -0.080355     2.077858
    -0.078681     2.074630
    -0.077007     2.071467
    -0.075333     2.068367
    -0.073659     2.065333
    -0.071985     2.062363
    -0.070311     2.059459
    -0.068637     2.056620
    -0.066963     2.053846
    -0.065289     2.051138
    -0.063615     2.048497
    -0.061940     2.045921
    -0.060266     2.043412
    -0.058592     2.040969
    -0.056918     2.038593
    -0.055244     2.036284
    -0.053570     2.034041
    -0.051896     2.031867
    -0.050222     2.029759
    -0.048548     2.027719
    -0.046874     2.025747
    -0.045200     2.023842
    -0.043526     2.022006
    -0.041852     2.020238
    -0.040178     2.018538
    -0.038504     2.016906
    -0.036829     2.015343
    -0.035155     2.013849
    -0.033481     2.012423
    -0.031807     2.011067
    -0.030133     2.009779
    -0.028459     2.008560
    -0.026785     2.007411
    -0.025111     2.006331
    -0.023437     2.005320
    -0.021763     2.004379
    -0.020089     2.003507
    -0.018415     2.002705
    -0.016741     2.001972
    -0.015067     2.001309
    -0.013393     2.000715
    -0.011718     2.000191
    -0.010044     1.999735
    -0.008370     1.999349
    -0.006696     1.999031
    -0.005022     1.998783
    -0.003348     1.998605
    -0.001674     1.998497
     0.000000     1.998459
     0.001674     1.998491
     0.003348     1.998593
     0.005022     1.998765
     0.006696     1.999007
     0.008370     1.999319
     0.010044     1.999701
     0.011718     2.000154
     0.013393     2.000676
     0.015067     2.001268
     0.016741     2.001930
     0.018415     2.002662
     0.020089     2.003464
     0.021763     2.004335
     0.023437     2.005276
     0.025111     2.006287
     0.026785     2.007367
     0.028459     2.008516
     0.030133     2.009735
     0.031807     2.011023
     0.033481     2.012379
     0.035155     2.013805
     0.036829     2.015300
     0.038504     2.016864
     0.040178     2.018496
     0.041852     2.020196
     0.043526     2.021965
     0.045200     2.023802
     0.046874     2.025707
     0.048548     2.027680
     0.050222     2.029720
     0.051896     2.031828
     0.053570     2.034004
     0.055244     2.036247
     0.056918     2.038556
     0.058592     2.040933
     0.060266     2.043377
     0.061940     2.045887
     0.063615     2.048463
     0.065289     2.051105
     0.066963     2.053814
     0.068637     2.056588
     0.070311     2.059428
     0.071985     2.062333
     0.073659     2.065304
     0.075333     2.068339
     0.077007     2.071439
     0.078681     2.074603
     0.080355     2.077832
     0.082029     2.081125
     0.083703     2.084481
     0.085377     2.087901
     0.087051     2.091385
     0.088726     2.094931
     0.090400     2.098540
     0.092074     2.102212
     0.093748     2.105945
     0.095422     2.109741
     0.097096     2.113599
     0.098770     2.117517
     0.100444     2.121497
     0.102118     2.125538
     0.103792     2.129639
     0.105466     2.133800
     0.107140     2.138021
     0.108814     2.142302
     0.110488     2.146642
     0.112163     2.151040
     0.113837     2.155497
     0.115511     2.160012
     0.117185     2.164585
     0.118859     2.169215
     0.120533     2.173903
     0.122207     2.178646
     0.123881     2.183446
     0.125555     2.188302
     0.127229     2.193213
     0.128903     2.198180
     0.130577     2.203200
     0.132251     2.208275
     0.133925     2.213403
     0.135599     2.218585
     0.137274     2.223819
     0.138948     2.229106
     0.140622     2.234444
     0.142296     2.239833
     0.143970     2.245273
     0.145644     2.250763
     0.147318     2.256303
     0.148992     2.261891
     0.150666     2.267528
     0.152340     2.273213
     0.154014     2.278945
     0.155688     2.284724
     0.157362     2.290548
     0.159036     2.296418
     0.160710     2.302333
     0.162385     2.308291
     0.164059     2.314293
     0.165733     2.320337
     0.167407     2.326423


    -0.167407     2.333154
    -0.165733     2.326977
    -0.164059     2.320836
    -0.162385     2.314734
    -0.160710     2.308671
    -0.159036     2.302649
    -0.157362     2.296668
    -0.155688     2.290729
    -0.154014     2.284833
    -0.152340     2.278981
    -0.150666     2.273175
    -0.148992     2.267414
    -0.147318     2.261700
    -0.145644     2.256034
    -0.143970     2.250416
    -0.142296     2.244848
    -0.140622     2.239330
    -0.138948     2.233862
    -0.137274     2.228446
    -0.135599     2.223082
    -0.133925     2.217771
    -0.132251     2.212514
    -0.130577     2.207311
    -0.128903     2.202163
    -0.127229     2.197070
    -0.125555     2.192034
    -0.123881     2.187054
    -0.122207     2.182131
    -0.120533     2.177267
    -0.118859     2.172460
    -0.117185     2.167713
    -0.115511     2.163024
    -0.113837     2.158396
    -0.112163     2.153828
    -0.110488     2.149320
    -0.108814     2.144874
    -0.107140     2.140489
    -0.105466     2.136165
    -0.103792     2.131905
    -0.102118     2.127706
    -0.100444     2.123571
    -0.098770     2.119499
    -0.097096     2.115491
    -0.095422     2.111547
    -0.093748     2.107666
    -0.092074     2.103851
    -0.090400     2.100100
    -0.088726     2.096415
    -0.087051     2.092794
    -0.085377     2.089240
    -0.083703     2.085751
    -0.082029     2.082328
    -0.080355     2.078971
    -0.078681     2.075681
    -0.077007     2.072458
    -0.075333     2.069302
    -0.073659     2.066212
    -0.071985     2.063190
    -0.070311     2.060235
    -0.068637     2.057348
    -0.066963     2.054529
    -0.065289     2.051777
    -0.063615     2.049094
    -0.061940     2.046479
    -0.060266     2.043932
    -0.058592     2.041453
    -0.056918     2.039044
    -0.055244     2.036702
    -0.053570     2.034430
    -0.051896     2.032227
    -0.050222     2.030092
    -0.048548     2.028027
    -0.046874     2.026031
    -0.045200     2.024104
    -0.043526     2.022246
    -0.041852     2.020458
    -0.040178     2.018739
    -0.038504     2.017090
    -0.036829     2.015511
    -0.035155     2.014002
    -0.033481     2.012562
    -0.031807     2.011192
    -0.030133     2.009891
    -0.028459     2.008661
    -0.026785     2.007501
    -0.025111     2.006410
    -0.023437     2.005390
    -0.021763     2.004440
    -0.020089     2.003560
    -0.018415     2.002750
    -0.016741     2.002010
    -0.015067     2.001341
    -0.013393     2.000743
    -0.011718     2.000215
    -0.010044     1.999759
    -0.008370     1.999374
    -0.006696     1.999059
    -0.005022     1.998816
    -0.003348     1.998643
    -0.001674     1.998540
     0.000000     1.998508
     0.001674     1.998546
     0.003348     1.998654
     0.005022     1.998833
     0.006696     1.999082
     0.008370     1.999400
     0.010044     1.999790
     0.011718     2.000249
     0.013393     2.000778
     0.015067     2.001378
     0.016741     2.002048
     0.018415     2.002787
     0.020089     2.003597
     0.021763     2.004477
     0.023437     2.005427
     0.025111     2.006447
     0.026785     2.007537
     0.028459     2.008697
     0.030133     2.009927
     0.031807     2.011226
     0.033481     2.012596
     0.035155     2.014035
     0.036829     2.015544
     0.038504     2.017122
     0.040178     2.018771
     0.041852     2.020488
     0.043526     2.022276
     0.045200     2.024132
     0.046874     2.026058
     0.048548     2.028054
     0.050222     2.030118
     0.051896     2.032252
     0.053570     2.034455
     0.055244     2.036726
     0.056918     2.039067
     0.058592     2.041476
     0.060266     2.043953
     0.061940     2.046499
     0.063615     2.049114
     0.065289     2.051796
     0.066963     2.054547
     0.068637     2.057366
     0.070311     2.060252
     0.071985     2.063206
     0.073659     2.066228
     0.075333     2.069317
     0.077007     2.072472
     0.078681     2.075695
     0.080355     2.078985
     0.082029     2.082341
     0.083703     2.085763
     0.085377     2.089251
     0.087051     2.092805
     0.088726     2.096425
     0.090400     2.100110
     0.092074     2.103861
     0.093748     2.107676
     0.095422     2.111555
     0.097096     2.115499
     0.098770     2.119507
     0.100444     2.123579
     0.102118     2.127713
     0.103792     2.131911
     0.105466     2.136172
     0.107140     2.140495
     0.108814     2.144879
     0.110488     2.149325
     0.112163     2.153833
     0.113837     2.158401
     0.115511     2.163029
     0.117185     2.167717
     0.118859     2.172464
     0.120533     2.177270
     0.122207     2.182135
     0.123881     2.187057
     0.125555     2.192037
     0.127229     2.197073
     0.128903     2.202165
     0.130577     2.207313
     0.132251     2.212516
     0.133925     2.217773
     0.135599     2.223084
     0.137274     2.228448
     0.138948     2.233864
     0.140622     2.239331
     0.142296     2.244850
     0.143970     2.250418
     0.145644     2.256036
     0.147318     2.261702
     0.148992     2.267416
     0.150666     2.273176
     0.152340     2.278983
     0.154014     2.284835
     0.155688     2.290730
     0.157362     2.296669
     0.159036     2.302651
     0.160710     2.308673
     0.162385     2.314736
     0.164059     2.320838
     0.165733     2.326979
     0.167407     2.333157


