    -0.167407    -3.510888
    -0.165733    -3.510718
    -0.164059    -3.510553
    -0.162385    -3.510393
    -0.160710    -3.510237
    -0.159036    -3.510084
    -0.157362    -3.509936
    -0.155688    -3.509791
    -0.154014    -3.509649
    -0.152340    -3.509511
    -0.150666    -3.509375
    -0.148992    -3.509242
    -0.147318    -3.509111
    -0.145644    -3.508982
    -0.143970    -3.508856
    -0.142296    -3.508731
    -0.140622    -3.508608
    -0.138948    -3.508486
    -0.137274    -3.508365
    -0.135599    -3.508245
    -0.133925    -3.508127
    -0.132251    -3.508008
    -0.130577    -3.507891
    -0.128903    -3.507773
    -0.127229    -3.507656
    -0.125555    -3.507538
    -0.123881    -3.507421
    -0.122207    -3.507303
    -0.120533    -3.507184
    -0.118859    -3.507065
    -0.117185    -3.506945
    -0.115511    -3.506823
    -0.113837    -3.506701
    -0.112163    -3.506578
    -0.110488    -3.506452
    -0.108814    -3.506326
    -0.107140    -3.506197
    -0.105466    -3.506067
    -0.103792    -3.505935
    -0.102118    -3.505801
    -0.100444    -3.505664
    -0.098770    -3.505525
    -0.097096    -3.505384
    -0.095422    -3.505239
    -0.093748    -3.505093
    -0.092074    -3.504943
    -0.090400    -3.504790
    -0.088726    -3.504635
    -0.087051    -3.504476
    -0.085377    -3.504314
    -0.083703    -3.504148
    -0.082029    -3.503979
    -0.080355    -3.503806
    -0.078681    -3.503630
    -0.077007    -3.503450
    -0.075333    -3.503266
    -0.073659    -3.503078
    -0.071985    -3.502886
    -0.070311    -3.502689
    -0.068637    -3.502489
    -0.066963    -3.502284
    -0.065289    -3.502075
    -0.063615    -3.501861
    -0.061940    -3.501643
    -0.060266    -3.501420
    -0.058592    -3.501192
    -0.056918    -3.500960
    -0.055244    -3.500723
    -0.053570    -3.500480
    -0.051896    -3.500233
    -0.050222    -3.499981
    -0.048548    -3.499723
    -0.046874    -3.499460
    -0.045200    -3.499192
    -0.043526    -3.498919
    -0.041852    -3.498640
    -0.040178    -3.498356
    -0.038504    -3.498066
    -0.036829    -3.497771
    -0.035155    -3.497470
    -0.033481    -3.497163
    -0.031807    -3.496850
    -0.030133    -3.496532
    -0.028459    -3.496208
    -0.026785    -3.495878
    -0.025111    -3.495542
    -0.023437    -3.495200
    -0.021763    -3.494852
    -0.020089    -3.494498
    -0.018415    -3.494138
    -0.016741    -3.493771
    -0.015067    -3.493398
    -0.013393    -3.493019
    -0.011718    -3.492634
    -0.010044    -3.492242
    -0.008370    -3.491844
    -0.006696    -3.491440
    -0.005022    -3.491029
    -0.003348    -3.490611
    -0.001674    -3.490187
     0.000000    -3.489766
     0.001674    -3.490184
     0.003348    -3.490608
     0.005022    -3.491026
     0.006696    -3.491437
     0.008370    -3.491841
     0.010044    -3.492239
     0.011718    -3.492631
     0.013393    -3.493016
     0.015067    -3.493395
     0.016741    -3.493768
     0.018415    -3.494134
     0.020089    -3.494494
     0.021763    -3.494849
     0.023437    -3.495197
     0.025111    -3.495539
     0.026785    -3.495875
     0.028459    -3.496205
     0.030133    -3.496529
     0.031807    -3.496847
     0.033481    -3.497159
     0.035155    -3.497466
     0.036829    -3.497767
     0.038504    -3.498062
     0.040178    -3.498352
     0.041852    -3.498636
     0.043526    -3.498915
     0.045200    -3.499189
     0.046874    -3.499457
     0.048548    -3.499719
     0.050222    -3.499977
     0.051896    -3.500229
     0.053570    -3.500476
     0.055244    -3.500719
     0.056918    -3.500956
     0.058592    -3.501188
     0.060266    -3.501416
     0.061940    -3.501639
     0.063615    -3.501857
     0.065289    -3.502071
     0.066963    -3.502280
     0.068637    -3.502485
     0.070311    -3.502685
     0.071985    -3.502882
     0.073659    -3.503074
     0.075333    -3.503262
     0.077007    -3.503446
     0.078681    -3.503626
     0.080355    -3.503802
     0.082029    -3.503975
     0.083703    -3.504144
     0.085377    -3.504309
     0.087051    -3.504471
     0.088726    -3.504630
     0.090400    -3.504786
     0.092074    -3.504939
     0.093748    -3.505088
     0.095422    -3.505235
     0.097096    -3.505379
     0.098770    -3.505520
     0.100444    -3.505659
     0.102118    -3.505796
     0.103792    -3.505930
     0.105466    -3.506063
     0.107140    -3.506193
     0.108814    -3.506321
     0.110488    -3.506448
     0.112163    -3.506573
     0.113837    -3.506696
     0.115511    -3.506819
     0.117185    -3.506940
     0.118859    -3.507060
     0.120533    -3.507179
     0.122207    -3.507298
     0.123881    -3.507416
     0.125555    -3.507534
     0.127229    -3.507651
     0.128903    -3.507768
     0.130577    -3.507886
     0.132251    -3.508004
     0.133925    -3.508122
     0.135599    -3.508241
     0.137274    -3.508360
     0.138948    -3.508481
     0.140622    -3.508603
     0.142296    -3.508726
     0.143970    -3.508851
     0.145644    -3.508978
     0.147318    -3.509106
     0.148992    -3.509237
     0.150666    -3.509370
     0.152340    -3.509506
     0.154014    -3.509645
     0.155688    -3.509786
     0.157362    -3.509931
     0.159036    -3.510080
     0.160710    -3.510232
     0.162385    -3.510388
     0.164059    -3.510548
     0.165733    -3.510713
     0.167407    -3.510883


    -0.167407    -3.412109
    -0.165733    -3.413184
    -0.164059    -3.414255
    -0.162385    -3.415321
    -0.160710    -3.416384
    -0.159036    -3.417442
    -0.157362    -3.418496
    -0.155688    -3.419545
    -0.154014    -3.420590
    -0.152340    -3.421630
    -0.150666    -3.422666
    -0.148992    -3.423696
    -0.147318    -3.424722
    -0.145644    -3.425742
    -0.143970    -3.426758
    -0.142296    -3.427768
    -0.140622    -3.428773
    -0.138948    -3.429773
    -0.137274    -3.430767
    -0.135599    -3.431755
    -0.133925    -3.432738
    -0.132251    -3.433716
    -0.130577    -3.434688
    -0.128903    -3.435654
    -0.127229    -3.436614
    -0.125555    -3.437568
    -0.123881    -3.438516
    -0.122207    -3.439458
    -0.120533    -3.440394
    -0.118859    -3.441324
    -0.117185    -3.442247
    -0.115511    -3.443165
    -0.113837    -3.444076
    -0.112163    -3.444980
    -0.110488    -3.445879
    -0.108814    -3.446770
    -0.107140    -3.447656
    -0.105466    -3.448534
    -0.103792    -3.449406
    -0.102118    -3.450271
    -0.100444    -3.451130
    -0.098770    -3.451982
    -0.097096    -3.452827
    -0.095422    -3.453665
    -0.093748    -3.454497
    -0.092074    -3.455322
    -0.090400    -3.456139
    -0.088726    -3.456950
    -0.087051    -3.457754
    -0.085377    -3.458551
    -0.083703    -3.459341
    -0.082029    -3.460123
    -0.080355    -3.460899
    -0.078681    -3.461668
    -0.077007    -3.462429
    -0.075333    -3.463184
    -0.073659    -3.463931
    -0.071985    -3.464671
    -0.070311    -3.465404
    -0.068637    -3.466130
    -0.066963    -3.466849
    -0.065289    -3.467561
    -0.063615    -3.468265
    -0.061940    -3.468962
    -0.060266    -3.469652
    -0.058592    -3.470335
    -0.056918    -3.471011
    -0.055244    -3.471679
    -0.053570    -3.472340
    -0.051896    -3.472994
    -0.050222    -3.473641
    -0.048548    -3.474281
    -0.046874    -3.474913
    -0.045200    -3.475538
    -0.043526    -3.476156
    -0.041852    -3.476767
    -0.040178    -3.477371
    -0.038504    -3.477967
    -0.036829    -3.478557
    -0.035155    -3.479139
    -0.033481    -3.479714
    -0.031807    -3.480282
    -0.030133    -3.480843
    -0.028459    -3.481397
    -0.026785    -3.481944
    -0.025111    -3.482484
    -0.023437    -3.483017
    -0.021763    -3.483543
    -0.020089    -3.484062
    -0.018415    -3.484574
    -0.016741    -3.485079
    -0.015067    -3.485577
    -0.013393    -3.486068
    -0.011718    -3.486552
    -0.010044    -3.487030
    -0.008370    -3.487501
    -0.006696    -3.487965
    -0.005022    -3.488422
    -0.003348    -3.488872
    -0.001674    -3.489316
     0.000000    -3.489744
     0.001674    -3.489319
     0.003348    -3.488876
     0.005022    -3.488425
     0.006696    -3.487968
     0.008370    -3.487504
     0.010044    -3.487033
     0.011718    -3.486556
     0.013393    -3.486071
     0.015067    -3.485580
     0.016741    -3.485082
     0.018415    -3.484577
     0.020089    -3.484065
     0.021763    -3.483546
     0.023437    -3.483020
     0.025111    -3.482487
     0.026785    -3.481948
     0.028459    -3.481401
     0.030133    -3.480847
     0.031807    -3.480286
     0.033481    -3.479718
     0.035155    -3.479143
     0.036829    -3.478560
     0.038504    -3.477971
     0.040178    -3.477374
     0.041852    -3.476771
     0.043526    -3.476160
     0.045200    -3.475542
     0.046874    -3.474916
     0.048548    -3.474284
     0.050222    -3.473644
     0.051896    -3.472998
     0.053570    -3.472344
     0.055244    -3.471682
     0.056918    -3.471014
     0.058592    -3.470338
     0.060266    -3.469656
     0.061940    -3.468965
     0.063615    -3.468268
     0.065289    -3.467564
     0.066963    -3.466852
     0.068637    -3.466133
     0.070311    -3.465408
     0.071985    -3.464674
     0.073659    -3.463934
     0.075333    -3.463187
     0.077007    -3.462432
     0.078681    -3.461671
     0.080355    -3.460902
     0.082029    -3.460126
     0.083703    -3.459343
     0.085377    -3.458553
     0.087051    -3.457756
     0.088726    -3.456952
     0.090400    -3.456142
     0.092074    -3.455324
     0.093748    -3.454499
     0.095422    -3.453667
     0.097096    -3.452829
     0.098770    -3.451984
     0.100444    -3.451132
     0.102118    -3.450273
     0.103792    -3.449408
     0.105466    -3.448536
     0.107140    -3.447657
     0.108814    -3.446771
     0.110488    -3.445880
     0.112163    -3.444981
     0.113837    -3.444077
     0.115511    -3.443165
     0.117185    -3.442248
     0.118859    -3.441324
     0.120533    -3.440394
     0.122207    -3.439458
     0.123881    -3.438516
     0.125555    -3.437567
     0.127229    -3.436613
     0.128903    -3.435653
     0.130577    -3.434687
     0.132251    -3.433715
     0.133925    -3.432737
     0.135599    -3.431754
     0.137274    -3.430765
     0.138948    -3.429771
     0.140622    -3.428771
     0.142296    -3.427766
     0.143970    -3.426756
     0.145644    -3.425740
     0.147318    -3.424719
     0.148992    -3.423693
     0.150666    -3.422663
     0.152340    -3.421627
     0.154014    -3.420587
     0.155688    -3.419542
     0.157362    -3.418492
     0.159036    -3.417438
     0.160710    -3.416380
     0.162385    -3.415317
     0.164059    -3.414250
     0.165733    -3.413179
     0.167407    -3.412104


    -0.167407    -2.312002
    -0.165733    -2.306524
    -0.164059    -2.301158
    -0.162385    -2.295900
    -0.160710    -2.290751
    -0.159036    -2.285709
    -0.157362    -2.280771
    -0.155688    -2.275937
    -0.154014    -2.271204
    -0.152340    -2.266571
    -0.150666    -2.262035
    -0.148992    -2.257595
    -0.147318    -2.253248
    -0.145644    -2.248992
    -0.143970    -2.244826
    -0.142296    -2.240748
    -0.140622    -2.236754
    -0.138948    -2.232844
    -0.137274    -2.229015
    -0.135599    -2.225265
    -0.133925    -2.221592
    -0.132251    -2.217994
    -0.130577    -2.214470
    -0.128903    -2.211017
    -0.127229    -2.207634
    -0.125555    -2.204319
    -0.123881    -2.201070
    -0.122207    -2.197886
    -0.120533    -2.194764
    -0.118859    -2.191705
    -0.117185    -2.188705
    -0.115511    -2.185764
    -0.113837    -2.182881
    -0.112163    -2.180053
    -0.110488    -2.177281
    -0.108814    -2.174562
    -0.107140    -2.171895
    -0.105466    -2.169280
    -0.103792    -2.166715
    -0.102118    -2.164200
    -0.100444    -2.161733
    -0.098770    -2.159313
    -0.097096    -2.156941
    -0.095422    -2.154614
    -0.093748    -2.152332
    -0.092074    -2.150094
    -0.090400    -2.147900
    -0.088726    -2.145749
    -0.087051    -2.143641
    -0.085377    -2.141574
    -0.083703    -2.139548
    -0.082029    -2.137563
    -0.080355    -2.135618
    -0.078681    -2.133712
    -0.077007    -2.131846
    -0.075333    -2.130018
    -0.073659    -2.128229
    -0.071985    -2.126477
    -0.070311    -2.124763
    -0.068637    -2.123086
    -0.066963    -2.121446
    -0.065289    -2.119842
    -0.063615    -2.118274
    -0.061940    -2.116743
    -0.060266    -2.115246
    -0.058592    -2.113785
    -0.056918    -2.112360
    -0.055244    -2.110969
    -0.053570    -2.109612
    -0.051896    -2.108290
    -0.050222    -2.107002
    -0.048548    -2.105748
    -0.046874    -2.104528
    -0.045200    -2.103341
    -0.043526    -2.102188
    -0.041852    -2.101068
    -0.040178    -2.099981
    -0.038504    -2.098927
    -0.036829    -2.097906
    -0.035155    -2.096917
    -0.033481    -2.095961
    -0.031807    -2.095037
    -0.030133    -2.094146
    -0.028459    -2.093286
    -0.026785    -2.092459
    -0.025111    -2.091664
    -0.023437    -2.090900
    -0.021763    -2.090168
    -0.020089    -2.089468
    -0.018415    -2.088799
    -0.016741    -2.088161
    -0.015067    -2.087555
    -0.013393    -2.086980
    -0.011718    -2.086436
    -0.010044    -2.085923
    -0.008370    -2.085440
    -0.006696    -2.084989
    -0.005022    -2.084568
    -0.003348    -2.084178
    -0.001674    -2.083819
     0.000000    -2.083502
     0.001674    -2.083822
     0.003348    -2.084181
     0.005022    -2.084572
     0.006696    -2.084992
     0.008370    -2.085444
     0.010044    -2.085926
     0.011718    -2.086439
     0.013393    -2.086984
     0.015067    -2.087559
     0.016741    -2.088165
     0.018415    -2.088803
     0.020089    -2.089472
     0.021763    -2.090173
     0.023437    -2.090905
     0.025111    -2.091668
     0.026785    -2.092464
     0.028459    -2.093291
     0.030133    -2.094151
     0.031807    -2.095042
     0.033481    -2.095966
     0.035155    -2.096922
     0.036829    -2.097911
     0.038504    -2.098932
     0.040178    -2.099987
     0.041852    -2.101074
     0.043526    -2.102194
     0.045200    -2.103347
     0.046874    -2.104534
     0.048548    -2.105754
     0.050222    -2.107009
     0.051896    -2.108297
     0.053570    -2.109619
     0.055244    -2.110976
     0.056918    -2.112367
     0.058592    -2.113793
     0.060266    -2.115254
     0.061940    -2.116750
     0.063615    -2.118282
     0.065289    -2.119850
     0.066963    -2.121454
     0.068637    -2.123094
     0.070311    -2.124771
     0.071985    -2.126486
     0.073659    -2.128237
     0.075333    -2.130027
     0.077007    -2.131855
     0.078681    -2.133721
     0.080355    -2.135627
     0.082029    -2.137572
     0.083703    -2.139557
     0.085377    -2.141583
     0.087051    -2.143650
     0.088726    -2.145759
     0.090400    -2.147910
     0.092074    -2.150105
     0.093748    -2.152342
     0.095422    -2.154624
     0.097096    -2.156951
     0.098770    -2.159324
     0.100444    -2.161744
     0.102118    -2.164211
     0.103792    -2.166727
     0.105466    -2.169292
     0.107140    -2.171907
     0.108814    -2.174574
     0.110488    -2.177293
     0.112163    -2.180066
     0.113837    -2.182893
     0.115511    -2.185777
     0.117185    -2.188718
     0.118859    -2.191717
     0.120533    -2.194777
     0.122207    -2.197898
     0.123881    -2.201083
     0.125555    -2.204332
     0.127229    -2.207647
     0.128903    -2.211030
     0.130577    -2.214483
     0.132251    -2.218007
     0.133925    -2.221605
     0.135599    -2.225278
     0.137274    -2.229028
     0.138948    -2.232857
     0.140622    -2.236767
     0.142296    -2.240761
     0.143970    -2.244839
     0.145644    -2.249005
     0.147318    -2.253260
     0.148992    -2.257607
     0.150666    -2.262047
     0.152340    -2.266583
     0.154014    -2.271216
     0.155688    -2.275949
     0.157362    -2.280783
     0.159036    -2.285720
     0.160710    -2.290762
     0.162385    -2.295911
     0.164059    -2.301167
     0.165733    -2.306534
     0.167407    -2.312011


    -0.167407    -2.223280
    -0.165733    -2.218527
    -0.164059    -2.213950
    -0.162385    -2.209542
    -0.160710    -2.205298
    -0.159036    -2.201212
    -0.157362    -2.197278
    -0.155688    -2.193490
    -0.154014    -2.189841
    -0.152340    -2.186324
    -0.150666    -2.182933
    -0.148992    -2.179661
    -0.147318    -2.176504
    -0.145644    -2.173453
    -0.143970    -2.170505
    -0.142296    -2.167653
    -0.140622    -2.164892
    -0.138948    -2.162217
    -0.137274    -2.159625
    -0.135599    -2.157111
    -0.133925    -2.154670
    -0.132251    -2.152299
    -0.130577    -2.149995
    -0.128903    -2.147754
    -0.127229    -2.145574
    -0.125555    -2.143452
    -0.123881    -2.141385
    -0.122207    -2.139371
    -0.120533    -2.137408
    -0.118859    -2.135493
    -0.117185    -2.133625
    -0.115511    -2.131803
    -0.113837    -2.130025
    -0.112163    -2.128288
    -0.110488    -2.126593
    -0.108814    -2.124938
    -0.107140    -2.123321
    -0.105466    -2.121742
    -0.103792    -2.120199
    -0.102118    -2.118693
    -0.100444    -2.117222
    -0.098770    -2.115785
    -0.097096    -2.114381
    -0.095422    -2.113011
    -0.093748    -2.111674
    -0.092074    -2.110368
    -0.090400    -2.109095
    -0.088726    -2.107852
    -0.087051    -2.106641
    -0.085377    -2.105459
    -0.083703    -2.104308
    -0.082029    -2.103188
    -0.080355    -2.102096
    -0.078681    -2.101034
    -0.077007    -2.100002
    -0.075333    -2.098999
    -0.073659    -2.098024
    -0.071985    -2.097078
    -0.070311    -2.096162
    -0.068637    -2.095273
    -0.066963    -2.094413
    -0.065289    -2.093582
    -0.063615    -2.092779
    -0.061940    -2.092005
    -0.060266    -2.091258
    -0.058592    -2.090540
    -0.056918    -2.089851
    -0.055244    -2.089189
    -0.053570    -2.088556
    -0.051896    -2.087951
    -0.050222    -2.087375
    -0.048548    -2.086827
    -0.046874    -2.086307
    -0.045200    -2.085815
    -0.043526    -2.085352
    -0.041852    -2.084918
    -0.040178    -2.084512
    -0.038504    -2.084134
    -0.036829    -2.083785
    -0.035155    -2.083465
    -0.033481    -2.083174
    -0.031807    -2.082911
    -0.030133    -2.082678
    -0.028459    -2.082473
    -0.026785    -2.082297
    -0.025111    -2.082150
    -0.023437    -2.082033
    -0.021763    -2.081945
    -0.020089    -2.081886
    -0.018415    -2.081856
    -0.016741    -2.081856
    -0.015067    -2.081885
    -0.013393    -2.081944
    -0.011718    -2.082033
    -0.010044    -2.082152
    -0.008370    -2.082300
    -0.006696    -2.082478
    -0.005022    -2.082686
    -0.003348    -2.082925
    -0.001674    -2.083193
     0.000000    -2.083480
     0.001674    -2.083191
     0.003348    -2.082922
     0.005022    -2.082684
     0.006696    -2.082476
     0.008370    -2.082298
     0.010044    -2.082150
     0.011718    -2.082031
     0.013393    -2.081943
     0.015067    -2.081884
     0.016741    -2.081854
     0.018415    -2.081855
     0.020089    -2.081884
     0.021763    -2.081943
     0.023437    -2.082032
     0.025111    -2.082150
     0.026785    -2.082296
     0.028459    -2.082472
     0.030133    -2.082677
     0.031807    -2.082911
     0.033481    -2.083174
     0.035155    -2.083465
     0.036829    -2.083785
     0.038504    -2.084134
     0.040178    -2.084512
     0.041852    -2.084918
     0.043526    -2.085353
     0.045200    -2.085816
     0.046874    -2.086307
     0.048548    -2.086827
     0.050222    -2.087376
     0.051896    -2.087952
     0.053570    -2.088557
     0.055244    -2.089190
     0.056918    -2.089852
     0.058592    -2.090542
     0.060266    -2.091260
     0.061940    -2.092006
     0.063615    -2.092781
     0.065289    -2.093584
     0.066963    -2.094415
     0.068637    -2.095275
     0.070311    -2.096164
     0.071985    -2.097081
     0.073659    -2.098026
     0.075333    -2.099001
     0.077007    -2.100004
     0.078681    -2.101037
     0.080355    -2.102099
     0.082029    -2.103190
     0.083703    -2.104311
     0.085377    -2.105462
     0.087051    -2.106643
     0.088726    -2.107855
     0.090400    -2.109098
     0.092074    -2.110371
     0.093748    -2.111677
     0.095422    -2.113014
     0.097096    -2.114384
     0.098770    -2.115788
     0.100444    -2.117225
     0.102118    -2.118696
     0.103792    -2.120203
     0.105466    -2.121745
     0.107140    -2.123324
     0.108814    -2.124941
     0.110488    -2.126596
     0.112163    -2.128291
     0.113837    -2.130028
     0.115511    -2.131806
     0.117185    -2.133628
     0.118859    -2.135496
     0.120533    -2.137411
     0.122207    -2.139374
     0.123881    -2.141388
     0.125555    -2.143455
     0.127229    -2.145577
     0.128903    -2.147757
     0.130577    -2.149998
     0.132251    -2.152302
     0.133925    -2.154672
     0.135599    -2.157113
     0.137274    -2.159628
     0.138948    -2.162220
     0.140622    -2.164894
     0.142296    -2.167655
     0.143970    -2.170507
     0.145644    -2.173455
     0.147318    -2.176506
     0.148992    -2.179663
     0.150666    -2.182935
     0.152340    -2.186326
     0.154014    -2.189842
     0.155688    -2.193492
     0.157362    -2.197280
     0.159036    -2.201214
     0.160710    -2.205299
     0.162385    -2.209543
     0.164059    -2.213951
     0.165733    -2.218529
     0.167407    -2.223282


    -0.167407    -2.037642
    -0.165733    -2.031641
    -0.164059    -2.025509
    -0.162385    -2.019254
    -0.160710    -2.012882
    -0.159036    -2.006402
    -0.157362    -1.999820
    -0.155688    -1.993146
    -0.154014    -1.986386
    -0.152340    -1.979549
    -0.150666    -1.972643
    -0.148992    -1.965676
    -0.147318    -1.958656
    -0.145644    -1.951589
    -0.143970    -1.944484
    -0.142296    -1.937347
    -0.140622    -1.930185
    -0.138948    -1.923003
    -0.137274    -1.915809
    -0.135599    -1.908608
    -0.133925    -1.901404
    -0.132251    -1.894204
    -0.130577    -1.887013
    -0.128903    -1.879834
    -0.127229    -1.872672
    -0.125555    -1.865531
    -0.123881    -1.858416
    -0.122207    -1.851329
    -0.120533    -1.844275
    -0.118859    -1.837257
    -0.117185    -1.830277
    -0.115511    -1.823340
    -0.113837    -1.816455
    -0.112163    -1.809883
    -0.110488    -1.803642
    -0.108814    -1.797441
    -0.107140    -1.791275
    -0.105466    -1.785146
    -0.103792    -1.779054
    -0.102118    -1.773002
    -0.100444    -1.766990
    -0.098770    -1.761021
    -0.097096    -1.755096
    -0.095422    -1.749216
    -0.093748    -1.743382
    -0.092074    -1.737597
    -0.090400    -1.731862
    -0.088726    -1.726176
    -0.087051    -1.720543
    -0.085377    -1.714964
    -0.083703    -1.709438
    -0.082029    -1.703968
    -0.080355    -1.698555
    -0.078681    -1.693200
    -0.077007    -1.687905
    -0.075333    -1.682669
    -0.073659    -1.677495
    -0.071985    -1.672383
    -0.070311    -1.667336
    -0.068637    -1.662353
    -0.066963    -1.657436
    -0.065289    -1.652587
    -0.063615    -1.647806
    -0.061940    -1.643095
    -0.060266    -1.638455
    -0.058592    -1.633887
    -0.056918    -1.629393
    -0.055244    -1.624975
    -0.053570    -1.620634
    -0.051896    -1.616370
    -0.050222    -1.612187
    -0.048548    -1.608086
    -0.046874    -1.604069
    -0.045200    -1.600137
    -0.043526    -1.596293
    -0.041852    -1.592540
    -0.040178    -1.588879
    -0.038504    -1.585313
    -0.036829    -1.581845
    -0.035155    -1.578477
    -0.033481    -1.575214
    -0.031807    -1.572058
    -0.030133    -1.569013
    -0.028459    -1.566083
    -0.026785    -1.563271
    -0.025111    -1.560582
    -0.023437    -1.558021
    -0.021763    -1.555592
    -0.020089    -1.553300
    -0.018415    -1.551150
    -0.016741    -1.549148
    -0.015067    -1.547297
    -0.013393    -1.545605
    -0.011718    -1.544076
    -0.010044    -1.542714
    -0.008370    -1.541525
    -0.006696    -1.540512
    -0.005022    -1.539680
    -0.003348    -1.539032
    -0.001674    -1.538570
     0.000000    -1.538301
     0.001674    -1.538571
     0.003348    -1.539032
     0.005022    -1.539679
     0.006696    -1.540510
     0.008370    -1.541521
     0.010044    -1.542709
     0.011718    -1.544070
     0.013393    -1.545598
     0.015067    -1.547289
     0.016741    -1.549139
     0.018415    -1.551140
     0.020089    -1.553289
     0.021763    -1.555581
     0.023437    -1.558009
     0.025111    -1.560569
     0.026785    -1.563258
     0.028459    -1.566069
     0.030133    -1.568998
     0.031807    -1.572043
     0.033481    -1.575199
     0.035155    -1.578461
     0.036829    -1.581828
     0.038504    -1.585296
     0.040178    -1.588861
     0.041852    -1.592522
     0.043526    -1.596275
     0.045200    -1.600119
     0.046874    -1.604050
     0.048548    -1.608067
     0.050222    -1.612168
     0.051896    -1.616351
     0.053570    -1.620614
     0.055244    -1.624956
     0.056918    -1.629374
     0.058592    -1.633867
     0.060266    -1.638435
     0.061940    -1.643075
     0.063615    -1.647786
     0.065289    -1.652566
     0.066963    -1.657416
     0.068637    -1.662332
     0.070311    -1.667315
     0.071985    -1.672363
     0.073659    -1.677474
     0.075333    -1.682648
     0.077007    -1.687884
     0.078681    -1.693179
     0.080355    -1.698534
     0.082029    -1.703947
     0.083703    -1.709417
     0.085377    -1.714942
     0.087051    -1.720522
     0.088726    -1.726155
     0.090400    -1.731840
     0.092074    -1.737576
     0.093748    -1.743361
     0.095422    -1.749194
     0.097096    -1.755074
     0.098770    -1.760999
     0.100444    -1.766968
     0.102118    -1.772980
     0.103792    -1.779032
     0.105466    -1.785123
     0.107140    -1.791253
     0.108814    -1.797418
     0.110488    -1.803618
     0.112163    -1.809856
     0.113837    -1.816422
     0.115511    -1.823311
     0.117185    -1.830249
     0.118859    -1.837229
     0.120533    -1.844248
     0.122207    -1.851303
     0.123881    -1.858390
     0.125555    -1.865506
     0.127229    -1.872647
     0.128903    -1.879810
     0.130577    -1.886989
     0.132251    -1.894182
     0.133925    -1.901382
     0.135599    -1.908586
     0.137274    -1.915788
     0.138948    -1.922983
     0.140622    -1.930165
     0.142296    -1.937328
     0.143970    -1.944466
     0.145644    -1.951572
     0.147318    -1.958639
     0.148992    -1.965660
     0.150666    -1.972628
     0.152340    -1.979535
     0.154014    -1.986372
     0.155688    -1.993133
     0.157362    -1.999809
     0.159036    -2.006391
     0.160710    -2.012872
     0.162385    -2.019244
     0.164059    -2.025500
     0.165733    -2.031632
     0.167407    -2.037635


    -0.167407    -2.018121
    -0.165733    -2.012216
    -0.164059    -2.006257
    -0.162385    -2.000247
    -0.160710    -1.994188
    -0.159036    -1.988082
    -0.157362    -1.981933
    -0.155688    -1.975743
    -0.154014    -1.969514
    -0.152340    -1.963250
    -0.150666    -1.956954
    -0.148992    -1.950628
    -0.147318    -1.944276
    -0.145644    -1.937901
    -0.143970    -1.931505
    -0.142296    -1.925092
    -0.140622    -1.918664
    -0.138948    -1.912225
    -0.137274    -1.905777
    -0.135599    -1.899324
    -0.133925    -1.892868
    -0.132251    -1.886412
    -0.130577    -1.879958
    -0.128903    -1.873510
    -0.127229    -1.867070
    -0.125555    -1.860640
    -0.123881    -1.854224
    -0.122207    -1.847822
    -0.120533    -1.841439
    -0.118859    -1.835075
    -0.117185    -1.828733
    -0.115511    -1.822415
    -0.113837    -1.816116
    -0.112163    -1.809578
    -0.110488    -1.802790
    -0.108814    -1.796046
    -0.107140    -1.789354
    -0.105466    -1.782718
    -0.103792    -1.776140
    -0.102118    -1.769622
    -0.100444    -1.763165
    -0.098770    -1.756772
    -0.097096    -1.750443
    -0.095422    -1.744181
    -0.093748    -1.737987
    -0.092074    -1.731862
    -0.090400    -1.725807
    -0.088726    -1.719824
    -0.087051    -1.713914
    -0.085377    -1.708078
    -0.083703    -1.702317
    -0.082029    -1.696632
    -0.080355    -1.691024
    -0.078681    -1.685494
    -0.077007    -1.680042
    -0.075333    -1.674670
    -0.073659    -1.669379
    -0.071985    -1.664169
    -0.070311    -1.659041
    -0.068637    -1.653997
    -0.066963    -1.649036
    -0.065289    -1.644159
    -0.063615    -1.639368
    -0.061940    -1.634664
    -0.060266    -1.630047
    -0.058592    -1.625518
    -0.056918    -1.621078
    -0.055244    -1.616728
    -0.053570    -1.612469
    -0.051896    -1.608303
    -0.050222    -1.604231
    -0.048548    -1.600254
    -0.046874    -1.596373
    -0.045200    -1.592591
    -0.043526    -1.588908
    -0.041852    -1.585328
    -0.040178    -1.581851
    -0.038504    -1.578480
    -0.036829    -1.575218
    -0.035155    -1.572067
    -0.033481    -1.569030
    -0.031807    -1.566110
    -0.030133    -1.563310
    -0.028459    -1.560634
    -0.026785    -1.558086
    -0.025111    -1.555670
    -0.023437    -1.553389
    -0.021763    -1.551250
    -0.020089    -1.549255
    -0.018415    -1.547410
    -0.016741    -1.545720
    -0.015067    -1.544189
    -0.013393    -1.542823
    -0.011718    -1.541626
    -0.010044    -1.540603
    -0.008370    -1.539758
    -0.006696    -1.539093
    -0.005022    -1.538613
    -0.003348    -1.538320
    -0.001674    -1.538215
     0.000000    -1.538294
     0.001674    -1.538211
     0.003348    -1.538315
     0.005022    -1.538608
     0.006696    -1.539086
     0.008370    -1.539749
     0.010044    -1.540594
     0.011718    -1.541616
     0.013393    -1.542812
     0.015067    -1.544177
     0.016741    -1.545706
     0.018415    -1.547395
     0.020089    -1.549239
     0.021763    -1.551233
     0.023437    -1.553372
     0.025111    -1.555652
     0.026785    -1.558067
     0.028459    -1.560615
     0.030133    -1.563290
     0.031807    -1.566089
     0.033481    -1.569008
     0.035155    -1.572045
     0.036829    -1.575195
     0.038504    -1.578457
     0.040178    -1.581827
     0.041852    -1.585303
     0.043526    -1.588883
     0.045200    -1.592565
     0.046874    -1.596347
     0.048548    -1.600227
     0.050222    -1.604204
     0.051896    -1.608276
     0.053570    -1.612442
     0.055244    -1.616700
     0.056918    -1.621049
     0.058592    -1.625489
     0.060266    -1.630018
     0.061940    -1.634635
     0.063615    -1.639339
     0.065289    -1.644130
     0.066963    -1.649006
     0.068637    -1.653966
     0.070311    -1.659011
     0.071985    -1.664139
     0.073659    -1.669348
     0.075333    -1.674639
     0.077007    -1.680011
     0.078681    -1.685462
     0.080355    -1.690993
     0.082029    -1.696601
     0.083703    -1.702286
     0.085377    -1.708047
     0.087051    -1.713883
     0.088726    -1.719793
     0.090400    -1.725776
     0.092074    -1.731831
     0.093748    -1.737956
     0.095422    -1.744150
     0.097096    -1.750412
     0.098770    -1.756741
     0.100444    -1.763135
     0.102118    -1.769592
     0.103792    -1.776110
     0.105466    -1.782689
     0.107140    -1.789325
     0.108814    -1.796017
     0.110488    -1.802763
     0.112163    -1.809554
     0.113837    -1.816098
     0.115511    -1.822394
     0.117185    -1.828712
     0.118859    -1.835053
     0.120533    -1.841417
     0.122207    -1.847800
     0.123881    -1.854201
     0.125555    -1.860618
     0.127229    -1.867048
     0.128903    -1.873488
     0.130577    -1.879936
     0.132251    -1.886389
     0.133925    -1.892845
     0.135599    -1.899301
     0.137274    -1.905755
     0.138948    -1.912202
     0.140622    -1.918641
     0.142296    -1.925069
     0.143970    -1.931482
     0.145644    -1.937878
     0.147318    -1.944254
     0.148992    -1.950606
     0.150666    -1.956932
     0.152340    -1.963228
     0.154014    -1.969492
     0.155688    -1.975720
     0.157362    -1.981911
     0.159036    -1.988060
     0.160710    -1.994166
     0.162385    -2.000225
     0.164059    -2.006236
     0.165733    -2.012195
     0.167407    -2.018100


    -0.167407    -1.534678
    -0.165733    -1.531383
    -0.164059    -1.528116
    -0.162385    -1.524878
    -0.160710    -1.521670
    -0.159036    -1.518493
    -0.157362    -1.515347
    -0.155688    -1.512235
    -0.154014    -1.509157
    -0.152340    -1.506114
    -0.150666    -1.503107
    -0.148992    -1.500137
    -0.147318    -1.497204
    -0.145644    -1.494311
    -0.143970    -1.491458
    -0.142296    -1.488645
    -0.140622    -1.485875
    -0.138948    -1.483148
    -0.137274    -1.480464
    -0.135599    -1.477825
    -0.133925    -1.475232
    -0.132251    -1.472686
    -0.130577    -1.470187
    -0.128903    -1.467737
    -0.127229    -1.465336
    -0.125555    -1.462986
    -0.123881    -1.460686
    -0.122207    -1.458438
    -0.120533    -1.456243
    -0.118859    -1.454101
    -0.117185    -1.452013
    -0.115511    -1.449980
    -0.113837    -1.448002
    -0.112163    -1.446080
    -0.110488    -1.444215
    -0.108814    -1.442407
    -0.107140    -1.440656
    -0.105466    -1.438964
    -0.103792    -1.437330
    -0.102118    -1.435754
    -0.100444    -1.434238
    -0.098770    -1.432782
    -0.097096    -1.431385
    -0.095422    -1.430049
    -0.093748    -1.428772
    -0.092074    -1.427556
    -0.090400    -1.426401
    -0.088726    -1.425305
    -0.087051    -1.424271
    -0.085377    -1.423297
    -0.083703    -1.422383
    -0.082029    -1.421529
    -0.080355    -1.420736
    -0.078681    -1.420003
    -0.077007    -1.419329
    -0.075333    -1.418714
    -0.073659    -1.418158
    -0.071985    -1.417661
    -0.070311    -1.417222
    -0.068637    -1.416840
    -0.066963    -1.416515
    -0.065289    -1.416246
    -0.063615    -1.416033
    -0.061940    -1.415874
    -0.060266    -1.415768
    -0.058592    -1.415715
    -0.056918    -1.415714
    -0.055244    -1.415763
    -0.053570    -1.415862
    -0.051896    -1.416008
    -0.050222    -1.416200
    -0.048548    -1.416436
    -0.046874    -1.416716
    -0.045200    -1.417037
    -0.043526    -1.417396
    -0.041852    -1.417792
    -0.040178    -1.418222
    -0.038504    -1.418684
    -0.036829    -1.419174
    -0.035155    -1.419691
    -0.033481    -1.420231
    -0.031807    -1.420791
    -0.030133    -1.421367
    -0.028459    -1.421955
    -0.026785    -1.422552
    -0.025111    -1.423150
    -0.023437    -1.423745
    -0.021763    -1.424330
    -0.020089    -1.424900
    -0.018415    -1.425450
    -0.016741    -1.425974
    -0.015067    -1.426467
    -0.013393    -1.426924
    -0.011718    -1.427340
    -0.010044    -1.427712
    -0.008370    -1.428034
    -0.006696    -1.428303
    -0.005022    -1.428516
    -0.003348    -1.428669
    -0.001674    -1.428761
     0.000000    -1.428791
     0.001674    -1.428758
     0.003348    -1.428663
     0.005022    -1.428508
     0.006696    -1.428294
     0.008370    -1.428024
     0.010044    -1.427702
     0.011718    -1.427331
     0.013393    -1.426914
     0.015067    -1.426457
     0.016741    -1.425965
     0.018415    -1.425442
     0.020089    -1.424893
     0.021763    -1.424325
     0.023437    -1.423741
     0.025111    -1.423148
     0.026785    -1.422553
     0.028459    -1.421960
     0.030133    -1.421375
     0.031807    -1.420802
     0.033481    -1.420245
     0.035155    -1.419706
     0.036829    -1.419191
     0.038504    -1.418701
     0.040178    -1.418239
     0.041852    -1.417810
     0.043526    -1.417414
     0.045200    -1.417055
     0.046874    -1.416735
     0.048548    -1.416455
     0.050222    -1.416219
     0.051896    -1.416026
     0.053570    -1.415880
     0.055244    -1.415782
     0.056918    -1.415733
     0.058592    -1.415734
     0.060266    -1.415787
     0.061940    -1.415892
     0.063615    -1.416051
     0.065289    -1.416264
     0.066963    -1.416533
     0.068637    -1.416858
     0.070311    -1.417239
     0.071985    -1.417679
     0.073659    -1.418176
     0.075333    -1.418731
     0.077007    -1.419345
     0.078681    -1.420019
     0.080355    -1.420752
     0.082029    -1.421545
     0.083703    -1.422399
     0.085377    -1.423312
     0.087051    -1.424286
     0.088726    -1.425320
     0.090400    -1.426415
     0.092074    -1.427571
     0.093748    -1.428786
     0.095422    -1.430062
     0.097096    -1.431399
     0.098770    -1.432795
     0.100444    -1.434251
     0.102118    -1.435767
     0.103792    -1.437342
     0.105466    -1.438976
     0.107140    -1.440668
     0.108814    -1.442418
     0.110488    -1.444226
     0.112163    -1.446091
     0.113837    -1.448013
     0.115511    -1.449990
     0.117185    -1.452023
     0.118859    -1.454111
     0.120533    -1.456252
     0.122207    -1.458447
     0.123881    -1.460695
     0.125555    -1.462994
     0.127229    -1.465344
     0.128903    -1.467745
     0.130577    -1.470195
     0.132251    -1.472693
     0.133925    -1.475239
     0.135599    -1.477832
     0.137274    -1.480470
     0.138948    -1.483154
     0.140622    -1.485881
     0.142296    -1.488651
     0.143970    -1.491463
     0.145644    -1.494316
     0.147318    -1.497209
     0.148992    -1.500141
     0.150666    -1.503111
     0.152340    -1.506118
     0.154014    -1.509161
     0.155688    -1.512239
     0.157362    -1.515351
     0.159036    -1.518496
     0.160710    -1.521673
     0.162385    -1.524881
     0.164059    -1.528119
     0.165733    -1.531386
     0.167407    -1.534681


    -0.167407    -1.499200
    -0.165733    -1.496256
    -0.164059    -1.493359
    -0.162385    -1.490510
    -0.160710    -1.487711
    -0.159036    -1.484961
    -0.157362    -1.482261
    -0.155688    -1.479611
    -0.154014    -1.477012
    -0.152340    -1.474464
    -0.150666    -1.471967
    -0.148992    -1.469523
    -0.147318    -1.467130
    -0.145644    -1.464790
    -0.143970    -1.462502
    -0.142296    -1.460267
    -0.140622    -1.458085
    -0.138948    -1.455955
    -0.137274    -1.453879
    -0.135599    -1.451856
    -0.133925    -1.449885
    -0.132251    -1.447968
    -0.130577    -1.446104
    -0.128903    -1.444293
    -0.127229    -1.442535
    -0.125555    -1.440830
    -0.123881    -1.439178
    -0.122207    -1.437578
    -0.120533    -1.436031
    -0.118859    -1.434537
    -0.117185    -1.433095
    -0.115511    -1.431704
    -0.113837    -1.430366
    -0.112163    -1.429079
    -0.110488    -1.427844
    -0.108814    -1.426661
    -0.107140    -1.425528
    -0.105466    -1.424446
    -0.103792    -1.423414
    -0.102118    -1.422433
    -0.100444    -1.421502
    -0.098770    -1.420620
    -0.097096    -1.419788
    -0.095422    -1.419005
    -0.093748    -1.418271
    -0.092074    -1.417585
    -0.090400    -1.416948
    -0.088726    -1.416358
    -0.087051    -1.415816
    -0.085377    -1.415321
    -0.083703    -1.414873
    -0.082029    -1.414471
    -0.080355    -1.414115
    -0.078681    -1.413805
    -0.077007    -1.413539
    -0.075333    -1.413319
    -0.073659    -1.413142
    -0.071985    -1.413009
    -0.070311    -1.412919
    -0.068637    -1.412871
    -0.066963    -1.412865
    -0.065289    -1.412900
    -0.063615    -1.412976
    -0.061940    -1.413091
    -0.060266    -1.413245
    -0.058592    -1.413437
    -0.056918    -1.413666
    -0.055244    -1.413931
    -0.053570    -1.414232
    -0.051896    -1.414566
    -0.050222    -1.414932
    -0.048548    -1.415330
    -0.046874    -1.415758
    -0.045200    -1.416213
    -0.043526    -1.416695
    -0.041852    -1.417202
    -0.040178    -1.417730
    -0.038504    -1.418279
    -0.036829    -1.418846
    -0.035155    -1.419427
    -0.033481    -1.420021
    -0.031807    -1.420623
    -0.030133    -1.421230
    -0.028459    -1.421839
    -0.026785    -1.422446
    -0.025111    -1.423049
    -0.023437    -1.423645
    -0.021763    -1.424229
    -0.020089    -1.424799
    -0.018415    -1.425350
    -0.016741    -1.425876
    -0.015067    -1.426373
    -0.013393    -1.426835
    -0.011718    -1.427257
    -0.010044    -1.427635
    -0.008370    -1.427964
    -0.006696    -1.428239
    -0.005022    -1.428458
    -0.003348    -1.428617
    -0.001674    -1.428715
     0.000000    -1.428749
     0.001674    -1.428719
     0.003348    -1.428626
     0.005022    -1.428471
     0.006696    -1.428255
     0.008370    -1.427982
     0.010044    -1.427655
     0.011718    -1.427278
     0.013393    -1.426857
     0.015067    -1.426395
     0.016741    -1.425899
     0.018415    -1.425373
     0.020089    -1.424823
     0.021763    -1.424253
     0.023437    -1.423667
     0.025111    -1.423070
     0.026785    -1.422465
     0.028459    -1.421855
     0.030133    -1.421243
     0.031807    -1.420634
     0.033481    -1.420030
     0.035155    -1.419435
     0.036829    -1.418852
     0.038504    -1.418285
     0.040178    -1.417736
     0.041852    -1.417207
     0.043526    -1.416700
     0.045200    -1.416218
     0.046874    -1.415763
     0.048548    -1.415335
     0.050222    -1.414937
     0.051896    -1.414571
     0.053570    -1.414237
     0.055244    -1.413936
     0.056918    -1.413671
     0.058592    -1.413442
     0.060266    -1.413250
     0.061940    -1.413096
     0.063615    -1.412980
     0.065289    -1.412905
     0.066963    -1.412870
     0.068637    -1.412876
     0.070311    -1.412923
     0.071985    -1.413013
     0.073659    -1.413147
     0.075333    -1.413323
     0.077007    -1.413544
     0.078681    -1.413810
     0.080355    -1.414120
     0.082029    -1.414476
     0.083703    -1.414878
     0.085377    -1.415326
     0.087051    -1.415821
     0.088726    -1.416363
     0.090400    -1.416953
     0.092074    -1.417590
     0.093748    -1.418276
     0.095422    -1.419010
     0.097096    -1.419793
     0.098770    -1.420625
     0.100444    -1.421506
     0.102118    -1.422437
     0.103792    -1.423418
     0.105466    -1.424450
     0.107140    -1.425532
     0.108814    -1.426665
     0.110488    -1.427849
     0.112163    -1.429084
     0.113837    -1.430370
     0.115511    -1.431708
     0.117185    -1.433099
     0.118859    -1.434541
     0.120533    -1.436035
     0.122207    -1.437582
     0.123881    -1.439182
     0.125555    -1.440834
     0.127229    -1.442539
     0.128903    -1.444297
     0.130577    -1.446108
     0.132251    -1.447972
     0.133925    -1.449889
     0.135599    -1.451859
     0.137274    -1.453883
     0.138948    -1.455959
     0.140622    -1.458088
     0.142296    -1.460271
     0.143970    -1.462506
     0.145644    -1.464793
     0.147318    -1.467134
     0.148992    -1.469526
     0.150666    -1.471971
     0.152340    -1.474467
     0.154014    -1.477015
     0.155688    -1.479614
     0.157362    -1.482264
     0.159036    -1.484964
     0.160710    -1.487714
     0.162385    -1.490513
     0.164059    -1.493362
     0.165733    -1.496259
     0.167407    -1.499203


    -0.167407    -1.162927
    -0.165733    -1.158397
    -0.164059    -1.153814
    -0.162385    -1.149178
    -0.160710    -1.144489
    -0.159036    -1.140310
    -0.157362    -1.136469
    -0.155688    -1.132584
    -0.154014    -1.128655
    -0.152340    -1.124681
    -0.150666    -1.120659
    -0.148992    -1.116590
    -0.147318    -1.112472
    -0.145644    -1.108304
    -0.143970    -1.104086
    -0.142296    -1.099815
    -0.140622    -1.095491
    -0.138948    -1.091114
    -0.137274    -1.086681
    -0.135599    -1.082193
    -0.133925    -1.077649
    -0.132251    -1.073047
    -0.130577    -1.068387
    -0.128903    -1.063668
    -0.127229    -1.058890
    -0.125555    -1.054052
    -0.123881    -1.049154
    -0.122207    -1.044194
    -0.120533    -1.039173
    -0.118859    -1.034090
    -0.117185    -1.028946
    -0.115511    -1.023739
    -0.113837    -1.018470
    -0.112163    -1.013139
    -0.110488    -1.007746
    -0.108814    -1.002291
    -0.107140    -0.996774
    -0.105466    -0.991197
    -0.103792    -0.985558
    -0.102118    -0.979860
    -0.100444    -0.974103
    -0.098770    -0.968287
    -0.097096    -0.962414
    -0.095422    -0.956485
    -0.093748    -0.950501
    -0.092074    -0.944463
    -0.090400    -0.938373
    -0.088726    -0.932232
    -0.087051    -0.926043
    -0.085377    -0.919807
    -0.083703    -0.913527
    -0.082029    -0.907204
    -0.080355    -0.900842
    -0.078681    -0.894442
    -0.077007    -0.888009
    -0.075333    -0.881544
    -0.073659    -0.875050
    -0.071985    -0.868533
    -0.070311    -0.861994
    -0.068637    -0.855438
    -0.066963    -0.848870
    -0.065289    -0.842293
    -0.063615    -0.835713
    -0.061940    -0.829134
    -0.060266    -0.822561
    -0.058592    -0.816001
    -0.056918    -0.809460
    -0.055244    -0.802943
    -0.053570    -0.796458
    -0.051896    -0.790012
    -0.050222    -0.783612
    -0.048548    -0.777266
    -0.046874    -0.770983
    -0.045200    -0.764773
    -0.043526    -0.758644
    -0.041852    -0.752606
    -0.040178    -0.746671
    -0.038504    -0.740849
    -0.036829    -0.735151
    -0.035155    -0.729589
    -0.033481    -0.724177
    -0.031807    -0.718926
    -0.030133    -0.713850
    -0.028459    -0.708962
    -0.026785    -0.704275
    -0.025111    -0.699802
    -0.023437    -0.695558
    -0.021763    -0.691554
    -0.020089    -0.687803
    -0.018415    -0.684316
    -0.016741    -0.681105
    -0.015067    -0.678179
    -0.013393    -0.675547
    -0.011718    -0.673216
    -0.010044    -0.671192
    -0.008370    -0.669479
    -0.006696    -0.668080
    -0.005022    -0.666998
    -0.003348    -0.666234
    -0.001674    -0.665780
     0.000000    -0.665627
     0.001674    -0.665777
     0.003348    -0.666234
     0.005022    -0.667004
     0.006696    -0.668088
     0.008370    -0.669488
     0.010044    -0.671201
     0.011718    -0.673225
     0.013393    -0.675555
     0.015067    -0.678187
     0.016741    -0.681112
     0.018415    -0.684323
     0.020089    -0.687809
     0.021763    -0.691560
     0.023437    -0.695563
     0.025111    -0.699808
     0.026785    -0.704280
     0.028459    -0.708966
     0.030133    -0.713854
     0.031807    -0.718930
     0.033481    -0.724180
     0.035155    -0.729592
     0.036829    -0.735153
     0.038504    -0.740851
     0.040178    -0.746673
     0.041852    -0.752608
     0.043526    -0.758645
     0.045200    -0.764774
     0.046874    -0.770984
     0.048548    -0.777266
     0.050222    -0.783611
     0.051896    -0.790011
     0.053570    -0.796457
     0.055244    -0.802942
     0.056918    -0.809459
     0.058592    -0.816000
     0.060266    -0.822560
     0.061940    -0.829132
     0.063615    -0.835711
     0.065289    -0.842291
     0.066963    -0.848867
     0.068637    -0.855436
     0.070311    -0.861991
     0.071985    -0.868530
     0.073659    -0.875047
     0.075333    -0.881540
     0.077007    -0.888005
     0.078681    -0.894439
     0.080355    -0.900838
     0.082029    -0.907201
     0.083703    -0.913523
     0.085377    -0.919803
     0.087051    -0.926039
     0.088726    -0.932228
     0.090400    -0.938368
     0.092074    -0.944458
     0.093748    -0.950496
     0.095422    -0.956481
     0.097096    -0.962410
     0.098770    -0.968283
     0.100444    -0.974099
     0.102118    -0.979856
     0.103792    -0.985554
     0.105466    -0.991192
     0.107140    -0.996770
     0.108814    -1.002286
     0.110488    -1.007741
     0.112163    -1.013134
     0.113837    -1.018466
     0.115511    -1.023735
     0.117185    -1.028941
     0.118859    -1.034086
     0.120533    -1.039169
     0.122207    -1.044190
     0.123881    -1.049150
     0.125555    -1.054049
     0.127229    -1.058887
     0.128903    -1.063665
     0.130577    -1.068384
     0.132251    -1.073044
     0.133925    -1.077646
     0.135599    -1.082191
     0.137274    -1.086679
     0.138948    -1.091111
     0.140622    -1.095489
     0.142296    -1.099813
     0.143970    -1.104084
     0.145644    -1.108303
     0.147318    -1.112471
     0.148992    -1.116589
     0.150666    -1.120658
     0.152340    -1.124680
     0.154014    -1.128655
     0.155688    -1.132584
     0.157362    -1.136469
     0.159036    -1.140310
     0.160710    -1.144485
     0.162385    -1.149174
     0.164059    -1.153810
     0.165733    -1.158392
     0.167407    -1.162922


    -0.167407    -1.158900
    -0.165733    -1.155260
    -0.164059    -1.151582
    -0.162385    -1.147865
    -0.160710    -1.144107
    -0.159036    -1.139745
    -0.157362    -1.134950
    -0.155688    -1.130101
    -0.154014    -1.125199
    -0.152340    -1.120245
    -0.150666    -1.115238
    -0.148992    -1.110180
    -0.147318    -1.105070
    -0.145644    -1.099909
    -0.143970    -1.094697
    -0.142296    -1.089435
    -0.140622    -1.084124
    -0.138948    -1.078765
    -0.137274    -1.073357
    -0.135599    -1.067903
    -0.133925    -1.062403
    -0.132251    -1.056857
    -0.130577    -1.051268
    -0.128903    -1.045635
    -0.127229    -1.039961
    -0.125555    -1.034246
    -0.123881    -1.028491
    -0.122207    -1.022698
    -0.120533    -1.016869
    -0.118859    -1.011004
    -0.117185    -1.005105
    -0.115511    -0.999173
    -0.113837    -0.993211
    -0.112163    -0.987219
    -0.110488    -0.981200
    -0.108814    -0.975155
    -0.107140    -0.969085
    -0.105466    -0.962993
    -0.103792    -0.956881
    -0.102118    -0.950750
    -0.100444    -0.944602
    -0.098770    -0.938440
    -0.097096    -0.932265
    -0.095422    -0.926080
    -0.093748    -0.919887
    -0.092074    -0.913687
    -0.090400    -0.907484
    -0.088726    -0.901280
    -0.087051    -0.895076
    -0.085377    -0.888876
    -0.083703    -0.882682
    -0.082029    -0.876496
    -0.080355    -0.870322
    -0.078681    -0.864161
    -0.077007    -0.858017
    -0.075333    -0.851893
    -0.073659    -0.845791
    -0.071985    -0.839714
    -0.070311    -0.833665
    -0.068637    -0.827648
    -0.066963    -0.821666
    -0.065289    -0.815721
    -0.063615    -0.809819
    -0.061940    -0.803960
    -0.060266    -0.798151
    -0.058592    -0.792394
    -0.056918    -0.786692
    -0.055244    -0.781051
    -0.053570    -0.775474
    -0.051896    -0.769965
    -0.050222    -0.764528
    -0.048548    -0.759169
    -0.046874    -0.753891
    -0.045200    -0.748701
    -0.043526    -0.743602
    -0.041852    -0.738600
    -0.040178    -0.733700
    -0.038504    -0.728909
    -0.036829    -0.724232
    -0.035155    -0.719675
    -0.033481    -0.715245
    -0.031807    -0.710948
    -0.030133    -0.706792
    -0.028459    -0.702784
    -0.026785    -0.698931
    -0.025111    -0.695242
    -0.023437    -0.691724
    -0.021763    -0.688387
    -0.020089    -0.685238
    -0.018415    -0.682288
    -0.016741    -0.679545
    -0.015067    -0.677019
    -0.013393    -0.674720
    -0.011718    -0.672657
    -0.010044    -0.670840
    -0.008370    -0.669279
    -0.006696    -0.667981
    -0.005022    -0.666956
    -0.003348    -0.666209
    -0.001674    -0.665754
     0.000000    -0.665604
     0.001674    -0.665757
     0.003348    -0.666208
     0.005022    -0.666949
     0.006696    -0.667971
     0.008370    -0.669267
     0.010044    -0.670828
     0.011718    -0.672645
     0.013393    -0.674708
     0.015067    -0.677007
     0.016741    -0.679533
     0.018415    -0.682276
     0.020089    -0.685226
     0.021763    -0.688375
     0.023437    -0.691712
     0.025111    -0.695230
     0.026785    -0.698919
     0.028459    -0.702772
     0.030133    -0.706781
     0.031807    -0.710937
     0.033481    -0.715234
     0.035155    -0.719664
     0.036829    -0.724221
     0.038504    -0.728899
     0.040178    -0.733691
     0.041852    -0.738590
     0.043526    -0.743593
     0.045200    -0.748692
     0.046874    -0.753883
     0.048548    -0.759161
     0.050222    -0.764521
     0.051896    -0.769957
     0.053570    -0.775467
     0.055244    -0.781045
     0.056918    -0.786686
     0.058592    -0.792388
     0.060266    -0.798146
     0.061940    -0.803956
     0.063615    -0.809814
     0.065289    -0.815717
     0.066963    -0.821662
     0.068637    -0.827645
     0.070311    -0.833662
     0.071985    -0.839711
     0.073659    -0.845788
     0.075333    -0.851891
     0.077007    -0.858015
     0.078681    -0.864160
     0.080355    -0.870321
     0.082029    -0.876495
     0.083703    -0.882681
     0.085377    -0.888876
     0.087051    -0.895076
     0.088726    -0.901280
     0.090400    -0.907484
     0.092074    -0.913688
     0.093748    -0.919887
     0.095422    -0.926081
     0.097096    -0.932266
     0.098770    -0.938441
     0.100444    -0.944603
     0.102118    -0.950751
     0.103792    -0.956882
     0.105466    -0.962994
     0.107140    -0.969086
     0.108814    -0.975156
     0.110488    -0.981201
     0.112163    -0.987221
     0.113837    -0.993212
     0.115511    -0.999175
     0.117185    -1.005106
     0.118859    -1.011005
     0.120533    -1.016870
     0.122207    -1.022699
     0.123881    -1.028492
     0.125555    -1.034247
     0.127229    -1.039962
     0.128903    -1.045636
     0.130577    -1.051268
     0.132251    -1.056857
     0.133925    -1.062403
     0.135599    -1.067903
     0.137274    -1.073357
     0.138948    -1.078764
     0.140622    -1.084123
     0.142296    -1.089434
     0.143970    -1.094696
     0.145644    -1.099907
     0.147318    -1.105068
     0.148992    -1.110178
     0.150666    -1.115236
     0.152340    -1.120243
     0.154014    -1.125197
     0.155688    -1.130098
     0.157362    -1.134946
     0.159036    -1.139742
     0.160710    -1.144108
     0.162385    -1.147866
     0.164059    -1.151583
     0.165733    -1.155261
     0.167407    -1.158902


    -0.167407    -0.439134
    -0.165733    -0.436307
    -0.164059    -0.433526
    -0.162385    -0.430789
    -0.160710    -0.428098
    -0.159036    -0.425454
    -0.157362    -0.422856
    -0.155688    -0.420306
    -0.154014    -0.417804
    -0.152340    -0.415350
    -0.150666    -0.412945
    -0.148992    -0.410590
    -0.147318    -0.408284
    -0.145644    -0.406029
    -0.143970    -0.403824
    -0.142296    -0.401671
    -0.140622    -0.399569
    -0.138948    -0.397519
    -0.137274    -0.395522
    -0.135599    -0.393577
    -0.133925    -0.391686
    -0.132251    -0.389848
    -0.130577    -0.388065
    -0.128903    -0.386335
    -0.127229    -0.384661
    -0.125555    -0.383041
    -0.123881    -0.381476
    -0.122207    -0.379967
    -0.120533    -0.378513
    -0.118859    -0.377115
    -0.117185    -0.375773
    -0.115511    -0.374487
    -0.113837    -0.373257
    -0.112163    -0.372083
    -0.110488    -0.370966
    -0.108814    -0.369905
    -0.107140    -0.368900
    -0.105466    -0.367952
    -0.103792    -0.367059
    -0.102118    -0.366222
    -0.100444    -0.365441
    -0.098770    -0.364715
    -0.097096    -0.364044
    -0.095422    -0.363427
    -0.093748    -0.362864
    -0.092074    -0.362355
    -0.090400    -0.361898
    -0.088726    -0.361493
    -0.087051    -0.361139
    -0.085377    -0.360836
    -0.083703    -0.360581
    -0.082029    -0.360375
    -0.080355    -0.360215
    -0.078681    -0.360100
    -0.077007    -0.360029
    -0.075333    -0.360001
    -0.073659    -0.360012
    -0.071985    -0.360061
    -0.070311    -0.360146
    -0.068637    -0.360265
    -0.066963    -0.360414
    -0.065289    -0.360591
    -0.063615    -0.360792
    -0.061940    -0.361015
    -0.060266    -0.361255
    -0.058592    -0.361509
    -0.056918    -0.361772
    -0.055244    -0.362039
    -0.053570    -0.362305
    -0.051896    -0.362565
    -0.050222    -0.362813
    -0.048548    -0.363042
    -0.046874    -0.363246
    -0.045200    -0.363418
    -0.043526    -0.363549
    -0.041852    -0.363631
    -0.040178    -0.363656
    -0.038504    -0.363614
    -0.036829    -0.363496
    -0.035155    -0.363291
    -0.033481    -0.362989
    -0.031807    -0.362579
    -0.030133    -0.362049
    -0.028459    -0.361388
    -0.026785    -0.360584
    -0.025111    -0.359626
    -0.023437    -0.358502
    -0.021763    -0.357201
    -0.020089    -0.355713
    -0.018415    -0.354028
    -0.016741    -0.352137
    -0.015067    -0.350031
    -0.013393    -0.347705
    -0.011718    -0.345152
    -0.010044    -0.342370
    -0.008370    -0.339355
    -0.006696    -0.336108
    -0.005022    -0.332628
    -0.003348    -0.328921
    -0.001674    -0.324988
     0.000000    -0.320855
     0.001674    -0.325003
     0.003348    -0.328936
     0.005022    -0.332644
     0.006696    -0.336124
     0.008370    -0.339372
     0.010044    -0.342387
     0.011718    -0.345170
     0.013393    -0.347723
     0.015067    -0.350050
     0.016741    -0.352156
     0.018415    -0.354047
     0.020089    -0.355733
     0.021763    -0.357221
     0.023437    -0.358522
     0.025111    -0.359646
     0.026785    -0.360604
     0.028459    -0.361408
     0.030133    -0.362070
     0.031807    -0.362600
     0.033481    -0.363010
     0.035155    -0.363313
     0.036829    -0.363518
     0.038504    -0.363636
     0.040178    -0.363678
     0.041852    -0.363653
     0.043526    -0.363570
     0.045200    -0.363439
     0.046874    -0.363268
     0.048548    -0.363063
     0.050222    -0.362834
     0.051896    -0.362586
     0.053570    -0.362326
     0.055244    -0.362059
     0.056918    -0.361792
     0.058592    -0.361529
     0.060266    -0.361275
     0.061940    -0.361035
     0.063615    -0.360812
     0.065289    -0.360610
     0.066963    -0.360433
     0.068637    -0.360283
     0.070311    -0.360165
     0.071985    -0.360079
     0.073659    -0.360030
     0.075333    -0.360018
     0.077007    -0.360047
     0.078681    -0.360117
     0.080355    -0.360231
     0.082029    -0.360391
     0.083703    -0.360597
     0.085377    -0.360851
     0.087051    -0.361155
     0.088726    -0.361508
     0.090400    -0.361913
     0.092074    -0.362369
     0.093748    -0.362878
     0.095422    -0.363441
     0.097096    -0.364057
     0.098770    -0.364728
     0.100444    -0.365454
     0.102118    -0.366235
     0.103792    -0.367072
     0.105466    -0.367964
     0.107140    -0.368913
     0.108814    -0.369917
     0.110488    -0.370978
     0.112163    -0.372095
     0.113837    -0.373268
     0.115511    -0.374498
     0.117185    -0.375783
     0.118859    -0.377125
     0.120533    -0.378523
     0.122207    -0.379976
     0.123881    -0.381486
     0.125555    -0.383050
     0.127229    -0.384670
     0.128903    -0.386345
     0.130577    -0.388074
     0.132251    -0.389857
     0.133925    -0.391695
     0.135599    -0.393586
     0.137274    -0.395530
     0.138948    -0.397527
     0.140622    -0.399577
     0.142296    -0.401679
     0.143970    -0.403832
     0.145644    -0.406037
     0.147318    -0.408292
     0.148992    -0.410598
     0.150666    -0.412953
     0.152340    -0.415358
     0.154014    -0.417812
     0.155688    -0.420314
     0.157362    -0.422864
     0.159036    -0.425461
     0.160710    -0.428106
     0.162385    -0.430796
     0.164059    -0.433533
     0.165733    -0.436315
     0.167407    -0.439141


    -0.167407    -0.362802
    -0.165733    -0.357829
    -0.164059    -0.352867
    -0.162385    -0.347915
    -0.160710    -0.342974
    -0.159036    -0.338044
    -0.157362    -0.333126
    -0.155688    -0.328221
    -0.154014    -0.323328
    -0.152340    -0.318448
    -0.150666    -0.313581
    -0.148992    -0.308729
    -0.147318    -0.303891
    -0.145644    -0.299069
    -0.143970    -0.294263
    -0.142296    -0.289473
    -0.140622    -0.284701
    -0.138948    -0.279947
    -0.137274    -0.275212
    -0.135599    -0.270497
    -0.133925    -0.265803
    -0.132251    -0.261132
    -0.130577    -0.256484
    -0.128903    -0.251861
    -0.127229    -0.247264
    -0.125555    -0.242695
    -0.123881    -0.238155
    -0.122207    -0.233647
    -0.120533    -0.229172
    -0.118859    -0.224733
    -0.117185    -0.220332
    -0.115511    -0.215971
    -0.113837    -0.211655
    -0.112163    -0.207385
    -0.110488    -0.203165
    -0.108814    -0.199000
    -0.107140    -0.194894
    -0.105466    -0.190850
    -0.103792    -0.186875
    -0.102118    -0.182974
    -0.100444    -0.179152
    -0.098770    -0.175418
    -0.097096    -0.171778
    -0.095422    -0.168241
    -0.093748    -0.164815
    -0.092074    -0.161510
    -0.090400    -0.158337
    -0.088726    -0.155307
    -0.087051    -0.152434
    -0.085377    -0.149730
    -0.083703    -0.147210
    -0.082029    -0.144889
    -0.080355    -0.142784
    -0.078681    -0.140912
    -0.077007    -0.139291
    -0.075333    -0.137938
    -0.073659    -0.136871
    -0.071985    -0.136108
    -0.070311    -0.135667
    -0.068637    -0.135562
    -0.066963    -0.135807
    -0.065289    -0.136414
    -0.063615    -0.137392
    -0.061940    -0.138746
    -0.060266    -0.140478
    -0.058592    -0.142586
    -0.056918    -0.145065
    -0.055244    -0.147906
    -0.053570    -0.151097
    -0.051896    -0.154623
    -0.050222    -0.158466
    -0.048548    -0.162607
    -0.046874    -0.167024
    -0.045200    -0.171697
    -0.043526    -0.176601
    -0.041852    -0.181715
    -0.040178    -0.187017
    -0.038504    -0.192483
    -0.036829    -0.198092
    -0.035155    -0.203823
    -0.033481    -0.209656
    -0.031807    -0.215570
    -0.030133    -0.221546
    -0.028459    -0.227566
    -0.026785    -0.233611
    -0.025111    -0.239665
    -0.023437    -0.245710
    -0.021763    -0.251730
    -0.020089    -0.257709
    -0.018415    -0.263631
    -0.016741    -0.269480
    -0.015067    -0.275241
    -0.013393    -0.280900
    -0.011718    -0.286442
    -0.010044    -0.291854
    -0.008370    -0.297120
    -0.006696    -0.302229
    -0.005022    -0.307168
    -0.003348    -0.311925
    -0.001674    -0.316490
     0.000000    -0.320835
     0.001674    -0.316476
     0.003348    -0.311912
     0.005022    -0.307155
     0.006696    -0.302216
     0.008370    -0.297108
     0.010044    -0.291842
     0.011718    -0.286431
     0.013393    -0.280889
     0.015067    -0.275231
     0.016741    -0.269470
     0.018415    -0.263621
     0.020089    -0.257700
     0.021763    -0.251721
     0.023437    -0.245702
     0.025111    -0.239657
     0.026785    -0.233603
     0.028459    -0.227558
     0.030133    -0.221538
     0.031807    -0.215562
     0.033481    -0.209648
     0.035155    -0.203816
     0.036829    -0.198085
     0.038504    -0.192476
     0.040178    -0.187010
     0.041852    -0.181709
     0.043526    -0.176595
     0.045200    -0.171691
     0.046874    -0.167018
     0.048548    -0.162601
     0.050222    -0.158460
     0.051896    -0.154617
     0.053570    -0.151091
     0.055244    -0.147899
     0.056918    -0.145058
     0.058592    -0.142578
     0.060266    -0.140470
     0.061940    -0.138737
     0.063615    -0.137383
     0.065289    -0.136405
     0.066963    -0.135797
     0.068637    -0.135551
     0.070311    -0.135655
     0.071985    -0.136096
     0.073659    -0.136858
     0.075333    -0.137924
     0.077007    -0.139277
     0.078681    -0.140898
     0.080355    -0.142769
     0.082029    -0.144873
     0.083703    -0.147193
     0.085377    -0.149713
     0.087051    -0.152416
     0.088726    -0.155290
     0.090400    -0.158319
     0.092074    -0.161491
     0.093748    -0.164796
     0.095422    -0.168222
     0.097096    -0.171759
     0.098770    -0.175399
     0.100444    -0.179133
     0.102118    -0.182954
     0.103792    -0.186855
     0.105466    -0.190830
     0.107140    -0.194873
     0.108814    -0.198980
     0.110488    -0.203145
     0.112163    -0.207365
     0.113837    -0.211634
     0.115511    -0.215951
     0.117185    -0.220312
     0.118859    -0.224713
     0.120533    -0.229152
     0.122207    -0.233627
     0.123881    -0.238136
     0.125555    -0.242676
     0.127229    -0.247245
     0.128903    -0.251842
     0.130577    -0.256466
     0.132251    -0.261114
     0.133925    -0.265786
     0.135599    -0.270480
     0.137274    -0.275196
     0.138948    -0.279931
     0.140622    -0.284685
     0.142296    -0.289458
     0.143970    -0.294248
     0.145644    -0.299055
     0.147318    -0.303878
     0.148992    -0.308716
     0.150666    -0.313569
     0.152340    -0.318436
     0.154014    -0.323317
     0.155688    -0.328210
     0.157362    -0.333117
     0.159036    -0.338035
     0.160710    -0.342965
     0.162385    -0.347907
     0.164059    -0.352859
     0.165733    -0.357822
     0.167407    -0.362796


    -0.167407     0.602577
    -0.165733     0.594233
    -0.164059     0.585873
    -0.162385     0.577498
    -0.160710     0.569109
    -0.159036     0.560706
    -0.157362     0.552290
    -0.155688     0.543863
    -0.154014     0.535424
    -0.152340     0.526974
    -0.150666     0.518516
    -0.148992     0.510049
    -0.147318     0.501574
    -0.145644     0.493093
    -0.143970     0.484607
    -0.142296     0.476117
    -0.140622     0.467625
    -0.138948     0.459131
    -0.137274     0.450637
    -0.135599     0.442145
    -0.133925     0.433657
    -0.132251     0.425173
    -0.130577     0.416697
    -0.128903     0.408230
    -0.127229     0.399774
    -0.125555     0.391331
    -0.123881     0.382904
    -0.122207     0.374496
    -0.120533     0.366110
    -0.118859     0.357748
    -0.117185     0.349414
    -0.115511     0.341111
    -0.113837     0.332844
    -0.112163     0.324615
    -0.110488     0.316431
    -0.108814     0.308296
    -0.107140     0.300215
    -0.105466     0.292194
    -0.103792     0.284238
    -0.102118     0.276356
    -0.100444     0.268554
    -0.098770     0.260840
    -0.097096     0.253224
    -0.095422     0.245714
    -0.093748     0.238321
    -0.092074     0.231055
    -0.090400     0.223930
    -0.088726     0.216959
    -0.087051     0.210154
    -0.085377     0.203533
    -0.083703     0.197109
    -0.082029     0.190902
    -0.080355     0.184929
    -0.078681     0.179208
    -0.077007     0.173760
    -0.075333     0.168604
    -0.073659     0.163761
    -0.071985     0.159249
    -0.070311     0.155089
    -0.068637     0.151298
    -0.066963     0.147893
    -0.065289     0.144886
    -0.063615     0.142291
    -0.061940     0.140114
    -0.060266     0.138360
    -0.058592     0.137031
    -0.056918     0.136124
    -0.055244     0.135634
    -0.053570     0.135551
    -0.051896     0.135864
    -0.050222     0.136558
    -0.048548     0.137619
    -0.046874     0.139029
    -0.045200     0.140770
    -0.043526     0.142824
    -0.041852     0.145173
    -0.040178     0.147799
    -0.038504     0.150684
    -0.036829     0.153813
    -0.035155     0.157169
    -0.033481     0.160738
    -0.031807     0.164505
    -0.030133     0.168459
    -0.028459     0.172586
    -0.026785     0.176876
    -0.025111     0.181320
    -0.023437     0.185907
    -0.021763     0.190628
    -0.020089     0.195477
    -0.018415     0.200445
    -0.016741     0.205526
    -0.015067     0.210714
    -0.013393     0.216003
    -0.011718     0.221388
    -0.010044     0.226863
    -0.008370     0.232425
    -0.006696     0.238069
    -0.005022     0.243792
    -0.003348     0.249588
    -0.001674     0.255456
     0.000000     0.261388
     0.001674     0.255465
     0.003348     0.249597
     0.005022     0.243801
     0.006696     0.238079
     0.008370     0.232435
     0.010044     0.226874
     0.011718     0.221398
     0.013393     0.216014
     0.015067     0.210725
     0.016741     0.205538
     0.018415     0.200457
     0.020089     0.195489
     0.021763     0.190641
     0.023437     0.185920
     0.025111     0.181334
     0.026785     0.176891
     0.028459     0.172601
     0.030133     0.168474
     0.031807     0.164521
     0.033481     0.160754
     0.035155     0.157185
     0.036829     0.153830
     0.038504     0.150701
     0.040178     0.147816
     0.041852     0.145191
     0.043526     0.142842
     0.045200     0.140788
     0.046874     0.139047
     0.048548     0.137637
     0.050222     0.136577
     0.051896     0.135882
     0.053570     0.135569
     0.055244     0.135652
     0.056918     0.136142
     0.058592     0.137048
     0.060266     0.138377
     0.061940     0.140130
     0.063615     0.142307
     0.065289     0.144902
     0.066963     0.147908
     0.068637     0.151312
     0.070311     0.155103
     0.071985     0.159262
     0.073659     0.163772
     0.075333     0.168615
     0.077007     0.173770
     0.078681     0.179218
     0.080355     0.184937
     0.082029     0.190910
     0.083703     0.197117
     0.085377     0.203539
     0.087051     0.210160
     0.088726     0.216964
     0.090400     0.223935
     0.092074     0.231059
     0.093748     0.238324
     0.095422     0.245716
     0.097096     0.253225
     0.098770     0.260841
     0.100444     0.268554
     0.102118     0.276356
     0.103792     0.284238
     0.105466     0.292192
     0.107140     0.300213
     0.108814     0.308294
     0.110488     0.316428
     0.112163     0.324612
     0.113837     0.332839
     0.115511     0.341106
     0.117185     0.349409
     0.118859     0.357742
     0.120533     0.366104
     0.122207     0.374490
     0.123881     0.382897
     0.125555     0.391323
     0.127229     0.399766
     0.128903     0.408221
     0.130577     0.416688
     0.132251     0.425164
     0.133925     0.433647
     0.135599     0.442135
     0.137274     0.450627
     0.138948     0.459120
     0.140622     0.467613
     0.142296     0.476106
     0.143970     0.484595
     0.145644     0.493081
     0.147318     0.501561
     0.148992     0.510035
     0.150666     0.518502
     0.152340     0.526961
     0.154014     0.535410
     0.155688     0.543848
     0.157362     0.552276
     0.159036     0.560691
     0.160710     0.569094
     0.162385     0.577483
     0.164059     0.585857
     0.165733     0.594217
     0.167407     0.602561


    -0.167407     0.892694
    -0.165733     0.887422
    -0.164059     0.882128
    -0.162385     0.876812
    -0.160710     0.871473
    -0.159036     0.866110
    -0.157362     0.860724
    -0.155688     0.855314
    -0.154014     0.849879
    -0.152340     0.844418
    -0.150666     0.838933
    -0.148992     0.833421
    -0.147318     0.827883
    -0.145644     0.822318
    -0.143970     0.816725
    -0.142296     0.811105
    -0.140622     0.805457
    -0.138948     0.799781
    -0.137274     0.794075
    -0.135599     0.788341
    -0.133925     0.782576
    -0.132251     0.776782
    -0.130577     0.770958
    -0.128903     0.765103
    -0.127229     0.759218
    -0.125555     0.753302
    -0.123881     0.747354
    -0.122207     0.741375
    -0.120533     0.735365
    -0.118859     0.729323
    -0.117185     0.723250
    -0.115511     0.717145
    -0.113837     0.711008
    -0.112163     0.704840
    -0.110488     0.698640
    -0.108814     0.692409
    -0.107140     0.686146
    -0.105466     0.679852
    -0.103792     0.673528
    -0.102118     0.667173
    -0.100444     0.660788
    -0.098770     0.654373
    -0.097096     0.647929
    -0.095422     0.641456
    -0.093748     0.634955
    -0.092074     0.628426
    -0.090400     0.621870
    -0.088726     0.615288
    -0.087051     0.608680
    -0.085377     0.602047
    -0.083703     0.595390
    -0.082029     0.588709
    -0.080355     0.582007
    -0.078681     0.575283
    -0.077007     0.568539
    -0.075333     0.561776
    -0.073659     0.554995
    -0.071985     0.548196
    -0.070311     0.541382
    -0.068637     0.534554
    -0.066963     0.527712
    -0.065289     0.520858
    -0.063615     0.513993
    -0.061940     0.507120
    -0.060266     0.500238
    -0.058592     0.493350
    -0.056918     0.486457
    -0.055244     0.479561
    -0.053570     0.472663
    -0.051896     0.465765
    -0.050222     0.458868
    -0.048548     0.451974
    -0.046874     0.445085
    -0.045200     0.438202
    -0.043526     0.431327
    -0.041852     0.424461
    -0.040178     0.417607
    -0.038504     0.410766
    -0.036829     0.403940
    -0.035155     0.397131
    -0.033481     0.390340
    -0.031807     0.383569
    -0.030133     0.376821
    -0.028459     0.370096
    -0.026785     0.363398
    -0.025111     0.356727
    -0.023437     0.350086
    -0.021763     0.343476
    -0.020089     0.336901
    -0.018415     0.330361
    -0.016741     0.323858
    -0.015067     0.317396
    -0.013393     0.310975
    -0.011718     0.304599
    -0.010044     0.298269
    -0.008370     0.291988
    -0.006696     0.285758
    -0.005022     0.279581
    -0.003348     0.273461
    -0.001674     0.267399
     0.000000     0.261403
     0.001674     0.267392
     0.003348     0.273453
     0.005022     0.279574
     0.006696     0.285750
     0.008370     0.291981
     0.010044     0.298262
     0.011718     0.304592
     0.013393     0.310969
     0.015067     0.317390
     0.016741     0.323852
     0.018415     0.330355
     0.020089     0.336895
     0.021763     0.343471
     0.023437     0.350080
     0.025111     0.356721
     0.026785     0.363392
     0.028459     0.370091
     0.030133     0.376815
     0.031807     0.383564
     0.033481     0.390334
     0.035155     0.397125
     0.036829     0.403935
     0.038504     0.410761
     0.040178     0.417602
     0.041852     0.424456
     0.043526     0.431321
     0.045200     0.438196
     0.046874     0.445079
     0.048548     0.451968
     0.050222     0.458862
     0.051896     0.465759
     0.053570     0.472657
     0.055244     0.479555
     0.056918     0.486451
     0.058592     0.493343
     0.060266     0.500231
     0.061940     0.507113
     0.063615     0.513986
     0.065289     0.520850
     0.066963     0.527704
     0.068637     0.534546
     0.070311     0.541374
     0.071985     0.548188
     0.073659     0.554986
     0.075333     0.561767
     0.077007     0.568530
     0.078681     0.575274
     0.080355     0.581998
     0.082029     0.588700
     0.083703     0.595380
     0.085377     0.602037
     0.087051     0.608670
     0.088726     0.615278
     0.090400     0.621860
     0.092074     0.628416
     0.093748     0.634945
     0.095422     0.641446
     0.097096     0.647918
     0.098770     0.654362
     0.100444     0.660777
     0.102118     0.667162
     0.103792     0.673516
     0.105466     0.679841
     0.107140     0.686134
     0.108814     0.692397
     0.110488     0.698628
     0.112163     0.704827
     0.113837     0.710996
     0.115511     0.717132
     0.117185     0.723237
     0.118859     0.729310
     0.120533     0.735352
     0.122207     0.741362
     0.123881     0.747341
     0.125555     0.753288
     0.127229     0.759205
     0.128903     0.765090
     0.130577     0.770945
     0.132251     0.776769
     0.133925     0.782563
     0.135599     0.788327
     0.137274     0.794062
     0.138948     0.799767
     0.140622     0.805444
     0.142296     0.811092
     0.143970     0.816712
     0.145644     0.822304
     0.147318     0.827869
     0.148992     0.833407
     0.150666     0.838919
     0.152340     0.844405
     0.154014     0.849865
     0.155688     0.855300
     0.157362     0.860710
     0.159036     0.866097
     0.160710     0.871459
     0.162385     0.876798
     0.164059     0.882115
     0.165733     0.887409
     0.167407     0.892680


    -0.167407     1.815049
    -0.165733     1.808016
    -0.164059     1.801017
    -0.162385     1.794052
    -0.160710     1.787125
    -0.159036     1.780236
    -0.157362     1.773388
    -0.155688     1.766584
    -0.154014     1.759824
    -0.152340     1.753111
    -0.150666     1.746446
    -0.148992     1.739833
    -0.147318     1.733272
    -0.145644     1.726766
    -0.143970     1.720316
    -0.142296     1.713925
    -0.140622     1.707595
    -0.138948     1.701327
    -0.137274     1.695123
    -0.135599     1.688986
    -0.133925     1.682917
    -0.132251     1.676918
    -0.130577     1.670992
    -0.128903     1.665138
    -0.127229     1.659361
    -0.125555     1.653661
    -0.123881     1.648040
    -0.122207     1.642500
    -0.120533     1.637043
    -0.118859     1.631670
    -0.117185     1.626382
    -0.115511     1.621182
    -0.113837     1.616071
    -0.112163     1.611050
    -0.110488     1.606121
    -0.108814     1.601285
    -0.107140     1.596544
    -0.105466     1.591898
    -0.103792     1.587350
    -0.102118     1.582900
    -0.100444     1.578549
    -0.098770     1.574299
    -0.097096     1.570151
    -0.095422     1.566104
    -0.093748     1.562162
    -0.092074     1.558323
    -0.090400     1.554590
    -0.088726     1.550962
    -0.087051     1.547441
    -0.085377     1.544027
    -0.083703     1.540721
    -0.082029     1.537523
    -0.080355     1.534434
    -0.078681     1.531454
    -0.077007     1.528583
    -0.075333     1.525822
    -0.073659     1.523171
    -0.071985     1.520630
    -0.070311     1.518199
    -0.068637     1.515879
    -0.066963     1.513669
    -0.065289     1.511570
    -0.063615     1.509581
    -0.061940     1.507702
    -0.060266     1.505933
    -0.058592     1.504275
    -0.056918     1.502725
    -0.055244     1.501286
    -0.053570     1.499955
    -0.051896     1.498733
    -0.050222     1.497619
    -0.048548     1.496613
    -0.046874     1.495715
    -0.045200     1.494923
    -0.043526     1.494239
    -0.041852     1.493659
    -0.040178     1.493186
    -0.038504     1.492817
    -0.036829     1.492552
    -0.035155     1.492390
    -0.033481     1.492331
    -0.031807     1.492375
    -0.030133     1.492519
    -0.028459     1.492765
    -0.026785     1.493110
    -0.025111     1.493554
    -0.023437     1.494097
    -0.021763     1.494738
    -0.020089     1.495475
    -0.018415     1.496308
    -0.016741     1.497236
    -0.015067     1.498259
    -0.013393     1.499375
    -0.011718     1.500584
    -0.010044     1.501885
    -0.008370     1.503277
    -0.006696     1.504758
    -0.005022     1.506329
    -0.003348     1.507989
    -0.001674     1.509736
     0.000000     1.511553
     0.001674     1.509745
     0.003348     1.507999
     0.005022     1.506340
     0.006696     1.504769
     0.008370     1.503288
     0.010044     1.501897
     0.011718     1.500596
     0.013393     1.499388
     0.015067     1.498272
     0.016741     1.497249
     0.018415     1.496321
     0.020089     1.495488
     0.021763     1.494751
     0.023437     1.494111
     0.025111     1.493569
     0.026785     1.493124
     0.028459     1.492779
     0.030133     1.492534
     0.031807     1.492390
     0.033481     1.492347
     0.035155     1.492406
     0.036829     1.492567
     0.038504     1.492832
     0.040178     1.493202
     0.041852     1.493676
     0.043526     1.494255
     0.045200     1.494940
     0.046874     1.495731
     0.048548     1.496630
     0.050222     1.497636
     0.051896     1.498749
     0.053570     1.499971
     0.055244     1.501302
     0.056918     1.502742
     0.058592     1.504291
     0.060266     1.505950
     0.061940     1.507718
     0.063615     1.509597
     0.065289     1.511586
     0.066963     1.513685
     0.068637     1.515895
     0.070311     1.518215
     0.071985     1.520645
     0.073659     1.523186
     0.075333     1.525837
     0.077007     1.528598
     0.078681     1.531468
     0.080355     1.534448
     0.082029     1.537537
     0.083703     1.540735
     0.085377     1.544041
     0.087051     1.547455
     0.088726     1.550976
     0.090400     1.554603
     0.092074     1.558336
     0.093748     1.562174
     0.095422     1.566116
     0.097096     1.570162
     0.098770     1.574310
     0.100444     1.578560
     0.102118     1.582910
     0.103792     1.587360
     0.105466     1.591908
     0.107140     1.596553
     0.108814     1.601294
     0.110488     1.606129
     0.112163     1.611058
     0.113837     1.616079
     0.115511     1.621189
     0.117185     1.626389
     0.118859     1.631676
     0.120533     1.637049
     0.122207     1.642506
     0.123881     1.648046
     0.125555     1.653666
     0.127229     1.659366
     0.128903     1.665143
     0.130577     1.670995
     0.132251     1.676922
     0.133925     1.682920
     0.135599     1.688988
     0.137274     1.695125
     0.138948     1.701328
     0.140622     1.707596
     0.142296     1.713926
     0.143970     1.720316
     0.145644     1.726766
     0.147318     1.733272
     0.148992     1.739832
     0.150666     1.746445
     0.152340     1.753109
     0.154014     1.759822
     0.155688     1.766582
     0.157362     1.773386
     0.159036     1.780233
     0.160710     1.787122
     0.162385     1.794049
     0.164059     1.801013
     0.165733     1.808013
     0.167407     1.815045


    -0.167407     1.978479
    -0.165733     1.972476
    -0.164059     1.966474
    -0.162385     1.960474
    -0.160710     1.954477
    -0.159036     1.948482
    -0.157362     1.942492
    -0.155688     1.936505
    -0.154014     1.930524
    -0.152340     1.924548
    -0.150666     1.918579
    -0.148992     1.912616
    -0.147318     1.906661
    -0.145644     1.900715
    -0.143970     1.894778
    -0.142296     1.888850
    -0.140622     1.882933
    -0.138948     1.877027
    -0.137274     1.871134
    -0.135599     1.865253
    -0.133925     1.859385
    -0.132251     1.853533
    -0.130577     1.847695
    -0.128903     1.841873
    -0.127229     1.836068
    -0.125555     1.830281
    -0.123881     1.824512
    -0.122207     1.818763
    -0.120533     1.813034
    -0.118859     1.807325
    -0.117185     1.801639
    -0.115511     1.795975
    -0.113837     1.790335
    -0.112163     1.784720
    -0.110488     1.779130
    -0.108814     1.773566
    -0.107140     1.768029
    -0.105466     1.762520
    -0.103792     1.757040
    -0.102118     1.751591
    -0.100444     1.746171
    -0.098770     1.740784
    -0.097096     1.735429
    -0.095422     1.730107
    -0.093748     1.724820
    -0.092074     1.719568
    -0.090400     1.714353
    -0.088726     1.709174
    -0.087051     1.704033
    -0.085377     1.698932
    -0.083703     1.693870
    -0.082029     1.688849
    -0.080355     1.683870
    -0.078681     1.678933
    -0.077007     1.674040
    -0.075333     1.669191
    -0.073659     1.664387
    -0.071985     1.659630
    -0.070311     1.654920
    -0.068637     1.650258
    -0.066963     1.645644
    -0.065289     1.641081
    -0.063615     1.636569
    -0.061940     1.632108
    -0.060266     1.627699
    -0.058592     1.623344
    -0.056918     1.619044
    -0.055244     1.614799
    -0.053570     1.610610
    -0.051896     1.606478
    -0.050222     1.602404
    -0.048548     1.598389
    -0.046874     1.594433
    -0.045200     1.590538
    -0.043526     1.586705
    -0.041852     1.582934
    -0.040178     1.579227
    -0.038504     1.575584
    -0.036829     1.572006
    -0.035155     1.568494
    -0.033481     1.565049
    -0.031807     1.561671
    -0.030133     1.558363
    -0.028459     1.555124
    -0.026785     1.551955
    -0.025111     1.548858
    -0.023437     1.545833
    -0.021763     1.542882
    -0.020089     1.540004
    -0.018415     1.537202
    -0.016741     1.534475
    -0.015067     1.531825
    -0.013393     1.529253
    -0.011718     1.526759
    -0.010044     1.524345
    -0.008370     1.522011
    -0.006696     1.519759
    -0.005022     1.517588
    -0.003348     1.515501
    -0.001674     1.513497
     0.000000     1.511594
     0.001674     1.513488
     0.003348     1.515492
     0.005022     1.517580
     0.006696     1.519751
     0.008370     1.522004
     0.010044     1.524338
     0.011718     1.526753
     0.013393     1.529247
     0.015067     1.531820
     0.016741     1.534470
     0.018415     1.537197
     0.020089     1.540000
     0.021763     1.542878
     0.023437     1.545830
     0.025111     1.548856
     0.026785     1.551953
     0.028459     1.555122
     0.030133     1.558362
     0.031807     1.561671
     0.033481     1.565049
     0.035155     1.568494
     0.036829     1.572007
     0.038504     1.575585
     0.040178     1.579229
     0.041852     1.582937
     0.043526     1.586708
     0.045200     1.590542
     0.046874     1.594437
     0.048548     1.598393
     0.050222     1.602409
     0.051896     1.606483
     0.053570     1.610616
     0.055244     1.614805
     0.056918     1.619051
     0.058592     1.623352
     0.060266     1.627707
     0.061940     1.632116
     0.063615     1.636577
     0.065289     1.641090
     0.066963     1.645654
     0.068637     1.650268
     0.070311     1.654930
     0.071985     1.659641
     0.073659     1.664399
     0.075333     1.669203
     0.077007     1.674052
     0.078681     1.678946
     0.080355     1.683883
     0.082029     1.688862
     0.083703     1.693884
     0.085377     1.698946
     0.087051     1.704048
     0.088726     1.709189
     0.090400     1.714368
     0.092074     1.719584
     0.093748     1.724836
     0.095422     1.730124
     0.097096     1.735446
     0.098770     1.740801
     0.100444     1.746189
     0.102118     1.751608
     0.103792     1.757059
     0.105466     1.762539
     0.107140     1.768048
     0.108814     1.773585
     0.110488     1.779149
     0.112163     1.784739
     0.113837     1.790355
     0.115511     1.795995
     0.117185     1.801659
     0.118859     1.807346
     0.120533     1.813054
     0.122207     1.818784
     0.123881     1.824534
     0.125555     1.830302
     0.127229     1.836090
     0.128903     1.841895
     0.130577     1.847717
     0.132251     1.853555
     0.133925     1.859408
     0.135599     1.865275
     0.137274     1.871156
     0.138948     1.877050
     0.140622     1.882956
     0.142296     1.888873
     0.143970     1.894801
     0.145644     1.900738
     0.147318     1.906685
     0.148992     1.912640
     0.150666     1.918602
     0.152340     1.924572
     0.154014     1.930547
     0.155688     1.936529
     0.157362     1.942515
     0.159036     1.948506
     0.160710     1.954500
     0.162385     1.960498
     0.164059     1.966497
     0.165733     1.972499
     0.167407     1.978502


    -0.167407     2.327279
    -0.165733     2.321313
    -0.164059     2.315389
    -0.162385     2.309509
    -0.160710     2.303672
    -0.159036     2.297880
    -0.157362     2.292132
    -0.155688     2.286430
    -0.154014     2.280774
    -0.152340     2.275165
    -0.150666     2.269603
    -0.148992     2.264089
    -0.147318     2.258623
    -0.145644     2.253207
    -0.143970     2.247840
    -0.142296     2.242523
    -0.140622     2.237257
    -0.138948     2.232041
    -0.137274     2.226877
    -0.135599     2.221765
    -0.133925     2.216706
    -0.132251     2.211699
    -0.130577     2.206745
    -0.128903     2.201846
    -0.127229     2.197000
    -0.125555     2.192209
    -0.123881     2.187472
    -0.122207     2.182791
    -0.120533     2.178166
    -0.118859     2.173596
    -0.117185     2.169083
    -0.115511     2.164627
    -0.113837     2.160227
    -0.112163     2.155885
    -0.110488     2.151601
    -0.108814     2.147374
    -0.107140     2.143206
    -0.105466     2.139097
    -0.103792     2.135047
    -0.102118     2.131055
    -0.100444     2.127124
    -0.098770     2.123252
    -0.097096     2.119440
    -0.095422     2.115688
    -0.093748     2.111997
    -0.092074     2.108367
    -0.090400     2.104798
    -0.088726     2.101290
    -0.087051     2.097844
    -0.085377     2.094459
    -0.083703     2.091137
    -0.082029     2.087877
    -0.080355     2.084679
    -0.078681     2.081544
    -0.077007     2.078472
    -0.075333     2.075463
    -0.073659     2.072517
    -0.071985     2.069634
    -0.070311     2.066816
    -0.068637     2.064061
    -0.066963     2.061370
    -0.065289     2.058744
    -0.063615     2.056182
    -0.061940     2.053684
    -0.060266     2.051251
    -0.058592     2.048883
    -0.056918     2.046580
    -0.055244     2.044342
    -0.053570     2.042170
    -0.051896     2.040063
    -0.050222     2.038021
    -0.048548     2.036045
    -0.046874     2.034135
    -0.045200     2.032292
    -0.043526     2.030514
    -0.041852     2.028802
    -0.040178     2.027157
    -0.038504     2.025578
    -0.036829     2.024066
    -0.035155     2.022620
    -0.033481     2.021241
    -0.031807     2.019929
    -0.030133     2.018684
    -0.028459     2.017506
    -0.026785     2.016394
    -0.025111     2.015350
    -0.023437     2.014373
    -0.021763     2.013463
    -0.020089     2.012621
    -0.018415     2.011845
    -0.016741     2.011137
    -0.015067     2.010496
    -0.013393     2.009922
    -0.011718     2.009415
    -0.010044     2.008974
    -0.008370     2.008600
    -0.006696     2.008293
    -0.005022     2.008054
    -0.003348     2.007882
    -0.001674     2.007778
     0.000000     2.007741
     0.001674     2.007772
     0.003348     2.007870
     0.005022     2.008037
     0.006696     2.008271
     0.008370     2.008572
     0.010044     2.008941
     0.011718     2.009378
     0.013393     2.009883
     0.015067     2.010455
     0.016741     2.011095
     0.018415     2.011802
     0.020089     2.012577
     0.021763     2.013419
     0.023437     2.014328
     0.025111     2.015305
     0.026785     2.016349
     0.028459     2.017460
     0.030133     2.018638
     0.031807     2.019883
     0.033481     2.021196
     0.035155     2.022575
     0.036829     2.024021
     0.038504     2.025533
     0.040178     2.027112
     0.041852     2.028758
     0.043526     2.030470
     0.045200     2.032248
     0.046874     2.034093
     0.048548     2.036003
     0.050222     2.037979
     0.051896     2.040021
     0.053570     2.042129
     0.055244     2.044302
     0.056918     2.046541
     0.058592     2.048845
     0.060266     2.051213
     0.061940     2.053647
     0.063615     2.056145
     0.065289     2.058708
     0.066963     2.061336
     0.068637     2.064027
     0.070311     2.066783
     0.071985     2.069602
     0.073659     2.072485
     0.075333     2.075432
     0.077007     2.078442
     0.078681     2.081515
     0.080355     2.084651
     0.082029     2.087849
     0.083703     2.091110
     0.085377     2.094434
     0.087051     2.097819
     0.088726     2.101266
     0.090400     2.104775
     0.092074     2.108345
     0.093748     2.111976
     0.095422     2.115668
     0.097096     2.119420
     0.098770     2.123233
     0.100444     2.127106
     0.102118     2.131039
     0.103792     2.135031
     0.105466     2.139082
     0.107140     2.143192
     0.108814     2.147361
     0.110488     2.151589
     0.112163     2.155874
     0.113837     2.160217
     0.115511     2.164617
     0.117185     2.169075
     0.118859     2.173589
     0.120533     2.178159
     0.122207     2.182786
     0.123881     2.187468
     0.125555     2.192205
     0.127229     2.196998
     0.128903     2.201844
     0.130577     2.206745
     0.132251     2.211700
     0.133925     2.216707
     0.135599     2.221768
     0.137274     2.226881
     0.138948     2.232046
     0.140622     2.237262
     0.142296     2.242530
     0.143970     2.247848
     0.145644     2.253216
     0.147318     2.258633
     0.148992     2.264099
     0.150666     2.269614
     0.152340     2.275177
     0.154014     2.280787
     0.155688     2.286444
     0.157362     2.292147
     0.159036     2.297896
     0.160710     2.303689
     0.162385     2.309527
     0.164059     2.315408
     0.165733     2.321333
     0.167407     2.327299


    -0.167407     2.332505
    -0.165733     2.326458
    -0.164059     2.320449
    -0.162385     2.314480
    -0.160710     2.308552
    -0.159036     2.302665
    -0.157362     2.296821
    -0.155688     2.291020
    -0.154014     2.285264
    -0.152340     2.279553
    -0.150666     2.273887
    -0.148992     2.268268
    -0.147318     2.262697
    -0.145644     2.257175
    -0.143970     2.251701
    -0.142296     2.246277
    -0.140622     2.240903
    -0.138948     2.235581
    -0.137274     2.230311
    -0.135599     2.225093
    -0.133925     2.219928
    -0.132251     2.214817
    -0.130577     2.209760
    -0.128903     2.204758
    -0.127229     2.199811
    -0.125555     2.194920
    -0.123881     2.190085
    -0.122207     2.185308
    -0.120533     2.180587
    -0.118859     2.175925
    -0.117185     2.171320
    -0.115511     2.166775
    -0.113837     2.162288
    -0.112163     2.157861
    -0.110488     2.153493
    -0.108814     2.149186
    -0.107140     2.144939
    -0.105466     2.140753
    -0.103792     2.136628
    -0.102118     2.132564
    -0.100444     2.128563
    -0.098770     2.124623
    -0.097096     2.120745
    -0.095422     2.116930
    -0.093748     2.113178
    -0.092074     2.109489
    -0.090400     2.105862
    -0.088726     2.102300
    -0.087051     2.098801
    -0.085377     2.095366
    -0.083703     2.091995
    -0.082029     2.088688
    -0.080355     2.085446
    -0.078681     2.082268
    -0.077007     2.079155
    -0.075333     2.076107
    -0.073659     2.073124
    -0.071985     2.070206
    -0.070311     2.067353
    -0.068637     2.064566
    -0.066963     2.061845
    -0.065289     2.059189
    -0.063615     2.056599
    -0.061940     2.054076
    -0.060266     2.051618
    -0.058592     2.049226
    -0.056918     2.046901
    -0.055244     2.044642
    -0.053570     2.042449
    -0.051896     2.040323
    -0.050222     2.038264
    -0.048548     2.036271
    -0.046874     2.034345
    -0.045200     2.032486
    -0.043526     2.030694
    -0.041852     2.028969
    -0.040178     2.027311
    -0.038504     2.025720
    -0.036829     2.024196
    -0.035155     2.022739
    -0.033481     2.021350
    -0.031807     2.020028
    -0.030133     2.018773
    -0.028459     2.017586
    -0.026785     2.016467
    -0.025111     2.015415
    -0.023437     2.014430
    -0.021763     2.013513
    -0.020089     2.012664
    -0.018415     2.011883
    -0.016741     2.011169
    -0.015067     2.010524
    -0.013393     2.009947
    -0.011718     2.009438
    -0.010044     2.008998
    -0.008370     2.008627
    -0.006696     2.008324
    -0.005022     2.008089
    -0.003348     2.007922
    -0.001674     2.007823
     0.000000     2.007791
     0.001674     2.007828
     0.003348     2.007932
     0.005022     2.008105
     0.006696     2.008344
     0.008370     2.008652
     0.010044     2.009028
     0.011718     2.009471
     0.013393     2.009982
     0.015067     2.010561
     0.016741     2.011207
     0.018415     2.011921
     0.020089     2.012702
     0.021763     2.013552
     0.023437     2.014468
     0.025111     2.015453
     0.026785     2.016505
     0.028459     2.017624
     0.030133     2.018811
     0.031807     2.020065
     0.033481     2.021386
     0.035155     2.022775
     0.036829     2.024231
     0.038504     2.025754
     0.040178     2.027344
     0.041852     2.029002
     0.043526     2.030726
     0.045200     2.032518
     0.046874     2.034376
     0.048548     2.036301
     0.050222     2.038293
     0.051896     2.040352
     0.053570     2.042477
     0.055244     2.044669
     0.056918     2.046927
     0.058592     2.049251
     0.060266     2.051642
     0.061940     2.054099
     0.063615     2.056622
     0.065289     2.059211
     0.066963     2.061866
     0.068637     2.064587
     0.070311     2.067373
     0.071985     2.070225
     0.073659     2.073142
     0.075333     2.076124
     0.077007     2.079172
     0.078681     2.082284
     0.080355     2.085461
     0.082029     2.088703
     0.083703     2.092009
     0.085377     2.095379
     0.087051     2.098814
     0.088726     2.102312
     0.090400     2.105874
     0.092074     2.109500
     0.093748     2.113189
     0.095422     2.116940
     0.097096     2.120755
     0.098770     2.124632
     0.100444     2.128571
     0.102118     2.132573
     0.103792     2.136636
     0.105466     2.140760
     0.107140     2.144946
     0.108814     2.149192
     0.110488     2.153499
     0.112163     2.157867
     0.113837     2.162294
     0.115511     2.166780
     0.117185     2.171325
     0.118859     2.175929
     0.120533     2.180592
     0.122207     2.185312
     0.123881     2.190089
     0.125555     2.194923
     0.127229     2.199814
     0.128903     2.204761
     0.130577     2.209763
     0.132251     2.214819
     0.133925     2.219930
     0.135599     2.225095
     0.137274     2.230313
     0.138948     2.235583
     0.140622     2.240905
     0.142296     2.246279
     0.143970     2.251703
     0.145644     2.257176
     0.147318     2.262699
     0.148992     2.268270
     0.150666     2.273889
     0.152340     2.279554
     0.154014     2.285266
     0.155688     2.291022
     0.157362     2.296823
     0.159036     2.302667
     0.160710     2.308554
     0.162385     2.314482
     0.164059     2.320451
     0.165733     2.326460
     0.167407     2.332507


