    -0.167407    -3.670815
    -0.165733    -3.670919
    -0.164059    -3.671025
    -0.162385    -3.671132
    -0.160710    -3.671242
    -0.159036    -3.671352
    -0.157362    -3.671463
    -0.155688    -3.671576
    -0.154014    -3.671689
    -0.152340    -3.671802
    -0.150666    -3.671916
    -0.148992    -3.672030
    -0.147318    -3.672143
    -0.145644    -3.672257
    -0.143970    -3.672369
    -0.142296    -3.672482
    -0.140622    -3.672593
    -0.138948    -3.672703
    -0.137274    -3.672812
    -0.135599    -3.672919
    -0.133925    -3.673025
    -0.132251    -3.673129
    -0.130577    -3.673231
    -0.128903    -3.673331
    -0.127229    -3.673429
    -0.125555    -3.673525
    -0.123881    -3.673618
    -0.122207    -3.673708
    -0.120533    -3.673796
    -0.118859    -3.673880
    -0.117185    -3.673961
    -0.115511    -3.674040
    -0.113837    -3.674114
    -0.112163    -3.674186
    -0.110488    -3.674253
    -0.108814    -3.674317
    -0.107140    -3.674377
    -0.105466    -3.674433
    -0.103792    -3.674484
    -0.102118    -3.674532
    -0.100444    -3.674575
    -0.098770    -3.674613
    -0.097096    -3.674647
    -0.095422    -3.674676
    -0.093748    -3.674701
    -0.092074    -3.674720
    -0.090400    -3.674735
    -0.088726    -3.674744
    -0.087051    -3.674748
    -0.085377    -3.674747
    -0.083703    -3.674740
    -0.082029    -3.674727
    -0.080355    -3.674710
    -0.078681    -3.674686
    -0.077007    -3.674657
    -0.075333    -3.674621
    -0.073659    -3.674580
    -0.071985    -3.674533
    -0.070311    -3.674479
    -0.068637    -3.674420
    -0.066963    -3.674354
    -0.065289    -3.674281
    -0.063615    -3.674203
    -0.061940    -3.674118
    -0.060266    -3.674026
    -0.058592    -3.673927
    -0.056918    -3.673822
    -0.055244    -3.673710
    -0.053570    -3.673591
    -0.051896    -3.673466
    -0.050222    -3.673333
    -0.048548    -3.673194
    -0.046874    -3.673047
    -0.045200    -3.672893
    -0.043526    -3.672732
    -0.041852    -3.672563
    -0.040178    -3.672388
    -0.038504    -3.672205
    -0.036829    -3.672014
    -0.035155    -3.671816
    -0.033481    -3.671611
    -0.031807    -3.671398
    -0.030133    -3.671177
    -0.028459    -3.670949
    -0.026785    -3.670713
    -0.025111    -3.670469
    -0.023437    -3.670218
    -0.021763    -3.669959
    -0.020089    -3.669692
    -0.018415    -3.669417
    -0.016741    -3.669134
    -0.015067    -3.668843
    -0.013393    -3.668544
    -0.011718    -3.668237
    -0.010044    -3.667922
    -0.008370    -3.667599
    -0.006696    -3.667267
    -0.005022    -3.666928
    -0.003348    -3.666580
    -0.001674    -3.666224
     0.000000    -3.665867
     0.001674    -3.666223
     0.003348    -3.666579
     0.005022    -3.666926
     0.006696    -3.667266
     0.008370    -3.667597
     0.010044    -3.667920
     0.011718    -3.668236
     0.013393    -3.668543
     0.015067    -3.668842
     0.016741    -3.669132
     0.018415    -3.669415
     0.020089    -3.669690
     0.021763    -3.669958
     0.023437    -3.670217
     0.025111    -3.670468
     0.026785    -3.670712
     0.028459    -3.670948
     0.030133    -3.671176
     0.031807    -3.671397
     0.033481    -3.671610
     0.035155    -3.671815
     0.036829    -3.672013
     0.038504    -3.672203
     0.040178    -3.672386
     0.041852    -3.672562
     0.043526    -3.672730
     0.045200    -3.672891
     0.046874    -3.673045
     0.048548    -3.673192
     0.050222    -3.673332
     0.051896    -3.673464
     0.053570    -3.673590
     0.055244    -3.673708
     0.056918    -3.673820
     0.058592    -3.673925
     0.060266    -3.674024
     0.061940    -3.674115
     0.063615    -3.674200
     0.065289    -3.674279
     0.066963    -3.674351
     0.068637    -3.674417
     0.070311    -3.674477
     0.071985    -3.674530
     0.073659    -3.674577
     0.075333    -3.674618
     0.077007    -3.674653
     0.078681    -3.674683
     0.080355    -3.674706
     0.082029    -3.674724
     0.083703    -3.674736
     0.085377    -3.674743
     0.087051    -3.674744
     0.088726    -3.674740
     0.090400    -3.674730
     0.092074    -3.674716
     0.093748    -3.674696
     0.095422    -3.674672
     0.097096    -3.674642
     0.098770    -3.674608
     0.100444    -3.674569
     0.102118    -3.674526
     0.103792    -3.674479
     0.105466    -3.674427
     0.107140    -3.674371
     0.108814    -3.674311
     0.110488    -3.674247
     0.112163    -3.674179
     0.113837    -3.674108
     0.115511    -3.674033
     0.117185    -3.673955
     0.118859    -3.673873
     0.120533    -3.673789
     0.122207    -3.673701
     0.123881    -3.673610
     0.125555    -3.673517
     0.127229    -3.673422
     0.128903    -3.673324
     0.130577    -3.673223
     0.132251    -3.673121
     0.133925    -3.673017
     0.135599    -3.672911
     0.137274    -3.672803
     0.138948    -3.672694
     0.140622    -3.672584
     0.142296    -3.672473
     0.143970    -3.672361
     0.145644    -3.672248
     0.147318    -3.672134
     0.148992    -3.672020
     0.150666    -3.671907
     0.152340    -3.671793
     0.154014    -3.671679
     0.155688    -3.671566
     0.157362    -3.671454
     0.159036    -3.671342
     0.160710    -3.671232
     0.162385    -3.671122
     0.164059    -3.671015
     0.165733    -3.670909
     0.167407    -3.670805


    -0.167407    -3.587457
    -0.165733    -3.588607
    -0.164059    -3.589752
    -0.162385    -3.590891
    -0.160710    -3.592025
    -0.159036    -3.593153
    -0.157362    -3.594275
    -0.155688    -3.595391
    -0.154014    -3.596501
    -0.152340    -3.597606
    -0.150666    -3.598704
    -0.148992    -3.599795
    -0.147318    -3.600881
    -0.145644    -3.601960
    -0.143970    -3.603033
    -0.142296    -3.604099
    -0.140622    -3.605158
    -0.138948    -3.606211
    -0.137274    -3.607257
    -0.135599    -3.608296
    -0.133925    -3.609328
    -0.132251    -3.610354
    -0.130577    -3.611372
    -0.128903    -3.612383
    -0.127229    -3.613387
    -0.125555    -3.614383
    -0.123881    -3.615373
    -0.122207    -3.616355
    -0.120533    -3.617329
    -0.118859    -3.618296
    -0.117185    -3.619256
    -0.115511    -3.620208
    -0.113837    -3.621152
    -0.112163    -3.622088
    -0.110488    -3.623017
    -0.108814    -3.623938
    -0.107140    -3.624852
    -0.105466    -3.625757
    -0.103792    -3.626654
    -0.102118    -3.627544
    -0.100444    -3.628425
    -0.098770    -3.629299
    -0.097096    -3.630164
    -0.095422    -3.631021
    -0.093748    -3.631870
    -0.092074    -3.632711
    -0.090400    -3.633544
    -0.088726    -3.634368
    -0.087051    -3.635184
    -0.085377    -3.635992
    -0.083703    -3.636791
    -0.082029    -3.637582
    -0.080355    -3.638365
    -0.078681    -3.639139
    -0.077007    -3.639905
    -0.075333    -3.640662
    -0.073659    -3.641411
    -0.071985    -3.642151
    -0.070311    -3.642883
    -0.068637    -3.643606
    -0.066963    -3.644321
    -0.065289    -3.645027
    -0.063615    -3.645725
    -0.061940    -3.646414
    -0.060266    -3.647094
    -0.058592    -3.647766
    -0.056918    -3.648429
    -0.055244    -3.649084
    -0.053570    -3.649730
    -0.051896    -3.650367
    -0.050222    -3.650996
    -0.048548    -3.651616
    -0.046874    -3.652227
    -0.045200    -3.652830
    -0.043526    -3.653424
    -0.041852    -3.654009
    -0.040178    -3.654586
    -0.038504    -3.655154
    -0.036829    -3.655714
    -0.035155    -3.656265
    -0.033481    -3.656807
    -0.031807    -3.657341
    -0.030133    -3.657866
    -0.028459    -3.658382
    -0.026785    -3.658890
    -0.025111    -3.659389
    -0.023437    -3.659880
    -0.021763    -3.660362
    -0.020089    -3.660835
    -0.018415    -3.661301
    -0.016741    -3.661757
    -0.015067    -3.662205
    -0.013393    -3.662645
    -0.011718    -3.663076
    -0.010044    -3.663499
    -0.008370    -3.663913
    -0.006696    -3.664319
    -0.005022    -3.664716
    -0.003348    -3.665105
    -0.001674    -3.665486
     0.000000    -3.665851
     0.001674    -3.665488
     0.003348    -3.665107
     0.005022    -3.664718
     0.006696    -3.664320
     0.008370    -3.663915
     0.010044    -3.663500
     0.011718    -3.663078
     0.013393    -3.662647
     0.015067    -3.662207
     0.016741    -3.661759
     0.018415    -3.661303
     0.020089    -3.660838
     0.021763    -3.660364
     0.023437    -3.659882
     0.025111    -3.659392
     0.026785    -3.658892
     0.028459    -3.658385
     0.030133    -3.657868
     0.031807    -3.657343
     0.033481    -3.656810
     0.035155    -3.656268
     0.036829    -3.655717
     0.038504    -3.655157
     0.040178    -3.654589
     0.041852    -3.654013
     0.043526    -3.653427
     0.045200    -3.652833
     0.046874    -3.652231
     0.048548    -3.651619
     0.050222    -3.650999
     0.051896    -3.650371
     0.053570    -3.649734
     0.055244    -3.649088
     0.056918    -3.648433
     0.058592    -3.647770
     0.060266    -3.647098
     0.061940    -3.646418
     0.063615    -3.645729
     0.065289    -3.645031
     0.066963    -3.644325
     0.068637    -3.643611
     0.070311    -3.642887
     0.071985    -3.642156
     0.073659    -3.641415
     0.075333    -3.640666
     0.077007    -3.639909
     0.078681    -3.639143
     0.080355    -3.638369
     0.082029    -3.637586
     0.083703    -3.636795
     0.085377    -3.635996
     0.087051    -3.635188
     0.088726    -3.634372
     0.090400    -3.633548
     0.092074    -3.632715
     0.093748    -3.631874
     0.095422    -3.631025
     0.097096    -3.630168
     0.098770    -3.629302
     0.100444    -3.628429
     0.102118    -3.627547
     0.103792    -3.626658
     0.105466    -3.625760
     0.107140    -3.624855
     0.108814    -3.623942
     0.110488    -3.623020
     0.112163    -3.622091
     0.113837    -3.621155
     0.115511    -3.620210
     0.117185    -3.619258
     0.118859    -3.618299
     0.120533    -3.617332
     0.122207    -3.616357
     0.123881    -3.615375
     0.125555    -3.614385
     0.127229    -3.613388
     0.128903    -3.612384
     0.130577    -3.611373
     0.132251    -3.610355
     0.133925    -3.609330
     0.135599    -3.608297
     0.137274    -3.607258
     0.138948    -3.606212
     0.140622    -3.605159
     0.142296    -3.604099
     0.143970    -3.603033
     0.145644    -3.601960
     0.147318    -3.600881
     0.148992    -3.599795
     0.150666    -3.598703
     0.152340    -3.597605
     0.154014    -3.596500
     0.155688    -3.595390
     0.157362    -3.594273
     0.159036    -3.593151
     0.160710    -3.592023
     0.162385    -3.590889
     0.164059    -3.589749
     0.165733    -3.588604
     0.167407    -3.587454


    -0.167407    -2.362985
    -0.165733    -2.358018
    -0.164059    -2.353169
    -0.162385    -2.348434
    -0.160710    -2.343812
    -0.159036    -2.339299
    -0.157362    -2.334892
    -0.155688    -2.330589
    -0.154014    -2.326387
    -0.152340    -2.322282
    -0.150666    -2.318272
    -0.148992    -2.314355
    -0.147318    -2.310526
    -0.145644    -2.306784
    -0.143970    -2.303126
    -0.142296    -2.299550
    -0.140622    -2.296052
    -0.138948    -2.292631
    -0.137274    -2.289283
    -0.135599    -2.286007
    -0.133925    -2.282801
    -0.132251    -2.279663
    -0.130577    -2.276590
    -0.128903    -2.273580
    -0.127229    -2.270633
    -0.125555    -2.267745
    -0.123881    -2.264915
    -0.122207    -2.262143
    -0.120533    -2.259425
    -0.118859    -2.256761
    -0.117185    -2.254150
    -0.115511    -2.251589
    -0.113837    -2.249078
    -0.112163    -2.246616
    -0.110488    -2.244202
    -0.108814    -2.241834
    -0.107140    -2.239511
    -0.105466    -2.237233
    -0.103792    -2.234999
    -0.102118    -2.232807
    -0.100444    -2.230658
    -0.098770    -2.228549
    -0.097096    -2.226481
    -0.095422    -2.224453
    -0.093748    -2.222464
    -0.092074    -2.220513
    -0.090400    -2.218600
    -0.088726    -2.216725
    -0.087051    -2.214887
    -0.085377    -2.213085
    -0.083703    -2.211319
    -0.082029    -2.209589
    -0.080355    -2.207894
    -0.078681    -2.206233
    -0.077007    -2.204607
    -0.075333    -2.203015
    -0.073659    -2.201457
    -0.071985    -2.199932
    -0.070311    -2.198440
    -0.068637    -2.196981
    -0.066963    -2.195554
    -0.065289    -2.194160
    -0.063615    -2.192798
    -0.061940    -2.191468
    -0.060266    -2.190170
    -0.058592    -2.188903
    -0.056918    -2.187668
    -0.055244    -2.186463
    -0.053570    -2.185290
    -0.051896    -2.184147
    -0.050222    -2.183036
    -0.048548    -2.181954
    -0.046874    -2.180903
    -0.045200    -2.179883
    -0.043526    -2.178892
    -0.041852    -2.177932
    -0.040178    -2.177001
    -0.038504    -2.176101
    -0.036829    -2.175230
    -0.035155    -2.174388
    -0.033481    -2.173577
    -0.031807    -2.172794
    -0.030133    -2.172042
    -0.028459    -2.171318
    -0.026785    -2.170624
    -0.025111    -2.169958
    -0.023437    -2.169322
    -0.021763    -2.168715
    -0.020089    -2.168137
    -0.018415    -2.167588
    -0.016741    -2.167067
    -0.015067    -2.166575
    -0.013393    -2.166112
    -0.011718    -2.165678
    -0.010044    -2.165272
    -0.008370    -2.164894
    -0.006696    -2.164545
    -0.005022    -2.164224
    -0.003348    -2.163932
    -0.001674    -2.163668
     0.000000    -2.163442
     0.001674    -2.163673
     0.003348    -2.163937
     0.005022    -2.164229
     0.006696    -2.164550
     0.008370    -2.164900
     0.010044    -2.165277
     0.011718    -2.165683
     0.013393    -2.166118
     0.015067    -2.166581
     0.016741    -2.167073
     0.018415    -2.167594
     0.020089    -2.168143
     0.021763    -2.168721
     0.023437    -2.169329
     0.025111    -2.169965
     0.026785    -2.170630
     0.028459    -2.171325
     0.030133    -2.172048
     0.031807    -2.172801
     0.033481    -2.173584
     0.035155    -2.174395
     0.036829    -2.175237
     0.038504    -2.176108
     0.040178    -2.177009
     0.041852    -2.177939
     0.043526    -2.178900
     0.045200    -2.179890
     0.046874    -2.180911
     0.048548    -2.181962
     0.050222    -2.183043
     0.051896    -2.184155
     0.053570    -2.185298
     0.055244    -2.186471
     0.056918    -2.187676
     0.058592    -2.188911
     0.060266    -2.190178
     0.061940    -2.191477
     0.063615    -2.192807
     0.065289    -2.194169
     0.066963    -2.195563
     0.068637    -2.196989
     0.070311    -2.198448
     0.071985    -2.199940
     0.073659    -2.201465
     0.075333    -2.203024
     0.077007    -2.204616
     0.078681    -2.206242
     0.080355    -2.207902
     0.082029    -2.209598
     0.083703    -2.211328
     0.085377    -2.213094
     0.087051    -2.214896
     0.088726    -2.216734
     0.090400    -2.218610
     0.092074    -2.220522
     0.093748    -2.222473
     0.095422    -2.224462
     0.097096    -2.226490
     0.098770    -2.228559
     0.100444    -2.230667
     0.102118    -2.232817
     0.103792    -2.235009
     0.105466    -2.237243
     0.107140    -2.239521
     0.108814    -2.241844
     0.110488    -2.244212
     0.112163    -2.246627
     0.113837    -2.249089
     0.115511    -2.251599
     0.117185    -2.254160
     0.118859    -2.256772
     0.120533    -2.259435
     0.122207    -2.262153
     0.123881    -2.264926
     0.125555    -2.267755
     0.127229    -2.270643
     0.128903    -2.273591
     0.130577    -2.276601
     0.132251    -2.279674
     0.133925    -2.282812
     0.135599    -2.286018
     0.137274    -2.289294
     0.138948    -2.292641
     0.140622    -2.296063
     0.142296    -2.299560
     0.143970    -2.303137
     0.145644    -2.306795
     0.147318    -2.310537
     0.148992    -2.314365
     0.150666    -2.318283
     0.152340    -2.322292
     0.154014    -2.326397
     0.155688    -2.330599
     0.157362    -2.334902
     0.159036    -2.339308
     0.160710    -2.343821
     0.162385    -2.348443
     0.164059    -2.353178
     0.165733    -2.358027
     0.167407    -2.362993


    -0.167407    -2.296215
    -0.165733    -2.291993
    -0.164059    -2.287933
    -0.162385    -2.284026
    -0.160710    -2.280266
    -0.159036    -2.276645
    -0.157362    -2.273156
    -0.155688    -2.269791
    -0.154014    -2.266544
    -0.152340    -2.263408
    -0.150666    -2.260376
    -0.148992    -2.257444
    -0.147318    -2.254605
    -0.145644    -2.251853
    -0.143970    -2.249185
    -0.142296    -2.246595
    -0.140622    -2.244080
    -0.138948    -2.241635
    -0.137274    -2.239257
    -0.135599    -2.236942
    -0.133925    -2.234688
    -0.132251    -2.232491
    -0.130577    -2.230348
    -0.128903    -2.228258
    -0.127229    -2.226218
    -0.125555    -2.224226
    -0.123881    -2.222280
    -0.122207    -2.220379
    -0.120533    -2.218520
    -0.118859    -2.216702
    -0.117185    -2.214925
    -0.115511    -2.213185
    -0.113837    -2.211484
    -0.112163    -2.209819
    -0.110488    -2.208189
    -0.108814    -2.206594
    -0.107140    -2.205032
    -0.105466    -2.203504
    -0.103792    -2.202008
    -0.102118    -2.200544
    -0.100444    -2.199111
    -0.098770    -2.197708
    -0.097096    -2.196336
    -0.095422    -2.194993
    -0.093748    -2.193680
    -0.092074    -2.192396
    -0.090400    -2.191141
    -0.088726    -2.189913
    -0.087051    -2.188714
    -0.085377    -2.187543
    -0.083703    -2.186400
    -0.082029    -2.185284
    -0.080355    -2.184195
    -0.078681    -2.183134
    -0.077007    -2.182100
    -0.075333    -2.181092
    -0.073659    -2.180111
    -0.071985    -2.179157
    -0.070311    -2.178230
    -0.068637    -2.177330
    -0.066963    -2.176455
    -0.065289    -2.175608
    -0.063615    -2.174787
    -0.061940    -2.173992
    -0.060266    -2.173224
    -0.058592    -2.172482
    -0.056918    -2.171767
    -0.055244    -2.171078
    -0.053570    -2.170416
    -0.051896    -2.169780
    -0.050222    -2.169170
    -0.048548    -2.168588
    -0.046874    -2.168031
    -0.045200    -2.167502
    -0.043526    -2.166999
    -0.041852    -2.166522
    -0.040178    -2.166073
    -0.038504    -2.165650
    -0.036829    -2.165254
    -0.035155    -2.164885
    -0.033481    -2.164542
    -0.031807    -2.164227
    -0.030133    -2.163939
    -0.028459    -2.163678
    -0.026785    -2.163444
    -0.025111    -2.163237
    -0.023437    -2.163057
    -0.021763    -2.162905
    -0.020089    -2.162780
    -0.018415    -2.162683
    -0.016741    -2.162613
    -0.015067    -2.162570
    -0.013393    -2.162555
    -0.011718    -2.162568
    -0.010044    -2.162608
    -0.008370    -2.162677
    -0.006696    -2.162773
    -0.005022    -2.162897
    -0.003348    -2.163049
    -0.001674    -2.163228
     0.000000    -2.163426
     0.001674    -2.163224
     0.003348    -2.163044
     0.005022    -2.162892
     0.006696    -2.162768
     0.008370    -2.162673
     0.010044    -2.162604
     0.011718    -2.162564
     0.013393    -2.162552
     0.015067    -2.162567
     0.016741    -2.162609
     0.018415    -2.162679
     0.020089    -2.162777
     0.021763    -2.162902
     0.023437    -2.163055
     0.025111    -2.163235
     0.026785    -2.163442
     0.028459    -2.163676
     0.030133    -2.163937
     0.031807    -2.164226
     0.033481    -2.164541
     0.035155    -2.164884
     0.036829    -2.165253
     0.038504    -2.165649
     0.040178    -2.166072
     0.041852    -2.166522
     0.043526    -2.166999
     0.045200    -2.167502
     0.046874    -2.168032
     0.048548    -2.168588
     0.050222    -2.169171
     0.051896    -2.169781
     0.053570    -2.170417
     0.055244    -2.171080
     0.056918    -2.171769
     0.058592    -2.172484
     0.060266    -2.173226
     0.061940    -2.173994
     0.063615    -2.174789
     0.065289    -2.175611
     0.066963    -2.176458
     0.068637    -2.177333
     0.070311    -2.178234
     0.071985    -2.179161
     0.073659    -2.180115
     0.075333    -2.181096
     0.077007    -2.182104
     0.078681    -2.183139
     0.080355    -2.184200
     0.082029    -2.185289
     0.083703    -2.186405
     0.085377    -2.187549
     0.087051    -2.188720
     0.088726    -2.189919
     0.090400    -2.191146
     0.092074    -2.192402
     0.093748    -2.193686
     0.095422    -2.195000
     0.097096    -2.196343
     0.098770    -2.197715
     0.100444    -2.199118
     0.102118    -2.200551
     0.103792    -2.202015
     0.105466    -2.203511
     0.107140    -2.205040
     0.108814    -2.206601
     0.110488    -2.208197
     0.112163    -2.209826
     0.113837    -2.211492
     0.115511    -2.213193
     0.117185    -2.214933
     0.118859    -2.216710
     0.120533    -2.218528
     0.122207    -2.220387
     0.123881    -2.222289
     0.125555    -2.224235
     0.127229    -2.226227
     0.128903    -2.228267
     0.130577    -2.230357
     0.132251    -2.232499
     0.133925    -2.234696
     0.135599    -2.236951
     0.137274    -2.239266
     0.138948    -2.241644
     0.140622    -2.244089
     0.142296    -2.246604
     0.143970    -2.249193
     0.145644    -2.251861
     0.147318    -2.254613
     0.148992    -2.257452
     0.150666    -2.260384
     0.152340    -2.263416
     0.154014    -2.266552
     0.155688    -2.269799
     0.157362    -2.273164
     0.159036    -2.276653
     0.160710    -2.280274
     0.162385    -2.284033
     0.164059    -2.287940
     0.165733    -2.292000
     0.167407    -2.296222


    -0.167407    -2.094128
    -0.165733    -2.087094
    -0.164059    -2.079948
    -0.162385    -2.072701
    -0.160710    -2.065360
    -0.159036    -2.057936
    -0.157362    -2.050437
    -0.155688    -2.042871
    -0.154014    -2.035249
    -0.152340    -2.027576
    -0.150666    -2.019863
    -0.148992    -2.012115
    -0.147318    -2.004340
    -0.145644    -1.996546
    -0.143970    -1.988738
    -0.142296    -1.980923
    -0.140622    -1.973106
    -0.138948    -1.965294
    -0.137274    -1.957490
    -0.135599    -1.949701
    -0.133925    -1.941930
    -0.132251    -1.934183
    -0.130577    -1.926463
    -0.128903    -1.918774
    -0.127229    -1.911119
    -0.125555    -1.903503
    -0.123881    -1.895929
    -0.122207    -1.888399
    -0.120533    -1.880917
    -0.118859    -1.873486
    -0.117185    -1.866107
    -0.115511    -1.858784
    -0.113837    -1.851519
    -0.112163    -1.844314
    -0.110488    -1.837172
    -0.108814    -1.830093
    -0.107140    -1.823081
    -0.105466    -1.816136
    -0.103792    -1.809262
    -0.102118    -1.802459
    -0.100444    -1.795731
    -0.098770    -1.789083
    -0.097096    -1.782537
    -0.095422    -1.776205
    -0.093748    -1.770102
    -0.092074    -1.764096
    -0.090400    -1.758158
    -0.088726    -1.752284
    -0.087051    -1.746473
    -0.085377    -1.740725
    -0.083703    -1.735042
    -0.082029    -1.729423
    -0.080355    -1.723869
    -0.078681    -1.718381
    -0.077007    -1.712959
    -0.075333    -1.707604
    -0.073659    -1.702318
    -0.071985    -1.697099
    -0.070311    -1.691950
    -0.068637    -1.686870
    -0.066963    -1.681861
    -0.065289    -1.676922
    -0.063615    -1.672056
    -0.061940    -1.667261
    -0.060266    -1.662539
    -0.058592    -1.657891
    -0.056918    -1.653316
    -0.055244    -1.648817
    -0.053570    -1.644394
    -0.051896    -1.640048
    -0.050222    -1.635779
    -0.048548    -1.631588
    -0.046874    -1.627477
    -0.045200    -1.623447
    -0.043526    -1.619499
    -0.041852    -1.615634
    -0.040178    -1.611855
    -0.038504    -1.608162
    -0.036829    -1.604558
    -0.035155    -1.601045
    -0.033481    -1.597625
    -0.031807    -1.594301
    -0.030133    -1.591076
    -0.028459    -1.587955
    -0.026785    -1.584940
    -0.025111    -1.582037
    -0.023437    -1.579250
    -0.021763    -1.576586
    -0.020089    -1.574051
    -0.018415    -1.571653
    -0.016741    -1.569400
    -0.015067    -1.567301
    -0.013393    -1.565367
    -0.011718    -1.563608
    -0.010044    -1.562036
    -0.008370    -1.560663
    -0.006696    -1.559500
    -0.005022    -1.558558
    -0.003348    -1.557848
    -0.001674    -1.557375
     0.000000    -1.557150
     0.001674    -1.557374
     0.003348    -1.557845
     0.005022    -1.558555
     0.006696    -1.559495
     0.008370    -1.560657
     0.010044    -1.562029
     0.011718    -1.563600
     0.013393    -1.565358
     0.015067    -1.567292
     0.016741    -1.569390
     0.018415    -1.571642
     0.020089    -1.574039
     0.021763    -1.576574
     0.023437    -1.579237
     0.025111    -1.582023
     0.026785    -1.584926
     0.028459    -1.587941
     0.030133    -1.591062
     0.031807    -1.594286
     0.033481    -1.597609
     0.035155    -1.601029
     0.036829    -1.604542
     0.038504    -1.608146
     0.040178    -1.611838
     0.041852    -1.615618
     0.043526    -1.619482
     0.045200    -1.623430
     0.046874    -1.627460
     0.048548    -1.631571
     0.050222    -1.635761
     0.051896    -1.640030
     0.053570    -1.644376
     0.055244    -1.648800
     0.056918    -1.653298
     0.058592    -1.657872
     0.060266    -1.662521
     0.061940    -1.667242
     0.063615    -1.672037
     0.065289    -1.676904
     0.066963    -1.681842
     0.068637    -1.686851
     0.070311    -1.691931
     0.071985    -1.697080
     0.073659    -1.702299
     0.075333    -1.707585
     0.077007    -1.712940
     0.078681    -1.718361
     0.080355    -1.723849
     0.082029    -1.729403
     0.083703    -1.735022
     0.085377    -1.740705
     0.087051    -1.746453
     0.088726    -1.752263
     0.090400    -1.758137
     0.092074    -1.764074
     0.093748    -1.770078
     0.095422    -1.776177
     0.097096    -1.782506
     0.098770    -1.789054
     0.100444    -1.795702
     0.102118    -1.802431
     0.103792    -1.809234
     0.105466    -1.816108
     0.107140    -1.823053
     0.108814    -1.830066
     0.110488    -1.837145
     0.112163    -1.844288
     0.113837    -1.851493
     0.115511    -1.858758
     0.117185    -1.866081
     0.118859    -1.873460
     0.120533    -1.880892
     0.122207    -1.888374
     0.123881    -1.895904
     0.125555    -1.903479
     0.127229    -1.911095
     0.128903    -1.918750
     0.130577    -1.926439
     0.132251    -1.934160
     0.133925    -1.941908
     0.135599    -1.949679
     0.137274    -1.957469
     0.138948    -1.965273
     0.140622    -1.973086
     0.142296    -1.980903
     0.143970    -1.988719
     0.145644    -1.996527
     0.147318    -2.004322
     0.148992    -2.012097
     0.150666    -2.019845
     0.152340    -2.027560
     0.154014    -2.035233
     0.155688    -2.042856
     0.157362    -2.050422
     0.159036    -2.057922
     0.160710    -2.065347
     0.162385    -2.072688
     0.164059    -2.079936
     0.165733    -2.087082
     0.167407    -2.094117


    -0.167407    -2.067248
    -0.165733    -2.060598
    -0.164059    -2.053895
    -0.162385    -2.047142
    -0.160710    -2.040343
    -0.159036    -2.033502
    -0.157362    -2.026623
    -0.155688    -2.019710
    -0.154014    -2.012767
    -0.152340    -2.005797
    -0.150666    -1.998805
    -0.148992    -1.991795
    -0.147318    -1.984770
    -0.145644    -1.977734
    -0.143970    -1.970691
    -0.142296    -1.963644
    -0.140622    -1.956597
    -0.138948    -1.949553
    -0.137274    -1.942515
    -0.135599    -1.935486
    -0.133925    -1.928471
    -0.132251    -1.921470
    -0.130577    -1.914488
    -0.128903    -1.907528
    -0.127229    -1.900590
    -0.125555    -1.893680
    -0.123881    -1.886797
    -0.122207    -1.879946
    -0.120533    -1.873128
    -0.118859    -1.866346
    -0.117185    -1.859601
    -0.115511    -1.852895
    -0.113837    -1.846230
    -0.112163    -1.839609
    -0.110488    -1.833032
    -0.108814    -1.826501
    -0.107140    -1.820018
    -0.105466    -1.813585
    -0.103792    -1.807201
    -0.102118    -1.800868
    -0.100444    -1.794586
    -0.098770    -1.788353
    -0.097096    -1.782148
    -0.095422    -1.775863
    -0.093748    -1.769483
    -0.092074    -1.763143
    -0.090400    -1.756874
    -0.088726    -1.750682
    -0.087051    -1.744569
    -0.085377    -1.738537
    -0.083703    -1.732586
    -0.082029    -1.726717
    -0.080355    -1.720932
    -0.078681    -1.715229
    -0.077007    -1.709611
    -0.075333    -1.704077
    -0.073659    -1.698628
    -0.071985    -1.693264
    -0.070311    -1.687986
    -0.068637    -1.682793
    -0.066963    -1.677686
    -0.065289    -1.672666
    -0.063615    -1.667732
    -0.061940    -1.662884
    -0.060266    -1.658124
    -0.058592    -1.653451
    -0.056918    -1.648865
    -0.055244    -1.644367
    -0.053570    -1.639957
    -0.051896    -1.635636
    -0.050222    -1.631403
    -0.048548    -1.627260
    -0.046874    -1.623207
    -0.045200    -1.619244
    -0.043526    -1.615373
    -0.041852    -1.611594
    -0.040178    -1.607908
    -0.038504    -1.604317
    -0.036829    -1.600823
    -0.035155    -1.597426
    -0.033481    -1.594129
    -0.031807    -1.590935
    -0.030133    -1.587846
    -0.028459    -1.584865
    -0.026785    -1.581997
    -0.025111    -1.579245
    -0.023437    -1.576614
    -0.021763    -1.574111
    -0.020089    -1.571741
    -0.018415    -1.569513
    -0.016741    -1.567434
    -0.015067    -1.565514
    -0.013393    -1.563763
    -0.011718    -1.562191
    -0.010044    -1.560811
    -0.008370    -1.559634
    -0.006696    -1.558671
    -0.005022    -1.557933
    -0.003348    -1.557429
    -0.001674    -1.557166
     0.000000    -1.557144
     0.001674    -1.557164
     0.003348    -1.557426
     0.005022    -1.557929
     0.006696    -1.558666
     0.008370    -1.559628
     0.010044    -1.560804
     0.011718    -1.562183
     0.013393    -1.563753
     0.015067    -1.565504
     0.016741    -1.567423
     0.018415    -1.569501
     0.020089    -1.571729
     0.021763    -1.574098
     0.023437    -1.576601
     0.025111    -1.579231
     0.026785    -1.581982
     0.028459    -1.584850
     0.030133    -1.587830
     0.031807    -1.590919
     0.033481    -1.594113
     0.035155    -1.597409
     0.036829    -1.600805
     0.038504    -1.604299
     0.040178    -1.607890
     0.041852    -1.611575
     0.043526    -1.615353
     0.045200    -1.619224
     0.046874    -1.623186
     0.048548    -1.627239
     0.050222    -1.631382
     0.051896    -1.635614
     0.053570    -1.639935
     0.055244    -1.644345
     0.056918    -1.648843
     0.058592    -1.653428
     0.060266    -1.658101
     0.061940    -1.662861
     0.063615    -1.667708
     0.065289    -1.672642
     0.066963    -1.677662
     0.068637    -1.682769
     0.070311    -1.687961
     0.071985    -1.693239
     0.073659    -1.698603
     0.075333    -1.704052
     0.077007    -1.709586
     0.078681    -1.715204
     0.080355    -1.720906
     0.082029    -1.726691
     0.083703    -1.732560
     0.085377    -1.738511
     0.087051    -1.744543
     0.088726    -1.750656
     0.090400    -1.756849
     0.092074    -1.763118
     0.093748    -1.769459
     0.095422    -1.775844
     0.097096    -1.782132
     0.098770    -1.788336
     0.100444    -1.794568
     0.102118    -1.800850
     0.103792    -1.807182
     0.105466    -1.813565
     0.107140    -1.819999
     0.108814    -1.826482
     0.110488    -1.833012
     0.112163    -1.839589
     0.113837    -1.846210
     0.115511    -1.852875
     0.117185    -1.859580
     0.118859    -1.866325
     0.120533    -1.873108
     0.122207    -1.879926
     0.123881    -1.886777
     0.125555    -1.893659
     0.127229    -1.900570
     0.128903    -1.907507
     0.130577    -1.914467
     0.132251    -1.921449
     0.133925    -1.928450
     0.135599    -1.935465
     0.137274    -1.942494
     0.138948    -1.949531
     0.140622    -1.956576
     0.142296    -1.963623
     0.143970    -1.970670
     0.145644    -1.977713
     0.147318    -1.984749
     0.148992    -1.991774
     0.150666    -1.998784
     0.152340    -2.005776
     0.154014    -2.012746
     0.155688    -2.019689
     0.157362    -2.026603
     0.159036    -2.033482
     0.160710    -2.040323
     0.162385    -2.047122
     0.164059    -2.053875
     0.165733    -2.060578
     0.167407    -2.067228


    -0.167407    -1.598139
    -0.165733    -1.595047
    -0.164059    -1.591981
    -0.162385    -1.588943
    -0.160710    -1.585932
    -0.159036    -1.582950
    -0.157362    -1.579997
    -0.155688    -1.577074
    -0.154014    -1.574181
    -0.152340    -1.571320
    -0.150666    -1.568490
    -0.148992    -1.565694
    -0.147318    -1.562931
    -0.145644    -1.560202
    -0.143970    -1.557508
    -0.142296    -1.554849
    -0.140622    -1.552227
    -0.138948    -1.549642
    -0.137274    -1.547095
    -0.135599    -1.544586
    -0.133925    -1.542117
    -0.132251    -1.539688
    -0.130577    -1.537299
    -0.128903    -1.534952
    -0.127229    -1.532647
    -0.125555    -1.530385
    -0.123881    -1.528166
    -0.122207    -1.525991
    -0.120533    -1.523862
    -0.118859    -1.521777
    -0.117185    -1.519739
    -0.115511    -1.517748
    -0.113837    -1.515804
    -0.112163    -1.513908
    -0.110488    -1.512061
    -0.108814    -1.510263
    -0.107140    -1.508515
    -0.105466    -1.506817
    -0.103792    -1.505170
    -0.102118    -1.503575
    -0.100444    -1.502031
    -0.098770    -1.500540
    -0.097096    -1.499102
    -0.095422    -1.497717
    -0.093748    -1.496386
    -0.092074    -1.495109
    -0.090400    -1.493887
    -0.088726    -1.492720
    -0.087051    -1.491608
    -0.085377    -1.490552
    -0.083703    -1.489552
    -0.082029    -1.488608
    -0.080355    -1.487720
    -0.078681    -1.486890
    -0.077007    -1.486116
    -0.075333    -1.485399
    -0.073659    -1.484740
    -0.071985    -1.484138
    -0.070311    -1.483594
    -0.068637    -1.483107
    -0.066963    -1.482678
    -0.065289    -1.482306
    -0.063615    -1.481991
    -0.061940    -1.481734
    -0.060266    -1.481534
    -0.058592    -1.481391
    -0.056918    -1.481305
    -0.055244    -1.481274
    -0.053570    -1.481300
    -0.051896    -1.481381
    -0.050222    -1.481517
    -0.048548    -1.481706
    -0.046874    -1.481949
    -0.045200    -1.482245
    -0.043526    -1.482592
    -0.041852    -1.482989
    -0.040178    -1.483435
    -0.038504    -1.483928
    -0.036829    -1.484467
    -0.035155    -1.485050
    -0.033481    -1.485675
    -0.031807    -1.486340
    -0.030133    -1.487042
    -0.028459    -1.487777
    -0.026785    -1.488540
    -0.025111    -1.489325
    -0.023437    -1.490125
    -0.021763    -1.490932
    -0.020089    -1.491739
    -0.018415    -1.492537
    -0.016741    -1.493319
    -0.015067    -1.494074
    -0.013393    -1.494794
    -0.011718    -1.495467
    -0.010044    -1.496082
    -0.008370    -1.496627
    -0.006696    -1.497091
    -0.005022    -1.497464
    -0.003348    -1.497737
    -0.001674    -1.497901
     0.000000    -1.497954
     0.001674    -1.497895
     0.003348    -1.497726
     0.005022    -1.497453
     0.006696    -1.497080
     0.008370    -1.496616
     0.010044    -1.496071
     0.011718    -1.495457
     0.013393    -1.494785
     0.015067    -1.494066
     0.016741    -1.493311
     0.018415    -1.492530
     0.020089    -1.491733
     0.021763    -1.490927
     0.023437    -1.490122
     0.025111    -1.489324
     0.026785    -1.488541
     0.028459    -1.487781
     0.030133    -1.487050
     0.031807    -1.486351
     0.033481    -1.485688
     0.035155    -1.485064
     0.036829    -1.484482
     0.038504    -1.483944
     0.040178    -1.483451
     0.041852    -1.483005
     0.043526    -1.482608
     0.045200    -1.482261
     0.046874    -1.481966
     0.048548    -1.481723
     0.050222    -1.481533
     0.051896    -1.481397
     0.053570    -1.481316
     0.055244    -1.481291
     0.056918    -1.481321
     0.058592    -1.481407
     0.060266    -1.481550
     0.061940    -1.481750
     0.063615    -1.482007
     0.065289    -1.482321
     0.066963    -1.482693
     0.068637    -1.483122
     0.070311    -1.483609
     0.071985    -1.484153
     0.073659    -1.484754
     0.075333    -1.485413
     0.077007    -1.486130
     0.078681    -1.486903
     0.080355    -1.487733
     0.082029    -1.488621
     0.083703    -1.489564
     0.085377    -1.490564
     0.087051    -1.491620
     0.088726    -1.492732
     0.090400    -1.493898
     0.092074    -1.495120
     0.093748    -1.496397
     0.095422    -1.497728
     0.097096    -1.499112
     0.098770    -1.500550
     0.100444    -1.502041
     0.102118    -1.503584
     0.103792    -1.505179
     0.105466    -1.506826
     0.107140    -1.508523
     0.108814    -1.510271
     0.110488    -1.512069
     0.112163    -1.513916
     0.113837    -1.515811
     0.115511    -1.517755
     0.117185    -1.519746
     0.118859    -1.521784
     0.120533    -1.523868
     0.122207    -1.525997
     0.123881    -1.528172
     0.125555    -1.530390
     0.127229    -1.532652
     0.128903    -1.534957
     0.130577    -1.537304
     0.132251    -1.539692
     0.133925    -1.542121
     0.135599    -1.544590
     0.137274    -1.547099
     0.138948    -1.549645
     0.140622    -1.552230
     0.142296    -1.554852
     0.143970    -1.557510
     0.145644    -1.560204
     0.147318    -1.562933
     0.148992    -1.565696
     0.150666    -1.568492
     0.152340    -1.571321
     0.154014    -1.574182
     0.155688    -1.577075
     0.157362    -1.579998
     0.159036    -1.582951
     0.160710    -1.585933
     0.162385    -1.588943
     0.164059    -1.591981
     0.165733    -1.595047
     0.167407    -1.598138


    -0.167407    -1.571607
    -0.165733    -1.568698
    -0.164059    -1.565831
    -0.162385    -1.563006
    -0.160710    -1.560225
    -0.159036    -1.557486
    -0.157362    -1.554791
    -0.155688    -1.552141
    -0.154014    -1.549534
    -0.152340    -1.546973
    -0.150666    -1.544456
    -0.148992    -1.541985
    -0.147318    -1.539559
    -0.145644    -1.537179
    -0.143970    -1.534846
    -0.142296    -1.532558
    -0.140622    -1.530317
    -0.138948    -1.528123
    -0.137274    -1.525976
    -0.135599    -1.523876
    -0.133925    -1.521823
    -0.132251    -1.519817
    -0.130577    -1.517858
    -0.128903    -1.515948
    -0.127229    -1.514085
    -0.125555    -1.512269
    -0.123881    -1.510501
    -0.122207    -1.508782
    -0.120533    -1.507110
    -0.118859    -1.505486
    -0.117185    -1.503910
    -0.115511    -1.502382
    -0.113837    -1.500903
    -0.112163    -1.499471
    -0.110488    -1.498088
    -0.108814    -1.496752
    -0.107140    -1.495465
    -0.105466    -1.494226
    -0.103792    -1.493036
    -0.102118    -1.491893
    -0.100444    -1.490799
    -0.098770    -1.489752
    -0.097096    -1.488754
    -0.095422    -1.487804
    -0.093748    -1.486902
    -0.092074    -1.486048
    -0.090400    -1.485243
    -0.088726    -1.484485
    -0.087051    -1.483775
    -0.085377    -1.483113
    -0.083703    -1.482499
    -0.082029    -1.481933
    -0.080355    -1.481415
    -0.078681    -1.480944
    -0.077007    -1.480521
    -0.075333    -1.480146
    -0.073659    -1.479818
    -0.071985    -1.479537
    -0.070311    -1.479303
    -0.068637    -1.479117
    -0.066963    -1.478977
    -0.065289    -1.478885
    -0.063615    -1.478838
    -0.061940    -1.478838
    -0.060266    -1.478884
    -0.058592    -1.478975
    -0.056918    -1.479112
    -0.055244    -1.479294
    -0.053570    -1.479520
    -0.051896    -1.479790
    -0.050222    -1.480104
    -0.048548    -1.480460
    -0.046874    -1.480858
    -0.045200    -1.481297
    -0.043526    -1.481777
    -0.041852    -1.482295
    -0.040178    -1.482850
    -0.038504    -1.483442
    -0.036829    -1.484067
    -0.035155    -1.484725
    -0.033481    -1.485412
    -0.031807    -1.486125
    -0.030133    -1.486861
    -0.028459    -1.487617
    -0.026785    -1.488390
    -0.025111    -1.489177
    -0.023437    -1.489976
    -0.021763    -1.490781
    -0.020089    -1.491588
    -0.018415    -1.492388
    -0.016741    -1.493175
    -0.015067    -1.493937
    -0.013393    -1.494666
    -0.011718    -1.495350
    -0.010044    -1.495977
    -0.008370    -1.496535
    -0.006696    -1.497012
    -0.005022    -1.497398
    -0.003348    -1.497683
    -0.001674    -1.497859
     0.000000    -1.497921
     0.001674    -1.497867
     0.003348    -1.497697
     0.005022    -1.497415
     0.006696    -1.497031
     0.008370    -1.496555
     0.010044    -1.495997
     0.011718    -1.495371
     0.013393    -1.494688
     0.015067    -1.493959
     0.016741    -1.493196
     0.018415    -1.492409
     0.020089    -1.491608
     0.021763    -1.490801
     0.023437    -1.489995
     0.025111    -1.489195
     0.026785    -1.488405
     0.028459    -1.487629
     0.030133    -1.486870
     0.031807    -1.486131
     0.033481    -1.485416
     0.035155    -1.484728
     0.036829    -1.484069
     0.038504    -1.483443
     0.040178    -1.482851
     0.041852    -1.482295
     0.043526    -1.481777
     0.045200    -1.481297
     0.046874    -1.480858
     0.048548    -1.480460
     0.050222    -1.480103
     0.051896    -1.479790
     0.053570    -1.479520
     0.055244    -1.479293
     0.056918    -1.479111
     0.058592    -1.478975
     0.060266    -1.478883
     0.061940    -1.478837
     0.063615    -1.478837
     0.065289    -1.478883
     0.066963    -1.478976
     0.068637    -1.479116
     0.070311    -1.479302
     0.071985    -1.479536
     0.073659    -1.479816
     0.075333    -1.480144
     0.077007    -1.480520
     0.078681    -1.480943
     0.080355    -1.481413
     0.082029    -1.481932
     0.083703    -1.482498
     0.085377    -1.483112
     0.087051    -1.483774
     0.088726    -1.484483
     0.090400    -1.485241
     0.092074    -1.486047
     0.093748    -1.486901
     0.095422    -1.487803
     0.097096    -1.488753
     0.098770    -1.489751
     0.100444    -1.490797
     0.102118    -1.491892
     0.103792    -1.493034
     0.105466    -1.494225
     0.107140    -1.495464
     0.108814    -1.496751
     0.110488    -1.498086
     0.112163    -1.499470
     0.113837    -1.500902
     0.115511    -1.502381
     0.117185    -1.503909
     0.118859    -1.505485
     0.120533    -1.507109
     0.122207    -1.508781
     0.123881    -1.510501
     0.125555    -1.512268
     0.127229    -1.514084
     0.128903    -1.515947
     0.130577    -1.517858
     0.132251    -1.519816
     0.133925    -1.521822
     0.135599    -1.523875
     0.137274    -1.525976
     0.138948    -1.528123
     0.140622    -1.530317
     0.142296    -1.532558
     0.143970    -1.534846
     0.145644    -1.537179
     0.147318    -1.539559
     0.148992    -1.541985
     0.150666    -1.544456
     0.152340    -1.546973
     0.154014    -1.549535
     0.155688    -1.552141
     0.157362    -1.554792
     0.159036    -1.557487
     0.160710    -1.560225
     0.162385    -1.563007
     0.164059    -1.565832
     0.165733    -1.568699
     0.167407    -1.571608


    -0.167407    -1.219266
    -0.165733    -1.214163
    -0.164059    -1.209007
    -0.162385    -1.203800
    -0.160710    -1.198540
    -0.159036    -1.193228
    -0.157362    -1.187864
    -0.155688    -1.182451
    -0.154014    -1.177412
    -0.152340    -1.172748
    -0.150666    -1.168041
    -0.148992    -1.163289
    -0.147318    -1.158490
    -0.145644    -1.153643
    -0.143970    -1.148747
    -0.142296    -1.143802
    -0.140622    -1.138806
    -0.138948    -1.133760
    -0.137274    -1.128663
    -0.135599    -1.123513
    -0.133925    -1.118310
    -0.132251    -1.113054
    -0.130577    -1.107744
    -0.128903    -1.102380
    -0.127229    -1.096961
    -0.125555    -1.091488
    -0.123881    -1.085958
    -0.122207    -1.080373
    -0.120533    -1.074733
    -0.118859    -1.069036
    -0.117185    -1.063283
    -0.115511    -1.057474
    -0.113837    -1.051610
    -0.112163    -1.045689
    -0.110488    -1.039714
    -0.108814    -1.033683
    -0.107140    -1.027598
    -0.105466    -1.021458
    -0.103792    -1.015265
    -0.102118    -1.009020
    -0.100444    -1.002723
    -0.098770    -0.996375
    -0.097096    -0.989978
    -0.095422    -0.983533
    -0.093748    -0.977040
    -0.092074    -0.970502
    -0.090400    -0.963920
    -0.088726    -0.957297
    -0.087051    -0.950633
    -0.085377    -0.943931
    -0.083703    -0.937194
    -0.082029    -0.930423
    -0.080355    -0.923623
    -0.078681    -0.916794
    -0.077007    -0.909940
    -0.075333    -0.903066
    -0.073659    -0.896173
    -0.071985    -0.889266
    -0.070311    -0.882348
    -0.068637    -0.875424
    -0.066963    -0.868498
    -0.065289    -0.861575
    -0.063615    -0.854659
    -0.061940    -0.847757
    -0.060266    -0.840873
    -0.058592    -0.834013
    -0.056918    -0.827184
    -0.055244    -0.820393
    -0.053570    -0.813646
    -0.051896    -0.806951
    -0.050222    -0.800315
    -0.048548    -0.793748
    -0.046874    -0.787256
    -0.045200    -0.780851
    -0.043526    -0.774540
    -0.041852    -0.768335
    -0.040178    -0.762245
    -0.038504    -0.756281
    -0.036829    -0.750455
    -0.035155    -0.744779
    -0.033481    -0.739263
    -0.031807    -0.733921
    -0.030133    -0.728765
    -0.028459    -0.723806
    -0.026785    -0.719059
    -0.025111    -0.714535
    -0.023437    -0.710246
    -0.021763    -0.706204
    -0.020089    -0.702421
    -0.018415    -0.698907
    -0.016741    -0.695672
    -0.015067    -0.692725
    -0.013393    -0.690074
    -0.011718    -0.687726
    -0.010044    -0.685686
    -0.008370    -0.683958
    -0.006696    -0.682546
    -0.005022    -0.681451
    -0.003348    -0.680675
    -0.001674    -0.680211
     0.000000    -0.680054
     0.001674    -0.680207
     0.003348    -0.680669
     0.005022    -0.681449
     0.006696    -0.682546
     0.008370    -0.683959
     0.010044    -0.685686
     0.011718    -0.687726
     0.013393    -0.690074
     0.015067    -0.692725
     0.016741    -0.695672
     0.018415    -0.698906
     0.020089    -0.702420
     0.021763    -0.706203
     0.023437    -0.710245
     0.025111    -0.714533
     0.026785    -0.719057
     0.028459    -0.723805
     0.030133    -0.728763
     0.031807    -0.733919
     0.033481    -0.739261
     0.035155    -0.744776
     0.036829    -0.750453
     0.038504    -0.756279
     0.040178    -0.762242
     0.041852    -0.768332
     0.043526    -0.774537
     0.045200    -0.780848
     0.046874    -0.787253
     0.048548    -0.793744
     0.050222    -0.800312
     0.051896    -0.806948
     0.053570    -0.813643
     0.055244    -0.820390
     0.056918    -0.827181
     0.058592    -0.834010
     0.060266    -0.840869
     0.061940    -0.847753
     0.063615    -0.854656
     0.065289    -0.861571
     0.066963    -0.868494
     0.068637    -0.875420
     0.070311    -0.882344
     0.071985    -0.889262
     0.073659    -0.896169
     0.075333    -0.903062
     0.077007    -0.909937
     0.078681    -0.916791
     0.080355    -0.923619
     0.082029    -0.930420
     0.083703    -0.937191
     0.085377    -0.943928
     0.087051    -0.950630
     0.088726    -0.957294
     0.090400    -0.963917
     0.092074    -0.970499
     0.093748    -0.977037
     0.095422    -0.983530
     0.097096    -0.989976
     0.098770    -0.996373
     0.100444    -1.002721
     0.102118    -1.009018
     0.103792    -1.015263
     0.105466    -1.021456
     0.107140    -1.027595
     0.108814    -1.033681
     0.110488    -1.039712
     0.112163    -1.045687
     0.113837    -1.051608
     0.115511    -1.057473
     0.117185    -1.063281
     0.118859    -1.069034
     0.120533    -1.074731
     0.122207    -1.080372
     0.123881    -1.085957
     0.125555    -1.091486
     0.127229    -1.096960
     0.128903    -1.102379
     0.130577    -1.107744
     0.132251    -1.113053
     0.133925    -1.118309
     0.135599    -1.123512
     0.137274    -1.128662
     0.138948    -1.133760
     0.140622    -1.138806
     0.142296    -1.143802
     0.143970    -1.148747
     0.145644    -1.153643
     0.147318    -1.158490
     0.148992    -1.163290
     0.150666    -1.168042
     0.152340    -1.172748
     0.154014    -1.177412
     0.155688    -1.182442
     0.157362    -1.187855
     0.159036    -1.193219
     0.160710    -1.198530
     0.162385    -1.203790
     0.164059    -1.208997
     0.165733    -1.214152
     0.167407    -1.219255


    -0.167407    -1.213147
    -0.165733    -1.208821
    -0.164059    -1.204456
    -0.162385    -1.200051
    -0.160710    -1.195606
    -0.159036    -1.191120
    -0.157362    -1.186591
    -0.155688    -1.182015
    -0.154014    -1.176971
    -0.152340    -1.171455
    -0.150666    -1.165885
    -0.148992    -1.160264
    -0.147318    -1.154592
    -0.145644    -1.148870
    -0.143970    -1.143098
    -0.142296    -1.137278
    -0.140622    -1.131410
    -0.138948    -1.125494
    -0.137274    -1.119532
    -0.135599    -1.113524
    -0.133925    -1.107471
    -0.132251    -1.101373
    -0.130577    -1.095233
    -0.128903    -1.089051
    -0.127229    -1.082828
    -0.125555    -1.076565
    -0.123881    -1.070263
    -0.122207    -1.063924
    -0.120533    -1.057549
    -0.118859    -1.051140
    -0.117185    -1.044697
    -0.115511    -1.038223
    -0.113837    -1.031719
    -0.112163    -1.025187
    -0.110488    -1.018628
    -0.108814    -1.012043
    -0.107140    -1.005436
    -0.105466    -0.998807
    -0.103792    -0.992160
    -0.102118    -0.985494
    -0.100444    -0.978814
    -0.098770    -0.972120
    -0.097096    -0.965415
    -0.095422    -0.958702
    -0.093748    -0.951982
    -0.092074    -0.945258
    -0.090400    -0.938532
    -0.088726    -0.931808
    -0.087051    -0.925087
    -0.085377    -0.918372
    -0.083703    -0.911666
    -0.082029    -0.904972
    -0.080355    -0.898292
    -0.078681    -0.891630
    -0.077007    -0.884989
    -0.075333    -0.878371
    -0.073659    -0.871780
    -0.071985    -0.865219
    -0.070311    -0.858692
    -0.068637    -0.852202
    -0.066963    -0.845753
    -0.065289    -0.839348
    -0.063615    -0.832990
    -0.061940    -0.826685
    -0.060266    -0.820436
    -0.058592    -0.814247
    -0.056918    -0.808122
    -0.055244    -0.802066
    -0.053570    -0.796083
    -0.051896    -0.790178
    -0.050222    -0.784356
    -0.048548    -0.778621
    -0.046874    -0.772979
    -0.045200    -0.767436
    -0.043526    -0.761996
    -0.041852    -0.756665
    -0.040178    -0.751449
    -0.038504    -0.746355
    -0.036829    -0.741389
    -0.035155    -0.736557
    -0.033481    -0.731866
    -0.031807    -0.727324
    -0.030133    -0.722937
    -0.028459    -0.718713
    -0.026785    -0.714659
    -0.025111    -0.710785
    -0.023437    -0.707098
    -0.021763    -0.703607
    -0.020089    -0.700320
    -0.018415    -0.697247
    -0.016741    -0.694395
    -0.015067    -0.691775
    -0.013393    -0.689396
    -0.011718    -0.687266
    -0.010044    -0.685394
    -0.008370    -0.683789
    -0.006696    -0.682459
    -0.005022    -0.681411
    -0.003348    -0.680651
    -0.001674    -0.680191
     0.000000    -0.680039
     0.001674    -0.680195
     0.003348    -0.680655
     0.005022    -0.681411
     0.006696    -0.682456
     0.008370    -0.683785
     0.010044    -0.685390
     0.011718    -0.687261
     0.013393    -0.689391
     0.015067    -0.691770
     0.016741    -0.694390
     0.018415    -0.697241
     0.020089    -0.700314
     0.021763    -0.703601
     0.023437    -0.707092
     0.025111    -0.710779
     0.026785    -0.714654
     0.028459    -0.718707
     0.030133    -0.722931
     0.031807    -0.727318
     0.033481    -0.731861
     0.035155    -0.736552
     0.036829    -0.741384
     0.038504    -0.746350
     0.040178    -0.751444
     0.041852    -0.756660
     0.043526    -0.761991
     0.045200    -0.767431
     0.046874    -0.772975
     0.048548    -0.778617
     0.050222    -0.784352
     0.051896    -0.790175
     0.053570    -0.796080
     0.055244    -0.802063
     0.056918    -0.808119
     0.058592    -0.814244
     0.060266    -0.820434
     0.061940    -0.826683
     0.063615    -0.832988
     0.065289    -0.839346
     0.066963    -0.845751
     0.068637    -0.852201
     0.070311    -0.858691
     0.071985    -0.865218
     0.073659    -0.871779
     0.075333    -0.878370
     0.077007    -0.884988
     0.078681    -0.891630
     0.080355    -0.898292
     0.082029    -0.904971
     0.083703    -0.911666
     0.085377    -0.918372
     0.087051    -0.925087
     0.088726    -0.931808
     0.090400    -0.938532
     0.092074    -0.945258
     0.093748    -0.951982
     0.095422    -0.958702
     0.097096    -0.965415
     0.098770    -0.972120
     0.100444    -0.978814
     0.102118    -0.985494
     0.103792    -0.992159
     0.105466    -0.998807
     0.107140    -1.005436
     0.108814    -1.012043
     0.110488    -1.018627
     0.112163    -1.025186
     0.113837    -1.031718
     0.115511    -1.038222
     0.117185    -1.044696
     0.118859    -1.051139
     0.120533    -1.057548
     0.122207    -1.063922
     0.123881    -1.070261
     0.125555    -1.076562
     0.127229    -1.082825
     0.128903    -1.089048
     0.130577    -1.095230
     0.132251    -1.101370
     0.133925    -1.107467
     0.135599    -1.113520
     0.137274    -1.119528
     0.138948    -1.125490
     0.140622    -1.131405
     0.142296    -1.137273
     0.143970    -1.143093
     0.145644    -1.148864
     0.147318    -1.154585
     0.148992    -1.160257
     0.150666    -1.165878
     0.152340    -1.171448
     0.154014    -1.176964
     0.155688    -1.182017
     0.157362    -1.186592
     0.159036    -1.191121
     0.160710    -1.195608
     0.162385    -1.200053
     0.164059    -1.204458
     0.165733    -1.208823
     0.167407    -1.213149


    -0.167407    -0.457611
    -0.165733    -0.454105
    -0.164059    -0.450643
    -0.162385    -0.447226
    -0.160710    -0.443855
    -0.159036    -0.440531
    -0.157362    -0.437254
    -0.155688    -0.434025
    -0.154014    -0.430845
    -0.152340    -0.427713
    -0.150666    -0.424632
    -0.148992    -0.421601
    -0.147318    -0.418621
    -0.145644    -0.415693
    -0.143970    -0.412817
    -0.142296    -0.409993
    -0.140622    -0.407224
    -0.138948    -0.404508
    -0.137274    -0.401847
    -0.135599    -0.399241
    -0.133925    -0.396691
    -0.132251    -0.394197
    -0.130577    -0.391760
    -0.128903    -0.389380
    -0.127229    -0.387057
    -0.125555    -0.384793
    -0.123881    -0.382587
    -0.122207    -0.380440
    -0.120533    -0.378352
    -0.118859    -0.376324
    -0.117185    -0.374355
    -0.115511    -0.372447
    -0.113837    -0.370599
    -0.112163    -0.368812
    -0.110488    -0.367085
    -0.108814    -0.365419
    -0.107140    -0.363814
    -0.105466    -0.362270
    -0.103792    -0.360787
    -0.102118    -0.359365
    -0.100444    -0.358003
    -0.098770    -0.356701
    -0.097096    -0.355460
    -0.095422    -0.354278
    -0.093748    -0.353155
    -0.092074    -0.352092
    -0.090400    -0.351086
    -0.088726    -0.350137
    -0.087051    -0.349245
    -0.085377    -0.348409
    -0.083703    -0.347627
    -0.082029    -0.346898
    -0.080355    -0.346222
    -0.078681    -0.345595
    -0.077007    -0.345018
    -0.075333    -0.344488
    -0.073659    -0.344002
    -0.071985    -0.343560
    -0.070311    -0.343158
    -0.068637    -0.342794
    -0.066963    -0.342465
    -0.065289    -0.342168
    -0.063615    -0.341900
    -0.061940    -0.341656
    -0.060266    -0.341434
    -0.058592    -0.341229
    -0.056918    -0.341035
    -0.055244    -0.340849
    -0.053570    -0.340665
    -0.051896    -0.340477
    -0.050222    -0.340280
    -0.048548    -0.340065
    -0.046874    -0.339828
    -0.045200    -0.339560
    -0.043526    -0.339253
    -0.041852    -0.338899
    -0.040178    -0.338489
    -0.038504    -0.338014
    -0.036829    -0.337465
    -0.035155    -0.336831
    -0.033481    -0.336102
    -0.031807    -0.335268
    -0.030133    -0.334318
    -0.028459    -0.333241
    -0.026785    -0.332025
    -0.025111    -0.330661
    -0.023437    -0.329137
    -0.021763    -0.327443
    -0.020089    -0.325569
    -0.018415    -0.323507
    -0.016741    -0.321247
    -0.015067    -0.318782
    -0.013393    -0.316107
    -0.011718    -0.313216
    -0.010044    -0.310104
    -0.008370    -0.306770
    -0.006696    -0.303213
    -0.005022    -0.299433
    -0.003348    -0.295431
    -0.001674    -0.291212
     0.000000    -0.286800
     0.001674    -0.291232
     0.003348    -0.295451
     0.005022    -0.299453
     0.006696    -0.303234
     0.008370    -0.306792
     0.010044    -0.310126
     0.011718    -0.313238
     0.013393    -0.316130
     0.015067    -0.318806
     0.016741    -0.321271
     0.018415    -0.323531
     0.020089    -0.325594
     0.021763    -0.327468
     0.023437    -0.329162
     0.025111    -0.330686
     0.026785    -0.332051
     0.028459    -0.333266
     0.030133    -0.334344
     0.031807    -0.335294
     0.033481    -0.336128
     0.035155    -0.336857
     0.036829    -0.337490
     0.038504    -0.338040
     0.040178    -0.338514
     0.041852    -0.338924
     0.043526    -0.339278
     0.045200    -0.339585
     0.046874    -0.339853
     0.048548    -0.340090
     0.050222    -0.340304
     0.051896    -0.340502
     0.053570    -0.340689
     0.055244    -0.340873
     0.056918    -0.341059
     0.058592    -0.341252
     0.060266    -0.341457
     0.061940    -0.341679
     0.063615    -0.341922
     0.065289    -0.342190
     0.066963    -0.342486
     0.068637    -0.342815
     0.070311    -0.343179
     0.071985    -0.343580
     0.073659    -0.344022
     0.075333    -0.344507
     0.077007    -0.345037
     0.078681    -0.345614
     0.080355    -0.346240
     0.082029    -0.346916
     0.083703    -0.347644
     0.085377    -0.348426
     0.087051    -0.349262
     0.088726    -0.350154
     0.090400    -0.351102
     0.092074    -0.352107
     0.093748    -0.353171
     0.095422    -0.354293
     0.097096    -0.355474
     0.098770    -0.356715
     0.100444    -0.358017
     0.102118    -0.359378
     0.103792    -0.360800
     0.105466    -0.362283
     0.107140    -0.363827
     0.108814    -0.365431
     0.110488    -0.367097
     0.112163    -0.368823
     0.113837    -0.370610
     0.115511    -0.372458
     0.117185    -0.374366
     0.118859    -0.376334
     0.120533    -0.378362
     0.122207    -0.380450
     0.123881    -0.382596
     0.125555    -0.384802
     0.127229    -0.387066
     0.128903    -0.389389
     0.130577    -0.391769
     0.132251    -0.394206
     0.133925    -0.396699
     0.135599    -0.399249
     0.137274    -0.401855
     0.138948    -0.404516
     0.140622    -0.407231
     0.142296    -0.410001
     0.143970    -0.412824
     0.145644    -0.415700
     0.147318    -0.418628
     0.148992    -0.421608
     0.150666    -0.424639
     0.152340    -0.427720
     0.154014    -0.430852
     0.155688    -0.434032
     0.157362    -0.437261
     0.159036    -0.440538
     0.160710    -0.443862
     0.162385    -0.447233
     0.164059    -0.450650
     0.165733    -0.454112
     0.167407    -0.457618


    -0.167407    -0.395421
    -0.165733    -0.389853
    -0.164059    -0.384291
    -0.162385    -0.378736
    -0.160710    -0.373188
    -0.159036    -0.367647
    -0.157362    -0.362113
    -0.155688    -0.356587
    -0.154014    -0.351068
    -0.152340    -0.345557
    -0.150666    -0.340055
    -0.148992    -0.334561
    -0.147318    -0.329077
    -0.145644    -0.323601
    -0.143970    -0.318135
    -0.142296    -0.312679
    -0.140622    -0.307233
    -0.138948    -0.301798
    -0.137274    -0.296375
    -0.135599    -0.290963
    -0.133925    -0.285564
    -0.132251    -0.280178
    -0.130577    -0.274805
    -0.128903    -0.269447
    -0.127229    -0.264103
    -0.125555    -0.258776
    -0.123881    -0.253466
    -0.122207    -0.248174
    -0.120533    -0.242901
    -0.118859    -0.237648
    -0.117185    -0.232417
    -0.115511    -0.227209
    -0.113837    -0.222027
    -0.112163    -0.216871
    -0.110488    -0.211744
    -0.108814    -0.206649
    -0.107140    -0.201587
    -0.105466    -0.196562
    -0.103792    -0.191577
    -0.102118    -0.186637
    -0.100444    -0.181743
    -0.098770    -0.176903
    -0.097096    -0.172119
    -0.095422    -0.167400
    -0.093748    -0.162750
    -0.092074    -0.158177
    -0.090400    -0.153690
    -0.088726    -0.149298
    -0.087051    -0.145011
    -0.085377    -0.140842
    -0.083703    -0.136805
    -0.082029    -0.132914
    -0.080355    -0.129186
    -0.078681    -0.125641
    -0.077007    -0.122300
    -0.075333    -0.119187
    -0.073659    -0.116327
    -0.071985    -0.113749
    -0.070311    -0.111483
    -0.068637    -0.109560
    -0.066963    -0.108013
    -0.065289    -0.106873
    -0.063615    -0.106171
    -0.061940    -0.105935
    -0.060266    -0.106187
    -0.058592    -0.106946
    -0.056918    -0.108220
    -0.055244    -0.110011
    -0.053570    -0.112312
    -0.051896    -0.115108
    -0.050222    -0.118376
    -0.048548    -0.122087
    -0.046874    -0.126210
    -0.045200    -0.130707
    -0.043526    -0.135541
    -0.041852    -0.140675
    -0.040178    -0.146071
    -0.038504    -0.151694
    -0.036829    -0.157510
    -0.035155    -0.163487
    -0.033481    -0.169595
    -0.031807    -0.175806
    -0.030133    -0.182095
    -0.028459    -0.188437
    -0.026785    -0.194810
    -0.025111    -0.201193
    -0.023437    -0.207567
    -0.021763    -0.213911
    -0.020089    -0.220210
    -0.018415    -0.226445
    -0.016741    -0.232602
    -0.015067    -0.238664
    -0.013393    -0.244618
    -0.011718    -0.250449
    -0.010044    -0.256143
    -0.008370    -0.261689
    -0.006696    -0.267075
    -0.005022    -0.272288
    -0.003348    -0.277319
    -0.001674    -0.282159
     0.000000    -0.286778
     0.001674    -0.282141
     0.003348    -0.277301
     0.005022    -0.272271
     0.006696    -0.267058
     0.008370    -0.261673
     0.010044    -0.256128
     0.011718    -0.250434
     0.013393    -0.244603
     0.015067    -0.238650
     0.016741    -0.232588
     0.018415    -0.226432
     0.020089    -0.220197
     0.021763    -0.213899
     0.023437    -0.207555
     0.025111    -0.201182
     0.026785    -0.194799
     0.028459    -0.188427
     0.030133    -0.182085
     0.031807    -0.175796
     0.033481    -0.169585
     0.035155    -0.163478
     0.036829    -0.157501
     0.038504    -0.151685
     0.040178    -0.146062
     0.041852    -0.140666
     0.043526    -0.135532
     0.045200    -0.130698
     0.046874    -0.126201
     0.048548    -0.122078
     0.050222    -0.118366
     0.051896    -0.115098
     0.053570    -0.112302
     0.055244    -0.110000
     0.056918    -0.108209
     0.058592    -0.106934
     0.060266    -0.106175
     0.061940    -0.105922
     0.063615    -0.106158
     0.065289    -0.106859
     0.066963    -0.107999
     0.068637    -0.109545
     0.070311    -0.111468
     0.071985    -0.113734
     0.073659    -0.116311
     0.075333    -0.119170
     0.077007    -0.122283
     0.078681    -0.125624
     0.080355    -0.129168
     0.082029    -0.132896
     0.083703    -0.136787
     0.085377    -0.140824
     0.087051    -0.144993
     0.088726    -0.149279
     0.090400    -0.153671
     0.092074    -0.158158
     0.093748    -0.162730
     0.095422    -0.167380
     0.097096    -0.172100
     0.098770    -0.176884
     0.100444    -0.181724
     0.102118    -0.186618
     0.103792    -0.191559
     0.105466    -0.196544
     0.107140    -0.201568
     0.108814    -0.206630
     0.110488    -0.211726
     0.112163    -0.216853
     0.113837    -0.222009
     0.115511    -0.227192
     0.117185    -0.232400
     0.118859    -0.237631
     0.120533    -0.242884
     0.122207    -0.248158
     0.123881    -0.253451
     0.125555    -0.258761
     0.127229    -0.264089
     0.128903    -0.269432
     0.130577    -0.274791
     0.132251    -0.280164
     0.133925    -0.285551
     0.135599    -0.290951
     0.137274    -0.296363
     0.138948    -0.301787
     0.140622    -0.307223
     0.142296    -0.312669
     0.143970    -0.318125
     0.145644    -0.323592
     0.147318    -0.329068
     0.148992    -0.334553
     0.150666    -0.340048
     0.152340    -0.345551
     0.154014    -0.351062
     0.155688    -0.356581
     0.157362    -0.362108
     0.159036    -0.367643
     0.160710    -0.373185
     0.162385    -0.378733
     0.164059    -0.384289
     0.165733    -0.389851
     0.167407    -0.395420


    -0.167407     0.622494
    -0.165733     0.613958
    -0.164059     0.605402
    -0.162385     0.596825
    -0.160710     0.588229
    -0.159036     0.579613
    -0.157362     0.570978
    -0.155688     0.562326
    -0.154014     0.553655
    -0.152340     0.544967
    -0.150666     0.536263
    -0.148992     0.527543
    -0.147318     0.518808
    -0.145644     0.510059
    -0.143970     0.501296
    -0.142296     0.492521
    -0.140622     0.483734
    -0.138948     0.474936
    -0.137274     0.466128
    -0.135599     0.457311
    -0.133925     0.448487
    -0.132251     0.439656
    -0.130577     0.430819
    -0.128903     0.421979
    -0.127229     0.413136
    -0.125555     0.404293
    -0.123881     0.395450
    -0.122207     0.386609
    -0.120533     0.377773
    -0.118859     0.368943
    -0.117185     0.360122
    -0.115511     0.351312
    -0.113837     0.342515
    -0.112163     0.333735
    -0.110488     0.324974
    -0.108814     0.316236
    -0.107140     0.307524
    -0.105466     0.298843
    -0.103792     0.290196
    -0.102118     0.281588
    -0.100444     0.273026
    -0.098770     0.264514
    -0.097096     0.256059
    -0.095422     0.247667
    -0.093748     0.239348
    -0.092074     0.231110
    -0.090400     0.222962
    -0.088726     0.214916
    -0.087051     0.206984
    -0.085377     0.199179
    -0.083703     0.191516
    -0.082029     0.184013
    -0.080355     0.176689
    -0.078681     0.169564
    -0.077007     0.162662
    -0.075333     0.156009
    -0.073659     0.149632
    -0.071985     0.143563
    -0.070311     0.137832
    -0.068637     0.132475
    -0.066963     0.127525
    -0.065289     0.123018
    -0.063615     0.118987
    -0.061940     0.115462
    -0.060266     0.112469
    -0.058592     0.110028
    -0.056918     0.108153
    -0.055244     0.106847
    -0.053570     0.106107
    -0.051896     0.105922
    -0.050222     0.106273
    -0.048548     0.107135
    -0.046874     0.108479
    -0.045200     0.110273
    -0.043526     0.112486
    -0.041852     0.115082
    -0.040178     0.118031
    -0.038504     0.121302
    -0.036829     0.124865
    -0.035155     0.128696
    -0.033481     0.132769
    -0.031807     0.137064
    -0.030133     0.141560
    -0.028459     0.146240
    -0.026785     0.151089
    -0.025111     0.156092
    -0.023437     0.161238
    -0.021763     0.166514
    -0.020089     0.171913
    -0.018415     0.177423
    -0.016741     0.183039
    -0.015067     0.188752
    -0.013393     0.194556
    -0.011718     0.200446
    -0.010044     0.206416
    -0.008370     0.212462
    -0.006696     0.218579
    -0.005022     0.224764
    -0.003348     0.231012
    -0.001674     0.237321
     0.000000     0.243684
     0.001674     0.237324
     0.003348     0.231015
     0.005022     0.224767
     0.006696     0.218583
     0.008370     0.212466
     0.010044     0.206421
     0.011718     0.200451
     0.013393     0.194561
     0.015067     0.188757
     0.016741     0.183045
     0.018415     0.177430
     0.020089     0.171919
     0.021763     0.166522
     0.023437     0.161245
     0.025111     0.156100
     0.026785     0.151097
     0.028459     0.146249
     0.030133     0.141569
     0.031807     0.137073
     0.033481     0.132779
     0.035155     0.128706
     0.036829     0.124875
     0.038504     0.121312
     0.040178     0.118041
     0.041852     0.115093
     0.043526     0.112496
     0.045200     0.110284
     0.046874     0.108489
     0.048548     0.107145
     0.050222     0.106283
     0.051896     0.105932
     0.053570     0.106117
     0.055244     0.106856
     0.056918     0.108162
     0.058592     0.110037
     0.060266     0.112477
     0.061940     0.115469
     0.063615     0.118994
     0.065289     0.123024
     0.066963     0.127531
     0.068637     0.132480
     0.070311     0.137836
     0.071985     0.143566
     0.073659     0.149635
     0.075333     0.156011
     0.077007     0.162664
     0.078681     0.169565
     0.080355     0.176690
     0.082029     0.184014
     0.083703     0.191516
     0.085377     0.199178
     0.087051     0.206983
     0.088726     0.214915
     0.090400     0.222961
     0.092074     0.231108
     0.093748     0.239346
     0.095422     0.247665
     0.097096     0.256056
     0.098770     0.264510
     0.100444     0.273022
     0.102118     0.281585
     0.103792     0.290192
     0.105466     0.298838
     0.107140     0.307520
     0.108814     0.316231
     0.110488     0.324969
     0.112163     0.333730
     0.113837     0.342510
     0.115511     0.351306
     0.117185     0.360116
     0.118859     0.368937
     0.120533     0.377767
     0.122207     0.386603
     0.123881     0.395443
     0.125555     0.404286
     0.127229     0.413129
     0.128903     0.421972
     0.130577     0.430812
     0.132251     0.439648
     0.133925     0.448479
     0.135599     0.457303
     0.137274     0.466120
     0.138948     0.474928
     0.140622     0.483726
     0.142296     0.492513
     0.143970     0.501288
     0.145644     0.510051
     0.147318     0.518800
     0.148992     0.527535
     0.150666     0.536254
     0.152340     0.544958
     0.154014     0.553646
     0.155688     0.562317
     0.157362     0.570970
     0.159036     0.579604
     0.160710     0.588220
     0.162385     0.596816
     0.164059     0.605393
     0.165733     0.613949
     0.167407     0.622484


    -0.167407     0.891277
    -0.165733     0.885855
    -0.164059     0.880413
    -0.162385     0.874953
    -0.160710     0.869472
    -0.159036     0.863971
    -0.157362     0.858449
    -0.155688     0.852906
    -0.154014     0.847341
    -0.152340     0.841755
    -0.150666     0.836145
    -0.148992     0.830513
    -0.147318     0.824857
    -0.145644     0.819178
    -0.143970     0.813474
    -0.142296     0.807745
    -0.140622     0.801991
    -0.138948     0.796212
    -0.137274     0.790406
    -0.135599     0.784574
    -0.133925     0.778715
    -0.132251     0.772828
    -0.130577     0.766914
    -0.128903     0.760972
    -0.127229     0.755001
    -0.125555     0.749001
    -0.123881     0.742972
    -0.122207     0.736914
    -0.120533     0.730825
    -0.118859     0.724707
    -0.117185     0.718558
    -0.115511     0.712379
    -0.113837     0.706170
    -0.112163     0.699929
    -0.110488     0.693658
    -0.108814     0.687355
    -0.107140     0.681022
    -0.105466     0.674657
    -0.103792     0.668262
    -0.102118     0.661836
    -0.100444     0.655379
    -0.098770     0.648891
    -0.097096     0.642373
    -0.095422     0.635825
    -0.093748     0.629247
    -0.092074     0.622640
    -0.090400     0.616004
    -0.088726     0.609339
    -0.087051     0.602646
    -0.085377     0.595926
    -0.083703     0.589179
    -0.082029     0.582406
    -0.080355     0.575608
    -0.078681     0.568785
    -0.077007     0.561938
    -0.075333     0.555068
    -0.073659     0.548176
    -0.071985     0.541263
    -0.070311     0.534330
    -0.068637     0.527377
    -0.066963     0.520407
    -0.065289     0.513421
    -0.063615     0.506418
    -0.061940     0.499402
    -0.060266     0.492372
    -0.058592     0.485331
    -0.056918     0.478279
    -0.055244     0.471218
    -0.053570     0.464150
    -0.051896     0.457075
    -0.050222     0.449996
    -0.048548     0.442914
    -0.046874     0.435830
    -0.045200     0.428746
    -0.043526     0.421663
    -0.041852     0.414584
    -0.040178     0.407509
    -0.038504     0.400441
    -0.036829     0.393381
    -0.035155     0.386330
    -0.033481     0.379291
    -0.031807     0.372265
    -0.030133     0.365253
    -0.028459     0.358259
    -0.026785     0.351282
    -0.025111     0.344326
    -0.023437     0.337391
    -0.021763     0.330481
    -0.020089     0.323596
    -0.018415     0.316738
    -0.016741     0.309910
    -0.015067     0.303113
    -0.013393     0.296349
    -0.011718     0.289620
    -0.010044     0.282929
    -0.008370     0.276277
    -0.006696     0.269667
    -0.005022     0.263100
    -0.003348     0.256580
    -0.001674     0.250109
     0.000000     0.243692
     0.001674     0.250107
     0.003348     0.256579
     0.005022     0.263099
     0.006696     0.269665
     0.008370     0.276276
     0.010044     0.282928
     0.011718     0.289620
     0.013393     0.296348
     0.015067     0.303113
     0.016741     0.309910
     0.018415     0.316738
     0.020089     0.323596
     0.021763     0.330481
     0.023437     0.337392
     0.025111     0.344327
     0.026785     0.351283
     0.028459     0.358259
     0.030133     0.365254
     0.031807     0.372265
     0.033481     0.379292
     0.035155     0.386331
     0.036829     0.393381
     0.038504     0.400442
     0.040178     0.407510
     0.041852     0.414585
     0.043526     0.421664
     0.045200     0.428746
     0.046874     0.435830
     0.048548     0.442914
     0.050222     0.449996
     0.051896     0.457076
     0.053570     0.464150
     0.055244     0.471218
     0.056918     0.478279
     0.058592     0.485330
     0.060266     0.492372
     0.061940     0.499401
     0.063615     0.506417
     0.065289     0.513420
     0.066963     0.520406
     0.068637     0.527376
     0.070311     0.534328
     0.071985     0.541261
     0.073659     0.548173
     0.075333     0.555065
     0.077007     0.561935
     0.078681     0.568782
     0.080355     0.575605
     0.082029     0.582403
     0.083703     0.589176
     0.085377     0.595922
     0.087051     0.602642
     0.088726     0.609335
     0.090400     0.615999
     0.092074     0.622635
     0.093748     0.629242
     0.095422     0.635820
     0.097096     0.642368
     0.098770     0.648885
     0.100444     0.655373
     0.102118     0.661830
     0.103792     0.668256
     0.105466     0.674651
     0.107140     0.681015
     0.108814     0.687349
     0.110488     0.693651
     0.112163     0.699922
     0.113837     0.706163
     0.115511     0.712372
     0.117185     0.718551
     0.118859     0.724700
     0.120533     0.730818
     0.122207     0.736906
     0.123881     0.742964
     0.125555     0.748993
     0.127229     0.754993
     0.128903     0.760963
     0.130577     0.766906
     0.132251     0.772820
     0.133925     0.778706
     0.135599     0.784565
     0.137274     0.790398
     0.138948     0.796203
     0.140622     0.801983
     0.142296     0.807736
     0.143970     0.813465
     0.145644     0.819169
     0.147318     0.824848
     0.148992     0.830504
     0.150666     0.836136
     0.152340     0.841746
     0.154014     0.847332
     0.155688     0.852897
     0.157362     0.858440
     0.159036     0.863962
     0.160710     0.869463
     0.162385     0.874944
     0.164059     0.880404
     0.165733     0.885846
     0.167407     0.891268


    -0.167407     1.821573
    -0.165733     1.814226
    -0.164059     1.806905
    -0.162385     1.799614
    -0.160710     1.792354
    -0.159036     1.785126
    -0.157362     1.777934
    -0.155688     1.770779
    -0.154014     1.763663
    -0.152340     1.756588
    -0.150666     1.749556
    -0.148992     1.742569
    -0.147318     1.735630
    -0.145644     1.728741
    -0.143970     1.721903
    -0.142296     1.715119
    -0.140622     1.708391
    -0.138948     1.701720
    -0.137274     1.695111
    -0.135599     1.688563
    -0.133925     1.682080
    -0.132251     1.675663
    -0.130577     1.669315
    -0.128903     1.663038
    -0.127229     1.656834
    -0.125555     1.650704
    -0.123881     1.644652
    -0.122207     1.638678
    -0.120533     1.632786
    -0.118859     1.626976
    -0.117185     1.621252
    -0.115511     1.615614
    -0.113837     1.610064
    -0.112163     1.604606
    -0.110488     1.599239
    -0.108814     1.593966
    -0.107140     1.588790
    -0.105466     1.583710
    -0.103792     1.578730
    -0.102118     1.573850
    -0.100444     1.569072
    -0.098770     1.564397
    -0.097096     1.559827
    -0.095422     1.555364
    -0.093748     1.551008
    -0.092074     1.546761
    -0.090400     1.542624
    -0.088726     1.538597
    -0.087051     1.534683
    -0.085377     1.530881
    -0.083703     1.527193
    -0.082029     1.523620
    -0.080355     1.520162
    -0.078681     1.516821
    -0.077007     1.513596
    -0.075333     1.510488
    -0.073659     1.507498
    -0.071985     1.504627
    -0.070311     1.501874
    -0.068637     1.499239
    -0.066963     1.496724
    -0.065289     1.494328
    -0.063615     1.492052
    -0.061940     1.489895
    -0.060266     1.487858
    -0.058592     1.485939
    -0.056918     1.484141
    -0.055244     1.482461
    -0.053570     1.480900
    -0.051896     1.479457
    -0.050222     1.478133
    -0.048548     1.476927
    -0.046874     1.475838
    -0.045200     1.474866
    -0.043526     1.474011
    -0.041852     1.473271
    -0.040178     1.472647
    -0.038504     1.472137
    -0.036829     1.471741
    -0.035155     1.471459
    -0.033481     1.471289
    -0.031807     1.471230
    -0.030133     1.471283
    -0.028459     1.471445
    -0.026785     1.471717
    -0.025111     1.472097
    -0.023437     1.472585
    -0.021763     1.473179
    -0.020089     1.473879
    -0.018415     1.474683
    -0.016741     1.475590
    -0.015067     1.476601
    -0.013393     1.477713
    -0.011718     1.478925
    -0.010044     1.480237
    -0.008370     1.481647
    -0.006696     1.483154
    -0.005022     1.484758
    -0.003348     1.486457
    -0.001674     1.488250
     0.000000     1.490124
     0.001674     1.488260
     0.003348     1.486467
     0.005022     1.484768
     0.006696     1.483165
     0.008370     1.481658
     0.010044     1.480248
     0.011718     1.478936
     0.013393     1.477724
     0.015067     1.476613
     0.016741     1.475603
     0.018415     1.474696
     0.020089     1.473892
     0.021763     1.473192
     0.023437     1.472599
     0.025111     1.472111
     0.026785     1.471731
     0.028459     1.471460
     0.030133     1.471297
     0.031807     1.471245
     0.033481     1.471304
     0.035155     1.471474
     0.036829     1.471757
     0.038504     1.472153
     0.040178     1.472663
     0.041852     1.473287
     0.043526     1.474027
     0.045200     1.474882
     0.046874     1.475855
     0.048548     1.476943
     0.050222     1.478150
     0.051896     1.479474
     0.053570     1.480917
     0.055244     1.482478
     0.056918     1.484157
     0.058592     1.485956
     0.060266     1.487874
     0.061940     1.489912
     0.063615     1.492069
     0.065289     1.494345
     0.066963     1.496741
     0.068637     1.499256
     0.070311     1.501890
     0.071985     1.504643
     0.073659     1.507515
     0.075333     1.510504
     0.077007     1.513612
     0.078681     1.516837
     0.080355     1.520178
     0.082029     1.523636
     0.083703     1.527209
     0.085377     1.530896
     0.087051     1.534698
     0.088726     1.538612
     0.090400     1.542638
     0.092074     1.546775
     0.093748     1.551022
     0.095422     1.555378
     0.097096     1.559841
     0.098770     1.564410
     0.100444     1.569084
     0.102118     1.573862
     0.103792     1.578742
     0.105466     1.583722
     0.107140     1.588801
     0.108814     1.593977
     0.110488     1.599250
     0.112163     1.604616
     0.113837     1.610074
     0.115511     1.615623
     0.117185     1.621261
     0.118859     1.626985
     0.120533     1.632794
     0.122207     1.638686
     0.123881     1.644660
     0.125555     1.650712
     0.127229     1.656841
     0.128903     1.663044
     0.130577     1.669321
     0.132251     1.675669
     0.133925     1.682085
     0.135599     1.688568
     0.137274     1.695115
     0.138948     1.701724
     0.140622     1.708394
     0.142296     1.715122
     0.143970     1.721905
     0.145644     1.728743
     0.147318     1.735632
     0.148992     1.742571
     0.150666     1.749557
     0.152340     1.756588
     0.154014     1.763663
     0.155688     1.770779
     0.157362     1.777934
     0.159036     1.785126
     0.160710     1.792353
     0.162385     1.799613
     0.164059     1.806904
     0.165733     1.814224
     0.167407     1.821571


    -0.167407     1.968923
    -0.165733     1.962776
    -0.164059     1.956632
    -0.162385     1.950493
    -0.160710     1.944360
    -0.159036     1.938232
    -0.157362     1.932111
    -0.155688     1.925996
    -0.154014     1.919889
    -0.152340     1.913790
    -0.150666     1.907700
    -0.148992     1.901618
    -0.147318     1.895547
    -0.145644     1.889486
    -0.143970     1.883435
    -0.142296     1.877396
    -0.140622     1.871370
    -0.138948     1.865356
    -0.137274     1.859355
    -0.135599     1.853369
    -0.133925     1.847397
    -0.132251     1.841440
    -0.130577     1.835500
    -0.128903     1.829576
    -0.127229     1.823669
    -0.125555     1.817781
    -0.123881     1.811911
    -0.122207     1.806061
    -0.120533     1.800230
    -0.118859     1.794421
    -0.117185     1.788634
    -0.115511     1.782868
    -0.113837     1.777126
    -0.112163     1.771408
    -0.110488     1.765714
    -0.108814     1.760046
    -0.107140     1.754405
    -0.105466     1.748790
    -0.103792     1.743203
    -0.102118     1.737645
    -0.100444     1.732116
    -0.098770     1.726618
    -0.097096     1.721151
    -0.095422     1.715716
    -0.093748     1.710314
    -0.092074     1.704946
    -0.090400     1.699612
    -0.088726     1.694315
    -0.087051     1.689053
    -0.085377     1.683829
    -0.083703     1.678643
    -0.082029     1.673497
    -0.080355     1.668390
    -0.078681     1.663325
    -0.077007     1.658302
    -0.075333     1.653321
    -0.073659     1.648385
    -0.071985     1.643493
    -0.070311     1.638648
    -0.068637     1.633849
    -0.066963     1.629098
    -0.065289     1.624395
    -0.063615     1.619743
    -0.061940     1.615141
    -0.060266     1.610591
    -0.058592     1.606094
    -0.056918     1.601650
    -0.055244     1.597262
    -0.053570     1.592929
    -0.051896     1.588653
    -0.050222     1.584435
    -0.048548     1.580275
    -0.046874     1.576176
    -0.045200     1.572138
    -0.043526     1.568162
    -0.041852     1.564249
    -0.040178     1.560401
    -0.038504     1.556618
    -0.036829     1.552901
    -0.035155     1.549251
    -0.033481     1.545670
    -0.031807     1.542159
    -0.030133     1.538718
    -0.028459     1.535350
    -0.026785     1.532054
    -0.025111     1.528832
    -0.023437     1.525685
    -0.021763     1.522615
    -0.020089     1.519622
    -0.018415     1.516707
    -0.016741     1.513872
    -0.015067     1.511118
    -0.013393     1.508445
    -0.011718     1.505856
    -0.010044     1.503350
    -0.008370     1.500930
    -0.006696     1.498596
    -0.005022     1.496349
    -0.003348     1.494191
    -0.001674     1.492123
     0.000000     1.490158
     0.001674     1.492114
     0.003348     1.494183
     0.005022     1.496341
     0.006696     1.498588
     0.008370     1.500923
     0.010044     1.503343
     0.011718     1.505849
     0.013393     1.508439
     0.015067     1.511112
     0.016741     1.513867
     0.018415     1.516702
     0.020089     1.519617
     0.021763     1.522611
     0.023437     1.525681
     0.025111     1.528828
     0.026785     1.532051
     0.028459     1.535347
     0.030133     1.538716
     0.031807     1.542157
     0.033481     1.545669
     0.035155     1.549250
     0.036829     1.552900
     0.038504     1.556617
     0.040178     1.560401
     0.041852     1.564250
     0.043526     1.568163
     0.045200     1.572139
     0.046874     1.576178
     0.048548     1.580277
     0.050222     1.584437
     0.051896     1.588655
     0.053570     1.592932
     0.055244     1.597265
     0.056918     1.601654
     0.058592     1.606098
     0.060266     1.610595
     0.061940     1.615146
     0.063615     1.619748
     0.065289     1.624401
     0.066963     1.629103
     0.068637     1.633855
     0.070311     1.638654
     0.071985     1.643500
     0.073659     1.648392
     0.075333     1.653329
     0.077007     1.658309
     0.078681     1.663333
     0.080355     1.668399
     0.082029     1.673505
     0.083703     1.678652
     0.085377     1.683838
     0.087051     1.689062
     0.088726     1.694324
     0.090400     1.699622
     0.092074     1.704956
     0.093748     1.710324
     0.095422     1.715727
     0.097096     1.721162
     0.098770     1.726629
     0.100444     1.732128
     0.102118     1.737656
     0.103792     1.743215
     0.105466     1.748802
     0.107140     1.754417
     0.108814     1.760059
     0.110488     1.765727
     0.112163     1.771421
     0.113837     1.777139
     0.115511     1.782881
     0.117185     1.788647
     0.118859     1.794435
     0.120533     1.800244
     0.122207     1.806075
     0.123881     1.811925
     0.125555     1.817795
     0.127229     1.823684
     0.128903     1.829590
     0.130577     1.835514
     0.132251     1.841455
     0.133925     1.847412
     0.135599     1.853384
     0.137274     1.859370
     0.138948     1.865371
     0.140622     1.871385
     0.142296     1.877412
     0.143970     1.883451
     0.145644     1.889501
     0.147318     1.895562
     0.148992     1.901634
     0.150666     1.907715
     0.152340     1.913806
     0.154014     1.919905
     0.155688     1.926012
     0.157362     1.932126
     0.159036     1.938248
     0.160710     1.944375
     0.162385     1.950509
     0.164059     1.956648
     0.165733     1.962791
     0.167407     1.968939


    -0.167407     2.323209
    -0.165733     2.316638
    -0.164059     2.310108
    -0.162385     2.303618
    -0.160710     2.297169
    -0.159036     2.290762
    -0.157362     2.284399
    -0.155688     2.278080
    -0.154014     2.271805
    -0.152340     2.265577
    -0.150666     2.259395
    -0.148992     2.253260
    -0.147318     2.247173
    -0.145644     2.241135
    -0.143970     2.235146
    -0.142296     2.229208
    -0.140622     2.223321
    -0.138948     2.217485
    -0.137274     2.211702
    -0.135599     2.205972
    -0.133925     2.200295
    -0.132251     2.194673
    -0.130577     2.189106
    -0.128903     2.183594
    -0.127229     2.178138
    -0.125555     2.172739
    -0.123881     2.167397
    -0.122207     2.162113
    -0.120533     2.156887
    -0.118859     2.151720
    -0.117185     2.146613
    -0.115511     2.141566
    -0.113837     2.136579
    -0.112163     2.131653
    -0.110488     2.126789
    -0.108814     2.121986
    -0.107140     2.117246
    -0.105466     2.112569
    -0.103792     2.107955
    -0.102118     2.103405
    -0.100444     2.098919
    -0.098770     2.094498
    -0.097096     2.090142
    -0.095422     2.085852
    -0.093748     2.081628
    -0.092074     2.077470
    -0.090400     2.073378
    -0.088726     2.069354
    -0.087051     2.065398
    -0.085377     2.061509
    -0.083703     2.057689
    -0.082029     2.053938
    -0.080355     2.050255
    -0.078681     2.046642
    -0.077007     2.043099
    -0.075333     2.039626
    -0.073659     2.036223
    -0.071985     2.032892
    -0.070311     2.029631
    -0.068637     2.026442
    -0.066963     2.023325
    -0.065289     2.020280
    -0.063615     2.017307
    -0.061940     2.014407
    -0.060266     2.011580
    -0.058592     2.008827
    -0.056918     2.006147
    -0.055244     2.003541
    -0.053570     2.001010
    -0.051896     1.998552
    -0.050222     1.996170
    -0.048548     1.993863
    -0.046874     1.991631
    -0.045200     1.989474
    -0.043526     1.987394
    -0.041852     1.985389
    -0.040178     1.983461
    -0.038504     1.981609
    -0.036829     1.979835
    -0.035155     1.978137
    -0.033481     1.976516
    -0.031807     1.974973
    -0.030133     1.973508
    -0.028459     1.972120
    -0.026785     1.970811
    -0.025111     1.969580
    -0.023437     1.968427
    -0.021763     1.967353
    -0.020089     1.966358
    -0.018415     1.965443
    -0.016741     1.964606
    -0.015067     1.963849
    -0.013393     1.963171
    -0.011718     1.962573
    -0.010044     1.962055
    -0.008370     1.961616
    -0.006696     1.961255
    -0.005022     1.960974
    -0.003348     1.960771
    -0.001674     1.960648
     0.000000     1.960604
     0.001674     1.960640
     0.003348     1.960756
     0.005022     1.960953
     0.006696     1.961229
     0.008370     1.961586
     0.010044     1.962022
     0.011718     1.962539
     0.013393     1.963136
     0.015067     1.963812
     0.016741     1.964568
     0.018415     1.965404
     0.020089     1.966320
     0.021763     1.967314
     0.023437     1.968388
     0.025111     1.969540
     0.026785     1.970771
     0.028459     1.972081
     0.030133     1.973469
     0.031807     1.974934
     0.033481     1.976478
     0.035155     1.978099
     0.036829     1.979797
     0.038504     1.981572
     0.040178     1.983425
     0.041852     1.985353
     0.043526     1.987358
     0.045200     1.989439
     0.046874     1.991596
     0.048548     1.993829
     0.050222     1.996137
     0.051896     1.998519
     0.053570     2.000977
     0.055244     2.003509
     0.056918     2.006115
     0.058592     2.008796
     0.060266     2.011550
     0.061940     2.014377
     0.063615     2.017277
     0.065289     2.020251
     0.066963     2.023296
     0.068637     2.026414
     0.070311     2.029603
     0.071985     2.032865
     0.073659     2.036197
     0.075333     2.039600
     0.077007     2.043073
     0.078681     2.046617
     0.080355     2.050231
     0.082029     2.053914
     0.083703     2.057666
     0.085377     2.061487
     0.087051     2.065376
     0.088726     2.069333
     0.090400     2.073358
     0.092074     2.077449
     0.093748     2.081608
     0.095422     2.085833
     0.097096     2.090124
     0.098770     2.094481
     0.100444     2.098902
     0.102118     2.103389
     0.103792     2.107940
     0.105466     2.112554
     0.107140     2.117232
     0.108814     2.121973
     0.110488     2.126776
     0.112163     2.131641
     0.113837     2.136568
     0.115511     2.141556
     0.117185     2.146604
     0.118859     2.151712
     0.120533     2.156879
     0.122207     2.162106
     0.123881     2.167391
     0.125555     2.172734
     0.127229     2.178133
     0.128903     2.183590
     0.130577     2.189103
     0.132251     2.194671
     0.133925     2.200294
     0.135599     2.205972
     0.137274     2.211703
     0.138948     2.217487
     0.140622     2.223323
     0.142296     2.229212
     0.143970     2.235151
     0.145644     2.241140
     0.147318     2.247179
     0.148992     2.253266
     0.150666     2.259402
     0.152340     2.265585
     0.154014     2.271814
     0.155688     2.278090
     0.157362     2.284410
     0.159036     2.290774
     0.160710     2.297181
     0.162385     2.303630
     0.164059     2.310121
     0.165733     2.316653
     0.167407     2.323224


    -0.167407     2.336172
    -0.165733     2.329481
    -0.164059     2.322819
    -0.162385     2.316190
    -0.160710     2.309594
    -0.159036     2.303033
    -0.157362     2.296508
    -0.155688     2.290019
    -0.154014     2.283569
    -0.152340     2.277159
    -0.150666     2.270789
    -0.148992     2.264461
    -0.147318     2.258176
    -0.145644     2.251935
    -0.143970     2.245739
    -0.142296     2.239590
    -0.140622     2.233488
    -0.138948     2.227435
    -0.137274     2.221431
    -0.135599     2.215478
    -0.133925     2.209576
    -0.132251     2.203727
    -0.130577     2.197931
    -0.128903     2.192190
    -0.127229     2.186504
    -0.125555     2.180875
    -0.123881     2.175302
    -0.122207     2.169788
    -0.120533     2.164333
    -0.118859     2.158937
    -0.117185     2.153603
    -0.115511     2.148329
    -0.113837     2.143118
    -0.112163     2.137969
    -0.110488     2.132884
    -0.108814     2.127864
    -0.107140     2.122908
    -0.105466     2.118018
    -0.103792     2.113195
    -0.102118     2.108438
    -0.100444     2.103749
    -0.098770     2.099129
    -0.097096     2.094577
    -0.095422     2.090095
    -0.093748     2.085682
    -0.092074     2.081340
    -0.090400     2.077069
    -0.088726     2.072869
    -0.087051     2.068742
    -0.085377     2.064687
    -0.083703     2.060704
    -0.082029     2.056795
    -0.080355     2.052960
    -0.078681     2.049199
    -0.077007     2.045512
    -0.075333     2.041901
    -0.073659     2.038364
    -0.071985     2.034904
    -0.070311     2.031519
    -0.068637     2.028210
    -0.066963     2.024978
    -0.065289     2.021823
    -0.063615     2.018745
    -0.061940     2.015745
    -0.060266     2.012822
    -0.058592     2.009977
    -0.056918     2.007210
    -0.055244     2.004522
    -0.053570     2.001912
    -0.051896     1.999381
    -0.050222     1.996929
    -0.048548     1.994556
    -0.046874     1.992263
    -0.045200     1.990049
    -0.043526     1.987915
    -0.041852     1.985860
    -0.040178     1.983886
    -0.038504     1.981991
    -0.036829     1.980177
    -0.035155     1.978443
    -0.033481     1.976789
    -0.031807     1.975216
    -0.030133     1.973723
    -0.028459     1.972310
    -0.026785     1.970978
    -0.025111     1.969727
    -0.023437     1.968556
    -0.021763     1.967465
    -0.020089     1.966456
    -0.018415     1.965526
    -0.016741     1.964678
    -0.015067     1.963910
    -0.013393     1.963223
    -0.011718     1.962616
    -0.010044     1.962090
    -0.008370     1.961646
    -0.006696     1.961283
    -0.005022     1.961002
    -0.003348     1.960802
    -0.001674     1.960684
     0.000000     1.960647
     0.001674     1.960691
     0.003348     1.960816
     0.005022     1.961021
     0.006696     1.961307
     0.008370     1.961673
     0.010044     1.962119
     0.011718     1.962646
     0.013393     1.963254
     0.015067     1.963942
     0.016741     1.964710
     0.018415     1.965559
     0.020089     1.966488
     0.021763     1.967497
     0.023437     1.968587
     0.025111     1.969758
     0.026785     1.971009
     0.028459     1.972340
     0.030133     1.973752
     0.031807     1.975244
     0.033481     1.976817
     0.035155     1.978470
     0.036829     1.980203
     0.038504     1.982017
     0.040178     1.983910
     0.041852     1.985884
     0.043526     1.987938
     0.045200     1.990071
     0.046874     1.992284
     0.048548     1.994577
     0.050222     1.996949
     0.051896     1.999400
     0.053570     2.001930
     0.055244     2.004539
     0.056918     2.007227
     0.058592     2.009993
     0.060266     2.012837
     0.061940     2.015759
     0.063615     2.018759
     0.065289     2.021837
     0.066963     2.024991
     0.068637     2.028223
     0.070311     2.031531
     0.071985     2.034915
     0.073659     2.038376
     0.075333     2.041912
     0.077007     2.045523
     0.078681     2.049209
     0.080355     2.052970
     0.082029     2.056804
     0.083703     2.060713
     0.085377     2.064695
     0.087051     2.068750
     0.088726     2.072877
     0.090400     2.077076
     0.092074     2.081347
     0.093748     2.085689
     0.095422     2.090101
     0.097096     2.094583
     0.098770     2.099135
     0.100444     2.103755
     0.102118     2.108443
     0.103792     2.113200
     0.105466     2.118023
     0.107140     2.122912
     0.108814     2.127868
     0.110488     2.132888
     0.112163     2.137973
     0.113837     2.143121
     0.115511     2.148332
     0.117185     2.153606
     0.118859     2.158940
     0.120533     2.164336
     0.122207     2.169791
     0.123881     2.175305
     0.125555     2.180877
     0.127229     2.186506
     0.128903     2.192192
     0.130577     2.197933
     0.132251     2.203729
     0.133925     2.209578
     0.135599     2.215479
     0.137274     2.221433
     0.138948     2.227436
     0.140622     2.233490
     0.142296     2.239592
     0.143970     2.245741
     0.145644     2.251937
     0.147318     2.258178
     0.148992     2.264463
     0.150666     2.270791
     0.152340     2.277161
     0.154014     2.283571
     0.155688     2.290021
     0.157362     2.296510
     0.159036     2.303035
     0.160710     2.309597
     0.162385     2.316193
     0.164059     2.322822
     0.165733     2.329483
     0.167407     2.336175


