    -0.167407    -3.907036
    -0.165733    -3.907457
    -0.164059    -3.907876
    -0.162385    -3.908294
    -0.160710    -3.908711
    -0.159036    -3.909125
    -0.157362    -3.909538
    -0.155688    -3.909948
    -0.154014    -3.910356
    -0.152340    -3.910762
    -0.150666    -3.911164
    -0.148992    -3.911564
    -0.147318    -3.911961
    -0.145644    -3.912354
    -0.143970    -3.912744
    -0.142296    -3.913130
    -0.140622    -3.913513
    -0.138948    -3.913891
    -0.137274    -3.914266
    -0.135599    -3.914636
    -0.133925    -3.915002
    -0.132251    -3.915363
    -0.130577    -3.915720
    -0.128903    -3.916072
    -0.127229    -3.916419
    -0.125555    -3.916761
    -0.123881    -3.917098
    -0.122207    -3.917429
    -0.120533    -3.917755
    -0.118859    -3.918075
    -0.117185    -3.918390
    -0.115511    -3.918698
    -0.113837    -3.919001
    -0.112163    -3.919298
    -0.110488    -3.919588
    -0.108814    -3.919872
    -0.107140    -3.920150
    -0.105466    -3.920421
    -0.103792    -3.920685
    -0.102118    -3.920943
    -0.100444    -3.921193
    -0.098770    -3.921437
    -0.097096    -3.921674
    -0.095422    -3.921903
    -0.093748    -3.922125
    -0.092074    -3.922340
    -0.090400    -3.922548
    -0.088726    -3.922748
    -0.087051    -3.922940
    -0.085377    -3.923124
    -0.083703    -3.923301
    -0.082029    -3.923470
    -0.080355    -3.923630
    -0.078681    -3.923783
    -0.077007    -3.923928
    -0.075333    -3.924064
    -0.073659    -3.924192
    -0.071985    -3.924312
    -0.070311    -3.924423
    -0.068637    -3.924526
    -0.066963    -3.924620
    -0.065289    -3.924705
    -0.063615    -3.924782
    -0.061940    -3.924850
    -0.060266    -3.924909
    -0.058592    -3.924959
    -0.056918    -3.925000
    -0.055244    -3.925033
    -0.053570    -3.925056
    -0.051896    -3.925070
    -0.050222    -3.925074
    -0.048548    -3.925070
    -0.046874    -3.925056
    -0.045200    -3.925033
    -0.043526    -3.925000
    -0.041852    -3.924958
    -0.040178    -3.924907
    -0.038504    -3.924846
    -0.036829    -3.924775
    -0.035155    -3.924695
    -0.033481    -3.924605
    -0.031807    -3.924505
    -0.030133    -3.924396
    -0.028459    -3.924277
    -0.026785    -3.924148
    -0.025111    -3.924009
    -0.023437    -3.923860
    -0.021763    -3.923702
    -0.020089    -3.923533
    -0.018415    -3.923354
    -0.016741    -3.923166
    -0.015067    -3.922967
    -0.013393    -3.922758
    -0.011718    -3.922539
    -0.010044    -3.922310
    -0.008370    -3.922071
    -0.006696    -3.921822
    -0.005022    -3.921562
    -0.003348    -3.921292
    -0.001674    -3.921012
     0.000000    -3.920728
     0.001674    -3.921015
     0.003348    -3.921295
     0.005022    -3.921565
     0.006696    -3.921825
     0.008370    -3.922074
     0.010044    -3.922313
     0.011718    -3.922543
     0.013393    -3.922762
     0.015067    -3.922970
     0.016741    -3.923169
     0.018415    -3.923358
     0.020089    -3.923537
     0.021763    -3.923705
     0.023437    -3.923864
     0.025111    -3.924013
     0.026785    -3.924152
     0.028459    -3.924281
     0.030133    -3.924400
     0.031807    -3.924509
     0.033481    -3.924609
     0.035155    -3.924699
     0.036829    -3.924779
     0.038504    -3.924849
     0.040178    -3.924910
     0.041852    -3.924962
     0.043526    -3.925004
     0.045200    -3.925036
     0.046874    -3.925059
     0.048548    -3.925073
     0.050222    -3.925077
     0.051896    -3.925072
     0.053570    -3.925058
     0.055244    -3.925035
     0.056918    -3.925003
     0.058592    -3.924961
     0.060266    -3.924911
     0.061940    -3.924852
     0.063615    -3.924784
     0.065289    -3.924707
     0.066963    -3.924621
     0.068637    -3.924527
     0.070311    -3.924424
     0.071985    -3.924312
     0.073659    -3.924193
     0.075333    -3.924064
     0.077007    -3.923928
     0.078681    -3.923783
     0.080355    -3.923630
     0.082029    -3.923469
     0.083703    -3.923300
     0.085377    -3.923123
     0.087051    -3.922938
     0.088726    -3.922746
     0.090400    -3.922546
     0.092074    -3.922338
     0.093748    -3.922123
     0.095422    -3.921900
     0.097096    -3.921670
     0.098770    -3.921433
     0.100444    -3.921189
     0.102118    -3.920938
     0.103792    -3.920680
     0.105466    -3.920416
     0.107140    -3.920144
     0.108814    -3.919866
     0.110488    -3.919582
     0.112163    -3.919291
     0.113837    -3.918994
     0.115511    -3.918691
     0.117185    -3.918382
     0.118859    -3.918068
     0.120533    -3.917747
     0.122207    -3.917421
     0.123881    -3.917089
     0.125555    -3.916752
     0.127229    -3.916410
     0.128903    -3.916063
     0.130577    -3.915710
     0.132251    -3.915353
     0.133925    -3.914992
     0.135599    -3.914625
     0.137274    -3.914255
     0.138948    -3.913880
     0.140622    -3.913501
     0.142296    -3.913118
     0.143970    -3.912732
     0.145644    -3.912341
     0.147318    -3.911948
     0.148992    -3.911551
     0.150666    -3.911151
     0.152340    -3.910748
     0.154014    -3.910342
     0.155688    -3.909934
     0.157362    -3.909524
     0.159036    -3.909111
     0.160710    -3.908696
     0.162385    -3.908279
     0.164059    -3.907861
     0.165733    -3.907441
     0.167407    -3.907020


    -0.167407    -3.840904
    -0.165733    -3.842148
    -0.164059    -3.843384
    -0.162385    -3.844614
    -0.160710    -3.845836
    -0.159036    -3.847050
    -0.157362    -3.848258
    -0.155688    -3.849457
    -0.154014    -3.850649
    -0.152340    -3.851834
    -0.150666    -3.853011
    -0.148992    -3.854180
    -0.147318    -3.855341
    -0.145644    -3.856494
    -0.143970    -3.857639
    -0.142296    -3.858776
    -0.140622    -3.859905
    -0.138948    -3.861026
    -0.137274    -3.862138
    -0.135599    -3.863242
    -0.133925    -3.864337
    -0.132251    -3.865424
    -0.130577    -3.866502
    -0.128903    -3.867572
    -0.127229    -3.868633
    -0.125555    -3.869685
    -0.123881    -3.870728
    -0.122207    -3.871762
    -0.120533    -3.872788
    -0.118859    -3.873804
    -0.117185    -3.874812
    -0.115511    -3.875810
    -0.113837    -3.876799
    -0.112163    -3.877779
    -0.110488    -3.878750
    -0.108814    -3.879711
    -0.107140    -3.880663
    -0.105466    -3.881605
    -0.103792    -3.882538
    -0.102118    -3.883462
    -0.100444    -3.884376
    -0.098770    -3.885280
    -0.097096    -3.886175
    -0.095422    -3.887060
    -0.093748    -3.887936
    -0.092074    -3.888801
    -0.090400    -3.889657
    -0.088726    -3.890503
    -0.087051    -3.891339
    -0.085377    -3.892166
    -0.083703    -3.892982
    -0.082029    -3.893789
    -0.080355    -3.894585
    -0.078681    -3.895371
    -0.077007    -3.896148
    -0.075333    -3.896914
    -0.073659    -3.897670
    -0.071985    -3.898417
    -0.070311    -3.899153
    -0.068637    -3.899878
    -0.066963    -3.900594
    -0.065289    -3.901299
    -0.063615    -3.901995
    -0.061940    -3.902679
    -0.060266    -3.903354
    -0.058592    -3.904018
    -0.056918    -3.904673
    -0.055244    -3.905316
    -0.053570    -3.905950
    -0.051896    -3.906573
    -0.050222    -3.907185
    -0.048548    -3.907788
    -0.046874    -3.908380
    -0.045200    -3.908961
    -0.043526    -3.909532
    -0.041852    -3.910093
    -0.040178    -3.910643
    -0.038504    -3.911183
    -0.036829    -3.911713
    -0.035155    -3.912232
    -0.033481    -3.912740
    -0.031807    -3.913239
    -0.030133    -3.913726
    -0.028459    -3.914204
    -0.026785    -3.914671
    -0.025111    -3.915127
    -0.023437    -3.915573
    -0.021763    -3.916008
    -0.020089    -3.916434
    -0.018415    -3.916848
    -0.016741    -3.917253
    -0.015067    -3.917646
    -0.013393    -3.918030
    -0.011718    -3.918403
    -0.010044    -3.918766
    -0.008370    -3.919118
    -0.006696    -3.919460
    -0.005022    -3.919792
    -0.003348    -3.920113
    -0.001674    -3.920424
     0.000000    -3.920719
     0.001674    -3.920422
     0.003348    -3.920111
     0.005022    -3.919790
     0.006696    -3.919458
     0.008370    -3.919116
     0.010044    -3.918764
     0.011718    -3.918402
     0.013393    -3.918029
     0.015067    -3.917645
     0.016741    -3.917252
     0.018415    -3.916848
     0.020089    -3.916433
     0.021763    -3.916008
     0.023437    -3.915573
     0.025111    -3.915127
     0.026785    -3.914671
     0.028459    -3.914204
     0.030133    -3.913727
     0.031807    -3.913239
     0.033481    -3.912741
     0.035155    -3.912233
     0.036829    -3.911714
     0.038504    -3.911185
     0.040178    -3.910645
     0.041852    -3.910095
     0.043526    -3.909534
     0.045200    -3.908963
     0.046874    -3.908382
     0.048548    -3.907790
     0.050222    -3.907188
     0.051896    -3.906576
     0.053570    -3.905953
     0.055244    -3.905319
     0.056918    -3.904676
     0.058592    -3.904022
     0.060266    -3.903358
     0.061940    -3.902683
     0.063615    -3.901998
     0.065289    -3.901303
     0.066963    -3.900598
     0.068637    -3.899883
     0.070311    -3.899157
     0.071985    -3.898421
     0.073659    -3.897675
     0.075333    -3.896919
     0.077007    -3.896153
     0.078681    -3.895376
     0.080355    -3.894590
     0.082029    -3.893794
     0.083703    -3.892987
     0.085377    -3.892171
     0.087051    -3.891345
     0.088726    -3.890508
     0.090400    -3.889662
     0.092074    -3.888807
     0.093748    -3.887941
     0.095422    -3.887065
     0.097096    -3.886180
     0.098770    -3.885286
     0.100444    -3.884381
     0.102118    -3.883467
     0.103792    -3.882544
     0.105466    -3.881610
     0.107140    -3.880668
     0.108814    -3.879716
     0.110488    -3.878755
     0.112163    -3.877784
     0.113837    -3.876804
     0.115511    -3.875815
     0.117185    -3.874816
     0.118859    -3.873809
     0.120533    -3.872792
     0.122207    -3.871767
     0.123881    -3.870732
     0.125555    -3.869689
     0.127229    -3.868637
     0.128903    -3.867576
     0.130577    -3.866506
     0.132251    -3.865428
     0.133925    -3.864341
     0.135599    -3.863245
     0.137274    -3.862141
     0.138948    -3.861029
     0.140622    -3.859908
     0.142296    -3.858779
     0.143970    -3.857642
     0.145644    -3.856497
     0.147318    -3.855343
     0.148992    -3.854182
     0.150666    -3.853013
     0.152340    -3.851836
     0.154014    -3.850651
     0.155688    -3.849459
     0.157362    -3.848259
     0.159036    -3.847051
     0.160710    -3.845836
     0.162385    -3.844614
     0.164059    -3.843385
     0.165733    -3.842148
     0.167407    -3.840904


    -0.167407    -2.446411
    -0.165733    -2.442150
    -0.164059    -2.438002
    -0.162385    -2.433963
    -0.160710    -2.430030
    -0.159036    -2.426198
    -0.157362    -2.422463
    -0.155688    -2.418823
    -0.154014    -2.415272
    -0.152340    -2.411808
    -0.150666    -2.408428
    -0.148992    -2.405128
    -0.147318    -2.401905
    -0.145644    -2.398756
    -0.143970    -2.395679
    -0.142296    -2.392671
    -0.140622    -2.389729
    -0.138948    -2.386851
    -0.137274    -2.384034
    -0.135599    -2.381278
    -0.133925    -2.378579
    -0.132251    -2.375936
    -0.130577    -2.373347
    -0.128903    -2.370810
    -0.127229    -2.368324
    -0.125555    -2.365888
    -0.123881    -2.363499
    -0.122207    -2.361156
    -0.120533    -2.358859
    -0.118859    -2.356606
    -0.117185    -2.354396
    -0.115511    -2.352227
    -0.113837    -2.350100
    -0.112163    -2.348012
    -0.110488    -2.345964
    -0.108814    -2.343954
    -0.107140    -2.341981
    -0.105466    -2.340045
    -0.103792    -2.338146
    -0.102118    -2.336282
    -0.100444    -2.334452
    -0.098770    -2.332658
    -0.097096    -2.330896
    -0.095422    -2.329169
    -0.093748    -2.327474
    -0.092074    -2.325811
    -0.090400    -2.324180
    -0.088726    -2.322581
    -0.087051    -2.321013
    -0.085377    -2.319476
    -0.083703    -2.317970
    -0.082029    -2.316494
    -0.080355    -2.315048
    -0.078681    -2.313631
    -0.077007    -2.312244
    -0.075333    -2.310887
    -0.073659    -2.309558
    -0.071985    -2.308258
    -0.070311    -2.306987
    -0.068637    -2.305744
    -0.066963    -2.304530
    -0.065289    -2.303344
    -0.063615    -2.302185
    -0.061940    -2.301055
    -0.060266    -2.299952
    -0.058592    -2.298877
    -0.056918    -2.297830
    -0.055244    -2.296809
    -0.053570    -2.295816
    -0.051896    -2.294851
    -0.050222    -2.293912
    -0.048548    -2.293001
    -0.046874    -2.292116
    -0.045200    -2.291259
    -0.043526    -2.290428
    -0.041852    -2.289624
    -0.040178    -2.288847
    -0.038504    -2.288096
    -0.036829    -2.287372
    -0.035155    -2.286675
    -0.033481    -2.286004
    -0.031807    -2.285359
    -0.030133    -2.284741
    -0.028459    -2.284150
    -0.026785    -2.283585
    -0.025111    -2.283046
    -0.023437    -2.282533
    -0.021763    -2.282047
    -0.020089    -2.281587
    -0.018415    -2.281153
    -0.016741    -2.280745
    -0.015067    -2.280363
    -0.013393    -2.280008
    -0.011718    -2.279678
    -0.010044    -2.279375
    -0.008370    -2.279098
    -0.006696    -2.278846
    -0.005022    -2.278621
    -0.003348    -2.278421
    -0.001674    -2.278247
     0.000000    -2.278112
     0.001674    -2.278257
     0.003348    -2.278431
     0.005022    -2.278631
     0.006696    -2.278857
     0.008370    -2.279108
     0.010044    -2.279386
     0.011718    -2.279689
     0.013393    -2.280019
     0.015067    -2.280374
     0.016741    -2.280756
     0.018415    -2.281164
     0.020089    -2.281598
     0.021763    -2.282058
     0.023437    -2.282544
     0.025111    -2.283057
     0.026785    -2.283596
     0.028459    -2.284161
     0.030133    -2.284753
     0.031807    -2.285371
     0.033481    -2.286015
     0.035155    -2.286686
     0.036829    -2.287383
     0.038504    -2.288107
     0.040178    -2.288858
     0.041852    -2.289635
     0.043526    -2.290439
     0.045200    -2.291270
     0.046874    -2.292127
     0.048548    -2.293012
     0.050222    -2.293923
     0.051896    -2.294862
     0.053570    -2.295827
     0.055244    -2.296820
     0.056918    -2.297840
     0.058592    -2.298888
     0.060266    -2.299963
     0.061940    -2.301065
     0.063615    -2.302196
     0.065289    -2.303354
     0.066963    -2.304540
     0.068637    -2.305755
     0.070311    -2.306997
     0.071985    -2.308268
     0.073659    -2.309568
     0.075333    -2.310897
     0.077007    -2.312254
     0.078681    -2.313641
     0.080355    -2.315057
     0.082029    -2.316503
     0.083703    -2.317979
     0.085377    -2.319486
     0.087051    -2.321023
     0.088726    -2.322590
     0.090400    -2.324189
     0.092074    -2.325820
     0.093748    -2.327482
     0.095422    -2.329177
     0.097096    -2.330905
     0.098770    -2.332666
     0.100444    -2.334461
     0.102118    -2.336290
     0.103792    -2.338154
     0.105466    -2.340054
     0.107140    -2.341990
     0.108814    -2.343962
     0.110488    -2.345972
     0.112163    -2.348020
     0.113837    -2.350108
     0.115511    -2.352235
     0.117185    -2.354404
     0.118859    -2.356614
     0.120533    -2.358867
     0.122207    -2.361164
     0.123881    -2.363507
     0.125555    -2.365896
     0.127229    -2.368332
     0.128903    -2.370818
     0.130577    -2.373355
     0.132251    -2.375944
     0.133925    -2.378587
     0.135599    -2.381286
     0.137274    -2.384042
     0.138948    -2.386858
     0.140622    -2.389736
     0.142296    -2.392678
     0.143970    -2.395686
     0.145644    -2.398763
     0.147318    -2.401912
     0.148992    -2.405135
     0.150666    -2.408435
     0.152340    -2.411815
     0.154014    -2.415279
     0.155688    -2.418830
     0.157362    -2.422470
     0.159036    -2.426204
     0.160710    -2.430036
     0.162385    -2.433969
     0.164059    -2.438008
     0.165733    -2.442156
     0.167407    -2.446417


    -0.167407    -2.401504
    -0.165733    -2.397958
    -0.164059    -2.394544
    -0.162385    -2.391254
    -0.160710    -2.388080
    -0.159036    -2.385015
    -0.157362    -2.382052
    -0.155688    -2.379184
    -0.154014    -2.376405
    -0.152340    -2.373710
    -0.150666    -2.371093
    -0.148992    -2.368550
    -0.147318    -2.366077
    -0.145644    -2.363669
    -0.143970    -2.361323
    -0.142296    -2.359035
    -0.140622    -2.356803
    -0.138948    -2.354624
    -0.137274    -2.352495
    -0.135599    -2.350413
    -0.133925    -2.348378
    -0.132251    -2.346386
    -0.130577    -2.344436
    -0.128903    -2.342526
    -0.127229    -2.340655
    -0.125555    -2.338821
    -0.123881    -2.337023
    -0.122207    -2.335261
    -0.120533    -2.333532
    -0.118859    -2.331836
    -0.117185    -2.330173
    -0.115511    -2.328541
    -0.113837    -2.326939
    -0.112163    -2.325367
    -0.110488    -2.323825
    -0.108814    -2.322312
    -0.107140    -2.320826
    -0.105466    -2.319369
    -0.103792    -2.317939
    -0.102118    -2.316536
    -0.100444    -2.315159
    -0.098770    -2.313809
    -0.097096    -2.312486
    -0.095422    -2.311188
    -0.093748    -2.309915
    -0.092074    -2.308668
    -0.090400    -2.307447
    -0.088726    -2.306250
    -0.087051    -2.305079
    -0.085377    -2.303932
    -0.083703    -2.302810
    -0.082029    -2.301713
    -0.080355    -2.300640
    -0.078681    -2.299592
    -0.077007    -2.298568
    -0.075333    -2.297569
    -0.073659    -2.296594
    -0.071985    -2.295643
    -0.070311    -2.294717
    -0.068637    -2.293815
    -0.066963    -2.292937
    -0.065289    -2.292083
    -0.063615    -2.291254
    -0.061940    -2.290450
    -0.060266    -2.289669
    -0.058592    -2.288913
    -0.056918    -2.288182
    -0.055244    -2.287474
    -0.053570    -2.286792
    -0.051896    -2.286134
    -0.050222    -2.285500
    -0.048548    -2.284891
    -0.046874    -2.284306
    -0.045200    -2.283746
    -0.043526    -2.283211
    -0.041852    -2.282701
    -0.040178    -2.282215
    -0.038504    -2.281754
    -0.036829    -2.281318
    -0.035155    -2.280907
    -0.033481    -2.280521
    -0.031807    -2.280160
    -0.030133    -2.279824
    -0.028459    -2.279513
    -0.026785    -2.279227
    -0.025111    -2.278967
    -0.023437    -2.278732
    -0.021763    -2.278521
    -0.020089    -2.278337
    -0.018415    -2.278177
    -0.016741    -2.278043
    -0.015067    -2.277935
    -0.013393    -2.277852
    -0.011718    -2.277794
    -0.010044    -2.277762
    -0.008370    -2.277756
    -0.006696    -2.277775
    -0.005022    -2.277820
    -0.003348    -2.277891
    -0.001674    -2.277987
     0.000000    -2.278097
     0.001674    -2.277977
     0.003348    -2.277881
     0.005022    -2.277811
     0.006696    -2.277766
     0.008370    -2.277747
     0.010044    -2.277754
     0.011718    -2.277786
     0.013393    -2.277843
     0.015067    -2.277927
     0.016741    -2.278036
     0.018415    -2.278170
     0.020089    -2.278329
     0.021763    -2.278514
     0.023437    -2.278725
     0.025111    -2.278960
     0.026785    -2.279221
     0.028459    -2.279507
     0.030133    -2.279819
     0.031807    -2.280155
     0.033481    -2.280516
     0.035155    -2.280903
     0.036829    -2.281314
     0.038504    -2.281750
     0.040178    -2.282212
     0.041852    -2.282698
     0.043526    -2.283208
     0.045200    -2.283744
     0.046874    -2.284304
     0.048548    -2.284889
     0.050222    -2.285498
     0.051896    -2.286132
     0.053570    -2.286791
     0.055244    -2.287474
     0.056918    -2.288182
     0.058592    -2.288914
     0.060266    -2.289670
     0.061940    -2.290451
     0.063615    -2.291256
     0.065289    -2.292085
     0.066963    -2.292939
     0.068637    -2.293817
     0.070311    -2.294720
     0.071985    -2.295646
     0.073659    -2.296597
     0.075333    -2.297573
     0.077007    -2.298573
     0.078681    -2.299597
     0.080355    -2.300645
     0.082029    -2.301719
     0.083703    -2.302816
     0.085377    -2.303939
     0.087051    -2.305086
     0.088726    -2.306258
     0.090400    -2.307454
     0.092074    -2.308676
     0.093748    -2.309924
     0.095422    -2.311196
     0.097096    -2.312495
     0.098770    -2.313819
     0.100444    -2.315169
     0.102118    -2.316546
     0.103792    -2.317949
     0.105466    -2.319379
     0.107140    -2.320837
     0.108814    -2.322323
     0.110488    -2.323836
     0.112163    -2.325379
     0.113837    -2.326951
     0.115511    -2.328553
     0.117185    -2.330185
     0.118859    -2.331849
     0.120533    -2.333545
     0.122207    -2.335274
     0.123881    -2.337036
     0.125555    -2.338834
     0.127229    -2.340668
     0.128903    -2.342539
     0.130577    -2.344449
     0.132251    -2.346399
     0.133925    -2.348392
     0.135599    -2.350427
     0.137274    -2.352509
     0.138948    -2.354638
     0.140622    -2.356817
     0.142296    -2.359050
     0.143970    -2.361337
     0.145644    -2.363683
     0.147318    -2.366091
     0.148992    -2.368564
     0.150666    -2.371107
     0.152340    -2.373724
     0.154014    -2.376419
     0.155688    -2.379198
     0.157362    -2.382066
     0.159036    -2.385029
     0.160710    -2.388094
     0.162385    -2.391268
     0.164059    -2.394557
     0.165733    -2.397971
     0.167407    -2.401517


    -0.167407    -2.174687
    -0.165733    -2.166271
    -0.164059    -2.157780
    -0.162385    -2.149225
    -0.160710    -2.140615
    -0.159036    -2.131959
    -0.157362    -2.123267
    -0.155688    -2.114547
    -0.154014    -2.105806
    -0.152340    -2.097053
    -0.150666    -2.088293
    -0.148992    -2.079533
    -0.147318    -2.070780
    -0.145644    -2.062039
    -0.143970    -2.053316
    -0.142296    -2.044616
    -0.140622    -2.035944
    -0.138948    -2.027304
    -0.137274    -2.018700
    -0.135599    -2.010138
    -0.133925    -2.001620
    -0.132251    -1.993150
    -0.130577    -1.984733
    -0.128903    -1.976370
    -0.127229    -1.968066
    -0.125555    -1.959823
    -0.123881    -1.951644
    -0.122207    -1.943532
    -0.120533    -1.935489
    -0.118859    -1.927518
    -0.117185    -1.919622
    -0.115511    -1.911801
    -0.113837    -1.904059
    -0.112163    -1.896398
    -0.110488    -1.888819
    -0.108814    -1.881323
    -0.107140    -1.873914
    -0.105466    -1.866591
    -0.103792    -1.859357
    -0.102118    -1.852213
    -0.100444    -1.845161
    -0.098770    -1.838201
    -0.097096    -1.831334
    -0.095422    -1.824562
    -0.093748    -1.817885
    -0.092074    -1.811304
    -0.090400    -1.804820
    -0.088726    -1.798434
    -0.087051    -1.792146
    -0.085377    -1.785956
    -0.083703    -1.779866
    -0.082029    -1.773875
    -0.080355    -1.767983
    -0.078681    -1.762191
    -0.077007    -1.756499
    -0.075333    -1.750907
    -0.073659    -1.745415
    -0.071985    -1.740023
    -0.070311    -1.734730
    -0.068637    -1.729538
    -0.066963    -1.724444
    -0.065289    -1.719450
    -0.063615    -1.714554
    -0.061940    -1.709757
    -0.060266    -1.705058
    -0.058592    -1.700457
    -0.056918    -1.695953
    -0.055244    -1.691546
    -0.053570    -1.687236
    -0.051896    -1.683022
    -0.050222    -1.678904
    -0.048548    -1.674881
    -0.046874    -1.670954
    -0.045200    -1.667121
    -0.043526    -1.663381
    -0.041852    -1.659732
    -0.040178    -1.656174
    -0.038504    -1.652704
    -0.036829    -1.649321
    -0.035155    -1.646024
    -0.033481    -1.642812
    -0.031807    -1.639684
    -0.030133    -1.636641
    -0.028459    -1.633681
    -0.026785    -1.630806
    -0.025111    -1.628016
    -0.023437    -1.625311
    -0.021763    -1.622693
    -0.020089    -1.620164
    -0.018415    -1.617725
    -0.016741    -1.615381
    -0.015067    -1.613135
    -0.013393    -1.610995
    -0.011718    -1.608969
    -0.010044    -1.607071
    -0.008370    -1.605323
    -0.006696    -1.603755
    -0.005022    -1.602412
    -0.003348    -1.601358
    -0.001674    -1.600672
     0.000000    -1.600428
     0.001674    -1.600663
     0.003348    -1.601346
     0.005022    -1.602399
     0.006696    -1.603741
     0.008370    -1.605309
     0.010044    -1.607058
     0.011718    -1.608955
     0.013393    -1.610981
     0.015067    -1.613121
     0.016741    -1.615367
     0.018415    -1.617711
     0.020089    -1.620150
     0.021763    -1.622679
     0.023437    -1.625297
     0.025111    -1.628002
     0.026785    -1.630792
     0.028459    -1.633667
     0.030133    -1.636627
     0.031807    -1.639670
     0.033481    -1.642798
     0.035155    -1.646010
     0.036829    -1.649308
     0.038504    -1.652691
     0.040178    -1.656161
     0.041852    -1.659719
     0.043526    -1.663368
     0.045200    -1.667108
     0.046874    -1.670941
     0.048548    -1.674868
     0.050222    -1.678891
     0.051896    -1.683009
     0.053570    -1.687222
     0.055244    -1.691532
     0.056918    -1.695939
     0.058592    -1.700442
     0.060266    -1.705043
     0.061940    -1.709742
     0.063615    -1.714539
     0.065289    -1.719434
     0.066963    -1.724428
     0.068637    -1.729521
     0.070311    -1.734714
     0.071985    -1.740006
     0.073659    -1.745398
     0.075333    -1.750890
     0.077007    -1.756481
     0.078681    -1.762173
     0.080355    -1.767964
     0.082029    -1.773856
     0.083703    -1.779847
     0.085377    -1.785937
     0.087051    -1.792126
     0.088726    -1.798414
     0.090400    -1.804800
     0.092074    -1.811284
     0.093748    -1.817864
     0.095422    -1.824541
     0.097096    -1.831313
     0.098770    -1.838179
     0.100444    -1.845139
     0.102118    -1.852192
     0.103792    -1.859335
     0.105466    -1.866569
     0.107140    -1.873891
     0.108814    -1.881301
     0.110488    -1.888796
     0.112163    -1.896376
     0.113837    -1.904037
     0.115511    -1.911779
     0.117185    -1.919599
     0.118859    -1.927496
     0.120533    -1.935467
     0.122207    -1.943510
     0.123881    -1.951622
     0.125555    -1.959801
     0.127229    -1.968044
     0.128903    -1.976348
     0.130577    -1.984711
     0.132251    -1.993129
     0.133925    -2.001598
     0.135599    -2.010116
     0.137274    -2.018679
     0.138948    -2.027283
     0.140622    -2.035923
     0.142296    -2.044595
     0.143970    -2.053296
     0.145644    -2.062019
     0.147318    -2.070760
     0.148992    -2.079513
     0.150666    -2.088273
     0.152340    -2.097033
     0.154014    -2.105787
     0.155688    -2.114528
     0.157362    -2.123249
     0.159036    -2.131941
     0.160710    -2.140597
     0.162385    -2.149208
     0.164059    -2.157763
     0.165733    -2.166255
     0.167407    -2.174671


    -0.167407    -2.133305
    -0.165733    -2.125566
    -0.164059    -2.117788
    -0.162385    -2.109976
    -0.160710    -2.102135
    -0.159036    -2.094271
    -0.157362    -2.086389
    -0.155688    -2.078495
    -0.154014    -2.070592
    -0.152340    -2.062686
    -0.150666    -2.054781
    -0.148992    -2.046882
    -0.147318    -2.038993
    -0.145644    -2.031119
    -0.143970    -2.023262
    -0.142296    -2.015427
    -0.140622    -2.007617
    -0.138948    -1.999837
    -0.137274    -1.992088
    -0.135599    -1.984375
    -0.133925    -1.976701
    -0.132251    -1.969068
    -0.130577    -1.961478
    -0.128903    -1.953936
    -0.127229    -1.946443
    -0.125555    -1.939001
    -0.123881    -1.931613
    -0.122207    -1.924281
    -0.120533    -1.917007
    -0.118859    -1.909792
    -0.117185    -1.902640
    -0.115511    -1.895550
    -0.113837    -1.888526
    -0.112163    -1.881568
    -0.110488    -1.874678
    -0.108814    -1.867857
    -0.107140    -1.861107
    -0.105466    -1.854428
    -0.103792    -1.847823
    -0.102118    -1.841291
    -0.100444    -1.834833
    -0.098770    -1.828451
    -0.097096    -1.822146
    -0.095422    -1.815918
    -0.093748    -1.809768
    -0.092074    -1.803696
    -0.090400    -1.797703
    -0.088726    -1.791790
    -0.087051    -1.785957
    -0.085377    -1.780205
    -0.083703    -1.774533
    -0.082029    -1.768943
    -0.080355    -1.763434
    -0.078681    -1.758007
    -0.077007    -1.752662
    -0.075333    -1.747399
    -0.073659    -1.742219
    -0.071985    -1.737120
    -0.070311    -1.732105
    -0.068637    -1.727172
    -0.066963    -1.722321
    -0.065289    -1.717553
    -0.063615    -1.712868
    -0.061940    -1.708264
    -0.060266    -1.703744
    -0.058592    -1.699305
    -0.056918    -1.694948
    -0.055244    -1.690673
    -0.053570    -1.686480
    -0.051896    -1.682368
    -0.050222    -1.678336
    -0.048548    -1.674385
    -0.046874    -1.670514
    -0.045200    -1.666724
    -0.043526    -1.663014
    -0.041852    -1.659386
    -0.040178    -1.655840
    -0.038504    -1.652377
    -0.036829    -1.648999
    -0.035155    -1.645706
    -0.033481    -1.642498
    -0.031807    -1.639375
    -0.030133    -1.636339
    -0.028459    -1.633389
    -0.026785    -1.630525
    -0.025111    -1.627747
    -0.023437    -1.625057
    -0.021763    -1.622455
    -0.020089    -1.619942
    -0.018415    -1.617521
    -0.016741    -1.615195
    -0.015067    -1.612966
    -0.013393    -1.610843
    -0.011718    -1.608835
    -0.010044    -1.606954
    -0.008370    -1.605222
    -0.006696    -1.603669
    -0.005022    -1.602342
    -0.003348    -1.601305
    -0.001674    -1.600635
     0.000000    -1.600406
     0.001674    -1.600641
     0.003348    -1.601311
     0.005022    -1.602348
     0.006696    -1.603674
     0.008370    -1.605225
     0.010044    -1.606957
     0.011718    -1.608837
     0.013393    -1.610845
     0.015067    -1.612967
     0.016741    -1.615195
     0.018415    -1.617521
     0.020089    -1.619941
     0.021763    -1.622454
     0.023437    -1.625055
     0.025111    -1.627745
     0.026785    -1.630522
     0.028459    -1.633385
     0.030133    -1.636335
     0.031807    -1.639371
     0.033481    -1.642492
     0.035155    -1.645700
     0.036829    -1.648992
     0.038504    -1.652370
     0.040178    -1.655832
     0.041852    -1.659377
     0.043526    -1.663005
     0.045200    -1.666714
     0.046874    -1.670504
     0.048548    -1.674374
     0.050222    -1.678325
     0.051896    -1.682356
     0.053570    -1.686468
     0.055244    -1.690661
     0.056918    -1.694936
     0.058592    -1.699292
     0.060266    -1.703731
     0.061940    -1.708251
     0.063615    -1.712854
     0.065289    -1.717540
     0.066963    -1.722308
     0.068637    -1.727158
     0.070311    -1.732091
     0.071985    -1.737107
     0.073659    -1.742205
     0.075333    -1.747385
     0.077007    -1.752648
     0.078681    -1.757993
     0.080355    -1.763420
     0.082029    -1.768928
     0.083703    -1.774519
     0.085377    -1.780190
     0.087051    -1.785942
     0.088726    -1.791775
     0.090400    -1.797688
     0.092074    -1.803681
     0.093748    -1.809752
     0.095422    -1.815903
     0.097096    -1.822131
     0.098770    -1.828436
     0.100444    -1.834817
     0.102118    -1.841275
     0.103792    -1.847807
     0.105466    -1.854412
     0.107140    -1.861091
     0.108814    -1.867841
     0.110488    -1.874662
     0.112163    -1.881551
     0.113837    -1.888509
     0.115511    -1.895534
     0.117185    -1.902623
     0.118859    -1.909775
     0.120533    -1.916990
     0.122207    -1.924264
     0.123881    -1.931596
     0.125555    -1.938984
     0.127229    -1.946425
     0.128903    -1.953918
     0.130577    -1.961461
     0.132251    -1.969050
     0.133925    -1.976683
     0.135599    -1.984358
     0.137274    -1.992071
     0.138948    -1.999819
     0.140622    -2.007599
     0.142296    -2.015409
     0.143970    -2.023244
     0.145644    -2.031101
     0.147318    -2.038976
     0.148992    -2.046865
     0.150666    -2.054764
     0.152340    -2.062668
     0.154014    -2.070574
     0.155688    -2.078477
     0.157362    -2.086372
     0.159036    -2.094254
     0.160710    -2.102118
     0.162385    -2.109958
     0.164059    -2.117771
     0.165733    -2.125549
     0.167407    -2.133288


    -0.167407    -1.696733
    -0.165733    -1.693909
    -0.164059    -1.691105
    -0.162385    -1.688322
    -0.160710    -1.685561
    -0.159036    -1.682821
    -0.157362    -1.680103
    -0.155688    -1.677407
    -0.154014    -1.674734
    -0.152340    -1.672084
    -0.150666    -1.669458
    -0.148992    -1.666855
    -0.147318    -1.664277
    -0.145644    -1.661723
    -0.143970    -1.659195
    -0.142296    -1.656691
    -0.140622    -1.654214
    -0.138948    -1.651763
    -0.137274    -1.649339
    -0.135599    -1.646941
    -0.133925    -1.644572
    -0.132251    -1.642230
    -0.130577    -1.639917
    -0.128903    -1.637633
    -0.127229    -1.635379
    -0.125555    -1.633154
    -0.123881    -1.630960
    -0.122207    -1.628796
    -0.120533    -1.626664
    -0.118859    -1.624564
    -0.117185    -1.622496
    -0.115511    -1.620462
    -0.113837    -1.618460
    -0.112163    -1.616493
    -0.110488    -1.614560
    -0.108814    -1.612662
    -0.107140    -1.610799
    -0.105466    -1.608973
    -0.103792    -1.607184
    -0.102118    -1.605431
    -0.100444    -1.603717
    -0.098770    -1.602041
    -0.097096    -1.600404
    -0.095422    -1.598806
    -0.093748    -1.597248
    -0.092074    -1.595732
    -0.090400    -1.594256
    -0.088726    -1.592822
    -0.087051    -1.591431
    -0.085377    -1.590083
    -0.083703    -1.588778
    -0.082029    -1.587518
    -0.080355    -1.586303
    -0.078681    -1.585133
    -0.077007    -1.584009
    -0.075333    -1.582932
    -0.073659    -1.581903
    -0.071985    -1.580921
    -0.070311    -1.579987
    -0.068637    -1.579103
    -0.066963    -1.578269
    -0.065289    -1.577484
    -0.063615    -1.576751
    -0.061940    -1.576069
    -0.060266    -1.575439
    -0.058592    -1.574862
    -0.056918    -1.574338
    -0.055244    -1.573867
    -0.053570    -1.573451
    -0.051896    -1.573090
    -0.050222    -1.572783
    -0.048548    -1.572533
    -0.046874    -1.572339
    -0.045200    -1.572202
    -0.043526    -1.572122
    -0.041852    -1.572099
    -0.040178    -1.572134
    -0.038504    -1.572228
    -0.036829    -1.572380
    -0.035155    -1.572591
    -0.033481    -1.572861
    -0.031807    -1.573190
    -0.030133    -1.573579
    -0.028459    -1.574026
    -0.026785    -1.574532
    -0.025111    -1.575096
    -0.023437    -1.575717
    -0.021763    -1.576395
    -0.020089    -1.577127
    -0.018415    -1.577911
    -0.016741    -1.578745
    -0.015067    -1.579623
    -0.013393    -1.580538
    -0.011718    -1.581483
    -0.010044    -1.582441
    -0.008370    -1.583393
    -0.006696    -1.584308
    -0.005022    -1.585139
    -0.003348    -1.585821
    -0.001674    -1.586277
     0.000000    -1.586436
     0.001674    -1.586281
     0.003348    -1.585827
     0.005022    -1.585146
     0.006696    -1.584316
     0.008370    -1.583402
     0.010044    -1.582451
     0.011718    -1.581493
     0.013393    -1.580549
     0.015067    -1.579633
     0.016741    -1.578756
     0.018415    -1.577922
     0.020089    -1.577138
     0.021763    -1.576406
     0.023437    -1.575729
     0.025111    -1.575107
     0.026785    -1.574544
     0.028459    -1.574038
     0.030133    -1.573591
     0.031807    -1.573202
     0.033481    -1.572873
     0.035155    -1.572603
     0.036829    -1.572392
     0.038504    -1.572240
     0.040178    -1.572146
     0.041852    -1.572111
     0.043526    -1.572133
     0.045200    -1.572214
     0.046874    -1.572351
     0.048548    -1.572545
     0.050222    -1.572795
     0.051896    -1.573101
     0.053570    -1.573463
     0.055244    -1.573879
     0.056918    -1.574349
     0.058592    -1.574873
     0.060266    -1.575450
     0.061940    -1.576080
     0.063615    -1.576762
     0.065289    -1.577495
     0.066963    -1.578279
     0.068637    -1.579113
     0.070311    -1.579998
     0.071985    -1.580931
     0.073659    -1.581912
     0.075333    -1.582942
     0.077007    -1.584019
     0.078681    -1.585142
     0.080355    -1.586312
     0.082029    -1.587527
     0.083703    -1.588787
     0.085377    -1.590091
     0.087051    -1.591439
     0.088726    -1.592830
     0.090400    -1.594263
     0.092074    -1.595739
     0.093748    -1.597255
     0.095422    -1.598813
     0.097096    -1.600410
     0.098770    -1.602047
     0.100444    -1.603723
     0.102118    -1.605437
     0.103792    -1.607189
     0.105466    -1.608978
     0.107140    -1.610804
     0.108814    -1.612666
     0.110488    -1.614564
     0.112163    -1.616497
     0.113837    -1.618464
     0.115511    -1.620465
     0.117185    -1.622500
     0.118859    -1.624567
     0.120533    -1.626667
     0.122207    -1.628799
     0.123881    -1.630962
     0.125555    -1.633156
     0.127229    -1.635380
     0.128903    -1.637635
     0.130577    -1.639919
     0.132251    -1.642231
     0.133925    -1.644573
     0.135599    -1.646942
     0.137274    -1.649339
     0.138948    -1.651763
     0.140622    -1.654214
     0.142296    -1.656691
     0.143970    -1.659194
     0.145644    -1.661723
     0.147318    -1.664276
     0.148992    -1.666854
     0.150666    -1.669457
     0.152340    -1.672083
     0.154014    -1.674733
     0.155688    -1.677406
     0.157362    -1.680101
     0.159036    -1.682819
     0.160710    -1.685559
     0.162385    -1.688320
     0.164059    -1.691103
     0.165733    -1.693906
     0.167407    -1.696731


    -0.167407    -1.681253
    -0.165733    -1.678365
    -0.164059    -1.675508
    -0.162385    -1.672683
    -0.160710    -1.669891
    -0.159036    -1.667131
    -0.157362    -1.664405
    -0.155688    -1.661711
    -0.154014    -1.659052
    -0.152340    -1.656426
    -0.150666    -1.653834
    -0.148992    -1.651277
    -0.147318    -1.648754
    -0.145644    -1.646266
    -0.143970    -1.643813
    -0.142296    -1.641396
    -0.140622    -1.639014
    -0.138948    -1.636668
    -0.137274    -1.634357
    -0.135599    -1.632084
    -0.133925    -1.629846
    -0.132251    -1.627646
    -0.130577    -1.625482
    -0.128903    -1.623356
    -0.127229    -1.621267
    -0.125555    -1.619216
    -0.123881    -1.617202
    -0.122207    -1.615227
    -0.120533    -1.613290
    -0.118859    -1.611391
    -0.117185    -1.609532
    -0.115511    -1.607711
    -0.113837    -1.605929
    -0.112163    -1.604187
    -0.110488    -1.602485
    -0.108814    -1.600823
    -0.107140    -1.599200
    -0.105466    -1.597618
    -0.103792    -1.596077
    -0.102118    -1.594576
    -0.100444    -1.593117
    -0.098770    -1.591699
    -0.097096    -1.590322
    -0.095422    -1.588988
    -0.093748    -1.587695
    -0.092074    -1.586444
    -0.090400    -1.585237
    -0.088726    -1.584072
    -0.087051    -1.582950
    -0.085377    -1.581871
    -0.083703    -1.580836
    -0.082029    -1.579845
    -0.080355    -1.578898
    -0.078681    -1.577995
    -0.077007    -1.577137
    -0.075333    -1.576324
    -0.073659    -1.575556
    -0.071985    -1.574834
    -0.070311    -1.574157
    -0.068637    -1.573527
    -0.066963    -1.572943
    -0.065289    -1.572406
    -0.063615    -1.571916
    -0.061940    -1.571473
    -0.060266    -1.571078
    -0.058592    -1.570731
    -0.056918    -1.570432
    -0.055244    -1.570182
    -0.053570    -1.569980
    -0.051896    -1.569828
    -0.050222    -1.569725
    -0.048548    -1.569672
    -0.046874    -1.569670
    -0.045200    -1.569717
    -0.043526    -1.569816
    -0.041852    -1.569965
    -0.040178    -1.570166
    -0.038504    -1.570418
    -0.036829    -1.570721
    -0.035155    -1.571077
    -0.033481    -1.571484
    -0.031807    -1.571944
    -0.030133    -1.572456
    -0.028459    -1.573019
    -0.026785    -1.573634
    -0.025111    -1.574300
    -0.023437    -1.575016
    -0.021763    -1.575782
    -0.020089    -1.576595
    -0.018415    -1.577454
    -0.016741    -1.578356
    -0.015067    -1.579295
    -0.013393    -1.580267
    -0.011718    -1.581261
    -0.010044    -1.582263
    -0.008370    -1.583254
    -0.006696    -1.584203
    -0.005022    -1.585064
    -0.003348    -1.585774
    -0.001674    -1.586254
     0.000000    -1.586429
     0.001674    -1.586252
     0.003348    -1.585772
     0.005022    -1.585062
     0.006696    -1.584201
     0.008370    -1.583252
     0.010044    -1.582261
     0.011718    -1.581258
     0.013393    -1.580263
     0.015067    -1.579292
     0.016741    -1.578352
     0.018415    -1.577450
     0.020089    -1.576590
     0.021763    -1.575776
     0.023437    -1.575010
     0.025111    -1.574294
     0.026785    -1.573628
     0.028459    -1.573012
     0.030133    -1.572449
     0.031807    -1.571937
     0.033481    -1.571477
     0.035155    -1.571069
     0.036829    -1.570713
     0.038504    -1.570410
     0.040178    -1.570157
     0.041852    -1.569956
     0.043526    -1.569807
     0.045200    -1.569708
     0.046874    -1.569660
     0.048548    -1.569663
     0.050222    -1.569716
     0.051896    -1.569818
     0.053570    -1.569970
     0.055244    -1.570172
     0.056918    -1.570422
     0.058592    -1.570721
     0.060266    -1.571068
     0.061940    -1.571463
     0.063615    -1.571906
     0.065289    -1.572396
     0.066963    -1.572933
     0.068637    -1.573517
     0.070311    -1.574147
     0.071985    -1.574823
     0.073659    -1.575545
     0.075333    -1.576313
     0.077007    -1.577126
     0.078681    -1.577984
     0.080355    -1.578887
     0.082029    -1.579834
     0.083703    -1.580825
     0.085377    -1.581860
     0.087051    -1.582939
     0.088726    -1.584061
     0.090400    -1.585226
     0.092074    -1.586434
     0.093748    -1.587684
     0.095422    -1.588977
     0.097096    -1.590312
     0.098770    -1.591689
     0.100444    -1.593107
     0.102118    -1.594566
     0.103792    -1.596067
     0.105466    -1.597608
     0.107140    -1.599191
     0.108814    -1.600813
     0.110488    -1.602476
     0.112163    -1.604178
     0.113837    -1.605920
     0.115511    -1.607702
     0.117185    -1.609523
     0.118859    -1.611383
     0.120533    -1.613281
     0.122207    -1.615218
     0.123881    -1.617194
     0.125555    -1.619208
     0.127229    -1.621259
     0.128903    -1.623348
     0.130577    -1.625475
     0.132251    -1.627639
     0.133925    -1.629839
     0.135599    -1.632077
     0.137274    -1.634351
     0.138948    -1.636661
     0.140622    -1.639008
     0.142296    -1.641390
     0.143970    -1.643808
     0.145644    -1.646261
     0.147318    -1.648749
     0.148992    -1.651272
     0.150666    -1.653830
     0.152340    -1.656422
     0.154014    -1.659048
     0.155688    -1.661708
     0.157362    -1.664401
     0.159036    -1.667128
     0.160710    -1.669888
     0.162385    -1.672680
     0.164059    -1.675505
     0.165733    -1.678362
     0.167407    -1.681251


    -0.167407    -1.299330
    -0.165733    -1.293489
    -0.164059    -1.287598
    -0.162385    -1.281655
    -0.160710    -1.275662
    -0.159036    -1.269619
    -0.157362    -1.263524
    -0.155688    -1.257380
    -0.154014    -1.251185
    -0.152340    -1.244941
    -0.150666    -1.238647
    -0.148992    -1.232303
    -0.147318    -1.225911
    -0.145644    -1.219471
    -0.143970    -1.212985
    -0.142296    -1.206459
    -0.140622    -1.199974
    -0.138948    -1.193957
    -0.137274    -1.188014
    -0.135599    -1.182033
    -0.133925    -1.176008
    -0.132251    -1.169937
    -0.130577    -1.163819
    -0.128903    -1.157653
    -0.127229    -1.151440
    -0.125555    -1.145178
    -0.123881    -1.138868
    -0.122207    -1.132510
    -0.120533    -1.126103
    -0.118859    -1.119648
    -0.117185    -1.113145
    -0.115511    -1.106593
    -0.113837    -1.099993
    -0.112163    -1.093346
    -0.110488    -1.086651
    -0.108814    -1.079910
    -0.107140    -1.073122
    -0.105466    -1.066289
    -0.103792    -1.059411
    -0.102118    -1.052488
    -0.100444    -1.045524
    -0.098770    -1.038517
    -0.097096    -1.031470
    -0.095422    -1.024383
    -0.093748    -1.017259
    -0.092074    -1.010099
    -0.090400    -1.002904
    -0.088726    -0.995678
    -0.087051    -0.988421
    -0.085377    -0.981136
    -0.083703    -0.973826
    -0.082029    -0.966493
    -0.080355    -0.959140
    -0.078681    -0.951770
    -0.077007    -0.944386
    -0.075333    -0.936991
    -0.073659    -0.929590
    -0.071985    -0.922186
    -0.070311    -0.914783
    -0.068637    -0.907386
    -0.066963    -0.899999
    -0.065289    -0.892628
    -0.063615    -0.885277
    -0.061940    -0.877951
    -0.060266    -0.870658
    -0.058592    -0.863402
    -0.056918    -0.856190
    -0.055244    -0.849030
    -0.053570    -0.841928
    -0.051896    -0.834893
    -0.050222    -0.827931
    -0.048548    -0.821051
    -0.046874    -0.814263
    -0.045200    -0.807575
    -0.043526    -0.800996
    -0.041852    -0.794537
    -0.040178    -0.788208
    -0.038504    -0.782020
    -0.036829    -0.775983
    -0.035155    -0.770110
    -0.033481    -0.764410
    -0.031807    -0.758897
    -0.030133    -0.753582
    -0.028459    -0.748477
    -0.026785    -0.743593
    -0.025111    -0.738943
    -0.023437    -0.734538
    -0.021763    -0.730390
    -0.020089    -0.726508
    -0.018415    -0.722903
    -0.016741    -0.719585
    -0.015067    -0.716561
    -0.013393    -0.713840
    -0.011718    -0.711429
    -0.010044    -0.709332
    -0.008370    -0.707554
    -0.006696    -0.706099
    -0.005022    -0.704969
    -0.003348    -0.704163
    -0.001674    -0.703679
     0.000000    -0.703517
     0.001674    -0.703674
     0.003348    -0.704151
     0.005022    -0.704957
     0.006696    -0.706089
     0.008370    -0.707544
     0.010044    -0.709322
     0.011718    -0.711419
     0.013393    -0.713830
     0.015067    -0.716551
     0.016741    -0.719574
     0.018415    -0.722893
     0.020089    -0.726497
     0.021763    -0.730379
     0.023437    -0.734528
     0.025111    -0.738933
     0.026785    -0.743583
     0.028459    -0.748466
     0.030133    -0.753572
     0.031807    -0.758887
     0.033481    -0.764400
     0.035155    -0.770100
     0.036829    -0.775973
     0.038504    -0.782010
     0.040178    -0.788199
     0.041852    -0.794528
     0.043526    -0.800987
     0.045200    -0.807566
     0.046874    -0.814254
     0.048548    -0.821043
     0.050222    -0.827922
     0.051896    -0.834885
     0.053570    -0.841921
     0.055244    -0.849023
     0.056918    -0.856183
     0.058592    -0.863395
     0.060266    -0.870651
     0.061940    -0.877945
     0.063615    -0.885270
     0.065289    -0.892622
     0.066963    -0.899994
     0.068637    -0.907381
     0.070311    -0.914778
     0.071985    -0.922181
     0.073659    -0.929585
     0.075333    -0.936987
     0.077007    -0.944381
     0.078681    -0.951766
     0.080355    -0.959136
     0.082029    -0.966489
     0.083703    -0.973823
     0.085377    -0.981133
     0.087051    -0.988418
     0.088726    -0.995675
     0.090400    -1.002902
     0.092074    -1.010097
     0.093748    -1.017257
     0.095422    -1.024381
     0.097096    -1.031468
     0.098770    -1.038515
     0.100444    -1.045522
     0.102118    -1.052487
     0.103792    -1.059410
     0.105466    -1.066288
     0.107140    -1.073121
     0.108814    -1.079909
     0.110488    -1.086651
     0.112163    -1.093346
     0.113837    -1.099993
     0.115511    -1.106593
     0.117185    -1.113145
     0.118859    -1.119648
     0.120533    -1.126103
     0.122207    -1.132510
     0.123881    -1.138868
     0.125555    -1.145178
     0.127229    -1.151440
     0.128903    -1.157653
     0.130577    -1.163819
     0.132251    -1.169937
     0.133925    -1.176008
     0.135599    -1.182033
     0.137274    -1.188013
     0.138948    -1.193954
     0.140622    -1.199959
     0.142296    -1.206445
     0.143970    -1.212972
     0.145644    -1.219458
     0.147318    -1.225898
     0.148992    -1.232290
     0.150666    -1.238633
     0.152340    -1.244926
     0.154014    -1.251170
     0.155688    -1.257365
     0.157362    -1.263509
     0.159036    -1.269602
     0.160710    -1.275646
     0.162385    -1.281638
     0.164059    -1.287580
     0.165733    -1.293472
     0.167407    -1.299312


    -0.167407    -1.288168
    -0.165733    -1.282941
    -0.164059    -1.277678
    -0.162385    -1.272378
    -0.160710    -1.267040
    -0.159036    -1.261663
    -0.157362    -1.256247
    -0.155688    -1.250792
    -0.154014    -1.245296
    -0.152340    -1.239759
    -0.150666    -1.234181
    -0.148992    -1.228560
    -0.147318    -1.222896
    -0.145644    -1.217188
    -0.143970    -1.211434
    -0.142296    -1.205629
    -0.140622    -1.199689
    -0.138948    -1.193190
    -0.137274    -1.186525
    -0.135599    -1.179806
    -0.133925    -1.173041
    -0.132251    -1.166231
    -0.130577    -1.159378
    -0.128903    -1.152482
    -0.127229    -1.145546
    -0.125555    -1.138570
    -0.123881    -1.131555
    -0.122207    -1.124503
    -0.120533    -1.117414
    -0.118859    -1.110291
    -0.117185    -1.103135
    -0.115511    -1.095947
    -0.113837    -1.088729
    -0.112163    -1.081482
    -0.110488    -1.074209
    -0.108814    -1.066910
    -0.107140    -1.059588
    -0.105466    -1.052245
    -0.103792    -1.044883
    -0.102118    -1.037504
    -0.100444    -1.030110
    -0.098770    -1.022704
    -0.097096    -1.015287
    -0.095422    -1.007863
    -0.093748    -1.000434
    -0.092074    -0.993001
    -0.090400    -0.985569
    -0.088726    -0.978140
    -0.087051    -0.970716
    -0.085377    -0.963302
    -0.083703    -0.955899
    -0.082029    -0.948510
    -0.080355    -0.941140
    -0.078681    -0.933792
    -0.077007    -0.926468
    -0.075333    -0.919173
    -0.073659    -0.911910
    -0.071985    -0.904682
    -0.070311    -0.897494
    -0.068637    -0.890350
    -0.066963    -0.883254
    -0.065289    -0.876209
    -0.063615    -0.869220
    -0.061940    -0.862292
    -0.060266    -0.855429
    -0.058592    -0.848636
    -0.056918    -0.841918
    -0.055244    -0.835279
    -0.053570    -0.828726
    -0.051896    -0.822262
    -0.050222    -0.815894
    -0.048548    -0.809626
    -0.046874    -0.803466
    -0.045200    -0.797419
    -0.043526    -0.791491
    -0.041852    -0.785688
    -0.040178    -0.780017
    -0.038504    -0.774484
    -0.036829    -0.769098
    -0.035155    -0.763864
    -0.033481    -0.758790
    -0.031807    -0.753883
    -0.030133    -0.749152
    -0.028459    -0.744605
    -0.026785    -0.740249
    -0.025111    -0.736092
    -0.023437    -0.732144
    -0.021763    -0.728413
    -0.020089    -0.724908
    -0.018415    -0.721636
    -0.016741    -0.718608
    -0.015067    -0.715832
    -0.013393    -0.713316
    -0.011718    -0.711069
    -0.010044    -0.709098
    -0.008370    -0.707413
    -0.006696    -0.706020
    -0.005022    -0.704926
    -0.003348    -0.704138
    -0.001674    -0.703663
     0.000000    -0.703505
     0.001674    -0.703667
     0.003348    -0.704148
     0.005022    -0.704935
     0.006696    -0.706028
     0.008370    -0.707420
     0.010044    -0.709104
     0.011718    -0.711074
     0.013393    -0.713321
     0.015067    -0.715836
     0.016741    -0.718612
     0.018415    -0.721640
     0.020089    -0.724911
     0.021763    -0.728416
     0.023437    -0.732147
     0.025111    -0.736095
     0.026785    -0.740251
     0.028459    -0.744607
     0.030133    -0.749154
     0.031807    -0.753885
     0.033481    -0.758791
     0.035155    -0.763865
     0.036829    -0.769099
     0.038504    -0.774486
     0.040178    -0.780018
     0.041852    -0.785689
     0.043526    -0.791492
     0.045200    -0.797420
     0.046874    -0.803468
     0.048548    -0.809628
     0.050222    -0.815895
     0.051896    -0.822263
     0.053570    -0.828727
     0.055244    -0.835281
     0.056918    -0.841919
     0.058592    -0.848638
     0.060266    -0.855430
     0.061940    -0.862293
     0.063615    -0.869221
     0.065289    -0.876210
     0.066963    -0.883254
     0.068637    -0.890351
     0.070311    -0.897495
     0.071985    -0.904683
     0.073659    -0.911910
     0.075333    -0.919174
     0.077007    -0.926469
     0.078681    -0.933792
     0.080355    -0.941141
     0.082029    -0.948511
     0.083703    -0.955899
     0.085377    -0.963302
     0.087051    -0.970716
     0.088726    -0.978140
     0.090400    -0.985569
     0.092074    -0.993001
     0.093748    -1.000433
     0.095422    -1.007862
     0.097096    -1.015286
     0.098770    -1.022703
     0.100444    -1.030109
     0.102118    -1.037502
     0.103792    -1.044881
     0.105466    -1.052243
     0.107140    -1.059586
     0.108814    -1.066907
     0.110488    -1.074205
     0.112163    -1.081479
     0.113837    -1.088725
     0.115511    -1.095943
     0.117185    -1.103131
     0.118859    -1.110286
     0.120533    -1.117409
     0.122207    -1.124497
     0.123881    -1.131549
     0.125555    -1.138563
     0.127229    -1.145539
     0.128903    -1.152475
     0.130577    -1.159370
     0.132251    -1.166223
     0.133925    -1.173033
     0.135599    -1.179798
     0.137274    -1.186517
     0.138948    -1.193183
     0.140622    -1.199694
     0.142296    -1.205632
     0.143970    -1.211436
     0.145644    -1.217190
     0.147318    -1.222898
     0.148992    -1.228561
     0.150666    -1.234182
     0.152340    -1.239760
     0.154014    -1.245297
     0.155688    -1.250793
     0.157362    -1.256248
     0.159036    -1.261664
     0.160710    -1.267041
     0.162385    -1.272379
     0.164059    -1.277679
     0.165733    -1.282942
     0.167407    -1.288168


    -0.167407    -0.485844
    -0.165733    -0.481449
    -0.164059    -0.477098
    -0.162385    -0.472792
    -0.160710    -0.468531
    -0.159036    -0.464315
    -0.157362    -0.460147
    -0.155688    -0.456027
    -0.154014    -0.451955
    -0.152340    -0.447932
    -0.150666    -0.443960
    -0.148992    -0.440039
    -0.147318    -0.436169
    -0.145644    -0.432352
    -0.143970    -0.428588
    -0.142296    -0.424879
    -0.140622    -0.421225
    -0.138948    -0.417626
    -0.137274    -0.414084
    -0.135599    -0.410599
    -0.133925    -0.407172
    -0.132251    -0.403804
    -0.130577    -0.400496
    -0.128903    -0.397248
    -0.127229    -0.394060
    -0.125555    -0.390934
    -0.123881    -0.387871
    -0.122207    -0.384870
    -0.120533    -0.381932
    -0.118859    -0.379059
    -0.117185    -0.376250
    -0.115511    -0.373506
    -0.113837    -0.370827
    -0.112163    -0.368214
    -0.110488    -0.365668
    -0.108814    -0.363188
    -0.107140    -0.360774
    -0.105466    -0.358428
    -0.103792    -0.356149
    -0.102118    -0.353937
    -0.100444    -0.351792
    -0.098770    -0.349715
    -0.097096    -0.347704
    -0.095422    -0.345761
    -0.093748    -0.343884
    -0.092074    -0.342073
    -0.090400    -0.340328
    -0.088726    -0.338648
    -0.087051    -0.337033
    -0.085377    -0.335481
    -0.083703    -0.333991
    -0.082029    -0.332563
    -0.080355    -0.331195
    -0.078681    -0.329886
    -0.077007    -0.328633
    -0.075333    -0.327436
    -0.073659    -0.326293
    -0.071985    -0.325200
    -0.070311    -0.324156
    -0.068637    -0.323158
    -0.066963    -0.322203
    -0.065289    -0.321288
    -0.063615    -0.320409
    -0.061940    -0.319563
    -0.060266    -0.318746
    -0.058592    -0.317953
    -0.056918    -0.317180
    -0.055244    -0.316421
    -0.053570    -0.315671
    -0.051896    -0.314924
    -0.050222    -0.314174
    -0.048548    -0.313415
    -0.046874    -0.312638
    -0.045200    -0.311838
    -0.043526    -0.311005
    -0.041852    -0.310132
    -0.040178    -0.309209
    -0.038504    -0.308228
    -0.036829    -0.307179
    -0.035155    -0.306053
    -0.033481    -0.304839
    -0.031807    -0.303526
    -0.030133    -0.302106
    -0.028459    -0.300565
    -0.026785    -0.298895
    -0.025111    -0.297085
    -0.023437    -0.295123
    -0.021763    -0.293001
    -0.020089    -0.290709
    -0.018415    -0.288236
    -0.016741    -0.285576
    -0.015067    -0.282721
    -0.013393    -0.279663
    -0.011718    -0.276397
    -0.010044    -0.272918
    -0.008370    -0.269223
    -0.006696    -0.265310
    -0.005022    -0.261177
    -0.003348    -0.256825
    -0.001674    -0.252255
     0.000000    -0.247494
     0.001674    -0.252279
     0.003348    -0.256850
     0.005022    -0.261203
     0.006696    -0.265337
     0.008370    -0.269250
     0.010044    -0.272946
     0.011718    -0.276425
     0.013393    -0.279691
     0.015067    -0.282750
     0.016741    -0.285606
     0.018415    -0.288266
     0.020089    -0.290739
     0.021763    -0.293032
     0.023437    -0.295154
     0.025111    -0.297115
     0.026785    -0.298926
     0.028459    -0.300596
     0.030133    -0.302136
     0.031807    -0.303557
     0.033481    -0.304870
     0.035155    -0.306084
     0.036829    -0.307210
     0.038504    -0.308259
     0.040178    -0.309239
     0.041852    -0.310162
     0.043526    -0.311035
     0.045200    -0.311867
     0.046874    -0.312668
     0.048548    -0.313444
     0.050222    -0.314203
     0.051896    -0.314952
     0.053570    -0.315699
     0.055244    -0.316448
     0.056918    -0.317207
     0.058592    -0.317980
     0.060266    -0.318772
     0.061940    -0.319589
     0.063615    -0.320434
     0.065289    -0.321313
     0.066963    -0.322227
     0.068637    -0.323182
     0.070311    -0.324179
     0.071985    -0.325223
     0.073659    -0.326315
     0.075333    -0.327458
     0.077007    -0.328655
     0.078681    -0.329907
     0.080355    -0.331215
     0.082029    -0.332583
     0.083703    -0.334011
     0.085377    -0.335500
     0.087051    -0.337051
     0.088726    -0.338666
     0.090400    -0.340346
     0.092074    -0.342090
     0.093748    -0.343900
     0.095422    -0.345777
     0.097096    -0.347720
     0.098770    -0.349730
     0.100444    -0.351807
     0.102118    -0.353951
     0.103792    -0.356162
     0.105466    -0.358441
     0.107140    -0.360787
     0.108814    -0.363200
     0.110488    -0.365680
     0.112163    -0.368226
     0.113837    -0.370839
     0.115511    -0.373517
     0.117185    -0.376261
     0.118859    -0.379069
     0.120533    -0.381943
     0.122207    -0.384880
     0.123881    -0.387880
     0.125555    -0.390944
     0.127229    -0.394069
     0.128903    -0.397256
     0.130577    -0.400504
     0.132251    -0.403813
     0.133925    -0.407180
     0.135599    -0.410607
     0.137274    -0.414092
     0.138948    -0.417633
     0.140622    -0.421232
     0.142296    -0.424886
     0.143970    -0.428595
     0.145644    -0.432359
     0.147318    -0.436176
     0.148992    -0.440045
     0.150666    -0.443967
     0.152340    -0.447939
     0.154014    -0.451961
     0.155688    -0.456033
     0.157362    -0.460154
     0.159036    -0.464322
     0.160710    -0.468537
     0.162385    -0.472798
     0.164059    -0.477104
     0.165733    -0.481455
     0.167407    -0.485850


    -0.167407    -0.441131
    -0.165733    -0.434845
    -0.164059    -0.428562
    -0.162385    -0.422282
    -0.160710    -0.416006
    -0.159036    -0.409733
    -0.157362    -0.403464
    -0.155688    -0.397199
    -0.154014    -0.390938
    -0.152340    -0.384681
    -0.150666    -0.378429
    -0.148992    -0.372180
    -0.147318    -0.365936
    -0.145644    -0.359696
    -0.143970    -0.353461
    -0.142296    -0.347231
    -0.140622    -0.341006
    -0.138948    -0.334786
    -0.137274    -0.328570
    -0.135599    -0.322361
    -0.133925    -0.316156
    -0.132251    -0.309957
    -0.130577    -0.303764
    -0.128903    -0.297577
    -0.127229    -0.291396
    -0.125555    -0.285221
    -0.123881    -0.279053
    -0.122207    -0.272891
    -0.120533    -0.266737
    -0.118859    -0.260590
    -0.117185    -0.254451
    -0.115511    -0.248320
    -0.113837    -0.242198
    -0.112163    -0.236084
    -0.110488    -0.229981
    -0.108814    -0.223887
    -0.107140    -0.217805
    -0.105466    -0.211734
    -0.103792    -0.205677
    -0.102118    -0.199633
    -0.100444    -0.193604
    -0.098770    -0.187591
    -0.097096    -0.181597
    -0.095422    -0.175623
    -0.093748    -0.169670
    -0.092074    -0.163743
    -0.090400    -0.157844
    -0.088726    -0.151975
    -0.087051    -0.146143
    -0.085377    -0.140350
    -0.083703    -0.134604
    -0.082029    -0.128911
    -0.080355    -0.123279
    -0.078681    -0.117718
    -0.077007    -0.112241
    -0.075333    -0.106862
    -0.073659    -0.101599
    -0.071985    -0.096473
    -0.070311    -0.091512
    -0.068637    -0.086748
    -0.066963    -0.082221
    -0.065289    -0.077982
    -0.063615    -0.074090
    -0.061940    -0.070619
    -0.060266    -0.067651
    -0.058592    -0.065282
    -0.056918    -0.063613
    -0.055244    -0.062743
    -0.053570    -0.062751
    -0.051896    -0.063691
    -0.050222    -0.065574
    -0.048548    -0.068365
    -0.046874    -0.071994
    -0.045200    -0.076364
    -0.043526    -0.081367
    -0.041852    -0.086895
    -0.040178    -0.092850
    -0.038504    -0.099142
    -0.036829    -0.105698
    -0.035155    -0.112454
    -0.033481    -0.119355
    -0.031807    -0.126357
    -0.030133    -0.133423
    -0.028459    -0.140520
    -0.026785    -0.147620
    -0.025111    -0.154700
    -0.023437    -0.161737
    -0.021763    -0.168713
    -0.020089    -0.175610
    -0.018415    -0.182413
    -0.016741    -0.189107
    -0.015067    -0.195678
    -0.013393    -0.202115
    -0.011718    -0.208404
    -0.010044    -0.214536
    -0.008370    -0.220499
    -0.006696    -0.226285
    -0.005022    -0.231885
    -0.003348    -0.237290
    -0.001674    -0.242495
     0.000000    -0.247469
     0.001674    -0.242472
     0.003348    -0.237268
     0.005022    -0.231863
     0.006696    -0.226264
     0.008370    -0.220479
     0.010044    -0.214516
     0.011718    -0.208385
     0.013393    -0.202096
     0.015067    -0.195661
     0.016741    -0.189090
     0.018415    -0.182397
     0.020089    -0.175594
     0.021763    -0.168697
     0.023437    -0.161722
     0.025111    -0.154685
     0.026785    -0.147607
     0.028459    -0.140507
     0.030133    -0.133410
     0.031807    -0.126345
     0.033481    -0.119343
     0.035155    -0.112441
     0.036829    -0.105686
     0.038504    -0.099130
     0.040178    -0.092838
     0.041852    -0.086883
     0.043526    -0.081354
     0.045200    -0.076351
     0.046874    -0.071981
     0.048548    -0.068351
     0.050222    -0.065559
     0.051896    -0.063676
     0.053570    -0.062736
     0.055244    -0.062726
     0.056918    -0.063597
     0.058592    -0.065265
     0.060266    -0.067633
     0.061940    -0.070601
     0.063615    -0.074073
     0.065289    -0.077964
     0.066963    -0.082204
     0.068637    -0.086730
     0.070311    -0.091494
     0.071985    -0.096455
     0.073659    -0.101581
     0.075333    -0.106844
     0.077007    -0.112224
     0.078681    -0.117701
     0.080355    -0.123261
     0.082029    -0.128893
     0.083703    -0.134587
     0.085377    -0.140333
     0.087051    -0.146126
     0.088726    -0.151959
     0.090400    -0.157827
     0.092074    -0.163727
     0.093748    -0.169654
     0.095422    -0.175607
     0.097096    -0.181581
     0.098770    -0.187576
     0.100444    -0.193589
     0.102118    -0.199618
     0.103792    -0.205662
     0.105466    -0.211720
     0.107140    -0.217791
     0.108814    -0.223874
     0.110488    -0.229968
     0.112163    -0.236072
     0.113837    -0.242186
     0.115511    -0.248308
     0.117185    -0.254440
     0.118859    -0.260579
     0.120533    -0.266727
     0.122207    -0.272881
     0.123881    -0.279043
     0.125555    -0.285212
     0.127229    -0.291387
     0.128903    -0.297569
     0.130577    -0.303757
     0.132251    -0.309950
     0.133925    -0.316150
     0.135599    -0.322355
     0.137274    -0.328565
     0.138948    -0.334781
     0.140622    -0.341002
     0.142296    -0.347228
     0.143970    -0.353459
     0.145644    -0.359694
     0.147318    -0.365935
     0.148992    -0.372179
     0.150666    -0.378428
     0.152340    -0.384682
     0.154014    -0.390939
     0.155688    -0.397201
     0.157362    -0.403466
     0.159036    -0.409736
     0.160710    -0.416009
     0.162385    -0.422286
     0.164059    -0.428566
     0.165733    -0.434850
     0.167407    -0.441136


    -0.167407     0.647739
    -0.165733     0.639017
    -0.164059     0.630269
    -0.162385     0.621497
    -0.160710     0.612700
    -0.159036     0.603878
    -0.157362     0.595033
    -0.155688     0.586163
    -0.154014     0.577271
    -0.152340     0.568355
    -0.150666     0.559416
    -0.148992     0.550456
    -0.147318     0.541473
    -0.145644     0.532470
    -0.143970     0.523445
    -0.142296     0.514400
    -0.140622     0.505335
    -0.138948     0.496251
    -0.137274     0.487148
    -0.135599     0.478026
    -0.133925     0.468887
    -0.132251     0.459731
    -0.130577     0.450559
    -0.128903     0.441371
    -0.127229     0.432168
    -0.125555     0.422952
    -0.123881     0.413722
    -0.122207     0.404480
    -0.120533     0.395226
    -0.118859     0.385962
    -0.117185     0.376689
    -0.115511     0.367408
    -0.113837     0.358120
    -0.112163     0.348827
    -0.110488     0.339529
    -0.108814     0.330229
    -0.107140     0.320928
    -0.105466     0.311628
    -0.103792     0.302332
    -0.102118     0.293040
    -0.100444     0.283756
    -0.098770     0.274482
    -0.097096     0.265220
    -0.095422     0.255975
    -0.093748     0.246750
    -0.092074     0.237549
    -0.090400     0.228375
    -0.088726     0.219235
    -0.087051     0.210133
    -0.085377     0.201077
    -0.083703     0.192074
    -0.082029     0.183132
    -0.080355     0.174263
    -0.078681     0.165477
    -0.077007     0.156788
    -0.075333     0.148215
    -0.073659     0.139776
    -0.071985     0.131495
    -0.070311     0.123402
    -0.068637     0.115532
    -0.066963     0.107929
    -0.065289     0.100643
    -0.063615     0.093739
    -0.061940     0.087292
    -0.060266     0.081389
    -0.058592     0.076128
    -0.056918     0.071613
    -0.055244     0.067947
    -0.053570     0.065213
    -0.051896     0.063468
    -0.050222     0.062727
    -0.048548     0.062960
    -0.046874     0.064101
    -0.045200     0.066057
    -0.043526     0.068724
    -0.041852     0.072001
    -0.040178     0.075793
    -0.038504     0.080018
    -0.036829     0.084605
    -0.035155     0.089497
    -0.033481     0.094646
    -0.031807     0.100014
    -0.030133     0.105569
    -0.028459     0.111286
    -0.026785     0.117144
    -0.025111     0.123125
    -0.023437     0.129215
    -0.021763     0.135403
    -0.020089     0.141678
    -0.018415     0.148032
    -0.016741     0.154459
    -0.015067     0.160952
    -0.013393     0.167506
    -0.011718     0.174117
    -0.010044     0.180780
    -0.008370     0.187493
    -0.006696     0.194251
    -0.005022     0.201053
    -0.003348     0.207896
    -0.001674     0.214777
     0.000000     0.221690
     0.001674     0.214774
     0.003348     0.207893
     0.005022     0.201050
     0.006696     0.194249
     0.008370     0.187491
     0.010044     0.180778
     0.011718     0.174116
     0.013393     0.167505
     0.015067     0.160951
     0.016741     0.154459
     0.018415     0.148032
     0.020089     0.141678
     0.021763     0.135403
     0.023437     0.129216
     0.025111     0.123126
     0.026785     0.117145
     0.028459     0.111288
     0.030133     0.105571
     0.031807     0.100016
     0.033481     0.094648
     0.035155     0.089499
     0.036829     0.084607
     0.038504     0.080020
     0.040178     0.075795
     0.041852     0.072003
     0.043526     0.068726
     0.045200     0.066058
     0.046874     0.064101
     0.048548     0.062960
     0.050222     0.062726
     0.051896     0.063467
     0.053570     0.065211
     0.055244     0.067944
     0.056918     0.071610
     0.058592     0.076124
     0.060266     0.081385
     0.061940     0.087288
     0.063615     0.093735
     0.065289     0.100638
     0.066963     0.107924
     0.068637     0.115527
     0.070311     0.123397
     0.071985     0.131490
     0.073659     0.139770
     0.075333     0.148209
     0.077007     0.156783
     0.078681     0.165471
     0.080355     0.174257
     0.082029     0.183127
     0.083703     0.192068
     0.085377     0.201071
     0.087051     0.210127
     0.088726     0.219229
     0.090400     0.228369
     0.092074     0.237543
     0.093748     0.246744
     0.095422     0.255970
     0.097096     0.265215
     0.098770     0.274476
     0.100444     0.283750
     0.102118     0.293034
     0.103792     0.302326
     0.105466     0.311623
     0.107140     0.320923
     0.108814     0.330224
     0.110488     0.339524
     0.112163     0.348821
     0.113837     0.358115
     0.115511     0.367403
     0.117185     0.376684
     0.118859     0.385957
     0.120533     0.395221
     0.122207     0.404475
     0.123881     0.413717
     0.125555     0.422947
     0.127229     0.432164
     0.128903     0.441367
     0.130577     0.450555
     0.132251     0.459728
     0.133925     0.468884
     0.135599     0.478023
     0.137274     0.487145
     0.138948     0.496248
     0.140622     0.505333
     0.142296     0.514398
     0.143970     0.523443
     0.145644     0.532468
     0.147318     0.541472
     0.148992     0.550454
     0.150666     0.559415
     0.152340     0.568354
     0.154014     0.577270
     0.155688     0.586163
     0.157362     0.595032
     0.159036     0.603878
     0.160710     0.612700
     0.162385     0.621497
     0.164059     0.630270
     0.165733     0.639017
     0.167407     0.647739


    -0.167407     0.887496
    -0.165733     0.881863
    -0.164059     0.876214
    -0.162385     0.870550
    -0.160710     0.864870
    -0.159036     0.859174
    -0.157362     0.853461
    -0.155688     0.847731
    -0.154014     0.841984
    -0.152340     0.836220
    -0.150666     0.830437
    -0.148992     0.824636
    -0.147318     0.818815
    -0.145644     0.812976
    -0.143970     0.807117
    -0.142296     0.801237
    -0.140622     0.795337
    -0.138948     0.789416
    -0.137274     0.783474
    -0.135599     0.777509
    -0.133925     0.771522
    -0.132251     0.765511
    -0.130577     0.759478
    -0.128903     0.753420
    -0.127229     0.747338
    -0.125555     0.741231
    -0.123881     0.735099
    -0.122207     0.728942
    -0.120533     0.722758
    -0.118859     0.716547
    -0.117185     0.710310
    -0.115511     0.704045
    -0.113837     0.697752
    -0.112163     0.691432
    -0.110488     0.685083
    -0.108814     0.678705
    -0.107140     0.672298
    -0.105466     0.665862
    -0.103792     0.659397
    -0.102118     0.652902
    -0.100444     0.646377
    -0.098770     0.639823
    -0.097096     0.633238
    -0.095422     0.626624
    -0.093748     0.619979
    -0.092074     0.613305
    -0.090400     0.606601
    -0.088726     0.599868
    -0.087051     0.593105
    -0.085377     0.586313
    -0.083703     0.579492
    -0.082029     0.572642
    -0.080355     0.565765
    -0.078681     0.558860
    -0.077007     0.551928
    -0.075333     0.544970
    -0.073659     0.537985
    -0.071985     0.530976
    -0.070311     0.523941
    -0.068637     0.516884
    -0.066963     0.509803
    -0.065289     0.502700
    -0.063615     0.495577
    -0.061940     0.488433
    -0.060266     0.481270
    -0.058592     0.474089
    -0.056918     0.466891
    -0.055244     0.459678
    -0.053570     0.452449
    -0.051896     0.445208
    -0.050222     0.437954
    -0.048548     0.430690
    -0.046874     0.423416
    -0.045200     0.416134
    -0.043526     0.408845
    -0.041852     0.401550
    -0.040178     0.394252
    -0.038504     0.386951
    -0.036829     0.379649
    -0.035155     0.372347
    -0.033481     0.365047
    -0.031807     0.357750
    -0.030133     0.350457
    -0.028459     0.343171
    -0.026785     0.335893
    -0.025111     0.328623
    -0.023437     0.321364
    -0.021763     0.314117
    -0.020089     0.306884
    -0.018415     0.299666
    -0.016741     0.292464
    -0.015067     0.285280
    -0.013393     0.278116
    -0.011718     0.270973
    -0.010044     0.263852
    -0.008370     0.256756
    -0.006696     0.249685
    -0.005022     0.242641
    -0.003348     0.235627
    -0.001674     0.228643
     0.000000     0.221696
     0.001674     0.228647
     0.003348     0.235631
     0.005022     0.242646
     0.006696     0.249690
     0.008370     0.256761
     0.010044     0.263858
     0.011718     0.270979
     0.013393     0.278122
     0.015067     0.285287
     0.016741     0.292471
     0.018415     0.299673
     0.020089     0.306891
     0.021763     0.314125
     0.023437     0.321372
     0.025111     0.328631
     0.026785     0.335900
     0.028459     0.343179
     0.030133     0.350465
     0.031807     0.357757
     0.033481     0.365054
     0.035155     0.372355
     0.036829     0.379657
     0.038504     0.386959
     0.040178     0.394260
     0.041852     0.401558
     0.043526     0.408853
     0.045200     0.416141
     0.046874     0.423424
     0.048548     0.430697
     0.050222     0.437962
     0.051896     0.445215
     0.053570     0.452457
     0.055244     0.459685
     0.056918     0.466898
     0.058592     0.474096
     0.060266     0.481276
     0.061940     0.488439
     0.063615     0.495583
     0.065289     0.502706
     0.066963     0.509809
     0.068637     0.516889
     0.070311     0.523947
     0.071985     0.530981
     0.073659     0.537990
     0.075333     0.544974
     0.077007     0.551932
     0.078681     0.558864
     0.080355     0.565769
     0.082029     0.572646
     0.083703     0.579495
     0.085377     0.586316
     0.087051     0.593108
     0.088726     0.599870
     0.090400     0.606604
     0.092074     0.613307
     0.093748     0.619981
     0.095422     0.626625
     0.097096     0.633240
     0.098770     0.639824
     0.100444     0.646378
     0.102118     0.652903
     0.103792     0.659398
     0.105466     0.665863
     0.107140     0.672299
     0.108814     0.678705
     0.110488     0.685083
     0.112163     0.691432
     0.113837     0.697752
     0.115511     0.704044
     0.117185     0.710309
     0.118859     0.716546
     0.120533     0.722757
     0.122207     0.728941
     0.123881     0.735098
     0.125555     0.741230
     0.127229     0.747337
     0.128903     0.753419
     0.130577     0.759476
     0.132251     0.765510
     0.133925     0.771520
     0.135599     0.777507
     0.137274     0.783472
     0.138948     0.789414
     0.140622     0.795335
     0.142296     0.801235
     0.143970     0.807115
     0.145644     0.812974
     0.147318     0.818813
     0.148992     0.824633
     0.150666     0.830435
     0.152340     0.836217
     0.154014     0.841982
     0.155688     0.847729
     0.157362     0.853459
     0.159036     0.859172
     0.160710     0.864868
     0.162385     0.870548
     0.164059     0.876212
     0.165733     0.881861
     0.167407     0.887494


    -0.167407     1.829239
    -0.165733     1.821497
    -0.164059     1.813775
    -0.162385     1.806074
    -0.160710     1.798396
    -0.159036     1.790744
    -0.157362     1.783119
    -0.155688     1.775524
    -0.154014     1.767960
    -0.152340     1.760430
    -0.150666     1.752936
    -0.148992     1.745479
    -0.147318     1.738063
    -0.145644     1.730689
    -0.143970     1.723359
    -0.142296     1.716077
    -0.140622     1.708843
    -0.138948     1.701661
    -0.137274     1.694533
    -0.135599     1.687461
    -0.133925     1.680447
    -0.132251     1.673495
    -0.130577     1.666605
    -0.128903     1.659781
    -0.127229     1.653025
    -0.125555     1.646339
    -0.123881     1.639726
    -0.122207     1.633188
    -0.120533     1.626727
    -0.118859     1.620347
    -0.117185     1.614048
    -0.115511     1.607834
    -0.113837     1.601707
    -0.112163     1.595668
    -0.110488     1.589721
    -0.108814     1.583867
    -0.107140     1.578109
    -0.105466     1.572449
    -0.103792     1.566889
    -0.102118     1.561430
    -0.100444     1.556076
    -0.098770     1.550828
    -0.097096     1.545687
    -0.095422     1.540656
    -0.093748     1.535737
    -0.092074     1.530931
    -0.090400     1.526240
    -0.088726     1.521665
    -0.087051     1.517209
    -0.085377     1.512872
    -0.083703     1.508656
    -0.082029     1.504562
    -0.080355     1.500592
    -0.078681     1.496746
    -0.077007     1.493026
    -0.075333     1.489433
    -0.073659     1.485968
    -0.071985     1.482631
    -0.070311     1.479423
    -0.068637     1.476345
    -0.066963     1.473398
    -0.065289     1.470582
    -0.063615     1.467898
    -0.061940     1.465345
    -0.060266     1.462924
    -0.058592     1.460636
    -0.056918     1.458480
    -0.055244     1.456457
    -0.053570     1.454565
    -0.051896     1.452806
    -0.050222     1.451179
    -0.048548     1.449684
    -0.046874     1.448320
    -0.045200     1.447087
    -0.043526     1.445985
    -0.041852     1.445013
    -0.040178     1.444169
    -0.038504     1.443455
    -0.036829     1.442868
    -0.035155     1.442408
    -0.033481     1.442075
    -0.031807     1.441867
    -0.030133     1.441783
    -0.028459     1.441823
    -0.026785     1.441985
    -0.025111     1.442268
    -0.023437     1.442671
    -0.021763     1.443193
    -0.020089     1.443833
    -0.018415     1.444590
    -0.016741     1.445462
    -0.015067     1.446447
    -0.013393     1.447545
    -0.011718     1.448755
    -0.010044     1.450074
    -0.008370     1.451502
    -0.006696     1.453037
    -0.005022     1.454678
    -0.003348     1.456423
    -0.001674     1.458270
     0.000000     1.460212
     0.001674     1.458280
     0.003348     1.456432
     0.005022     1.454688
     0.006696     1.453047
     0.008370     1.451513
     0.010044     1.450085
     0.011718     1.448766
     0.013393     1.447557
     0.015067     1.446459
     0.016741     1.445474
     0.018415     1.444602
     0.020089     1.443846
     0.021763     1.443206
     0.023437     1.442684
     0.025111     1.442281
     0.026785     1.441998
     0.028459     1.441837
     0.030133     1.441797
     0.031807     1.441881
     0.033481     1.442090
     0.035155     1.442423
     0.036829     1.442883
     0.038504     1.443470
     0.040178     1.444185
     0.041852     1.445028
     0.043526     1.446001
     0.045200     1.447104
     0.046874     1.448337
     0.048548     1.449701
     0.050222     1.451196
     0.051896     1.452823
     0.053570     1.454582
     0.055244     1.456474
     0.056918     1.458497
     0.058592     1.460653
     0.060266     1.462942
     0.061940     1.465363
     0.063615     1.467915
     0.065289     1.470600
     0.066963     1.473416
     0.068637     1.476363
     0.070311     1.479441
     0.071985     1.482648
     0.073659     1.485985
     0.075333     1.489451
     0.077007     1.493044
     0.078681     1.496764
     0.080355     1.500609
     0.082029     1.504579
     0.083703     1.508673
     0.085377     1.512889
     0.087051     1.517226
     0.088726     1.521682
     0.090400     1.526257
     0.092074     1.530947
     0.093748     1.535753
     0.095422     1.540672
     0.097096     1.545703
     0.098770     1.550843
     0.100444     1.556091
     0.102118     1.561446
     0.103792     1.566904
     0.105466     1.572464
     0.107140     1.578123
     0.108814     1.583881
     0.110488     1.589735
     0.112163     1.595681
     0.113837     1.601719
     0.115511     1.607846
     0.117185     1.614060
     0.118859     1.620359
     0.120533     1.626739
     0.122207     1.633199
     0.123881     1.639737
     0.125555     1.646349
     0.127229     1.653035
     0.128903     1.659790
     0.130577     1.666614
     0.132251     1.673503
     0.133925     1.680455
     0.135599     1.687469
     0.137274     1.694540
     0.138948     1.701668
     0.140622     1.708850
     0.142296     1.716083
     0.143970     1.723365
     0.145644     1.730694
     0.147318     1.738067
     0.148992     1.745483
     0.150666     1.752939
     0.152340     1.760433
     0.154014     1.767963
     0.155688     1.775527
     0.157362     1.783122
     0.159036     1.790746
     0.160710     1.798398
     0.162385     1.806075
     0.164059     1.813776
     0.165733     1.821498
     0.167407     1.829240


    -0.167407     1.953596
    -0.165733     1.947193
    -0.164059     1.940798
    -0.162385     1.934414
    -0.160710     1.928040
    -0.159036     1.921676
    -0.157362     1.915325
    -0.155688     1.908985
    -0.154014     1.902658
    -0.152340     1.896345
    -0.150666     1.890044
    -0.148992     1.883759
    -0.147318     1.877487
    -0.145644     1.871231
    -0.143970     1.864991
    -0.142296     1.858768
    -0.140622     1.852561
    -0.138948     1.846371
    -0.137274     1.840199
    -0.135599     1.834046
    -0.133925     1.827912
    -0.132251     1.821797
    -0.130577     1.815702
    -0.128903     1.809627
    -0.127229     1.803574
    -0.125555     1.797542
    -0.123881     1.791532
    -0.122207     1.785545
    -0.120533     1.779581
    -0.118859     1.773640
    -0.117185     1.767724
    -0.115511     1.761833
    -0.113837     1.755967
    -0.112163     1.750127
    -0.110488     1.744313
    -0.108814     1.738527
    -0.107140     1.732768
    -0.105466     1.727038
    -0.103792     1.721336
    -0.102118     1.715664
    -0.100444     1.710022
    -0.098770     1.704411
    -0.097096     1.698831
    -0.095422     1.693283
    -0.093748     1.687768
    -0.092074     1.682287
    -0.090400     1.676839
    -0.088726     1.671427
    -0.087051     1.666050
    -0.085377     1.660710
    -0.083703     1.655407
    -0.082029     1.650141
    -0.080355     1.644915
    -0.078681     1.639728
    -0.077007     1.634582
    -0.075333     1.629476
    -0.073659     1.624413
    -0.071985     1.619393
    -0.070311     1.614417
    -0.068637     1.609486
    -0.066963     1.604601
    -0.065289     1.599763
    -0.063615     1.594973
    -0.061940     1.590231
    -0.060266     1.585539
    -0.058592     1.580899
    -0.056918     1.576310
    -0.055244     1.571775
    -0.053570     1.567294
    -0.051896     1.562868
    -0.050222     1.558499
    -0.048548     1.554188
    -0.046874     1.549936
    -0.045200     1.545744
    -0.043526     1.541613
    -0.041852     1.537545
    -0.040178     1.533541
    -0.038504     1.529603
    -0.036829     1.525731
    -0.035155     1.521927
    -0.033481     1.518192
    -0.031807     1.514528
    -0.030133     1.510936
    -0.028459     1.507417
    -0.026785     1.503973
    -0.025111     1.500605
    -0.023437     1.497315
    -0.021763     1.494104
    -0.020089     1.490974
    -0.018415     1.487925
    -0.016741     1.484960
    -0.015067     1.482080
    -0.013393     1.479287
    -0.011718     1.476581
    -0.010044     1.473965
    -0.008370     1.471439
    -0.006696     1.469007
    -0.005022     1.466667
    -0.003348     1.464424
    -0.001674     1.462277
     0.000000     1.460236
     0.001674     1.462268
     0.003348     1.464415
     0.005022     1.466659
     0.006696     1.468998
     0.008370     1.471432
     0.010044     1.473957
     0.011718     1.476574
     0.013393     1.479280
     0.015067     1.482074
     0.016741     1.484954
     0.018415     1.487919
     0.020089     1.490968
     0.021763     1.494099
     0.023437     1.497310
     0.025111     1.500600
     0.026785     1.503968
     0.028459     1.507412
     0.030133     1.510931
     0.031807     1.514524
     0.033481     1.518188
     0.035155     1.521923
     0.036829     1.525727
     0.038504     1.529599
     0.040178     1.533538
     0.041852     1.537542
     0.043526     1.541610
     0.045200     1.545741
     0.046874     1.549933
     0.048548     1.554186
     0.050222     1.558497
     0.051896     1.562866
     0.053570     1.567292
     0.055244     1.571773
     0.056918     1.576309
     0.058592     1.580897
     0.060266     1.585538
     0.061940     1.590230
     0.063615     1.594972
     0.065289     1.599762
     0.066963     1.604601
     0.068637     1.609486
     0.070311     1.614417
     0.071985     1.619393
     0.073659     1.624413
     0.075333     1.629476
     0.077007     1.634582
     0.078681     1.639728
     0.080355     1.644915
     0.082029     1.650142
     0.083703     1.655407
     0.085377     1.660711
     0.087051     1.666051
     0.088726     1.671428
     0.090400     1.676840
     0.092074     1.682288
     0.093748     1.687769
     0.095422     1.693284
     0.097096     1.698832
     0.098770     1.704412
     0.100444     1.710023
     0.102118     1.715665
     0.103792     1.721338
     0.105466     1.727039
     0.107140     1.732770
     0.108814     1.738529
     0.110488     1.744315
     0.112163     1.750129
     0.113837     1.755969
     0.115511     1.761835
     0.117185     1.767727
     0.118859     1.773643
     0.120533     1.779583
     0.122207     1.785547
     0.123881     1.791535
     0.125555     1.797545
     0.127229     1.803577
     0.128903     1.809630
     0.130577     1.815705
     0.132251     1.821800
     0.133925     1.827915
     0.135599     1.834049
     0.137274     1.840203
     0.138948     1.846374
     0.140622     1.852564
     0.142296     1.858771
     0.143970     1.864995
     0.145644     1.871235
     0.147318     1.877491
     0.148992     1.883762
     0.150666     1.890048
     0.152340     1.896348
     0.154014     1.902662
     0.155688     1.908989
     0.157362     1.915329
     0.159036     1.921680
     0.160710     1.928043
     0.162385     1.934418
     0.164059     1.940802
     0.165733     1.947197
     0.167407     1.953600


    -0.167407     2.319780
    -0.165733     2.312356
    -0.164059     2.304965
    -0.162385     2.297611
    -0.160710     2.290293
    -0.159036     2.283013
    -0.157362     2.275773
    -0.155688     2.268573
    -0.154014     2.261415
    -0.152340     2.254301
    -0.150666     2.247230
    -0.148992     2.240204
    -0.147318     2.233225
    -0.145644     2.226293
    -0.143970     2.219409
    -0.142296     2.212575
    -0.140622     2.205792
    -0.138948     2.199060
    -0.137274     2.192381
    -0.135599     2.185755
    -0.133925     2.179184
    -0.132251     2.172668
    -0.130577     2.166209
    -0.128903     2.159807
    -0.127229     2.153463
    -0.125555     2.147178
    -0.123881     2.140953
    -0.122207     2.134788
    -0.120533     2.128685
    -0.118859     2.122645
    -0.117185     2.116668
    -0.115511     2.110755
    -0.113837     2.104906
    -0.112163     2.099123
    -0.110488     2.093407
    -0.108814     2.087757
    -0.107140     2.082176
    -0.105466     2.076662
    -0.103792     2.071219
    -0.102118     2.065844
    -0.100444     2.060541
    -0.098770     2.055309
    -0.097096     2.050149
    -0.095422     2.045061
    -0.093748     2.040047
    -0.092074     2.035107
    -0.090400     2.030242
    -0.088726     2.025452
    -0.087051     2.020737
    -0.085377     2.016099
    -0.083703     2.011539
    -0.082029     2.007056
    -0.080355     2.002651
    -0.078681     1.998325
    -0.077007     1.994079
    -0.075333     1.989913
    -0.073659     1.985828
    -0.071985     1.981824
    -0.070311     1.977902
    -0.068637     1.974062
    -0.066963     1.970305
    -0.065289     1.966632
    -0.063615     1.963043
    -0.061940     1.959539
    -0.060266     1.956119
    -0.058592     1.952785
    -0.056918     1.949538
    -0.055244     1.946377
    -0.053570     1.943304
    -0.051896     1.940318
    -0.050222     1.937420
    -0.048548     1.934611
    -0.046874     1.931891
    -0.045200     1.929261
    -0.043526     1.926722
    -0.041852     1.924273
    -0.040178     1.921914
    -0.038504     1.919648
    -0.036829     1.917473
    -0.035155     1.915391
    -0.033481     1.913402
    -0.031807     1.911506
    -0.030133     1.909704
    -0.028459     1.907996
    -0.026785     1.906383
    -0.025111     1.904864
    -0.023437     1.903441
    -0.021763     1.902114
    -0.020089     1.900884
    -0.018415     1.899750
    -0.016741     1.898713
    -0.015067     1.897775
    -0.013393     1.896934
    -0.011718     1.896193
    -0.010044     1.895550
    -0.008370     1.895006
    -0.006696     1.894562
    -0.005022     1.894217
    -0.003348     1.893970
    -0.001674     1.893821
     0.000000     1.893768
     0.001674     1.893813
     0.003348     1.893957
     0.005022     1.894200
     0.006696     1.894543
     0.008370     1.894985
     0.010044     1.895527
     0.011718     1.896168
     0.013393     1.896908
     0.015067     1.897747
     0.016741     1.898684
     0.018415     1.899720
     0.020089     1.900853
     0.021763     1.902083
     0.023437     1.903409
     0.025111     1.904832
     0.026785     1.906350
     0.028459     1.907963
     0.030133     1.909671
     0.031807     1.911473
     0.033481     1.913370
     0.035155     1.915359
     0.036829     1.917441
     0.038504     1.919616
     0.040178     1.921883
     0.041852     1.924241
     0.043526     1.926690
     0.045200     1.929230
     0.046874     1.931861
     0.048548     1.934580
     0.050222     1.937390
     0.051896     1.940287
     0.053570     1.943274
     0.055244     1.946347
     0.056918     1.949509
     0.058592     1.952756
     0.060266     1.956090
     0.061940     1.959510
     0.063615     1.963015
     0.065289     1.966604
     0.066963     1.970278
     0.068637     1.974035
     0.070311     1.977875
     0.071985     1.981798
     0.073659     1.985802
     0.075333     1.989888
     0.077007     1.994054
     0.078681     1.998300
     0.080355     2.002626
     0.082029     2.007032
     0.083703     2.011515
     0.085377     2.016076
     0.087051     2.020714
     0.088726     2.025429
     0.090400     2.030220
     0.092074     2.035086
     0.093748     2.040027
     0.095422     2.045041
     0.097096     2.050129
     0.098770     2.055290
     0.100444     2.060523
     0.102118     2.065827
     0.103792     2.071201
     0.105466     2.076646
     0.107140     2.082160
     0.108814     2.087742
     0.110488     2.093392
     0.112163     2.099109
     0.113837     2.104893
     0.115511     2.110742
     0.117185     2.116656
     0.118859     2.122634
     0.120533     2.128675
     0.122207     2.134778
     0.123881     2.140943
     0.125555     2.147169
     0.127229     2.153455
     0.128903     2.159799
     0.130577     2.166202
     0.132251     2.172662
     0.133925     2.179179
     0.135599     2.185751
     0.137274     2.192377
     0.138948     2.199057
     0.140622     2.205790
     0.142296     2.212574
     0.143970     2.219408
     0.145644     2.226292
     0.147318     2.233225
     0.148992     2.240205
     0.150666     2.247231
     0.152340     2.254303
     0.154014     2.261418
     0.155688     2.268577
     0.157362     2.275777
     0.159036     2.283018
     0.160710     2.290298
     0.162385     2.297617
     0.164059     2.304972
     0.165733     2.312363
     0.167407     2.319788


    -0.167407     2.343528
    -0.165733     2.335985
    -0.164059     2.328460
    -0.162385     2.320955
    -0.160710     2.313471
    -0.159036     2.306011
    -0.157362     2.298575
    -0.155688     2.291165
    -0.154014     2.283783
    -0.152340     2.276431
    -0.150666     2.269110
    -0.148992     2.261821
    -0.147318     2.254566
    -0.145644     2.247347
    -0.143970     2.240165
    -0.142296     2.233022
    -0.140622     2.225919
    -0.138948     2.218857
    -0.137274     2.211839
    -0.135599     2.204866
    -0.133925     2.197939
    -0.132251     2.191060
    -0.130577     2.184230
    -0.128903     2.177451
    -0.127229     2.170724
    -0.125555     2.164051
    -0.123881     2.157432
    -0.122207     2.150870
    -0.120533     2.144366
    -0.118859     2.137921
    -0.117185     2.131536
    -0.115511     2.125214
    -0.113837     2.118955
    -0.112163     2.112760
    -0.110488     2.106631
    -0.108814     2.100570
    -0.107140     2.094577
    -0.105466     2.088654
    -0.103792     2.082801
    -0.102118     2.077021
    -0.100444     2.071314
    -0.098770     2.065682
    -0.097096     2.060126
    -0.095422     2.054646
    -0.093748     2.049244
    -0.092074     2.043921
    -0.090400     2.038679
    -0.088726     2.033517
    -0.087051     2.028438
    -0.085377     2.023442
    -0.083703     2.018529
    -0.082029     2.013702
    -0.080355     2.008961
    -0.078681     2.004307
    -0.077007     1.999740
    -0.075333     1.995262
    -0.073659     1.990874
    -0.071985     1.986575
    -0.070311     1.982367
    -0.068637     1.978251
    -0.066963     1.974228
    -0.065289     1.970297
    -0.063615     1.966460
    -0.061940     1.962717
    -0.060266     1.959069
    -0.058592     1.955517
    -0.056918     1.952060
    -0.055244     1.948700
    -0.053570     1.945437
    -0.051896     1.942272
    -0.050222     1.939204
    -0.048548     1.936235
    -0.046874     1.933364
    -0.045200     1.930592
    -0.043526     1.927920
    -0.041852     1.925347
    -0.040178     1.922875
    -0.038504     1.920502
    -0.036829     1.918230
    -0.035155     1.916059
    -0.033481     1.913988
    -0.031807     1.912019
    -0.030133     1.910150
    -0.028459     1.908383
    -0.026785     1.906717
    -0.025111     1.905153
    -0.023437     1.903690
    -0.021763     1.902328
    -0.020089     1.901068
    -0.018415     1.899908
    -0.016741     1.898850
    -0.015067     1.897892
    -0.013393     1.897035
    -0.011718     1.896278
    -0.010044     1.895622
    -0.008370     1.895066
    -0.006696     1.894610
    -0.005022     1.894255
    -0.003348     1.894002
    -0.001674     1.893851
     0.000000     1.893803
     0.001674     1.893858
     0.003348     1.894014
     0.005022     1.894270
     0.006696     1.894627
     0.008370     1.895084
     0.010044     1.895641
     0.011718     1.896298
     0.013393     1.897056
     0.015067     1.897914
     0.016741     1.898872
     0.018415     1.899931
     0.020089     1.901091
     0.021763     1.902352
     0.023437     1.903713
     0.025111     1.905176
     0.026785     1.906740
     0.028459     1.908406
     0.030133     1.910172
     0.031807     1.912040
     0.033481     1.914009
     0.035155     1.916079
     0.036829     1.918250
     0.038504     1.920521
     0.040178     1.922893
     0.041852     1.925365
     0.043526     1.927937
     0.045200     1.930609
     0.046874     1.933380
     0.048548     1.936250
     0.050222     1.939219
     0.051896     1.942286
     0.053570     1.945451
     0.055244     1.948714
     0.056918     1.952073
     0.058592     1.955529
     0.060266     1.959081
     0.061940     1.962729
     0.063615     1.966471
     0.065289     1.970308
     0.066963     1.974238
     0.068637     1.978261
     0.070311     1.982377
     0.071985     1.986584
     0.073659     1.990882
     0.075333     1.995271
     0.077007     1.999749
     0.078681     2.004315
     0.080355     2.008969
     0.082029     2.013710
     0.083703     2.018536
     0.085377     2.023448
     0.087051     2.028444
     0.088726     2.033523
     0.090400     2.038685
     0.092074     2.043927
     0.093748     2.049250
     0.095422     2.054651
     0.097096     2.060131
     0.098770     2.065687
     0.100444     2.071319
     0.102118     2.077026
     0.103792     2.082806
     0.105466     2.088658
     0.107140     2.094581
     0.108814     2.100574
     0.110488     2.106635
     0.112163     2.112764
     0.113837     2.118958
     0.115511     2.125217
     0.117185     2.131540
     0.118859     2.137924
     0.120533     2.144369
     0.122207     2.150873
     0.123881     2.157435
     0.125555     2.164053
     0.127229     2.170727
     0.128903     2.177454
     0.130577     2.184233
     0.132251     2.191063
     0.133925     2.197942
     0.135599     2.204869
     0.137274     2.211842
     0.138948     2.218860
     0.140622     2.225921
     0.142296     2.233024
     0.143970     2.240168
     0.145644     2.247350
     0.147318     2.254569
     0.148992     2.261824
     0.150666     2.269113
     0.152340     2.276434
     0.154014     2.283786
     0.155688     2.291168
     0.157362     2.298578
     0.159036     2.306014
     0.160710     2.313474
     0.162385     2.320958
     0.164059     2.328463
     0.165733     2.335988
     0.167407     2.343532


