    -0.167407    -3.467557
    -0.165733    -3.467303
    -0.164059    -3.467054
    -0.162385    -3.466810
    -0.160710    -3.466572
    -0.159036    -3.466338
    -0.157362    -3.466109
    -0.155688    -3.465884
    -0.154014    -3.465663
    -0.152340    -3.465446
    -0.150666    -3.465233
    -0.148992    -3.465023
    -0.147318    -3.464816
    -0.145644    -3.464612
    -0.143970    -3.464411
    -0.142296    -3.464213
    -0.140622    -3.464016
    -0.138948    -3.463822
    -0.137274    -3.463630
    -0.135599    -3.463440
    -0.133925    -3.463251
    -0.132251    -3.463064
    -0.130577    -3.462877
    -0.128903    -3.462692
    -0.127229    -3.462508
    -0.125555    -3.462324
    -0.123881    -3.462141
    -0.122207    -3.461958
    -0.120533    -3.461775
    -0.118859    -3.461592
    -0.117185    -3.461409
    -0.115511    -3.461226
    -0.113837    -3.461042
    -0.112163    -3.460858
    -0.110488    -3.460673
    -0.108814    -3.460487
    -0.107140    -3.460300
    -0.105466    -3.460112
    -0.103792    -3.459922
    -0.102118    -3.459731
    -0.100444    -3.459538
    -0.098770    -3.459344
    -0.097096    -3.459148
    -0.095422    -3.458950
    -0.093748    -3.458750
    -0.092074    -3.458547
    -0.090400    -3.458342
    -0.088726    -3.458135
    -0.087051    -3.457925
    -0.085377    -3.457713
    -0.083703    -3.457498
    -0.082029    -3.457280
    -0.080355    -3.457059
    -0.078681    -3.456835
    -0.077007    -3.456608
    -0.075333    -3.456377
    -0.073659    -3.456143
    -0.071985    -3.455906
    -0.070311    -3.455665
    -0.068637    -3.455421
    -0.066963    -3.455172
    -0.065289    -3.454920
    -0.063615    -3.454664
    -0.061940    -3.454404
    -0.060266    -3.454141
    -0.058592    -3.453872
    -0.056918    -3.453600
    -0.055244    -3.453324
    -0.053570    -3.453043
    -0.051896    -3.452757
    -0.050222    -3.452467
    -0.048548    -3.452173
    -0.046874    -3.451874
    -0.045200    -3.451570
    -0.043526    -3.451261
    -0.041852    -3.450948
    -0.040178    -3.450630
    -0.038504    -3.450306
    -0.036829    -3.449978
    -0.035155    -3.449644
    -0.033481    -3.449306
    -0.031807    -3.448962
    -0.030133    -3.448613
    -0.028459    -3.448259
    -0.026785    -3.447899
    -0.025111    -3.447534
    -0.023437    -3.447164
    -0.021763    -3.446788
    -0.020089    -3.446406
    -0.018415    -3.446019
    -0.016741    -3.445626
    -0.015067    -3.445227
    -0.013393    -3.444823
    -0.011718    -3.444413
    -0.010044    -3.443997
    -0.008370    -3.443575
    -0.006696    -3.443148
    -0.005022    -3.442714
    -0.003348    -3.442275
    -0.001674    -3.441829
     0.000000    -3.441387
     0.001674    -3.441825
     0.003348    -3.442271
     0.005022    -3.442710
     0.006696    -3.443144
     0.008370    -3.443572
     0.010044    -3.443993
     0.011718    -3.444409
     0.013393    -3.444819
     0.015067    -3.445224
     0.016741    -3.445622
     0.018415    -3.446015
     0.020089    -3.446402
     0.021763    -3.446784
     0.023437    -3.447160
     0.025111    -3.447530
     0.026785    -3.447895
     0.028459    -3.448255
     0.030133    -3.448609
     0.031807    -3.448958
     0.033481    -3.449302
     0.035155    -3.449641
     0.036829    -3.449974
     0.038504    -3.450302
     0.040178    -3.450626
     0.041852    -3.450944
     0.043526    -3.451257
     0.045200    -3.451566
     0.046874    -3.451870
     0.048548    -3.452169
     0.050222    -3.452463
     0.051896    -3.452753
     0.053570    -3.453038
     0.055244    -3.453319
     0.056918    -3.453596
     0.058592    -3.453868
     0.060266    -3.454136
     0.061940    -3.454400
     0.063615    -3.454660
     0.065289    -3.454916
     0.066963    -3.455168
     0.068637    -3.455416
     0.070311    -3.455661
     0.071985    -3.455902
     0.073659    -3.456139
     0.075333    -3.456373
     0.077007    -3.456603
     0.078681    -3.456831
     0.080355    -3.457055
     0.082029    -3.457276
     0.083703    -3.457494
     0.085377    -3.457709
     0.087051    -3.457921
     0.088726    -3.458131
     0.090400    -3.458338
     0.092074    -3.458543
     0.093748    -3.458745
     0.095422    -3.458946
     0.097096    -3.459144
     0.098770    -3.459340
     0.100444    -3.459534
     0.102118    -3.459727
     0.103792    -3.459918
     0.105466    -3.460108
     0.107140    -3.460296
     0.108814    -3.460483
     0.110488    -3.460669
     0.112163    -3.460854
     0.113837    -3.461038
     0.115511    -3.461222
     0.117185    -3.461406
     0.118859    -3.461588
     0.120533    -3.461771
     0.122207    -3.461954
     0.123881    -3.462137
     0.125555    -3.462320
     0.127229    -3.462504
     0.128903    -3.462689
     0.130577    -3.462874
     0.132251    -3.463060
     0.133925    -3.463248
     0.135599    -3.463436
     0.137274    -3.463627
     0.138948    -3.463819
     0.140622    -3.464013
     0.142296    -3.464209
     0.143970    -3.464408
     0.145644    -3.464609
     0.147318    -3.464813
     0.148992    -3.465020
     0.150666    -3.465230
     0.152340    -3.465443
     0.154014    -3.465660
     0.155688    -3.465881
     0.157362    -3.466106
     0.159036    -3.466335
     0.160710    -3.466569
     0.162385    -3.466807
     0.164059    -3.467051
     0.165733    -3.467300
     0.167407    -3.467554


    -0.167407    -3.363906
    -0.165733    -3.364958
    -0.164059    -3.366006
    -0.162385    -3.367051
    -0.160710    -3.368092
    -0.159036    -3.369129
    -0.157362    -3.370162
    -0.155688    -3.371191
    -0.154014    -3.372216
    -0.152340    -3.373236
    -0.150666    -3.374253
    -0.148992    -3.375265
    -0.147318    -3.376272
    -0.145644    -3.377275
    -0.143970    -3.378273
    -0.142296    -3.379266
    -0.140622    -3.380255
    -0.138948    -3.381239
    -0.137274    -3.382217
    -0.135599    -3.383191
    -0.133925    -3.384159
    -0.132251    -3.385122
    -0.130577    -3.386080
    -0.128903    -3.387033
    -0.127229    -3.387980
    -0.125555    -3.388921
    -0.123881    -3.389857
    -0.122207    -3.390787
    -0.120533    -3.391712
    -0.118859    -3.392631
    -0.117185    -3.393544
    -0.115511    -3.394451
    -0.113837    -3.395353
    -0.112163    -3.396248
    -0.110488    -3.397137
    -0.108814    -3.398020
    -0.107140    -3.398898
    -0.105466    -3.399768
    -0.103792    -3.400633
    -0.102118    -3.401492
    -0.100444    -3.402344
    -0.098770    -3.403190
    -0.097096    -3.404029
    -0.095422    -3.404862
    -0.093748    -3.405689
    -0.092074    -3.406509
    -0.090400    -3.407323
    -0.088726    -3.408130
    -0.087051    -3.408931
    -0.085377    -3.409725
    -0.083703    -3.410513
    -0.082029    -3.411293
    -0.080355    -3.412068
    -0.078681    -3.412835
    -0.077007    -3.413596
    -0.075333    -3.414351
    -0.073659    -3.415098
    -0.071985    -3.415839
    -0.070311    -3.416573
    -0.068637    -3.417300
    -0.066963    -3.418021
    -0.065289    -3.418735
    -0.063615    -3.419442
    -0.061940    -3.420143
    -0.060266    -3.420836
    -0.058592    -3.421523
    -0.056918    -3.422203
    -0.055244    -3.422876
    -0.053570    -3.423543
    -0.051896    -3.424203
    -0.050222    -3.424856
    -0.048548    -3.425502
    -0.046874    -3.426142
    -0.045200    -3.426774
    -0.043526    -3.427401
    -0.041852    -3.428020
    -0.040178    -3.428633
    -0.038504    -3.429239
    -0.036829    -3.429838
    -0.035155    -3.430431
    -0.033481    -3.431017
    -0.031807    -3.431596
    -0.030133    -3.432169
    -0.028459    -3.432735
    -0.026785    -3.433295
    -0.025111    -3.433848
    -0.023437    -3.434394
    -0.021763    -3.434934
    -0.020089    -3.435468
    -0.018415    -3.435995
    -0.016741    -3.436515
    -0.015067    -3.437029
    -0.013393    -3.437537
    -0.011718    -3.438039
    -0.010044    -3.438534
    -0.008370    -3.439023
    -0.006696    -3.439505
    -0.005022    -3.439981
    -0.003348    -3.440452
    -0.001674    -3.440915
     0.000000    -3.441363
     0.001674    -3.440919
     0.003348    -3.440455
     0.005022    -3.439985
     0.006696    -3.439509
     0.008370    -3.439026
     0.010044    -3.438537
     0.011718    -3.438042
     0.013393    -3.437541
     0.015067    -3.437033
     0.016741    -3.436519
     0.018415    -3.435998
     0.020089    -3.435471
     0.021763    -3.434938
     0.023437    -3.434398
     0.025111    -3.433851
     0.026785    -3.433298
     0.028459    -3.432738
     0.030133    -3.432172
     0.031807    -3.431599
     0.033481    -3.431020
     0.035155    -3.430434
     0.036829    -3.429841
     0.038504    -3.429242
     0.040178    -3.428636
     0.041852    -3.428023
     0.043526    -3.427404
     0.045200    -3.426778
     0.046874    -3.426145
     0.048548    -3.425505
     0.050222    -3.424859
     0.051896    -3.424206
     0.053570    -3.423546
     0.055244    -3.422879
     0.056918    -3.422206
     0.058592    -3.421526
     0.060266    -3.420839
     0.061940    -3.420145
     0.063615    -3.419445
     0.065289    -3.418738
     0.066963    -3.418024
     0.068637    -3.417303
     0.070311    -3.416576
     0.071985    -3.415841
     0.073659    -3.415101
     0.075333    -3.414353
     0.077007    -3.413599
     0.078681    -3.412838
     0.080355    -3.412070
     0.082029    -3.411296
     0.083703    -3.410515
     0.085377    -3.409727
     0.087051    -3.408933
     0.088726    -3.408132
     0.090400    -3.407325
     0.092074    -3.406511
     0.093748    -3.405691
     0.095422    -3.404864
     0.097096    -3.404031
     0.098770    -3.403191
     0.100444    -3.402345
     0.102118    -3.401493
     0.103792    -3.400634
     0.105466    -3.399769
     0.107140    -3.398898
     0.108814    -3.398021
     0.110488    -3.397137
     0.112163    -3.396248
     0.113837    -3.395353
     0.115511    -3.394451
     0.117185    -3.393544
     0.118859    -3.392631
     0.120533    -3.391712
     0.122207    -3.390787
     0.123881    -3.389856
     0.125555    -3.388920
     0.127229    -3.387978
     0.128903    -3.387031
     0.130577    -3.386079
     0.132251    -3.385121
     0.133925    -3.384157
     0.135599    -3.383189
     0.137274    -3.382215
     0.138948    -3.381236
     0.140622    -3.380252
     0.142296    -3.379264
     0.143970    -3.378270
     0.145644    -3.377272
     0.147318    -3.376269
     0.148992    -3.375261
     0.150666    -3.374249
     0.152340    -3.373232
     0.154014    -3.372211
     0.155688    -3.371186
     0.157362    -3.370157
     0.159036    -3.369124
     0.160710    -3.368087
     0.162385    -3.367046
     0.164059    -3.366001
     0.165733    -3.364952
     0.167407    -3.363900


    -0.167407    -2.299077
    -0.165733    -2.293464
    -0.164059    -2.287959
    -0.162385    -2.282560
    -0.160710    -2.277266
    -0.159036    -2.272077
    -0.157362    -2.266990
    -0.155688    -2.262005
    -0.154014    -2.257121
    -0.152340    -2.252335
    -0.150666    -2.247646
    -0.148992    -2.243052
    -0.147318    -2.238552
    -0.145644    -2.234144
    -0.143970    -2.229825
    -0.142296    -2.225595
    -0.140622    -2.221450
    -0.138948    -2.217390
    -0.137274    -2.213413
    -0.135599    -2.209515
    -0.133925    -2.205697
    -0.132251    -2.201955
    -0.130577    -2.198289
    -0.128903    -2.194696
    -0.127229    -2.191174
    -0.125555    -2.187723
    -0.123881    -2.184340
    -0.122207    -2.181023
    -0.120533    -2.177772
    -0.118859    -2.174584
    -0.117185    -2.171459
    -0.115511    -2.168394
    -0.113837    -2.165389
    -0.112163    -2.162442
    -0.110488    -2.159552
    -0.108814    -2.156718
    -0.107140    -2.153938
    -0.105466    -2.151212
    -0.103792    -2.148538
    -0.102118    -2.145916
    -0.100444    -2.143343
    -0.098770    -2.140821
    -0.097096    -2.138347
    -0.095422    -2.135920
    -0.093748    -2.133541
    -0.092074    -2.131208
    -0.090400    -2.128920
    -0.088726    -2.126677
    -0.087051    -2.124478
    -0.085377    -2.122322
    -0.083703    -2.120210
    -0.082029    -2.118139
    -0.080355    -2.116110
    -0.078681    -2.114123
    -0.077007    -2.112176
    -0.075333    -2.110269
    -0.073659    -2.108402
    -0.071985    -2.106574
    -0.070311    -2.104785
    -0.068637    -2.103035
    -0.066963    -2.101322
    -0.065289    -2.099648
    -0.063615    -2.098011
    -0.061940    -2.096411
    -0.060266    -2.094848
    -0.058592    -2.093322
    -0.056918    -2.091832
    -0.055244    -2.090378
    -0.053570    -2.088959
    -0.051896    -2.087576
    -0.050222    -2.086229
    -0.048548    -2.084917
    -0.046874    -2.083639
    -0.045200    -2.082396
    -0.043526    -2.081188
    -0.041852    -2.080013
    -0.040178    -2.078873
    -0.038504    -2.077767
    -0.036829    -2.076695
    -0.035155    -2.075657
    -0.033481    -2.074651
    -0.031807    -2.073680
    -0.030133    -2.072741
    -0.028459    -2.071836
    -0.026785    -2.070963
    -0.025111    -2.070123
    -0.023437    -2.069316
    -0.021763    -2.068541
    -0.020089    -2.067799
    -0.018415    -2.067090
    -0.016741    -2.066412
    -0.015067    -2.065766
    -0.013393    -2.065153
    -0.011718    -2.064571
    -0.010044    -2.064022
    -0.008370    -2.063503
    -0.006696    -2.063017
    -0.005022    -2.062562
    -0.003348    -2.062138
    -0.001674    -2.061746
     0.000000    -2.061397
     0.001674    -2.061748
     0.003348    -2.062141
     0.005022    -2.062565
     0.006696    -2.063020
     0.008370    -2.063506
     0.010044    -2.064025
     0.011718    -2.064575
     0.013393    -2.065156
     0.015067    -2.065770
     0.016741    -2.066416
     0.018415    -2.067093
     0.020089    -2.067803
     0.021763    -2.068546
     0.023437    -2.069320
     0.025111    -2.070127
     0.026785    -2.070967
     0.028459    -2.071840
     0.030133    -2.072746
     0.031807    -2.073685
     0.033481    -2.074656
     0.035155    -2.075662
     0.036829    -2.076700
     0.038504    -2.077773
     0.040178    -2.078879
     0.041852    -2.080019
     0.043526    -2.081193
     0.045200    -2.082402
     0.046874    -2.083645
     0.048548    -2.084923
     0.050222    -2.086235
     0.051896    -2.087583
     0.053570    -2.088966
     0.055244    -2.090385
     0.056918    -2.091839
     0.058592    -2.093329
     0.060266    -2.094856
     0.061940    -2.096419
     0.063615    -2.098019
     0.065289    -2.099656
     0.066963    -2.101331
     0.068637    -2.103043
     0.070311    -2.104794
     0.071985    -2.106583
     0.073659    -2.108411
     0.075333    -2.110278
     0.077007    -2.112185
     0.078681    -2.114132
     0.080355    -2.116120
     0.082029    -2.118149
     0.083703    -2.120220
     0.085377    -2.122333
     0.087051    -2.124488
     0.088726    -2.126688
     0.090400    -2.128931
     0.092074    -2.131219
     0.093748    -2.133552
     0.095422    -2.135932
     0.097096    -2.138358
     0.098770    -2.140832
     0.100444    -2.143355
     0.102118    -2.145927
     0.103792    -2.148550
     0.105466    -2.151224
     0.107140    -2.153951
     0.108814    -2.156730
     0.110488    -2.159565
     0.112163    -2.162455
     0.113837    -2.165402
     0.115511    -2.168407
     0.117185    -2.171472
     0.118859    -2.174598
     0.120533    -2.177785
     0.122207    -2.181037
     0.123881    -2.184353
     0.125555    -2.187736
     0.127229    -2.191188
     0.128903    -2.194710
     0.130577    -2.198303
     0.132251    -2.201969
     0.133925    -2.205711
     0.135599    -2.209529
     0.137274    -2.213426
     0.138948    -2.217404
     0.140622    -2.221464
     0.142296    -2.225608
     0.143970    -2.229839
     0.145644    -2.234157
     0.147318    -2.238565
     0.148992    -2.243065
     0.150666    -2.247659
     0.152340    -2.252347
     0.154014    -2.257133
     0.155688    -2.262017
     0.157362    -2.267002
     0.159036    -2.272088
     0.160710    -2.277277
     0.162385    -2.282570
     0.164059    -2.287969
     0.165733    -2.293474
     0.167407    -2.299086


    -0.167407    -2.203211
    -0.165733    -2.198301
    -0.164059    -2.193568
    -0.162385    -2.189008
    -0.160710    -2.184615
    -0.159036    -2.180385
    -0.157362    -2.176312
    -0.155688    -2.172391
    -0.154014    -2.168614
    -0.152340    -2.164975
    -0.150666    -2.161469
    -0.148992    -2.158089
    -0.147318    -2.154829
    -0.145644    -2.151682
    -0.143970    -2.148643
    -0.142296    -2.145706
    -0.140622    -2.142867
    -0.138948    -2.140119
    -0.137274    -2.137458
    -0.135599    -2.134880
    -0.133925    -2.132379
    -0.132251    -2.129954
    -0.130577    -2.127599
    -0.128903    -2.125311
    -0.127229    -2.123087
    -0.125555    -2.120924
    -0.123881    -2.118820
    -0.122207    -2.116771
    -0.120533    -2.114776
    -0.118859    -2.112832
    -0.117185    -2.110938
    -0.115511    -2.109091
    -0.113837    -2.107290
    -0.112163    -2.105533
    -0.110488    -2.103819
    -0.108814    -2.102146
    -0.107140    -2.100514
    -0.105466    -2.098920
    -0.103792    -2.097365
    -0.102118    -2.095848
    -0.100444    -2.094366
    -0.098770    -2.092921
    -0.097096    -2.091510
    -0.095422    -2.090133
    -0.093748    -2.088790
    -0.092074    -2.087480
    -0.090400    -2.086203
    -0.088726    -2.084958
    -0.087051    -2.083744
    -0.085377    -2.082562
    -0.083703    -2.081411
    -0.082029    -2.080290
    -0.080355    -2.079200
    -0.078681    -2.078141
    -0.077007    -2.077111
    -0.075333    -2.076111
    -0.073659    -2.075141
    -0.071985    -2.074200
    -0.070311    -2.073288
    -0.068637    -2.072406
    -0.066963    -2.071553
    -0.065289    -2.070729
    -0.063615    -2.069934
    -0.061940    -2.069168
    -0.060266    -2.068431
    -0.058592    -2.067722
    -0.056918    -2.067043
    -0.055244    -2.066392
    -0.053570    -2.065770
    -0.051896    -2.065178
    -0.050222    -2.064614
    -0.048548    -2.064078
    -0.046874    -2.063572
    -0.045200    -2.063095
    -0.043526    -2.062647
    -0.041852    -2.062228
    -0.040178    -2.061838
    -0.038504    -2.061477
    -0.036829    -2.061145
    -0.035155    -2.060843
    -0.033481    -2.060569
    -0.031807    -2.060326
    -0.030133    -2.060112
    -0.028459    -2.059927
    -0.026785    -2.059772
    -0.025111    -2.059647
    -0.023437    -2.059551
    -0.021763    -2.059485
    -0.020089    -2.059450
    -0.018415    -2.059444
    -0.016741    -2.059468
    -0.015067    -2.059523
    -0.013393    -2.059608
    -0.011718    -2.059723
    -0.010044    -2.059868
    -0.008370    -2.060045
    -0.006696    -2.060251
    -0.005022    -2.060489
    -0.003348    -2.060757
    -0.001674    -2.061056
     0.000000    -2.061374
     0.001674    -2.061054
     0.003348    -2.060755
     0.005022    -2.060487
     0.006696    -2.060249
     0.008370    -2.060043
     0.010044    -2.059867
     0.011718    -2.059721
     0.013393    -2.059606
     0.015067    -2.059521
     0.016741    -2.059467
     0.018415    -2.059443
     0.020089    -2.059448
     0.021763    -2.059484
     0.023437    -2.059550
     0.025111    -2.059646
     0.026785    -2.059771
     0.028459    -2.059926
     0.030133    -2.060111
     0.031807    -2.060325
     0.033481    -2.060569
     0.035155    -2.060842
     0.036829    -2.061145
     0.038504    -2.061477
     0.040178    -2.061838
     0.041852    -2.062228
     0.043526    -2.062647
     0.045200    -2.063095
     0.046874    -2.063573
     0.048548    -2.064079
     0.050222    -2.064614
     0.051896    -2.065178
     0.053570    -2.065771
     0.055244    -2.066393
     0.056918    -2.067044
     0.058592    -2.067723
     0.060266    -2.068431
     0.061940    -2.069169
     0.063615    -2.069935
     0.065289    -2.070730
     0.066963    -2.071554
     0.068637    -2.072407
     0.070311    -2.073290
     0.071985    -2.074201
     0.073659    -2.075142
     0.075333    -2.076112
     0.077007    -2.077112
     0.078681    -2.078142
     0.080355    -2.079202
     0.082029    -2.080292
     0.083703    -2.081412
     0.085377    -2.082563
     0.087051    -2.083746
     0.088726    -2.084959
     0.090400    -2.086204
     0.092074    -2.087482
     0.093748    -2.088792
     0.095422    -2.090135
     0.097096    -2.091511
     0.098770    -2.092922
     0.100444    -2.094368
     0.102118    -2.095849
     0.103792    -2.097367
     0.105466    -2.098922
     0.107140    -2.100515
     0.108814    -2.102147
     0.110488    -2.103820
     0.112163    -2.105534
     0.113837    -2.107291
     0.115511    -2.109092
     0.117185    -2.110939
     0.118859    -2.112833
     0.120533    -2.114777
     0.122207    -2.116772
     0.123881    -2.118821
     0.125555    -2.120925
     0.127229    -2.123088
     0.128903    -2.125312
     0.130577    -2.127599
     0.132251    -2.129954
     0.133925    -2.132380
     0.135599    -2.134880
     0.137274    -2.137458
     0.138948    -2.140119
     0.140622    -2.142867
     0.142296    -2.145707
     0.143970    -2.148643
     0.145644    -2.151682
     0.147318    -2.154829
     0.148992    -2.158089
     0.150666    -2.161469
     0.152340    -2.164975
     0.154014    -2.168613
     0.155688    -2.172390
     0.157362    -2.176312
     0.159036    -2.180385
     0.160710    -2.184615
     0.162385    -2.189008
     0.164059    -2.193568
     0.165733    -2.198301
     0.167407    -2.203211


    -0.167407    -2.021884
    -0.165733    -2.016181
    -0.164059    -2.010344
    -0.162385    -2.004380
    -0.160710    -1.998294
    -0.159036    -1.992093
    -0.157362    -1.985784
    -0.155688    -1.979375
    -0.154014    -1.972872
    -0.152340    -1.966285
    -0.150666    -1.959621
    -0.148992    -1.952888
    -0.147318    -1.946093
    -0.145644    -1.939244
    -0.143970    -1.932349
    -0.142296    -1.925414
    -0.140622    -1.918446
    -0.138948    -1.911452
    -0.137274    -1.904439
    -0.135599    -1.897411
    -0.133925    -1.890375
    -0.132251    -1.883337
    -0.130577    -1.876301
    -0.128903    -1.869272
    -0.127229    -1.862255
    -0.125555    -1.855253
    -0.123881    -1.848273
    -0.122207    -1.841316
    -0.120533    -1.834387
    -0.118859    -1.827489
    -0.117185    -1.820627
    -0.115511    -1.813822
    -0.113837    -1.807576
    -0.112163    -1.801431
    -0.110488    -1.795314
    -0.108814    -1.789226
    -0.107140    -1.783168
    -0.105466    -1.777142
    -0.103792    -1.771150
    -0.102118    -1.765194
    -0.100444    -1.759276
    -0.098770    -1.753396
    -0.097096    -1.747557
    -0.095422    -1.741760
    -0.093748    -1.736006
    -0.092074    -1.730298
    -0.090400    -1.724636
    -0.088726    -1.719022
    -0.087051    -1.713457
    -0.085377    -1.707943
    -0.083703    -1.702481
    -0.082029    -1.697072
    -0.080355    -1.691718
    -0.078681    -1.686419
    -0.077007    -1.681178
    -0.075333    -1.675995
    -0.073659    -1.670871
    -0.071985    -1.665809
    -0.070311    -1.660809
    -0.068637    -1.655872
    -0.066963    -1.651000
    -0.065289    -1.646194
    -0.063615    -1.641456
    -0.061940    -1.636787
    -0.060266    -1.632188
    -0.058592    -1.627661
    -0.056918    -1.623207
    -0.055244    -1.618829
    -0.053570    -1.614527
    -0.051896    -1.610303
    -0.050222    -1.606160
    -0.048548    -1.602099
    -0.046874    -1.598122
    -0.045200    -1.594231
    -0.043526    -1.590429
    -0.041852    -1.586717
    -0.040178    -1.583099
    -0.038504    -1.579577
    -0.036829    -1.576154
    -0.035155    -1.572833
    -0.033481    -1.569616
    -0.031807    -1.566508
    -0.030133    -1.563512
    -0.028459    -1.560630
    -0.026785    -1.557868
    -0.025111    -1.555229
    -0.023437    -1.552718
    -0.021763    -1.550338
    -0.020089    -1.548095
    -0.018415    -1.545992
    -0.016741    -1.544034
    -0.015067    -1.542226
    -0.013393    -1.540572
    -0.011718    -1.539077
    -0.010044    -1.537745
    -0.008370    -1.536579
    -0.006696    -1.535584
    -0.005022    -1.534762
    -0.003348    -1.534117
    -0.001674    -1.533649
     0.000000    -1.533366
     0.001674    -1.533651
     0.003348    -1.534117
     0.005022    -1.534761
     0.006696    -1.535582
     0.008370    -1.536576
     0.010044    -1.537740
     0.011718    -1.539072
     0.013393    -1.540566
     0.015067    -1.542218
     0.016741    -1.544025
     0.018415    -1.545982
     0.020089    -1.548084
     0.021763    -1.550327
     0.023437    -1.552706
     0.025111    -1.555217
     0.026785    -1.557855
     0.028459    -1.560616
     0.030133    -1.563497
     0.031807    -1.566493
     0.033481    -1.569601
     0.035155    -1.572817
     0.036829    -1.576138
     0.038504    -1.579560
     0.040178    -1.583082
     0.041852    -1.586700
     0.043526    -1.590411
     0.045200    -1.594213
     0.046874    -1.598103
     0.048548    -1.602080
     0.050222    -1.606141
     0.051896    -1.610284
     0.053570    -1.614507
     0.055244    -1.618809
     0.056918    -1.623187
     0.058592    -1.627641
     0.060266    -1.632167
     0.061940    -1.636766
     0.063615    -1.641435
     0.065289    -1.646173
     0.066963    -1.650979
     0.068637    -1.655851
     0.070311    -1.660788
     0.071985    -1.665788
     0.073659    -1.670850
     0.075333    -1.675973
     0.077007    -1.681156
     0.078681    -1.686398
     0.080355    -1.691696
     0.082029    -1.697051
     0.083703    -1.702460
     0.085377    -1.707922
     0.087051    -1.713436
     0.088726    -1.719000
     0.090400    -1.724614
     0.092074    -1.730276
     0.093748    -1.735984
     0.095422    -1.741738
     0.097096    -1.747535
     0.098770    -1.753374
     0.100444    -1.759253
     0.102118    -1.765172
     0.103792    -1.771128
     0.105466    -1.777120
     0.107140    -1.783145
     0.108814    -1.789203
     0.110488    -1.795291
     0.112163    -1.801408
     0.113837    -1.807552
     0.115511    -1.813785
     0.117185    -1.820598
     0.118859    -1.827461
     0.120533    -1.834359
     0.122207    -1.841289
     0.123881    -1.848246
     0.125555    -1.855228
     0.127229    -1.862230
     0.128903    -1.869248
     0.130577    -1.876277
     0.132251    -1.883314
     0.133925    -1.890353
     0.135599    -1.897390
     0.137274    -1.904418
     0.138948    -1.911432
     0.140622    -1.918427
     0.142296    -1.925395
     0.143970    -1.932331
     0.145644    -1.939227
     0.147318    -1.946077
     0.148992    -1.952873
     0.150666    -1.959607
     0.152340    -1.966272
     0.154014    -1.972860
     0.155688    -1.979363
     0.157362    -1.985773
     0.159036    -1.992083
     0.160710    -1.998284
     0.162385    -2.004371
     0.164059    -2.010336
     0.165733    -2.016173
     0.167407    -2.021877


    -0.167407    -2.004012
    -0.165733    -1.998304
    -0.164059    -1.992543
    -0.162385    -1.986733
    -0.160710    -1.980874
    -0.159036    -1.974969
    -0.157362    -1.969020
    -0.155688    -1.963030
    -0.154014    -1.957000
    -0.152340    -1.950935
    -0.150666    -1.944836
    -0.148992    -1.938705
    -0.147318    -1.932546
    -0.145644    -1.926362
    -0.143970    -1.920154
    -0.142296    -1.913926
    -0.140622    -1.907681
    -0.138948    -1.901422
    -0.137274    -1.895150
    -0.135599    -1.888870
    -0.133925    -1.882583
    -0.132251    -1.876292
    -0.130577    -1.870000
    -0.128903    -1.863710
    -0.127229    -1.857424
    -0.125555    -1.851145
    -0.123881    -1.844874
    -0.122207    -1.838615
    -0.120533    -1.832370
    -0.118859    -1.826140
    -0.117185    -1.819928
    -0.115511    -1.813717
    -0.113837    -1.807009
    -0.112163    -1.800268
    -0.110488    -1.793572
    -0.108814    -1.786924
    -0.107140    -1.780327
    -0.105466    -1.773782
    -0.103792    -1.767292
    -0.102118    -1.760859
    -0.100444    -1.754486
    -0.098770    -1.748172
    -0.097096    -1.741922
    -0.095422    -1.735735
    -0.093748    -1.729613
    -0.092074    -1.723559
    -0.090400    -1.717573
    -0.088726    -1.711656
    -0.087051    -1.705811
    -0.085377    -1.700038
    -0.083703    -1.694338
    -0.082029    -1.688713
    -0.080355    -1.683163
    -0.078681    -1.677690
    -0.077007    -1.672294
    -0.075333    -1.666977
    -0.073659    -1.661739
    -0.071985    -1.656582
    -0.070311    -1.651507
    -0.068637    -1.646514
    -0.066963    -1.641605
    -0.065289    -1.636779
    -0.063615    -1.632039
    -0.061940    -1.627386
    -0.060266    -1.622820
    -0.058592    -1.618342
    -0.056918    -1.613955
    -0.055244    -1.609657
    -0.053570    -1.605452
    -0.051896    -1.601341
    -0.050222    -1.597324
    -0.048548    -1.593404
    -0.046874    -1.589581
    -0.045200    -1.585859
    -0.043526    -1.582238
    -0.041852    -1.578720
    -0.040178    -1.575308
    -0.038504    -1.572004
    -0.036829    -1.568811
    -0.035155    -1.565731
    -0.033481    -1.562766
    -0.031807    -1.559921
    -0.030133    -1.557197
    -0.028459    -1.554600
    -0.026785    -1.552131
    -0.025111    -1.549795
    -0.023437    -1.547596
    -0.021763    -1.545538
    -0.020089    -1.543625
    -0.018415    -1.541861
    -0.016741    -1.540250
    -0.015067    -1.538796
    -0.013393    -1.537504
    -0.011718    -1.536377
    -0.010044    -1.535419
    -0.008370    -1.534633
    -0.006696    -1.534022
    -0.005022    -1.533588
    -0.003348    -1.533333
    -0.001674    -1.533258
     0.000000    -1.533360
     0.001674    -1.533254
     0.003348    -1.533328
     0.005022    -1.533582
     0.006696    -1.534014
     0.008370    -1.534624
     0.010044    -1.535409
     0.011718    -1.536366
     0.013393    -1.537491
     0.015067    -1.538783
     0.016741    -1.540235
     0.018415    -1.541845
     0.020089    -1.543608
     0.021763    -1.545521
     0.023437    -1.547578
     0.025111    -1.549776
     0.026785    -1.552111
     0.028459    -1.554579
     0.030133    -1.557176
     0.031807    -1.559898
     0.033481    -1.562743
     0.035155    -1.565707
     0.036829    -1.568787
     0.038504    -1.571979
     0.040178    -1.575283
     0.041852    -1.578694
     0.043526    -1.582211
     0.045200    -1.585832
     0.046874    -1.589554
     0.048548    -1.593376
     0.050222    -1.597296
     0.051896    -1.601312
     0.053570    -1.605423
     0.055244    -1.609628
     0.056918    -1.613925
     0.058592    -1.618312
     0.060266    -1.622789
     0.061940    -1.627355
     0.063615    -1.632008
     0.065289    -1.636748
     0.066963    -1.641573
     0.068637    -1.646482
     0.070311    -1.651475
     0.071985    -1.656550
     0.073659    -1.661707
     0.075333    -1.666944
     0.077007    -1.672261
     0.078681    -1.677657
     0.080355    -1.683130
     0.082029    -1.688680
     0.083703    -1.694305
     0.085377    -1.700005
     0.087051    -1.705778
     0.088726    -1.711624
     0.090400    -1.717540
     0.092074    -1.723526
     0.093748    -1.729581
     0.095422    -1.735703
     0.097096    -1.741890
     0.098770    -1.748141
     0.100444    -1.754454
     0.102118    -1.760828
     0.103792    -1.767261
     0.105466    -1.773751
     0.107140    -1.780296
     0.108814    -1.786894
     0.110488    -1.793543
     0.112163    -1.800240
     0.113837    -1.806982
     0.115511    -1.813703
     0.117185    -1.819907
     0.118859    -1.826119
     0.120533    -1.832348
     0.122207    -1.838593
     0.123881    -1.844852
     0.125555    -1.851122
     0.127229    -1.857402
     0.128903    -1.863688
     0.130577    -1.869978
     0.132251    -1.876269
     0.133925    -1.882560
     0.135599    -1.888847
     0.137274    -1.895127
     0.138948    -1.901399
     0.140622    -1.907658
     0.142296    -1.913903
     0.143970    -1.920131
     0.145644    -1.926339
     0.147318    -1.932523
     0.148992    -1.938682
     0.150666    -1.944813
     0.152340    -1.950912
     0.154014    -1.956978
     0.155688    -1.963007
     0.157362    -1.968998
     0.159036    -1.974947
     0.160710    -1.980852
     0.162385    -1.986711
     0.164059    -1.992522
     0.165733    -1.998283
     0.167407    -2.003992


    -0.167407    -1.518003
    -0.165733    -1.514653
    -0.164059    -1.511330
    -0.162385    -1.508036
    -0.160710    -1.504773
    -0.159036    -1.501541
    -0.157362    -1.498341
    -0.155688    -1.495175
    -0.154014    -1.492043
    -0.152340    -1.488947
    -0.150666    -1.485887
    -0.148992    -1.482865
    -0.147318    -1.479882
    -0.145644    -1.476938
    -0.143970    -1.474036
    -0.142296    -1.471175
    -0.140622    -1.468358
    -0.138948    -1.465585
    -0.137274    -1.462857
    -0.135599    -1.460175
    -0.133925    -1.457540
    -0.132251    -1.454954
    -0.130577    -1.452416
    -0.128903    -1.449929
    -0.127229    -1.447493
    -0.125555    -1.445109
    -0.123881    -1.442777
    -0.122207    -1.440500
    -0.120533    -1.438276
    -0.118859    -1.436108
    -0.117185    -1.433996
    -0.115511    -1.431940
    -0.113837    -1.429942
    -0.112163    -1.428002
    -0.110488    -1.426120
    -0.108814    -1.424298
    -0.107140    -1.422534
    -0.105466    -1.420831
    -0.103792    -1.419188
    -0.102118    -1.417606
    -0.100444    -1.416085
    -0.098770    -1.414625
    -0.097096    -1.413227
    -0.095422    -1.411891
    -0.093748    -1.410616
    -0.092074    -1.409403
    -0.090400    -1.408252
    -0.088726    -1.407163
    -0.087051    -1.406136
    -0.085377    -1.405170
    -0.083703    -1.404266
    -0.082029    -1.403423
    -0.080355    -1.402641
    -0.078681    -1.401919
    -0.077007    -1.401258
    -0.075333    -1.400656
    -0.073659    -1.400114
    -0.071985    -1.399630
    -0.070311    -1.399204
    -0.068637    -1.398836
    -0.066963    -1.398523
    -0.065289    -1.398267
    -0.063615    -1.398065
    -0.061940    -1.397918
    -0.060266    -1.397822
    -0.058592    -1.397779
    -0.056918    -1.397785
    -0.055244    -1.397841
    -0.053570    -1.397943
    -0.051896    -1.398092
    -0.050222    -1.398285
    -0.048548    -1.398520
    -0.046874    -1.398796
    -0.045200    -1.399110
    -0.043526    -1.399461
    -0.041852    -1.399845
    -0.040178    -1.400260
    -0.038504    -1.400704
    -0.036829    -1.401173
    -0.035155    -1.401666
    -0.033481    -1.402178
    -0.031807    -1.402706
    -0.030133    -1.403247
    -0.028459    -1.403797
    -0.026785    -1.404353
    -0.025111    -1.404909
    -0.023437    -1.405461
    -0.021763    -1.406002
    -0.020089    -1.406527
    -0.018415    -1.407032
    -0.016741    -1.407512
    -0.015067    -1.407961
    -0.013393    -1.408377
    -0.011718    -1.408755
    -0.010044    -1.409090
    -0.008370    -1.409381
    -0.006696    -1.409623
    -0.005022    -1.409814
    -0.003348    -1.409951
    -0.001674    -1.410034
     0.000000    -1.410061
     0.001674    -1.410032
     0.003348    -1.409947
     0.005022    -1.409808
     0.006696    -1.409616
     0.008370    -1.409373
     0.010044    -1.409082
     0.011718    -1.408746
     0.013393    -1.408369
     0.015067    -1.407954
     0.016741    -1.407504
     0.018415    -1.407026
     0.020089    -1.406522
     0.021763    -1.405998
     0.023437    -1.405459
     0.025111    -1.404910
     0.026785    -1.404358
     0.028459    -1.403806
     0.030133    -1.403258
     0.031807    -1.402719
     0.033481    -1.402193
     0.035155    -1.401682
     0.036829    -1.401191
     0.038504    -1.400722
     0.040178    -1.400278
     0.041852    -1.399864
     0.043526    -1.399480
     0.045200    -1.399130
     0.046874    -1.398816
     0.048548    -1.398540
     0.050222    -1.398305
     0.051896    -1.398112
     0.053570    -1.397963
     0.055244    -1.397860
     0.056918    -1.397805
     0.058592    -1.397798
     0.060266    -1.397842
     0.061940    -1.397937
     0.063615    -1.398085
     0.065289    -1.398286
     0.066963    -1.398542
     0.068637    -1.398854
     0.070311    -1.399222
     0.071985    -1.399648
     0.073659    -1.400132
     0.075333    -1.400674
     0.077007    -1.401275
     0.078681    -1.401936
     0.080355    -1.402658
     0.082029    -1.403440
     0.083703    -1.404282
     0.085377    -1.405186
     0.087051    -1.406152
     0.088726    -1.407179
     0.090400    -1.408268
     0.092074    -1.409418
     0.093748    -1.410631
     0.095422    -1.411905
     0.097096    -1.413242
     0.098770    -1.414640
     0.100444    -1.416099
     0.102118    -1.417620
     0.103792    -1.419202
     0.105466    -1.420844
     0.107140    -1.422547
     0.108814    -1.424310
     0.110488    -1.426132
     0.112163    -1.428014
     0.113837    -1.429954
     0.115511    -1.431952
     0.117185    -1.434007
     0.118859    -1.436119
     0.120533    -1.438286
     0.122207    -1.440509
     0.123881    -1.442787
     0.125555    -1.445118
     0.127229    -1.447502
     0.128903    -1.449938
     0.130577    -1.452425
     0.132251    -1.454962
     0.133925    -1.457548
     0.135599    -1.460182
     0.137274    -1.462864
     0.138948    -1.465592
     0.140622    -1.468365
     0.142296    -1.471182
     0.143970    -1.474042
     0.145644    -1.476944
     0.147318    -1.479887
     0.148992    -1.482870
     0.150666    -1.485892
     0.152340    -1.488952
     0.154014    -1.492048
     0.155688    -1.495179
     0.157362    -1.498346
     0.159036    -1.501545
     0.160710    -1.504777
     0.162385    -1.508040
     0.164059    -1.511333
     0.165733    -1.514656
     0.167407    -1.518007


    -0.167407    -1.479886
    -0.165733    -1.476928
    -0.164059    -1.474018
    -0.162385    -1.471159
    -0.160710    -1.468350
    -0.159036    -1.465592
    -0.157362    -1.462885
    -0.155688    -1.460230
    -0.154014    -1.457628
    -0.152340    -1.455078
    -0.150666    -1.452582
    -0.148992    -1.450139
    -0.147318    -1.447749
    -0.145644    -1.445414
    -0.143970    -1.443133
    -0.142296    -1.440905
    -0.140622    -1.438733
    -0.138948    -1.436615
    -0.137274    -1.434551
    -0.135599    -1.432542
    -0.133925    -1.430588
    -0.132251    -1.428688
    -0.130577    -1.426843
    -0.128903    -1.425052
    -0.127229    -1.423316
    -0.125555    -1.421634
    -0.123881    -1.420006
    -0.122207    -1.418432
    -0.120533    -1.416911
    -0.118859    -1.415444
    -0.117185    -1.414031
    -0.115511    -1.412670
    -0.113837    -1.411362
    -0.112163    -1.410107
    -0.110488    -1.408904
    -0.108814    -1.407753
    -0.107140    -1.406654
    -0.105466    -1.405606
    -0.103792    -1.404609
    -0.102118    -1.403663
    -0.100444    -1.402767
    -0.098770    -1.401921
    -0.097096    -1.401125
    -0.095422    -1.400378
    -0.093748    -1.399680
    -0.092074    -1.399030
    -0.090400    -1.398428
    -0.088726    -1.397874
    -0.087051    -1.397367
    -0.085377    -1.396907
    -0.083703    -1.396493
    -0.082029    -1.396125
    -0.080355    -1.395802
    -0.078681    -1.395524
    -0.077007    -1.395290
    -0.075333    -1.395100
    -0.073659    -1.394953
    -0.071985    -1.394848
    -0.070311    -1.394785
    -0.068637    -1.394763
    -0.066963    -1.394781
    -0.065289    -1.394839
    -0.063615    -1.394936
    -0.061940    -1.395070
    -0.060266    -1.395242
    -0.058592    -1.395449
    -0.056918    -1.395692
    -0.055244    -1.395968
    -0.053570    -1.396277
    -0.051896    -1.396617
    -0.050222    -1.396988
    -0.048548    -1.397386
    -0.046874    -1.397812
    -0.045200    -1.398263
    -0.043526    -1.398738
    -0.041852    -1.399234
    -0.040178    -1.399749
    -0.038504    -1.400282
    -0.036829    -1.400829
    -0.035155    -1.401389
    -0.033481    -1.401957
    -0.031807    -1.402532
    -0.030133    -1.403109
    -0.028459    -1.403686
    -0.026785    -1.404258
    -0.025111    -1.404823
    -0.023437    -1.405377
    -0.021763    -1.405919
    -0.020089    -1.406444
    -0.018415    -1.406948
    -0.016741    -1.407429
    -0.015067    -1.407881
    -0.013393    -1.408299
    -0.011718    -1.408681
    -0.010044    -1.409021
    -0.008370    -1.409316
    -0.006696    -1.409562
    -0.005022    -1.409758
    -0.003348    -1.409900
    -0.001674    -1.409986
     0.000000    -1.410017
     0.001674    -1.409990
     0.003348    -1.409907
     0.005022    -1.409768
     0.006696    -1.409576
     0.008370    -1.409332
     0.010044    -1.409039
     0.011718    -1.408700
     0.013393    -1.408320
     0.015067    -1.407902
     0.016741    -1.407451
     0.018415    -1.406971
     0.020089    -1.406467
     0.021763    -1.405941
     0.023437    -1.405399
     0.025111    -1.404842
     0.026785    -1.404274
     0.028459    -1.403699
     0.030133    -1.403120
     0.031807    -1.402541
     0.033481    -1.401965
     0.035155    -1.401396
     0.036829    -1.400836
     0.038504    -1.400289
     0.040178    -1.399756
     0.041852    -1.399240
     0.043526    -1.398744
     0.045200    -1.398270
     0.046874    -1.397818
     0.048548    -1.397393
     0.050222    -1.396994
     0.051896    -1.396624
     0.053570    -1.396283
     0.055244    -1.395974
     0.056918    -1.395698
     0.058592    -1.395456
     0.060266    -1.395248
     0.061940    -1.395077
     0.063615    -1.394942
     0.065289    -1.394845
     0.066963    -1.394788
     0.068637    -1.394769
     0.070311    -1.394791
     0.071985    -1.394854
     0.073659    -1.394959
     0.075333    -1.395106
     0.077007    -1.395297
     0.078681    -1.395530
     0.080355    -1.395808
     0.082029    -1.396131
     0.083703    -1.396499
     0.085377    -1.396913
     0.087051    -1.397373
     0.088726    -1.397880
     0.090400    -1.398434
     0.092074    -1.399036
     0.093748    -1.399686
     0.095422    -1.400384
     0.097096    -1.401131
     0.098770    -1.401927
     0.100444    -1.402773
     0.102118    -1.403669
     0.103792    -1.404615
     0.105466    -1.405612
     0.107140    -1.406660
     0.108814    -1.407759
     0.110488    -1.408910
     0.112163    -1.410113
     0.113837    -1.411368
     0.115511    -1.412675
     0.117185    -1.414036
     0.118859    -1.415450
     0.120533    -1.416916
     0.122207    -1.418437
     0.123881    -1.420011
     0.125555    -1.421639
     0.127229    -1.423321
     0.128903    -1.425057
     0.130577    -1.426848
     0.132251    -1.428693
     0.133925    -1.430593
     0.135599    -1.432547
     0.137274    -1.434556
     0.138948    -1.436619
     0.140622    -1.438737
     0.142296    -1.440910
     0.143970    -1.443137
     0.145644    -1.445418
     0.147318    -1.447754
     0.148992    -1.450143
     0.150666    -1.452586
     0.152340    -1.455082
     0.154014    -1.457632
     0.155688    -1.460234
     0.157362    -1.462889
     0.159036    -1.465595
     0.160710    -1.468353
     0.162385    -1.471162
     0.164059    -1.474022
     0.165733    -1.476931
     0.167407    -1.479889


    -0.167407    -1.147335
    -0.165733    -1.142973
    -0.164059    -1.138557
    -0.162385    -1.134087
    -0.160710    -1.129668
    -0.159036    -1.126065
    -0.157362    -1.122422
    -0.155688    -1.118736
    -0.154014    -1.115006
    -0.152340    -1.111230
    -0.150666    -1.107407
    -0.148992    -1.103537
    -0.147318    -1.099617
    -0.145644    -1.095648
    -0.143970    -1.091627
    -0.142296    -1.087554
    -0.140622    -1.083428
    -0.138948    -1.079247
    -0.137274    -1.075011
    -0.135599    -1.070718
    -0.133925    -1.066368
    -0.132251    -1.061960
    -0.130577    -1.057493
    -0.128903    -1.052966
    -0.127229    -1.048378
    -0.125555    -1.043730
    -0.123881    -1.039019
    -0.122207    -1.034246
    -0.120533    -1.029410
    -0.118859    -1.024511
    -0.117185    -1.019548
    -0.115511    -1.014522
    -0.113837    -1.009431
    -0.112163    -1.004277
    -0.110488    -0.999059
    -0.108814    -0.993776
    -0.107140    -0.988431
    -0.105466    -0.983022
    -0.103792    -0.977550
    -0.102118    -0.972017
    -0.100444    -0.966422
    -0.098770    -0.960766
    -0.097096    -0.955050
    -0.095422    -0.949276
    -0.093748    -0.943444
    -0.092074    -0.937557
    -0.090400    -0.931614
    -0.088726    -0.925619
    -0.087051    -0.919572
    -0.085377    -0.913476
    -0.083703    -0.907333
    -0.082029    -0.901144
    -0.080355    -0.894913
    -0.078681    -0.888642
    -0.077007    -0.882333
    -0.075333    -0.875991
    -0.073659    -0.869617
    -0.071985    -0.863215
    -0.070311    -0.856789
    -0.068637    -0.850343
    -0.066963    -0.843880
    -0.065289    -0.837406
    -0.063615    -0.830925
    -0.061940    -0.824441
    -0.060266    -0.817960
    -0.058592    -0.811488
    -0.056918    -0.805031
    -0.055244    -0.798594
    -0.053570    -0.792184
    -0.051896    -0.785810
    -0.050222    -0.779477
    -0.048548    -0.773195
    -0.046874    -0.766971
    -0.045200    -0.760815
    -0.043526    -0.754736
    -0.041852    -0.748744
    -0.040178    -0.742849
    -0.038504    -0.737064
    -0.036829    -0.731398
    -0.035155    -0.725865
    -0.033481    -0.720477
    -0.031807    -0.715246
    -0.030133    -0.710187
    -0.028459    -0.705312
    -0.026785    -0.700635
    -0.025111    -0.696170
    -0.023437    -0.691931
    -0.021763    -0.687930
    -0.020089    -0.684180
    -0.018415    -0.680694
    -0.016741    -0.677483
    -0.015067    -0.674556
    -0.013393    -0.671923
    -0.011718    -0.669591
    -0.010044    -0.667567
    -0.008370    -0.665854
    -0.006696    -0.664455
    -0.005022    -0.663373
    -0.003348    -0.662611
    -0.001674    -0.662158
     0.000000    -0.662006
     0.001674    -0.662156
     0.003348    -0.662612
     0.005022    -0.663381
     0.006696    -0.664465
     0.008370    -0.665864
     0.010044    -0.667577
     0.011718    -0.669602
     0.013393    -0.671933
     0.015067    -0.674566
     0.016741    -0.677492
     0.018415    -0.680703
     0.020089    -0.684189
     0.021763    -0.687938
     0.023437    -0.691938
     0.025111    -0.696177
     0.026785    -0.700642
     0.028459    -0.705318
     0.030133    -0.710192
     0.031807    -0.715251
     0.033481    -0.720481
     0.035155    -0.725869
     0.036829    -0.731402
     0.038504    -0.737067
     0.040178    -0.742852
     0.041852    -0.748746
     0.043526    -0.754738
     0.045200    -0.760816
     0.046874    -0.766972
     0.048548    -0.773196
     0.050222    -0.779478
     0.051896    -0.785810
     0.053570    -0.792184
     0.055244    -0.798593
     0.056918    -0.805030
     0.058592    -0.811487
     0.060266    -0.817959
     0.061940    -0.824439
     0.063615    -0.830923
     0.065289    -0.837404
     0.066963    -0.843878
     0.068637    -0.850340
     0.070311    -0.856786
     0.071985    -0.863212
     0.073659    -0.869613
     0.075333    -0.875987
     0.077007    -0.882330
     0.078681    -0.888638
     0.080355    -0.894909
     0.082029    -0.901140
     0.083703    -0.907328
     0.085377    -0.913471
     0.087051    -0.919567
     0.088726    -0.925614
     0.090400    -0.931609
     0.092074    -0.937552
     0.093748    -0.943439
     0.095422    -0.949271
     0.097096    -0.955045
     0.098770    -0.960760
     0.100444    -0.966416
     0.102118    -0.972011
     0.103792    -0.977545
     0.105466    -0.983017
     0.107140    -0.988426
     0.108814    -0.993771
     0.110488    -0.999053
     0.112163    -1.004272
     0.113837    -1.009426
     0.115511    -1.014517
     0.117185    -1.019543
     0.118859    -1.024506
     0.120533    -1.029405
     0.122207    -1.034241
     0.123881    -1.039015
     0.125555    -1.043725
     0.127229    -1.048374
     0.128903    -1.052962
     0.130577    -1.057489
     0.132251    -1.061956
     0.133925    -1.066365
     0.135599    -1.070715
     0.137274    -1.075007
     0.138948    -1.079244
     0.140622    -1.083425
     0.142296    -1.087551
     0.143970    -1.091625
     0.145644    -1.095645
     0.147318    -1.099615
     0.148992    -1.103535
     0.150666    -1.107405
     0.152340    -1.111228
     0.154014    -1.115005
     0.155688    -1.118735
     0.157362    -1.122422
     0.159036    -1.126065
     0.160710    -1.129668
     0.162385    -1.134085
     0.164059    -1.138554
     0.165733    -1.142970
     0.167407    -1.147332


    -0.167407    -1.143674
    -0.165733    -1.140229
    -0.164059    -1.136747
    -0.162385    -1.133226
    -0.160710    -1.129563
    -0.159036    -1.124988
    -0.157362    -1.120359
    -0.155688    -1.115676
    -0.154014    -1.110941
    -0.152340    -1.106152
    -0.150666    -1.101311
    -0.148992    -1.096417
    -0.147318    -1.091471
    -0.145644    -1.086474
    -0.143970    -1.081427
    -0.142296    -1.076328
    -0.140622    -1.071180
    -0.138948    -1.065983
    -0.137274    -1.060738
    -0.135599    -1.055446
    -0.133925    -1.050107
    -0.132251    -1.044723
    -0.130577    -1.039294
    -0.128903    -1.033822
    -0.127229    -1.028307
    -0.125555    -1.022751
    -0.123881    -1.017156
    -0.122207    -1.011522
    -0.120533    -1.005851
    -0.118859    -1.000143
    -0.117185    -0.994402
    -0.115511    -0.988627
    -0.113837    -0.982822
    -0.112163    -0.976986
    -0.110488    -0.971123
    -0.108814    -0.965233
    -0.107140    -0.959318
    -0.105466    -0.953381
    -0.103792    -0.947423
    -0.102118    -0.941445
    -0.100444    -0.935451
    -0.098770    -0.929441
    -0.097096    -0.923418
    -0.095422    -0.917384
    -0.093748    -0.911341
    -0.092074    -0.905292
    -0.090400    -0.899238
    -0.088726    -0.893182
    -0.087051    -0.887126
    -0.085377    -0.881072
    -0.083703    -0.875024
    -0.082029    -0.868983
    -0.080355    -0.862952
    -0.078681    -0.856934
    -0.077007    -0.850931
    -0.075333    -0.844946
    -0.073659    -0.838982
    -0.071985    -0.833042
    -0.070311    -0.827129
    -0.068637    -0.821245
    -0.066963    -0.815395
    -0.065289    -0.809581
    -0.063615    -0.803806
    -0.061940    -0.798073
    -0.060266    -0.792388
    -0.058592    -0.786752
    -0.056918    -0.781169
    -0.055244    -0.775644
    -0.053570    -0.770180
    -0.051896    -0.764782
    -0.050222    -0.759453
    -0.048548    -0.754199
    -0.046874    -0.749023
    -0.045200    -0.743930
    -0.043526    -0.738926
    -0.041852    -0.734015
    -0.040178    -0.729203
    -0.038504    -0.724495
    -0.036829    -0.719897
    -0.035155    -0.715416
    -0.033481    -0.711057
    -0.031807    -0.706827
    -0.030133    -0.702734
    -0.028459    -0.698784
    -0.026785    -0.694985
    -0.025111    -0.691345
    -0.023437    -0.687872
    -0.021763    -0.684574
    -0.020089    -0.681462
    -0.018415    -0.678543
    -0.016741    -0.675828
    -0.015067    -0.673325
    -0.013393    -0.671045
    -0.011718    -0.668998
    -0.010044    -0.667193
    -0.008370    -0.665641
    -0.006696    -0.664351
    -0.005022    -0.663331
    -0.003348    -0.662585
    -0.001674    -0.662131
     0.000000    -0.661981
     0.001674    -0.662133
     0.003348    -0.662583
     0.005022    -0.663321
     0.006696    -0.664339
     0.008370    -0.665628
     0.010044    -0.667180
     0.011718    -0.668984
     0.013393    -0.671031
     0.015067    -0.673311
     0.016741    -0.675813
     0.018415    -0.678529
     0.020089    -0.681448
     0.021763    -0.684560
     0.023437    -0.687858
     0.025111    -0.691331
     0.026785    -0.694971
     0.028459    -0.698771
     0.030133    -0.702721
     0.031807    -0.706815
     0.033481    -0.711045
     0.035155    -0.715404
     0.036829    -0.719886
     0.038504    -0.724484
     0.040178    -0.729192
     0.041852    -0.734004
     0.043526    -0.738916
     0.045200    -0.743921
     0.046874    -0.749014
     0.048548    -0.754190
     0.050222    -0.759445
     0.051896    -0.764774
     0.053570    -0.770173
     0.055244    -0.775637
     0.056918    -0.781162
     0.058592    -0.786745
     0.060266    -0.792381
     0.061940    -0.798068
     0.063615    -0.803800
     0.065289    -0.809576
     0.066963    -0.815390
     0.068637    -0.821241
     0.070311    -0.827125
     0.071985    -0.833039
     0.073659    -0.838979
     0.075333    -0.844943
     0.077007    -0.850928
     0.078681    -0.856932
     0.080355    -0.862950
     0.082029    -0.868981
     0.083703    -0.875023
     0.085377    -0.881072
     0.087051    -0.887125
     0.088726    -0.893182
     0.090400    -0.899238
     0.092074    -0.905292
     0.093748    -0.911342
     0.095422    -0.917385
     0.097096    -0.923419
     0.098770    -0.929442
     0.100444    -0.935452
     0.102118    -0.941447
     0.103792    -0.947424
     0.105466    -0.953383
     0.107140    -0.959320
     0.108814    -0.965235
     0.110488    -0.971125
     0.112163    -0.976988
     0.113837    -0.982824
     0.115511    -0.988629
     0.117185    -0.994404
     0.118859    -1.000145
     0.120533    -1.005852
     0.122207    -1.011524
     0.123881    -1.017158
     0.125555    -1.022753
     0.127229    -1.028309
     0.128903    -1.033823
     0.130577    -1.039295
     0.132251    -1.044724
     0.133925    -1.050108
     0.135599    -1.055447
     0.137274    -1.060739
     0.138948    -1.065984
     0.140622    -1.071181
     0.142296    -1.076329
     0.143970    -1.081427
     0.145644    -1.086474
     0.147318    -1.091471
     0.148992    -1.096417
     0.150666    -1.101310
     0.152340    -1.106151
     0.154014    -1.110940
     0.155688    -1.115675
     0.157362    -1.120357
     0.159036    -1.124986
     0.160710    -1.129561
     0.162385    -1.133226
     0.164059    -1.136747
     0.165733    -1.140229
     0.167407    -1.143674


    -0.167407    -0.434255
    -0.165733    -0.431626
    -0.164059    -0.429041
    -0.162385    -0.426502
    -0.160710    -0.424009
    -0.159036    -0.421561
    -0.157362    -0.419161
    -0.155688    -0.416807
    -0.154014    -0.414501
    -0.152340    -0.412244
    -0.150666    -0.410034
    -0.148992    -0.407874
    -0.147318    -0.405763
    -0.145644    -0.403702
    -0.143970    -0.401690
    -0.142296    -0.399730
    -0.140622    -0.397821
    -0.138948    -0.395962
    -0.137274    -0.394156
    -0.135599    -0.392402
    -0.133925    -0.390700
    -0.132251    -0.389051
    -0.130577    -0.387455
    -0.128903    -0.385912
    -0.127229    -0.384423
    -0.125555    -0.382987
    -0.123881    -0.381606
    -0.122207    -0.380279
    -0.120533    -0.379007
    -0.118859    -0.377789
    -0.117185    -0.376626
    -0.115511    -0.375517
    -0.113837    -0.374464
    -0.112163    -0.373466
    -0.110488    -0.372522
    -0.108814    -0.371633
    -0.107140    -0.370799
    -0.105466    -0.370020
    -0.103792    -0.369296
    -0.102118    -0.368625
    -0.100444    -0.368009
    -0.098770    -0.367447
    -0.097096    -0.366937
    -0.095422    -0.366481
    -0.093748    -0.366077
    -0.092074    -0.365725
    -0.090400    -0.365424
    -0.088726    -0.365174
    -0.087051    -0.364973
    -0.085377    -0.364821
    -0.083703    -0.364716
    -0.082029    -0.364658
    -0.080355    -0.364645
    -0.078681    -0.364676
    -0.077007    -0.364750
    -0.075333    -0.364864
    -0.073659    -0.365016
    -0.071985    -0.365206
    -0.070311    -0.365430
    -0.068637    -0.365687
    -0.066963    -0.365973
    -0.065289    -0.366286
    -0.063615    -0.366622
    -0.061940    -0.366979
    -0.060266    -0.367353
    -0.058592    -0.367739
    -0.056918    -0.368134
    -0.055244    -0.368532
    -0.053570    -0.368930
    -0.051896    -0.369321
    -0.050222    -0.369699
    -0.048548    -0.370059
    -0.046874    -0.370393
    -0.045200    -0.370695
    -0.043526    -0.370956
    -0.041852    -0.371169
    -0.040178    -0.371324
    -0.038504    -0.371412
    -0.036829    -0.371424
    -0.035155    -0.371350
    -0.033481    -0.371177
    -0.031807    -0.370896
    -0.030133    -0.370495
    -0.028459    -0.369962
    -0.026785    -0.369285
    -0.025111    -0.368452
    -0.023437    -0.367453
    -0.021763    -0.366274
    -0.020089    -0.364905
    -0.018415    -0.363337
    -0.016741    -0.361560
    -0.015067    -0.359565
    -0.013393    -0.357345
    -0.011718    -0.354896
    -0.010044    -0.352212
    -0.008370    -0.349293
    -0.006696    -0.346137
    -0.005022    -0.342746
    -0.003348    -0.339122
    -0.001674    -0.335271
     0.000000    -0.331214
     0.001674    -0.335284
     0.003348    -0.339136
     0.005022    -0.342760
     0.006696    -0.346152
     0.008370    -0.349308
     0.010044    -0.352228
     0.011718    -0.354912
     0.013393    -0.357362
     0.015067    -0.359582
     0.016741    -0.361577
     0.018415    -0.363355
     0.020089    -0.364924
     0.021763    -0.366292
     0.023437    -0.367471
     0.025111    -0.368471
     0.026785    -0.369304
     0.028459    -0.369981
     0.030133    -0.370515
     0.031807    -0.370916
     0.033481    -0.371197
     0.035155    -0.371370
     0.036829    -0.371445
     0.038504    -0.371433
     0.040178    -0.371344
     0.041852    -0.371189
     0.043526    -0.370976
     0.045200    -0.370715
     0.046874    -0.370413
     0.048548    -0.370079
     0.050222    -0.369719
     0.051896    -0.369341
     0.053570    -0.368950
     0.055244    -0.368552
     0.056918    -0.368153
     0.058592    -0.367758
     0.060266    -0.367372
     0.061940    -0.366998
     0.063615    -0.366641
     0.065289    -0.366304
     0.066963    -0.365991
     0.068637    -0.365705
     0.070311    -0.365448
     0.071985    -0.365224
     0.073659    -0.365034
     0.075333    -0.364881
     0.077007    -0.364767
     0.078681    -0.364693
     0.080355    -0.364662
     0.082029    -0.364674
     0.083703    -0.364732
     0.085377    -0.364836
     0.087051    -0.364988
     0.088726    -0.365189
     0.090400    -0.365439
     0.092074    -0.365740
     0.093748    -0.366091
     0.095422    -0.366495
     0.097096    -0.366951
     0.098770    -0.367460
     0.100444    -0.368022
     0.102118    -0.368638
     0.103792    -0.369308
     0.105466    -0.370033
     0.107140    -0.370811
     0.108814    -0.371645
     0.110488    -0.372534
     0.112163    -0.373477
     0.113837    -0.374475
     0.115511    -0.375528
     0.117185    -0.376636
     0.118859    -0.377799
     0.120533    -0.379017
     0.122207    -0.380289
     0.123881    -0.381616
     0.125555    -0.382997
     0.127229    -0.384432
     0.128903    -0.385921
     0.130577    -0.387464
     0.132251    -0.389060
     0.133925    -0.390709
     0.135599    -0.392411
     0.137274    -0.394165
     0.138948    -0.395971
     0.140622    -0.397829
     0.142296    -0.399738
     0.143970    -0.401699
     0.145644    -0.403710
     0.147318    -0.405771
     0.148992    -0.407882
     0.150666    -0.410042
     0.152340    -0.412251
     0.154014    -0.414509
     0.155688    -0.416815
     0.157362    -0.419169
     0.159036    -0.421569
     0.160710    -0.424016
     0.162385    -0.426510
     0.164059    -0.429049
     0.165733    -0.431633
     0.167407    -0.434262


    -0.167407    -0.353698
    -0.165733    -0.348906
    -0.164059    -0.344126
    -0.162385    -0.339358
    -0.160710    -0.334602
    -0.159036    -0.329859
    -0.157362    -0.325130
    -0.155688    -0.320414
    -0.154014    -0.315713
    -0.152340    -0.311027
    -0.150666    -0.306356
    -0.148992    -0.301701
    -0.147318    -0.297063
    -0.145644    -0.292442
    -0.143970    -0.287840
    -0.142296    -0.283257
    -0.140622    -0.278693
    -0.138948    -0.274150
    -0.137274    -0.269630
    -0.135599    -0.265132
    -0.133925    -0.260658
    -0.132251    -0.256210
    -0.130577    -0.251788
    -0.128903    -0.247395
    -0.127229    -0.243033
    -0.125555    -0.238701
    -0.123881    -0.234404
    -0.122207    -0.230142
    -0.120533    -0.225919
    -0.118859    -0.221736
    -0.117185    -0.217597
    -0.115511    -0.213504
    -0.113837    -0.209461
    -0.112163    -0.205472
    -0.110488    -0.201539
    -0.108814    -0.197668
    -0.107140    -0.193862
    -0.105466    -0.190128
    -0.103792    -0.186471
    -0.102118    -0.182897
    -0.100444    -0.179411
    -0.098770    -0.176023
    -0.097096    -0.172739
    -0.095422    -0.169568
    -0.093748    -0.166519
    -0.092074    -0.163602
    -0.090400    -0.160828
    -0.088726    -0.158209
    -0.087051    -0.155757
    -0.085377    -0.153485
    -0.083703    -0.151407
    -0.082029    -0.149537
    -0.080355    -0.147891
    -0.078681    -0.146484
    -0.077007    -0.145331
    -0.075333    -0.144449
    -0.073659    -0.143852
    -0.071985    -0.143554
    -0.070311    -0.143570
    -0.068637    -0.143910
    -0.066963    -0.144585
    -0.065289    -0.145602
    -0.063615    -0.146967
    -0.061940    -0.148680
    -0.060266    -0.150743
    -0.058592    -0.153150
    -0.056918    -0.155896
    -0.055244    -0.158970
    -0.053570    -0.162360
    -0.051896    -0.166053
    -0.050222    -0.170032
    -0.048548    -0.174280
    -0.046874    -0.178777
    -0.045200    -0.183505
    -0.043526    -0.188443
    -0.041852    -0.193572
    -0.040178    -0.198871
    -0.038504    -0.204320
    -0.036829    -0.209901
    -0.035155    -0.215593
    -0.033481    -0.221379
    -0.031807    -0.227239
    -0.030133    -0.233157
    -0.028459    -0.239114
    -0.026785    -0.245094
    -0.025111    -0.251080
    -0.023437    -0.257056
    -0.021763    -0.263007
    -0.020089    -0.268915
    -0.018415    -0.274767
    -0.016741    -0.280546
    -0.015067    -0.286238
    -0.013393    -0.291828
    -0.011718    -0.297301
    -0.010044    -0.302643
    -0.008370    -0.307841
    -0.006696    -0.312880
    -0.005022    -0.317748
    -0.003348    -0.322434
    -0.001674    -0.326925
     0.000000    -0.331195
     0.001674    -0.326912
     0.003348    -0.322421
     0.005022    -0.317736
     0.006696    -0.312868
     0.008370    -0.307829
     0.010044    -0.302632
     0.011718    -0.297291
     0.013393    -0.291818
     0.015067    -0.286228
     0.016741    -0.280537
     0.018415    -0.274758
     0.020089    -0.268907
     0.021763    -0.262998
     0.023437    -0.257048
     0.025111    -0.251072
     0.026785    -0.245086
     0.028459    -0.239107
     0.030133    -0.233150
     0.031807    -0.227232
     0.033481    -0.221372
     0.035155    -0.215587
     0.036829    -0.209895
     0.038504    -0.204315
     0.040178    -0.198865
     0.041852    -0.193566
     0.043526    -0.188438
     0.045200    -0.183499
     0.046874    -0.178772
     0.048548    -0.174274
     0.050222    -0.170027
     0.051896    -0.166048
     0.053570    -0.162355
     0.055244    -0.158964
     0.056918    -0.155889
     0.058592    -0.153144
     0.060266    -0.150736
     0.061940    -0.148673
     0.063615    -0.146959
     0.065289    -0.145594
     0.066963    -0.144576
     0.068637    -0.143901
     0.070311    -0.143560
     0.071985    -0.143543
     0.073659    -0.143840
     0.075333    -0.144437
     0.077007    -0.145318
     0.078681    -0.146470
     0.080355    -0.147877
     0.082029    -0.149522
     0.083703    -0.151391
     0.085377    -0.153469
     0.087051    -0.155740
     0.088726    -0.158192
     0.090400    -0.160811
     0.092074    -0.163584
     0.093748    -0.166500
     0.095422    -0.169549
     0.097096    -0.172720
     0.098770    -0.176003
     0.100444    -0.179392
     0.102118    -0.182877
     0.103792    -0.186451
     0.105466    -0.190108
     0.107140    -0.193842
     0.108814    -0.197647
     0.110488    -0.201518
     0.112163    -0.205451
     0.113837    -0.209441
     0.115511    -0.213484
     0.117185    -0.217577
     0.118859    -0.221716
     0.120533    -0.225899
     0.122207    -0.230122
     0.123881    -0.234384
     0.125555    -0.238682
     0.127229    -0.243013
     0.128903    -0.247376
     0.130577    -0.251770
     0.132251    -0.256191
     0.133925    -0.260640
     0.135599    -0.265114
     0.137274    -0.269612
     0.138948    -0.274133
     0.140622    -0.278677
     0.142296    -0.283240
     0.143970    -0.287824
     0.145644    -0.292427
     0.147318    -0.297048
     0.148992    -0.301687
     0.150666    -0.306342
     0.152340    -0.311014
     0.154014    -0.315701
     0.155688    -0.320403
     0.157362    -0.325119
     0.159036    -0.329849
     0.160710    -0.334592
     0.162385    -0.339348
     0.164059    -0.344117
     0.165733    -0.348898
     0.167407    -0.353690


    -0.167407     0.596672
    -0.165733     0.588392
    -0.164059     0.580097
    -0.162385     0.571789
    -0.160710     0.563469
    -0.159036     0.555137
    -0.157362     0.546795
    -0.155688     0.538442
    -0.154014     0.530081
    -0.152340     0.521711
    -0.150666     0.513334
    -0.148992     0.504952
    -0.147318     0.496564
    -0.145644     0.488173
    -0.143970     0.479780
    -0.142296     0.471386
    -0.140622     0.462992
    -0.138948     0.454600
    -0.137274     0.446212
    -0.135599     0.437829
    -0.133925     0.429453
    -0.132251     0.421086
    -0.130577     0.412730
    -0.128903     0.404388
    -0.127229     0.396061
    -0.125555     0.387753
    -0.123881     0.379466
    -0.122207     0.371202
    -0.120533     0.362966
    -0.118859     0.354760
    -0.117185     0.346588
    -0.115511     0.338454
    -0.113837     0.330363
    -0.112163     0.322318
    -0.110488     0.314324
    -0.108814     0.306388
    -0.107140     0.298514
    -0.105466     0.290708
    -0.103792     0.282979
    -0.102118     0.275331
    -0.100444     0.267775
    -0.098770     0.260317
    -0.097096     0.252968
    -0.095422     0.245736
    -0.093748     0.238634
    -0.092074     0.231671
    -0.090400     0.224860
    -0.088726     0.218215
    -0.087051     0.211749
    -0.085377     0.205477
    -0.083703     0.199414
    -0.082029     0.193578
    -0.080355     0.187983
    -0.078681     0.182649
    -0.077007     0.177592
    -0.075333     0.172830
    -0.073659     0.168381
    -0.071985     0.164259
    -0.070311     0.160482
    -0.068637     0.157062
    -0.066963     0.154013
    -0.065289     0.151344
    -0.063615     0.149063
    -0.061940     0.147175
    -0.060266     0.145681
    -0.058592     0.144581
    -0.056918     0.143870
    -0.055244     0.143543
    -0.053570     0.143591
    -0.051896     0.144002
    -0.050222     0.144764
    -0.048548     0.145864
    -0.046874     0.147285
    -0.045200     0.149013
    -0.043526     0.151033
    -0.041852     0.153328
    -0.040178     0.155883
    -0.038504     0.158684
    -0.036829     0.161715
    -0.035155     0.164964
    -0.033481     0.168417
    -0.031807     0.172061
    -0.030133     0.175887
    -0.028459     0.179882
    -0.026785     0.184037
    -0.025111     0.188342
    -0.023437     0.192790
    -0.021763     0.197372
    -0.020089     0.202080
    -0.018415     0.206909
    -0.016741     0.211851
    -0.015067     0.216901
    -0.013393     0.222053
    -0.011718     0.227303
    -0.010044     0.232645
    -0.008370     0.238076
    -0.006696     0.243591
    -0.005022     0.249185
    -0.003348     0.254857
    -0.001674     0.260602
     0.000000     0.266413
     0.001674     0.260612
     0.003348     0.254868
     0.005022     0.249196
     0.006696     0.243602
     0.008370     0.238088
     0.010044     0.232658
     0.011718     0.227316
     0.013393     0.222066
     0.015067     0.216914
     0.016741     0.211865
     0.018415     0.206923
     0.020089     0.202095
     0.021763     0.197387
     0.023437     0.192805
     0.025111     0.188358
     0.026785     0.184053
     0.028459     0.179898
     0.030133     0.175904
     0.031807     0.172079
     0.033481     0.168435
     0.035155     0.164982
     0.036829     0.161734
     0.038504     0.158703
     0.040178     0.155903
     0.041852     0.153348
     0.043526     0.151053
     0.045200     0.149034
     0.046874     0.147305
     0.048548     0.145884
     0.050222     0.144785
     0.051896     0.144023
     0.053570     0.143611
     0.055244     0.143564
     0.056918     0.143891
     0.058592     0.144601
     0.060266     0.145701
     0.061940     0.147194
     0.063615     0.149082
     0.065289     0.151362
     0.066963     0.154031
     0.068637     0.157079
     0.070311     0.160498
     0.071985     0.164275
     0.073659     0.168395
     0.075333     0.172844
     0.077007     0.177606
     0.078681     0.182662
     0.080355     0.187995
     0.082029     0.193588
     0.083703     0.199424
     0.085377     0.205486
     0.087051     0.211757
     0.088726     0.218222
     0.090400     0.224867
     0.092074     0.231676
     0.093748     0.238639
     0.095422     0.245741
     0.097096     0.252971
     0.098770     0.260320
     0.100444     0.267777
     0.102118     0.275333
     0.103792     0.282979
     0.105466     0.290708
     0.107140     0.298513
     0.108814     0.306386
     0.110488     0.314322
     0.112163     0.322315
     0.113837     0.330359
     0.115511     0.338450
     0.117185     0.346584
     0.118859     0.354755
     0.120533     0.362960
     0.122207     0.371196
     0.123881     0.379459
     0.125555     0.387746
     0.127229     0.396053
     0.128903     0.404379
     0.130577     0.412721
     0.132251     0.421076
     0.133925     0.429443
     0.135599     0.437818
     0.137274     0.446201
     0.138948     0.454588
     0.140622     0.462980
     0.142296     0.471373
     0.143970     0.479767
     0.145644     0.488160
     0.147318     0.496551
     0.148992     0.504938
     0.150666     0.513320
     0.152340     0.521696
     0.154014     0.530065
     0.155688     0.538426
     0.157362     0.546779
     0.159036     0.555121
     0.160710     0.563452
     0.162385     0.571772
     0.164059     0.580080
     0.165733     0.588374
     0.167407     0.596654


    -0.167407     0.892841
    -0.165733     0.887610
    -0.164059     0.882357
    -0.162385     0.877080
    -0.160710     0.871780
    -0.159036     0.866455
    -0.157362     0.861106
    -0.155688     0.855732
    -0.154014     0.850332
    -0.152340     0.844907
    -0.150666     0.839455
    -0.148992     0.833976
    -0.147318     0.828470
    -0.145644     0.822936
    -0.143970     0.817375
    -0.142296     0.811784
    -0.140622     0.806165
    -0.138948     0.800517
    -0.137274     0.794839
    -0.135599     0.789132
    -0.133925     0.783394
    -0.132251     0.777625
    -0.130577     0.771826
    -0.128903     0.765996
    -0.127229     0.760135
    -0.125555     0.754242
    -0.123881     0.748318
    -0.122207     0.742362
    -0.120533     0.736374
    -0.118859     0.730355
    -0.117185     0.724303
    -0.115511     0.718220
    -0.113837     0.712105
    -0.112163     0.705959
    -0.110488     0.699780
    -0.108814     0.693571
    -0.107140     0.687330
    -0.105466     0.681059
    -0.103792     0.674756
    -0.102118     0.668424
    -0.100444     0.662062
    -0.098770     0.655670
    -0.097096     0.649250
    -0.095422     0.642801
    -0.093748     0.636325
    -0.092074     0.629821
    -0.090400     0.623292
    -0.088726     0.616736
    -0.087051     0.610156
    -0.085377     0.603551
    -0.083703     0.596924
    -0.082029     0.590274
    -0.080355     0.583603
    -0.078681     0.576912
    -0.077007     0.570202
    -0.075333     0.563474
    -0.073659     0.556729
    -0.071985     0.549968
    -0.070311     0.543193
    -0.068637     0.536405
    -0.066963     0.529604
    -0.065289     0.522794
    -0.063615     0.515974
    -0.061940     0.509146
    -0.060266     0.502312
    -0.058592     0.495474
    -0.056918     0.488632
    -0.055244     0.481788
    -0.053570     0.474944
    -0.051896     0.468102
    -0.050222     0.461263
    -0.048548     0.454428
    -0.046874     0.447600
    -0.045200     0.440780
    -0.043526     0.433969
    -0.041852     0.427170
    -0.040178     0.420385
    -0.038504     0.413614
    -0.036829     0.406860
    -0.035155     0.400125
    -0.033481     0.393410
    -0.031807     0.386717
    -0.030133     0.380049
    -0.028459     0.373406
    -0.026785     0.366791
    -0.025111     0.360207
    -0.023437     0.353654
    -0.021763     0.347134
    -0.020089     0.340651
    -0.018415     0.334205
    -0.016741     0.327799
    -0.015067     0.321435
    -0.013393     0.315116
    -0.011718     0.308842
    -0.010044     0.302617
    -0.008370     0.296444
    -0.006696     0.290323
    -0.005022     0.284258
    -0.003348     0.278252
    -0.001674     0.272307
     0.000000     0.266429
     0.001674     0.272298
     0.003348     0.278243
     0.005022     0.284249
     0.006696     0.290314
     0.008370     0.296435
     0.010044     0.302609
     0.011718     0.308834
     0.013393     0.315107
     0.015067     0.321427
     0.016741     0.327791
     0.018415     0.334197
     0.020089     0.340643
     0.021763     0.347127
     0.023437     0.353646
     0.025111     0.360199
     0.026785     0.366784
     0.028459     0.373399
     0.030133     0.380041
     0.031807     0.386710
     0.033481     0.393403
     0.035155     0.400117
     0.036829     0.406853
     0.038504     0.413607
     0.040178     0.420377
     0.041852     0.427163
     0.043526     0.433962
     0.045200     0.440772
     0.046874     0.447592
     0.048548     0.454420
     0.050222     0.461255
     0.051896     0.468094
     0.053570     0.474936
     0.055244     0.481780
     0.056918     0.488623
     0.058592     0.495465
     0.060266     0.502304
     0.061940     0.509137
     0.063615     0.515965
     0.065289     0.522784
     0.066963     0.529595
     0.068637     0.536395
     0.070311     0.543183
     0.071985     0.549958
     0.073659     0.556719
     0.075333     0.563464
     0.077007     0.570192
     0.078681     0.576902
     0.080355     0.583593
     0.082029     0.590263
     0.083703     0.596913
     0.085377     0.603540
     0.087051     0.610144
     0.088726     0.616724
     0.090400     0.623280
     0.092074     0.629809
     0.093748     0.636313
     0.095422     0.642789
     0.097096     0.649237
     0.098770     0.655658
     0.100444     0.662049
     0.102118     0.668411
     0.103792     0.674743
     0.105466     0.681045
     0.107140     0.687317
     0.108814     0.693557
     0.110488     0.699767
     0.112163     0.705945
     0.113837     0.712091
     0.115511     0.718206
     0.117185     0.724289
     0.118859     0.730341
     0.120533     0.736360
     0.122207     0.742348
     0.123881     0.748303
     0.125555     0.754228
     0.127229     0.760120
     0.128903     0.765981
     0.130577     0.771811
     0.132251     0.777611
     0.133925     0.783379
     0.135599     0.789117
     0.137274     0.794824
     0.138948     0.800502
     0.140622     0.806150
     0.142296     0.811769
     0.143970     0.817359
     0.145644     0.822921
     0.147318     0.828455
     0.148992     0.833961
     0.150666     0.839440
     0.152340     0.844892
     0.154014     0.850317
     0.155688     0.855717
     0.157362     0.861091
     0.159036     0.866440
     0.160710     0.871765
     0.162385     0.877065
     0.164059     0.882342
     0.165733     0.887595
     0.167407     0.892826


    -0.167407     1.812997
    -0.165733     1.806058
    -0.164059     1.799155
    -0.162385     1.792288
    -0.160710     1.785460
    -0.159036     1.778673
    -0.157362     1.771928
    -0.155688     1.765228
    -0.154014     1.758574
    -0.152340     1.751969
    -0.150666     1.745414
    -0.148992     1.738911
    -0.147318     1.732462
    -0.145644     1.726070
    -0.143970     1.719735
    -0.142296     1.713461
    -0.140622     1.707248
    -0.138948     1.701099
    -0.137274     1.695015
    -0.135599     1.688999
    -0.133925     1.683052
    -0.132251     1.677176
    -0.130577     1.671373
    -0.128903     1.665644
    -0.127229     1.659991
    -0.125555     1.654417
    -0.123881     1.648922
    -0.122207     1.643508
    -0.120533     1.638177
    -0.118859     1.632931
    -0.117185     1.627770
    -0.115511     1.622697
    -0.113837     1.617712
    -0.112163     1.612818
    -0.110488     1.608015
    -0.108814     1.603305
    -0.107140     1.598689
    -0.105466     1.594168
    -0.103792     1.589743
    -0.102118     1.585416
    -0.100444     1.581188
    -0.098770     1.577059
    -0.097096     1.573030
    -0.095422     1.569102
    -0.093748     1.565277
    -0.092074     1.561555
    -0.090400     1.557936
    -0.088726     1.554421
    -0.087051     1.551011
    -0.085377     1.547706
    -0.083703     1.544508
    -0.082029     1.541415
    -0.080355     1.538430
    -0.078681     1.535551
    -0.077007     1.532779
    -0.075333     1.530115
    -0.073659     1.527559
    -0.071985     1.525111
    -0.070311     1.522770
    -0.068637     1.520537
    -0.066963     1.518413
    -0.065289     1.516396
    -0.063615     1.514487
    -0.061940     1.512685
    -0.060266     1.510991
    -0.058592     1.509404
    -0.056918     1.507924
    -0.055244     1.506550
    -0.053570     1.505283
    -0.051896     1.504122
    -0.050222     1.503066
    -0.048548     1.502116
    -0.046874     1.501270
    -0.045200     1.500528
    -0.043526     1.499890
    -0.041852     1.499355
    -0.040178     1.498922
    -0.038504     1.498592
    -0.036829     1.498363
    -0.035155     1.498234
    -0.033481     1.498206
    -0.031807     1.498277
    -0.030133     1.498446
    -0.028459     1.498714
    -0.026785     1.499079
    -0.025111     1.499540
    -0.023437     1.500098
    -0.021763     1.500750
    -0.020089     1.501497
    -0.018415     1.502338
    -0.016741     1.503271
    -0.015067     1.504296
    -0.013393     1.505413
    -0.011718     1.506620
    -0.010044     1.507917
    -0.008370     1.509302
    -0.006696     1.510775
    -0.005022     1.512336
    -0.003348     1.513983
    -0.001674     1.515716
     0.000000     1.517517
     0.001674     1.515726
     0.003348     1.513993
     0.005022     1.512347
     0.006696     1.510786
     0.008370     1.509313
     0.010044     1.507928
     0.011718     1.506632
     0.013393     1.505425
     0.015067     1.504309
     0.016741     1.503284
     0.018415     1.502351
     0.020089     1.501511
     0.021763     1.500764
     0.023437     1.500112
     0.025111     1.499555
     0.026785     1.499094
     0.028459     1.498729
     0.030133     1.498461
     0.031807     1.498292
     0.033481     1.498221
     0.035155     1.498250
     0.036829     1.498378
     0.038504     1.498608
     0.040178     1.498939
     0.041852     1.499371
     0.043526     1.499906
     0.045200     1.500545
     0.046874     1.501286
     0.048548     1.502132
     0.050222     1.503083
     0.051896     1.504139
     0.053570     1.505300
     0.055244     1.506567
     0.056918     1.507940
     0.058592     1.509420
     0.060266     1.511007
     0.061940     1.512701
     0.063615     1.514503
     0.065289     1.516412
     0.066963     1.518428
     0.068637     1.520553
     0.070311     1.522786
     0.071985     1.525126
     0.073659     1.527574
     0.075333     1.530130
     0.077007     1.532794
     0.078681     1.535565
     0.080355     1.538444
     0.082029     1.541429
     0.083703     1.544521
     0.085377     1.547720
     0.087051     1.551024
     0.088726     1.554434
     0.090400     1.557948
     0.092074     1.561567
     0.093748     1.565289
     0.095422     1.569114
     0.097096     1.573041
     0.098770     1.577069
     0.100444     1.581198
     0.102118     1.585426
     0.103792     1.589753
     0.105466     1.594177
     0.107140     1.598697
     0.108814     1.603313
     0.110488     1.608023
     0.112163     1.612825
     0.113837     1.617719
     0.115511     1.622703
     0.117185     1.627776
     0.118859     1.632937
     0.120533     1.638183
     0.122207     1.643513
     0.123881     1.648927
     0.125555     1.654421
     0.127229     1.659995
     0.128903     1.665647
     0.130577     1.671376
     0.132251     1.677179
     0.133925     1.683054
     0.135599     1.689001
     0.137274     1.695017
     0.138948     1.701100
     0.140622     1.707249
     0.142296     1.713461
     0.143970     1.719735
     0.145644     1.726069
     0.147318     1.732462
     0.148992     1.738910
     0.150666     1.745412
     0.152340     1.751967
     0.154014     1.758572
     0.155688     1.765225
     0.157362     1.771925
     0.159036     1.778669
     0.160710     1.785456
     0.162385     1.792284
     0.164059     1.799151
     0.165733     1.806054
     0.167407     1.812992


    -0.167407     1.980828
    -0.165733     1.974861
    -0.164059     1.968894
    -0.162385     1.962929
    -0.160710     1.956965
    -0.159036     1.951004
    -0.157362     1.945046
    -0.155688     1.939092
    -0.154014     1.933143
    -0.152340     1.927198
    -0.150666     1.921260
    -0.148992     1.915328
    -0.147318     1.909404
    -0.145644     1.903488
    -0.143970     1.897580
    -0.142296     1.891683
    -0.140622     1.885795
    -0.138948     1.879919
    -0.137274     1.874055
    -0.135599     1.868204
    -0.133925     1.862366
    -0.132251     1.856543
    -0.130577     1.850736
    -0.128903     1.844944
    -0.127229     1.839169
    -0.125555     1.833412
    -0.123881     1.827674
    -0.122207     1.821955
    -0.120533     1.816257
    -0.118859     1.810580
    -0.117185     1.804926
    -0.115511     1.799294
    -0.113837     1.793687
    -0.112163     1.788104
    -0.110488     1.782548
    -0.108814     1.777017
    -0.107140     1.771515
    -0.105466     1.766041
    -0.103792     1.760597
    -0.102118     1.755182
    -0.100444     1.749799
    -0.098770     1.744449
    -0.097096     1.739131
    -0.095422     1.733847
    -0.093748     1.728598
    -0.092074     1.723385
    -0.090400     1.718209
    -0.088726     1.713070
    -0.087051     1.707970
    -0.085377     1.702909
    -0.083703     1.697888
    -0.082029     1.692909
    -0.080355     1.687972
    -0.078681     1.683078
    -0.077007     1.678227
    -0.075333     1.673422
    -0.073659     1.668662
    -0.071985     1.663948
    -0.070311     1.659283
    -0.068637     1.654665
    -0.066963     1.650097
    -0.065289     1.645578
    -0.063615     1.641111
    -0.061940     1.636696
    -0.060266     1.632333
    -0.058592     1.628023
    -0.056918     1.623769
    -0.055244     1.619569
    -0.053570     1.615425
    -0.051896     1.611339
    -0.050222     1.607310
    -0.048548     1.603340
    -0.046874     1.599430
    -0.045200     1.595580
    -0.043526     1.591791
    -0.041852     1.588065
    -0.040178     1.584401
    -0.038504     1.580801
    -0.036829     1.577266
    -0.035155     1.573796
    -0.033481     1.570393
    -0.031807     1.567056
    -0.030133     1.563788
    -0.028459     1.560588
    -0.026785     1.557459
    -0.025111     1.554399
    -0.023437     1.551411
    -0.021763     1.548496
    -0.020089     1.545653
    -0.018415     1.542884
    -0.016741     1.540190
    -0.015067     1.537572
    -0.013393     1.535029
    -0.011718     1.532564
    -0.010044     1.530178
    -0.008370     1.527870
    -0.006696     1.525642
    -0.005022     1.523494
    -0.003348     1.521428
    -0.001674     1.519444
     0.000000     1.517559
     0.001674     1.519435
     0.003348     1.521419
     0.005022     1.523486
     0.006696     1.525634
     0.008370     1.527863
     0.010044     1.530171
     0.011718     1.532558
     0.013393     1.535024
     0.015067     1.537566
     0.016741     1.540185
     0.018415     1.542880
     0.020089     1.545649
     0.021763     1.548492
     0.023437     1.551409
     0.025111     1.554397
     0.026785     1.557457
     0.028459     1.560587
     0.030133     1.563787
     0.031807     1.567056
     0.033481     1.570393
     0.035155     1.573797
     0.036829     1.577267
     0.038504     1.580803
     0.040178     1.584404
     0.041852     1.588068
     0.043526     1.591795
     0.045200     1.595584
     0.046874     1.599435
     0.048548     1.603346
     0.050222     1.607316
     0.051896     1.611345
     0.053570     1.615432
     0.055244     1.619576
     0.056918     1.623776
     0.058592     1.628032
     0.060266     1.632341
     0.061940     1.636705
     0.063615     1.641121
     0.065289     1.645589
     0.066963     1.650107
     0.068637     1.654676
     0.070311     1.659294
     0.071985     1.663961
     0.073659     1.668674
     0.075333     1.673435
     0.077007     1.678241
     0.078681     1.683091
     0.080355     1.687986
     0.082029     1.692924
     0.083703     1.697904
     0.085377     1.702924
     0.087051     1.707986
     0.088726     1.713086
     0.090400     1.718226
     0.092074     1.723402
     0.093748     1.728616
     0.095422     1.733865
     0.097096     1.739149
     0.098770     1.744467
     0.100444     1.749818
     0.102118     1.755202
     0.103792     1.760616
     0.105466     1.766061
     0.107140     1.771535
     0.108814     1.777038
     0.110488     1.782569
     0.112163     1.788126
     0.113837     1.793708
     0.115511     1.799316
     0.117185     1.804948
     0.118859     1.810603
     0.120533     1.816280
     0.122207     1.821978
     0.123881     1.827697
     0.125555     1.833435
     0.127229     1.839193
     0.128903     1.844967
     0.130577     1.850759
     0.132251     1.856567
     0.133925     1.862391
     0.135599     1.868228
     0.137274     1.874080
     0.138948     1.879944
     0.140622     1.885820
     0.142296     1.891708
     0.143970     1.897605
     0.145644     1.903513
     0.147318     1.909429
     0.148992     1.915354
     0.150666     1.921285
     0.152340     1.927224
     0.154014     1.933168
     0.155688     1.939118
     0.157362     1.945072
     0.159036     1.951030
     0.160710     1.956991
     0.162385     1.962954
     0.164059     1.968920
     0.165733     1.974886
     0.167407     1.980854


    -0.167407     2.328591
    -0.165733     2.322794
    -0.164059     2.317039
    -0.162385     2.311328
    -0.160710     2.305661
    -0.159036     2.300039
    -0.157362     2.294462
    -0.155688     2.288931
    -0.154014     2.283446
    -0.152340     2.278008
    -0.150666     2.272618
    -0.148992     2.267276
    -0.147318     2.261982
    -0.145644     2.256737
    -0.143970     2.251541
    -0.142296     2.246396
    -0.140622     2.241300
    -0.138948     2.236255
    -0.137274     2.231262
    -0.135599     2.226320
    -0.133925     2.221430
    -0.132251     2.216592
    -0.130577     2.211807
    -0.128903     2.207076
    -0.127229     2.202397
    -0.125555     2.197773
    -0.123881     2.193202
    -0.122207     2.188686
    -0.120533     2.184225
    -0.118859     2.179819
    -0.117185     2.175469
    -0.115511     2.171174
    -0.113837     2.166935
    -0.112163     2.162753
    -0.110488     2.158627
    -0.108814     2.154558
    -0.107140     2.150546
    -0.105466     2.146591
    -0.103792     2.142694
    -0.102118     2.138855
    -0.100444     2.135074
    -0.098770     2.131352
    -0.097096     2.127688
    -0.095422     2.124083
    -0.093748     2.120537
    -0.092074     2.117050
    -0.090400     2.113623
    -0.088726     2.110256
    -0.087051     2.106948
    -0.085377     2.103700
    -0.083703     2.100513
    -0.082029     2.097386
    -0.080355     2.094320
    -0.078681     2.091315
    -0.077007     2.088370
    -0.075333     2.085487
    -0.073659     2.082665
    -0.071985     2.079904
    -0.070311     2.077205
    -0.068637     2.074568
    -0.066963     2.071993
    -0.065289     2.069480
    -0.063615     2.067029
    -0.061940     2.064640
    -0.060266     2.062314
    -0.058592     2.060050
    -0.056918     2.057849
    -0.055244     2.055711
    -0.053570     2.053635
    -0.051896     2.051623
    -0.050222     2.049673
    -0.048548     2.047787
    -0.046874     2.045964
    -0.045200     2.044205
    -0.043526     2.042509
    -0.041852     2.040876
    -0.040178     2.039307
    -0.038504     2.037802
    -0.036829     2.036360
    -0.035155     2.034982
    -0.033481     2.033668
    -0.031807     2.032417
    -0.030133     2.031231
    -0.028459     2.030109
    -0.026785     2.029050
    -0.025111     2.028056
    -0.023437     2.027125
    -0.021763     2.026259
    -0.020089     2.025457
    -0.018415     2.024718
    -0.016741     2.024043
    -0.015067     2.023433
    -0.013393     2.022886
    -0.011718     2.022402
    -0.010044     2.021983
    -0.008370     2.021627
    -0.006696     2.021335
    -0.005022     2.021108
    -0.003348     2.020945
    -0.001674     2.020846
     0.000000     2.020811
     0.001674     2.020840
     0.003348     2.020934
     0.005022     2.021093
     0.006696     2.021315
     0.008370     2.021602
     0.010044     2.021954
     0.011718     2.022369
     0.013393     2.022849
     0.015067     2.023394
     0.016741     2.024002
     0.018415     2.024675
     0.020089     2.025412
     0.021763     2.026214
     0.023437     2.027080
     0.025111     2.028009
     0.026785     2.029003
     0.028459     2.030061
     0.030133     2.031183
     0.031807     2.032369
     0.033481     2.033619
     0.035155     2.034933
     0.036829     2.036311
     0.038504     2.037753
     0.040178     2.039258
     0.041852     2.040827
     0.043526     2.042460
     0.045200     2.044156
     0.046874     2.045916
     0.048548     2.047739
     0.050222     2.049625
     0.051896     2.051575
     0.053570     2.053588
     0.055244     2.055663
     0.056918     2.057802
     0.058592     2.060003
     0.060266     2.062268
     0.061940     2.064594
     0.063615     2.066984
     0.065289     2.069435
     0.066963     2.071949
     0.068637     2.074525
     0.070311     2.077163
     0.071985     2.079863
     0.073659     2.082625
     0.075333     2.085448
     0.077007     2.088332
     0.078681     2.091277
     0.080355     2.094284
     0.082029     2.097351
     0.083703     2.100479
     0.085377     2.103668
     0.087051     2.106917
     0.088726     2.110225
     0.090400     2.113594
     0.092074     2.117023
     0.093748     2.120511
     0.095422     2.124058
     0.097096     2.127664
     0.098770     2.131329
     0.100444     2.135053
     0.102118     2.138835
     0.103792     2.142675
     0.105466     2.146573
     0.107140     2.150529
     0.108814     2.154542
     0.110488     2.158612
     0.112163     2.162739
     0.113837     2.166923
     0.115511     2.171163
     0.117185     2.175459
     0.118859     2.179811
     0.120533     2.184218
     0.122207     2.188680
     0.123881     2.193197
     0.125555     2.197769
     0.127229     2.202395
     0.128903     2.207074
     0.130577     2.211807
     0.132251     2.216593
     0.133925     2.221432
     0.135599     2.226323
     0.137274     2.231266
     0.138948     2.236261
     0.140622     2.241306
     0.142296     2.246403
     0.143970     2.251550
     0.145644     2.256746
     0.147318     2.261992
     0.148992     2.267287
     0.150666     2.272631
     0.152340     2.278022
     0.154014     2.283461
     0.155688     2.288946
     0.157362     2.294478
     0.159036     2.300056
     0.160710     2.305680
     0.162385     2.311348
     0.164059     2.317059
     0.165733     2.322815
     0.167407     2.328613


    -0.167407     2.331682
    -0.165733     2.325821
    -0.164059     2.320000
    -0.162385     2.314221
    -0.160710     2.308485
    -0.159036     2.302791
    -0.157362     2.297142
    -0.155688     2.291538
    -0.154014     2.285979
    -0.152340     2.280467
    -0.150666     2.275001
    -0.148992     2.269584
    -0.147318     2.264215
    -0.145644     2.258895
    -0.143970     2.253625
    -0.142296     2.248406
    -0.140622     2.243237
    -0.138948     2.238120
    -0.137274     2.233055
    -0.135599     2.228043
    -0.133925     2.223084
    -0.132251     2.218178
    -0.130577     2.213327
    -0.128903     2.208530
    -0.127229     2.203788
    -0.125555     2.199102
    -0.123881     2.194471
    -0.122207     2.189896
    -0.120533     2.185379
    -0.118859     2.180918
    -0.117185     2.176514
    -0.115511     2.172168
    -0.113837     2.167879
    -0.112163     2.163649
    -0.110488     2.159477
    -0.108814     2.155364
    -0.107140     2.151310
    -0.105466     2.147315
    -0.103792     2.143380
    -0.102118     2.139504
    -0.100444     2.135688
    -0.098770     2.131933
    -0.097096     2.128237
    -0.095422     2.124602
    -0.093748     2.121027
    -0.092074     2.117514
    -0.090400     2.114061
    -0.088726     2.110670
    -0.087051     2.107339
    -0.085377     2.104070
    -0.083703     2.100863
    -0.082029     2.097717
    -0.080355     2.094633
    -0.078681     2.091611
    -0.077007     2.088651
    -0.075333     2.085753
    -0.073659     2.082918
    -0.071985     2.080144
    -0.070311     2.077433
    -0.068637     2.074785
    -0.066963     2.072199
    -0.065289     2.069675
    -0.063615     2.067215
    -0.061940     2.064817
    -0.060266     2.062482
    -0.058592     2.060211
    -0.056918     2.058002
    -0.055244     2.055856
    -0.053570     2.053774
    -0.051896     2.051755
    -0.050222     2.049799
    -0.048548     2.047906
    -0.046874     2.046077
    -0.045200     2.044312
    -0.043526     2.042610
    -0.041852     2.040972
    -0.040178     2.039397
    -0.038504     2.037886
    -0.036829     2.036439
    -0.035155     2.035056
    -0.033481     2.033737
    -0.031807     2.032482
    -0.030133     2.031290
    -0.028459     2.030163
    -0.026785     2.029100
    -0.025111     2.028101
    -0.023437     2.027166
    -0.021763     2.026295
    -0.020089     2.025489
    -0.018415     2.024748
    -0.016741     2.024071
    -0.015067     2.023459
    -0.013393     2.022911
    -0.011718     2.022429
    -0.010044     2.022011
    -0.008370     2.021658
    -0.006696     2.021370
    -0.005022     2.021147
    -0.003348     2.020988
    -0.001674     2.020893
     0.000000     2.020864
     0.001674     2.020898
     0.003348     2.020997
     0.005022     2.021161
     0.006696     2.021388
     0.008370     2.021681
     0.010044     2.022037
     0.011718     2.022458
     0.013393     2.022944
     0.015067     2.023493
     0.016741     2.024107
     0.018415     2.024785
     0.020089     2.025528
     0.021763     2.026334
     0.023437     2.027205
     0.025111     2.028140
     0.026785     2.029139
     0.028459     2.030202
     0.030133     2.031330
     0.031807     2.032521
     0.033481     2.033776
     0.035155     2.035095
     0.036829     2.036478
     0.038504     2.037925
     0.040178     2.039436
     0.041852     2.041010
     0.043526     2.042648
     0.045200     2.044349
     0.046874     2.046115
     0.048548     2.047943
     0.050222     2.049835
     0.051896     2.051791
     0.053570     2.053809
     0.055244     2.055891
     0.056918     2.058036
     0.058592     2.060244
     0.060266     2.062516
     0.061940     2.064850
     0.063615     2.067247
     0.065289     2.069707
     0.066963     2.072229
     0.068637     2.074814
     0.070311     2.077462
     0.071985     2.080172
     0.073659     2.082945
     0.075333     2.085780
     0.077007     2.088677
     0.078681     2.091636
     0.080355     2.094657
     0.082029     2.097740
     0.083703     2.100885
     0.085377     2.104092
     0.087051     2.107360
     0.088726     2.110689
     0.090400     2.114080
     0.092074     2.117532
     0.093748     2.121044
     0.095422     2.124618
     0.097096     2.128252
     0.098770     2.131947
     0.100444     2.135702
     0.102118     2.139517
     0.103792     2.143392
     0.105466     2.147327
     0.107140     2.151321
     0.108814     2.155374
     0.110488     2.159487
     0.112163     2.163658
     0.113837     2.167887
     0.115511     2.172175
     0.117185     2.176521
     0.118859     2.180924
     0.120533     2.185385
     0.122207     2.189902
     0.123881     2.194476
     0.125555     2.199107
     0.127229     2.203793
     0.128903     2.208534
     0.130577     2.213331
     0.132251     2.218182
     0.133925     2.223087
     0.135599     2.228046
     0.137274     2.233058
     0.138948     2.238123
     0.140622     2.243240
     0.142296     2.248408
     0.143970     2.253628
     0.145644     2.258897
     0.147318     2.264217
     0.148992     2.269586
     0.150666     2.275003
     0.152340     2.280468
     0.154014     2.285981
     0.155688     2.291539
     0.157362     2.297144
     0.159036     2.302793
     0.160710     2.308487
     0.162385     2.314223
     0.164059     2.320002
     0.165733     2.325823
     0.167407     2.331684


