    -0.167407    -3.994416
    -0.165733    -3.994935
    -0.164059    -3.995451
    -0.162385    -3.995965
    -0.160710    -3.996476
    -0.159036    -3.996984
    -0.157362    -3.997490
    -0.155688    -3.997992
    -0.154014    -3.998491
    -0.152340    -3.998986
    -0.150666    -3.999478
    -0.148992    -3.999966
    -0.147318    -4.000450
    -0.145644    -4.000929
    -0.143970    -4.001405
    -0.142296    -4.001876
    -0.140622    -4.002342
    -0.138948    -4.002803
    -0.137274    -4.003260
    -0.135599    -4.003711
    -0.133925    -4.004158
    -0.132251    -4.004598
    -0.130577    -4.005034
    -0.128903    -4.005463
    -0.127229    -4.005887
    -0.125555    -4.006305
    -0.123881    -4.006717
    -0.122207    -4.007123
    -0.120533    -4.007523
    -0.118859    -4.007916
    -0.117185    -4.008302
    -0.115511    -4.008682
    -0.113837    -4.009055
    -0.112163    -4.009421
    -0.110488    -4.009780
    -0.108814    -4.010133
    -0.107140    -4.010477
    -0.105466    -4.010815
    -0.103792    -4.011145
    -0.102118    -4.011467
    -0.100444    -4.011782
    -0.098770    -4.012089
    -0.097096    -4.012389
    -0.095422    -4.012680
    -0.093748    -4.012963
    -0.092074    -4.013239
    -0.090400    -4.013506
    -0.088726    -4.013764
    -0.087051    -4.014015
    -0.085377    -4.014256
    -0.083703    -4.014490
    -0.082029    -4.014714
    -0.080355    -4.014930
    -0.078681    -4.015137
    -0.077007    -4.015336
    -0.075333    -4.015525
    -0.073659    -4.015705
    -0.071985    -4.015876
    -0.070311    -4.016038
    -0.068637    -4.016191
    -0.066963    -4.016334
    -0.065289    -4.016468
    -0.063615    -4.016593
    -0.061940    -4.016708
    -0.060266    -4.016814
    -0.058592    -4.016910
    -0.056918    -4.016996
    -0.055244    -4.017072
    -0.053570    -4.017139
    -0.051896    -4.017196
    -0.050222    -4.017243
    -0.048548    -4.017280
    -0.046874    -4.017307
    -0.045200    -4.017324
    -0.043526    -4.017331
    -0.041852    -4.017327
    -0.040178    -4.017314
    -0.038504    -4.017290
    -0.036829    -4.017256
    -0.035155    -4.017212
    -0.033481    -4.017157
    -0.031807    -4.017092
    -0.030133    -4.017017
    -0.028459    -4.016931
    -0.026785    -4.016834
    -0.025111    -4.016727
    -0.023437    -4.016610
    -0.021763    -4.016482
    -0.020089    -4.016343
    -0.018415    -4.016194
    -0.016741    -4.016033
    -0.015067    -4.015863
    -0.013393    -4.015681
    -0.011718    -4.015489
    -0.010044    -4.015286
    -0.008370    -4.015072
    -0.006696    -4.014847
    -0.005022    -4.014611
    -0.003348    -4.014365
    -0.001674    -4.014107
     0.000000    -4.013845
     0.001674    -4.014112
     0.003348    -4.014369
     0.005022    -4.014616
     0.006696    -4.014852
     0.008370    -4.015077
     0.010044    -4.015291
     0.011718    -4.015494
     0.013393    -4.015686
     0.015067    -4.015868
     0.016741    -4.016039
     0.018415    -4.016199
     0.020089    -4.016349
     0.021763    -4.016487
     0.023437    -4.016616
     0.025111    -4.016733
     0.026785    -4.016840
     0.028459    -4.016937
     0.030133    -4.017023
     0.031807    -4.017098
     0.033481    -4.017163
     0.035155    -4.017218
     0.036829    -4.017262
     0.038504    -4.017296
     0.040178    -4.017320
     0.041852    -4.017333
     0.043526    -4.017336
     0.045200    -4.017329
     0.046874    -4.017312
     0.048548    -4.017285
     0.050222    -4.017248
     0.051896    -4.017201
     0.053570    -4.017144
     0.055244    -4.017077
     0.056918    -4.017000
     0.058592    -4.016914
     0.060266    -4.016818
     0.061940    -4.016712
     0.063615    -4.016597
     0.065289    -4.016472
     0.066963    -4.016338
     0.068637    -4.016194
     0.070311    -4.016041
     0.071985    -4.015879
     0.073659    -4.015707
     0.075333    -4.015527
     0.077007    -4.015337
     0.078681    -4.015139
     0.080355    -4.014931
     0.082029    -4.014715
     0.083703    -4.014490
     0.085377    -4.014257
     0.087051    -4.014014
     0.088726    -4.013764
     0.090400    -4.013505
     0.092074    -4.013238
     0.093748    -4.012962
     0.095422    -4.012678
     0.097096    -4.012387
     0.098770    -4.012087
     0.100444    -4.011779
     0.102118    -4.011464
     0.103792    -4.011141
     0.105466    -4.010811
     0.107140    -4.010473
     0.108814    -4.010128
     0.110488    -4.009775
     0.112163    -4.009416
     0.113837    -4.009049
     0.115511    -4.008676
     0.117185    -4.008295
     0.118859    -4.007908
     0.120533    -4.007515
     0.122207    -4.007115
     0.123881    -4.006709
     0.125555    -4.006297
     0.127229    -4.005878
     0.128903    -4.005454
     0.130577    -4.005024
     0.132251    -4.004588
     0.133925    -4.004147
     0.135599    -4.003700
     0.137274    -4.003249
     0.138948    -4.002792
     0.140622    -4.002330
     0.142296    -4.001863
     0.143970    -4.001392
     0.145644    -4.000916
     0.147318    -4.000436
     0.148992    -3.999952
     0.150666    -3.999464
     0.152340    -3.998972
     0.154014    -3.998476
     0.155688    -3.997977
     0.157362    -3.997474
     0.159036    -3.996969
     0.160710    -3.996460
     0.162385    -3.995948
     0.164059    -3.995434
     0.165733    -3.994918
     0.167407    -3.994399


    -0.167407    -3.933417
    -0.165733    -3.934691
    -0.164059    -3.935958
    -0.162385    -3.937217
    -0.160710    -3.938469
    -0.159036    -3.939712
    -0.157362    -3.940948
    -0.155688    -3.942176
    -0.154014    -3.943395
    -0.152340    -3.944607
    -0.150666    -3.945810
    -0.148992    -3.947005
    -0.147318    -3.948192
    -0.145644    -3.949370
    -0.143970    -3.950540
    -0.142296    -3.951701
    -0.140622    -3.952853
    -0.138948    -3.953996
    -0.137274    -3.955131
    -0.135599    -3.956257
    -0.133925    -3.957374
    -0.132251    -3.958482
    -0.130577    -3.959581
    -0.128903    -3.960671
    -0.127229    -3.961751
    -0.125555    -3.962823
    -0.123881    -3.963885
    -0.122207    -3.964937
    -0.120533    -3.965981
    -0.118859    -3.967014
    -0.117185    -3.968039
    -0.115511    -3.969053
    -0.113837    -3.970058
    -0.112163    -3.971053
    -0.110488    -3.972039
    -0.108814    -3.973015
    -0.107140    -3.973980
    -0.105466    -3.974936
    -0.103792    -3.975882
    -0.102118    -3.976818
    -0.100444    -3.977744
    -0.098770    -3.978660
    -0.097096    -3.979566
    -0.095422    -3.980462
    -0.093748    -3.981347
    -0.092074    -3.982222
    -0.090400    -3.983087
    -0.088726    -3.983942
    -0.087051    -3.984786
    -0.085377    -3.985620
    -0.083703    -3.986443
    -0.082029    -3.987256
    -0.080355    -3.988059
    -0.078681    -3.988851
    -0.077007    -3.989632
    -0.075333    -3.990403
    -0.073659    -3.991163
    -0.071985    -3.991913
    -0.070311    -3.992652
    -0.068637    -3.993380
    -0.066963    -3.994097
    -0.065289    -3.994804
    -0.063615    -3.995500
    -0.061940    -3.996185
    -0.060266    -3.996860
    -0.058592    -3.997524
    -0.056918    -3.998176
    -0.055244    -3.998818
    -0.053570    -3.999449
    -0.051896    -4.000069
    -0.050222    -4.000679
    -0.048548    -4.001277
    -0.046874    -4.001864
    -0.045200    -4.002441
    -0.043526    -4.003006
    -0.041852    -4.003561
    -0.040178    -4.004104
    -0.038504    -4.004637
    -0.036829    -4.005158
    -0.035155    -4.005669
    -0.033481    -4.006168
    -0.031807    -4.006657
    -0.030133    -4.007134
    -0.028459    -4.007600
    -0.026785    -4.008056
    -0.025111    -4.008500
    -0.023437    -4.008933
    -0.021763    -4.009356
    -0.020089    -4.009767
    -0.018415    -4.010167
    -0.016741    -4.010556
    -0.015067    -4.010935
    -0.013393    -4.011302
    -0.011718    -4.011658
    -0.010044    -4.012003
    -0.008370    -4.012337
    -0.006696    -4.012660
    -0.005022    -4.012973
    -0.003348    -4.013274
    -0.001674    -4.013564
     0.000000    -4.013837
     0.001674    -4.013560
     0.003348    -4.013270
     0.005022    -4.012969
     0.006696    -4.012657
     0.008370    -4.012334
     0.010044    -4.012000
     0.011718    -4.011655
     0.013393    -4.011299
     0.015067    -4.010932
     0.016741    -4.010554
     0.018415    -4.010165
     0.020089    -4.009765
     0.021763    -4.009354
     0.023437    -4.008932
     0.025111    -4.008499
     0.026785    -4.008055
     0.028459    -4.007599
     0.030133    -4.007133
     0.031807    -4.006656
     0.033481    -4.006168
     0.035155    -4.005669
     0.036829    -4.005158
     0.038504    -4.004637
     0.040178    -4.004105
     0.041852    -4.003562
     0.043526    -4.003007
     0.045200    -4.002442
     0.046874    -4.001866
     0.048548    -4.001279
     0.050222    -4.000681
     0.051896    -4.000072
     0.053570    -3.999452
     0.055244    -3.998821
     0.056918    -3.998179
     0.058592    -3.997526
     0.060266    -3.996863
     0.061940    -3.996189
     0.063615    -3.995504
     0.065289    -3.994808
     0.066963    -3.994101
     0.068637    -3.993384
     0.070311    -3.992656
     0.071985    -3.991917
     0.073659    -3.991167
     0.075333    -3.990407
     0.077007    -3.989637
     0.078681    -3.988855
     0.080355    -3.988063
     0.082029    -3.987261
     0.083703    -3.986448
     0.085377    -3.985625
     0.087051    -3.984791
     0.088726    -3.983947
     0.090400    -3.983092
     0.092074    -3.982228
     0.093748    -3.981352
     0.095422    -3.980467
     0.097096    -3.979571
     0.098770    -3.978666
     0.100444    -3.977750
     0.102118    -3.976824
     0.103792    -3.975888
     0.105466    -3.974942
     0.107140    -3.973986
     0.108814    -3.973020
     0.110488    -3.972044
     0.112163    -3.971059
     0.113837    -3.970063
     0.115511    -3.969058
     0.117185    -3.968044
     0.118859    -3.967019
     0.120533    -3.965986
     0.122207    -3.964942
     0.123881    -3.963890
     0.125555    -3.962828
     0.127229    -3.961756
     0.128903    -3.960675
     0.130577    -3.959585
     0.132251    -3.958486
     0.133925    -3.957378
     0.135599    -3.956261
     0.137274    -3.955135
     0.138948    -3.954000
     0.140622    -3.952856
     0.142296    -3.951704
     0.143970    -3.950543
     0.145644    -3.949373
     0.147318    -3.948195
     0.148992    -3.947008
     0.150666    -3.945813
     0.152340    -3.944609
     0.154014    -3.943398
     0.155688    -3.942178
     0.157362    -3.940950
     0.159036    -3.939714
     0.160710    -3.938470
     0.162385    -3.937218
     0.164059    -3.935959
     0.165733    -3.934692
     0.167407    -3.933417


    -0.167407    -2.479386
    -0.165733    -2.475353
    -0.164059    -2.471430
    -0.162385    -2.467611
    -0.160710    -2.463893
    -0.159036    -2.460272
    -0.157362    -2.456743
    -0.155688    -2.453303
    -0.154014    -2.449949
    -0.152340    -2.446676
    -0.150666    -2.443482
    -0.148992    -2.440363
    -0.147318    -2.437316
    -0.145644    -2.434339
    -0.143970    -2.431429
    -0.142296    -2.428584
    -0.140622    -2.425800
    -0.138948    -2.423076
    -0.137274    -2.420410
    -0.135599    -2.417799
    -0.133925    -2.415243
    -0.132251    -2.412738
    -0.130577    -2.410284
    -0.128903    -2.407878
    -0.127229    -2.405520
    -0.125555    -2.403207
    -0.123881    -2.400940
    -0.122207    -2.398715
    -0.120533    -2.396533
    -0.118859    -2.394393
    -0.117185    -2.392292
    -0.115511    -2.390230
    -0.113837    -2.388207
    -0.112163    -2.386222
    -0.110488    -2.384273
    -0.108814    -2.382360
    -0.107140    -2.380482
    -0.105466    -2.378639
    -0.103792    -2.376830
    -0.102118    -2.375055
    -0.100444    -2.373312
    -0.098770    -2.371602
    -0.097096    -2.369924
    -0.095422    -2.368277
    -0.093748    -2.366661
    -0.092074    -2.365076
    -0.090400    -2.363521
    -0.088726    -2.361996
    -0.087051    -2.360501
    -0.085377    -2.359036
    -0.083703    -2.357599
    -0.082029    -2.356191
    -0.080355    -2.354812
    -0.078681    -2.353461
    -0.077007    -2.352138
    -0.075333    -2.350843
    -0.073659    -2.349576
    -0.071985    -2.348337
    -0.070311    -2.347125
    -0.068637    -2.345940
    -0.066963    -2.344782
    -0.065289    -2.343651
    -0.063615    -2.342547
    -0.061940    -2.341470
    -0.060266    -2.340420
    -0.058592    -2.339396
    -0.056918    -2.338398
    -0.055244    -2.337427
    -0.053570    -2.336482
    -0.051896    -2.335564
    -0.050222    -2.334671
    -0.048548    -2.333805
    -0.046874    -2.332965
    -0.045200    -2.332150
    -0.043526    -2.331362
    -0.041852    -2.330600
    -0.040178    -2.329863
    -0.038504    -2.329152
    -0.036829    -2.328467
    -0.035155    -2.327807
    -0.033481    -2.327174
    -0.031807    -2.326566
    -0.030133    -2.325983
    -0.028459    -2.325426
    -0.026785    -2.324895
    -0.025111    -2.324389
    -0.023437    -2.323909
    -0.021763    -2.323455
    -0.020089    -2.323025
    -0.018415    -2.322622
    -0.016741    -2.322243
    -0.015067    -2.321890
    -0.013393    -2.321563
    -0.011718    -2.321261
    -0.010044    -2.320984
    -0.008370    -2.320733
    -0.006696    -2.320506
    -0.005022    -2.320306
    -0.003348    -2.320130
    -0.001674    -2.319980
     0.000000    -2.319869
     0.001674    -2.319992
     0.003348    -2.320143
     0.005022    -2.320318
     0.006696    -2.320519
     0.008370    -2.320746
     0.010044    -2.320997
     0.011718    -2.321274
     0.013393    -2.321576
     0.015067    -2.321904
     0.016741    -2.322257
     0.018415    -2.322635
     0.020089    -2.323039
     0.021763    -2.323468
     0.023437    -2.323923
     0.025111    -2.324403
     0.026785    -2.324909
     0.028459    -2.325440
     0.030133    -2.325997
     0.031807    -2.326579
     0.033481    -2.327187
     0.035155    -2.327821
     0.036829    -2.328480
     0.038504    -2.329165
     0.040178    -2.329876
     0.041852    -2.330613
     0.043526    -2.331375
     0.045200    -2.332164
     0.046874    -2.332978
     0.048548    -2.333818
     0.050222    -2.334684
     0.051896    -2.335577
     0.053570    -2.336495
     0.055244    -2.337440
     0.056918    -2.338411
     0.058592    -2.339408
     0.060266    -2.340432
     0.061940    -2.341482
     0.063615    -2.342559
     0.065289    -2.343663
     0.066963    -2.344794
     0.068637    -2.345951
     0.070311    -2.347136
     0.071985    -2.348348
     0.073659    -2.349587
     0.075333    -2.350854
     0.077007    -2.352149
     0.078681    -2.353471
     0.080355    -2.354822
     0.082029    -2.356201
     0.083703    -2.357609
     0.085377    -2.359046
     0.087051    -2.360511
     0.088726    -2.362006
     0.090400    -2.363531
     0.092074    -2.365085
     0.093748    -2.366670
     0.095422    -2.368286
     0.097096    -2.369932
     0.098770    -2.371611
     0.100444    -2.373321
     0.102118    -2.375063
     0.103792    -2.376839
     0.105466    -2.378648
     0.107140    -2.380490
     0.108814    -2.382368
     0.110488    -2.384281
     0.112163    -2.386230
     0.113837    -2.388215
     0.115511    -2.390238
     0.117185    -2.392299
     0.118859    -2.394400
     0.120533    -2.396541
     0.122207    -2.398723
     0.123881    -2.400947
     0.125555    -2.403214
     0.127229    -2.405527
     0.128903    -2.407885
     0.130577    -2.410290
     0.132251    -2.412745
     0.133925    -2.415249
     0.135599    -2.417806
     0.137274    -2.420417
     0.138948    -2.423083
     0.140622    -2.425806
     0.142296    -2.428590
     0.143970    -2.431436
     0.145644    -2.434346
     0.147318    -2.437322
     0.148992    -2.440369
     0.150666    -2.443488
     0.152340    -2.446682
     0.154014    -2.449955
     0.155688    -2.453309
     0.157362    -2.456749
     0.159036    -2.460277
     0.160710    -2.463899
     0.162385    -2.467616
     0.164059    -2.471435
     0.165733    -2.475358
     0.167407    -2.479391


    -0.167407    -2.440094
    -0.165733    -2.436770
    -0.164059    -2.433567
    -0.162385    -2.430476
    -0.160710    -2.427490
    -0.159036    -2.424601
    -0.157362    -2.421804
    -0.155688    -2.419092
    -0.154014    -2.416459
    -0.152340    -2.413902
    -0.150666    -2.411414
    -0.148992    -2.408992
    -0.147318    -2.406632
    -0.145644    -2.404331
    -0.143970    -2.402085
    -0.142296    -2.399891
    -0.140622    -2.397747
    -0.138948    -2.395651
    -0.137274    -2.393599
    -0.135599    -2.391591
    -0.133925    -2.389624
    -0.132251    -2.387696
    -0.130577    -2.385806
    -0.128903    -2.383953
    -0.127229    -2.382136
    -0.125555    -2.380352
    -0.123881    -2.378602
    -0.122207    -2.376884
    -0.120533    -2.375197
    -0.118859    -2.373541
    -0.117185    -2.371915
    -0.115511    -2.370317
    -0.113837    -2.368748
    -0.112163    -2.367208
    -0.110488    -2.365694
    -0.108814    -2.364208
    -0.107140    -2.362748
    -0.105466    -2.361314
    -0.103792    -2.359907
    -0.102118    -2.358525
    -0.100444    -2.357168
    -0.098770    -2.355836
    -0.097096    -2.354529
    -0.095422    -2.353247
    -0.093748    -2.351989
    -0.092074    -2.350756
    -0.090400    -2.349547
    -0.088726    -2.348362
    -0.087051    -2.347201
    -0.085377    -2.346064
    -0.083703    -2.344951
    -0.082029    -2.343861
    -0.080355    -2.342796
    -0.078681    -2.341754
    -0.077007    -2.340736
    -0.075333    -2.339741
    -0.073659    -2.338770
    -0.071985    -2.337822
    -0.070311    -2.336899
    -0.068637    -2.335999
    -0.066963    -2.335122
    -0.065289    -2.334269
    -0.063615    -2.333440
    -0.061940    -2.332635
    -0.060266    -2.331853
    -0.058592    -2.331095
    -0.056918    -2.330361
    -0.055244    -2.329651
    -0.053570    -2.328964
    -0.051896    -2.328302
    -0.050222    -2.327663
    -0.048548    -2.327049
    -0.046874    -2.326458
    -0.045200    -2.325892
    -0.043526    -2.325350
    -0.041852    -2.324832
    -0.040178    -2.324338
    -0.038504    -2.323868
    -0.036829    -2.323423
    -0.035155    -2.323002
    -0.033481    -2.322606
    -0.031807    -2.322234
    -0.030133    -2.321886
    -0.028459    -2.321563
    -0.026785    -2.321265
    -0.025111    -2.320991
    -0.023437    -2.320742
    -0.021763    -2.320518
    -0.020089    -2.320318
    -0.018415    -2.320143
    -0.016741    -2.319993
    -0.015067    -2.319868
    -0.013393    -2.319768
    -0.011718    -2.319693
    -0.010044    -2.319643
    -0.008370    -2.319617
    -0.006696    -2.319617
    -0.005022    -2.319642
    -0.003348    -2.319692
    -0.001674    -2.319767
     0.000000    -2.319852
     0.001674    -2.319754
     0.003348    -2.319680
     0.005022    -2.319630
     0.006696    -2.319605
     0.008370    -2.319606
     0.010044    -2.319631
     0.011718    -2.319682
     0.013393    -2.319757
     0.015067    -2.319858
     0.016741    -2.319983
     0.018415    -2.320134
     0.020089    -2.320309
     0.021763    -2.320509
     0.023437    -2.320733
     0.025111    -2.320983
     0.026785    -2.321257
     0.028459    -2.321555
     0.030133    -2.321879
     0.031807    -2.322226
     0.033481    -2.322599
     0.035155    -2.322996
     0.036829    -2.323417
     0.038504    -2.323863
     0.040178    -2.324332
     0.041852    -2.324827
     0.043526    -2.325345
     0.045200    -2.325888
     0.046874    -2.326455
     0.048548    -2.327045
     0.050222    -2.327660
     0.051896    -2.328299
     0.053570    -2.328962
     0.055244    -2.329649
     0.056918    -2.330360
     0.058592    -2.331094
     0.060266    -2.331853
     0.061940    -2.332635
     0.063615    -2.333441
     0.065289    -2.334270
     0.066963    -2.335124
     0.068637    -2.336001
     0.070311    -2.336901
     0.071985    -2.337825
     0.073659    -2.338773
     0.075333    -2.339745
     0.077007    -2.340740
     0.078681    -2.341758
     0.080355    -2.342801
     0.082029    -2.343867
     0.083703    -2.344957
     0.085377    -2.346070
     0.087051    -2.347208
     0.088726    -2.348369
     0.090400    -2.349555
     0.092074    -2.350764
     0.093748    -2.351998
     0.095422    -2.353256
     0.097096    -2.354538
     0.098770    -2.355846
     0.100444    -2.357178
     0.102118    -2.358535
     0.103792    -2.359917
     0.105466    -2.361325
     0.107140    -2.362759
     0.108814    -2.364219
     0.110488    -2.365706
     0.112163    -2.367220
     0.113837    -2.368761
     0.115511    -2.370330
     0.117185    -2.371928
     0.118859    -2.373555
     0.120533    -2.375211
     0.122207    -2.376898
     0.123881    -2.378616
     0.125555    -2.380367
     0.127229    -2.382150
     0.128903    -2.383968
     0.130577    -2.385821
     0.132251    -2.387711
     0.133925    -2.389639
     0.135599    -2.391606
     0.137274    -2.393615
     0.138948    -2.395666
     0.140622    -2.397763
     0.142296    -2.399907
     0.143970    -2.402101
     0.145644    -2.404347
     0.147318    -2.406648
     0.148992    -2.409008
     0.150666    -2.411430
     0.152340    -2.413918
     0.154014    -2.416475
     0.155688    -2.419108
     0.157362    -2.421820
     0.159036    -2.424617
     0.160710    -2.427505
     0.162385    -2.430491
     0.164059    -2.433582
     0.165733    -2.436785
     0.167407    -2.440108


    -0.167407    -2.203991
    -0.165733    -2.195096
    -0.164059    -2.186141
    -0.162385    -2.177135
    -0.160710    -2.168090
    -0.159036    -2.159013
    -0.157362    -2.149912
    -0.155688    -2.140797
    -0.154014    -2.131673
    -0.152340    -2.122549
    -0.150666    -2.113431
    -0.148992    -2.104324
    -0.147318    -2.095235
    -0.145644    -2.086169
    -0.143970    -2.077131
    -0.142296    -2.068125
    -0.140622    -2.059158
    -0.138948    -2.050232
    -0.137274    -2.041353
    -0.135599    -2.032523
    -0.133925    -2.023747
    -0.132251    -2.015029
    -0.130577    -2.006370
    -0.128903    -1.997776
    -0.127229    -1.989249
    -0.125555    -1.980791
    -0.123881    -1.972406
    -0.122207    -1.964097
    -0.120533    -1.955865
    -0.118859    -1.947714
    -0.117185    -1.939645
    -0.115511    -1.931662
    -0.113837    -1.923765
    -0.112163    -1.915958
    -0.110488    -1.908241
    -0.108814    -1.900618
    -0.107140    -1.893089
    -0.105466    -1.885656
    -0.103792    -1.878321
    -0.102118    -1.871086
    -0.100444    -1.863951
    -0.098770    -1.856918
    -0.097096    -1.849988
    -0.095422    -1.843162
    -0.093748    -1.836442
    -0.092074    -1.829827
    -0.090400    -1.823320
    -0.088726    -1.816921
    -0.087051    -1.810631
    -0.085377    -1.804449
    -0.083703    -1.798377
    -0.082029    -1.792416
    -0.080355    -1.786565
    -0.078681    -1.780825
    -0.077007    -1.775196
    -0.075333    -1.769679
    -0.073659    -1.764273
    -0.071985    -1.758979
    -0.070311    -1.753796
    -0.068637    -1.748725
    -0.066963    -1.743766
    -0.065289    -1.738918
    -0.063615    -1.734182
    -0.061940    -1.729556
    -0.060266    -1.725042
    -0.058592    -1.720639
    -0.056918    -1.716346
    -0.055244    -1.712163
    -0.053570    -1.708090
    -0.051896    -1.704127
    -0.050222    -1.700274
    -0.048548    -1.696530
    -0.046874    -1.692895
    -0.045200    -1.689370
    -0.043526    -1.685953
    -0.041852    -1.682646
    -0.040178    -1.679447
    -0.038504    -1.676358
    -0.036829    -1.673379
    -0.035155    -1.670509
    -0.033481    -1.667750
    -0.031807    -1.665102
    -0.030133    -1.662566
    -0.028459    -1.660142
    -0.026785    -1.657833
    -0.025111    -1.655639
    -0.023437    -1.653562
    -0.021763    -1.651604
    -0.020089    -1.649768
    -0.018415    -1.648057
    -0.016741    -1.646473
    -0.015067    -1.645021
    -0.013393    -1.643704
    -0.011718    -1.642526
    -0.010044    -1.641492
    -0.008370    -1.640606
    -0.006696    -1.639872
    -0.005022    -1.639294
    -0.003348    -1.638876
    -0.001674    -1.638619
     0.000000    -1.638528
     0.001674    -1.638610
     0.003348    -1.638865
     0.005022    -1.639283
     0.006696    -1.639861
     0.008370    -1.640595
     0.010044    -1.641481
     0.011718    -1.642515
     0.013393    -1.643693
     0.015067    -1.645011
     0.016741    -1.646464
     0.018415    -1.648048
     0.020089    -1.649760
     0.021763    -1.651596
     0.023437    -1.653555
     0.025111    -1.655632
     0.026785    -1.657827
     0.028459    -1.660137
     0.030133    -1.662560
     0.031807    -1.665097
     0.033481    -1.667745
     0.035155    -1.670504
     0.036829    -1.673374
     0.038504    -1.676353
     0.040178    -1.679442
     0.041852    -1.682640
     0.043526    -1.685948
     0.045200    -1.689364
     0.046874    -1.692889
     0.048548    -1.696523
     0.050222    -1.700267
     0.051896    -1.704120
     0.053570    -1.708082
     0.055244    -1.712154
     0.056918    -1.716337
     0.058592    -1.720629
     0.060266    -1.725032
     0.061940    -1.729546
     0.063615    -1.734171
     0.065289    -1.738907
     0.066963    -1.743754
     0.068637    -1.748713
     0.070311    -1.753783
     0.071985    -1.758965
     0.073659    -1.764259
     0.075333    -1.769665
     0.077007    -1.775182
     0.078681    -1.780810
     0.080355    -1.786549
     0.082029    -1.792400
     0.083703    -1.798361
     0.085377    -1.804433
     0.087051    -1.810614
     0.088726    -1.816904
     0.090400    -1.823303
     0.092074    -1.829810
     0.093748    -1.836423
     0.095422    -1.843144
     0.097096    -1.849969
     0.098770    -1.856899
     0.100444    -1.863931
     0.102118    -1.871066
     0.103792    -1.878301
     0.105466    -1.885636
     0.107140    -1.893069
     0.108814    -1.900597
     0.110488    -1.908221
     0.112163    -1.915937
     0.113837    -1.923744
     0.115511    -1.931641
     0.117185    -1.939624
     0.118859    -1.947693
     0.120533    -1.955844
     0.122207    -1.964076
     0.123881    -1.972385
     0.125555    -1.980770
     0.127229    -1.989227
     0.128903    -1.997755
     0.130577    -2.006349
     0.132251    -2.015007
     0.133925    -2.023726
     0.135599    -2.032502
     0.137274    -2.041332
     0.138948    -2.050211
     0.140622    -2.059137
     0.142296    -2.068105
     0.143970    -2.077110
     0.145644    -2.086148
     0.147318    -2.095214
     0.148992    -2.104304
     0.150666    -2.113411
     0.152340    -2.122529
     0.154014    -2.131654
     0.155688    -2.140777
     0.157362    -2.149893
     0.159036    -2.158994
     0.160710    -2.168071
     0.162385    -2.177117
     0.164059    -2.186122
     0.165733    -2.195078
     0.167407    -2.203974


    -0.167407    -2.156368
    -0.165733    -2.148243
    -0.164059    -2.140087
    -0.162385    -2.131906
    -0.160710    -2.123704
    -0.159036    -2.115489
    -0.157362    -2.107265
    -0.155688    -2.099038
    -0.154014    -2.090813
    -0.152340    -2.082594
    -0.150666    -2.074386
    -0.148992    -2.066195
    -0.147318    -2.058023
    -0.145644    -2.049876
    -0.143970    -2.041757
    -0.142296    -2.033670
    -0.140622    -2.025618
    -0.138948    -2.017606
    -0.137274    -2.009637
    -0.135599    -2.001713
    -0.133925    -1.993838
    -0.132251    -1.986014
    -0.130577    -1.978245
    -0.128903    -1.970533
    -0.127229    -1.962880
    -0.125555    -1.955289
    -0.123881    -1.947762
    -0.122207    -1.940302
    -0.120533    -1.932909
    -0.118859    -1.925587
    -0.117185    -1.918337
    -0.115511    -1.911160
    -0.113837    -1.904059
    -0.112163    -1.897035
    -0.110488    -1.890088
    -0.108814    -1.883221
    -0.107140    -1.876435
    -0.105466    -1.869731
    -0.103792    -1.863111
    -0.102118    -1.856574
    -0.100444    -1.850122
    -0.098770    -1.843756
    -0.097096    -1.837477
    -0.095422    -1.831286
    -0.093748    -1.825183
    -0.092074    -1.819168
    -0.090400    -1.813244
    -0.088726    -1.807409
    -0.087051    -1.801665
    -0.085377    -1.796012
    -0.083703    -1.790450
    -0.082029    -1.784980
    -0.080355    -1.779602
    -0.078681    -1.774316
    -0.077007    -1.769124
    -0.075333    -1.764024
    -0.073659    -1.759017
    -0.071985    -1.754104
    -0.070311    -1.749284
    -0.068637    -1.744558
    -0.066963    -1.739925
    -0.065289    -1.735387
    -0.063615    -1.730943
    -0.061940    -1.726593
    -0.060266    -1.722337
    -0.058592    -1.718176
    -0.056918    -1.714110
    -0.055244    -1.710138
    -0.053570    -1.706262
    -0.051896    -1.702480
    -0.050222    -1.698794
    -0.048548    -1.695204
    -0.046874    -1.691710
    -0.045200    -1.688312
    -0.043526    -1.685012
    -0.041852    -1.681808
    -0.040178    -1.678703
    -0.038504    -1.675696
    -0.036829    -1.672789
    -0.035155    -1.669982
    -0.033481    -1.667277
    -0.031807    -1.664675
    -0.030133    -1.662178
    -0.028459    -1.659788
    -0.026785    -1.657507
    -0.025111    -1.655337
    -0.023437    -1.653280
    -0.021763    -1.651341
    -0.020089    -1.649522
    -0.018415    -1.647827
    -0.016741    -1.646260
    -0.015067    -1.644824
    -0.013393    -1.643523
    -0.011718    -1.642363
    -0.010044    -1.641348
    -0.008370    -1.640482
    -0.006696    -1.639769
    -0.005022    -1.639213
    -0.003348    -1.638816
    -0.001674    -1.638581
     0.000000    -1.638509
     0.001674    -1.638590
     0.003348    -1.638825
     0.005022    -1.639221
     0.006696    -1.639777
     0.008370    -1.640490
     0.010044    -1.641355
     0.011718    -1.642369
     0.013393    -1.643528
     0.015067    -1.644828
     0.016741    -1.646263
     0.018415    -1.647829
     0.020089    -1.649523
     0.021763    -1.651341
     0.023437    -1.653279
     0.025111    -1.655334
     0.026785    -1.657503
     0.028459    -1.659783
     0.030133    -1.662173
     0.031807    -1.664669
     0.033481    -1.667270
     0.035155    -1.669974
     0.036829    -1.672780
     0.038504    -1.675687
     0.040178    -1.678693
     0.041852    -1.681798
     0.043526    -1.685001
     0.045200    -1.688302
     0.046874    -1.691699
     0.048548    -1.695193
     0.050222    -1.698783
     0.051896    -1.702469
     0.053570    -1.706250
     0.055244    -1.710127
     0.056918    -1.714098
     0.058592    -1.718165
     0.060266    -1.722326
     0.061940    -1.726581
     0.063615    -1.730931
     0.065289    -1.735375
     0.066963    -1.739913
     0.068637    -1.744546
     0.070311    -1.749272
     0.071985    -1.754091
     0.073659    -1.759005
     0.075333    -1.764011
     0.077007    -1.769111
     0.078681    -1.774304
     0.080355    -1.779589
     0.082029    -1.784967
     0.083703    -1.790437
     0.085377    -1.795998
     0.087051    -1.801651
     0.088726    -1.807396
     0.090400    -1.813230
     0.092074    -1.819155
     0.093748    -1.825169
     0.095422    -1.831272
     0.097096    -1.837463
     0.098770    -1.843742
     0.100444    -1.850108
     0.102118    -1.856559
     0.103792    -1.863096
     0.105466    -1.869717
     0.107140    -1.876421
     0.108814    -1.883206
     0.110488    -1.890073
     0.112163    -1.897019
     0.113837    -1.904044
     0.115511    -1.911145
     0.117185    -1.918322
     0.118859    -1.925572
     0.120533    -1.932894
     0.122207    -1.940286
     0.123881    -1.947746
     0.125555    -1.955273
     0.127229    -1.962864
     0.128903    -1.970517
     0.130577    -1.978229
     0.132251    -1.985998
     0.133925    -1.993821
     0.135599    -2.001696
     0.137274    -2.009620
     0.138948    -2.017590
     0.140622    -2.025602
     0.142296    -2.033653
     0.143970    -2.041740
     0.145644    -2.049859
     0.147318    -2.058006
     0.148992    -2.066178
     0.150666    -2.074370
     0.152340    -2.082578
     0.154014    -2.090796
     0.155688    -2.099022
     0.157362    -2.107249
     0.159036    -2.115473
     0.160710    -2.123688
     0.162385    -2.131890
     0.164059    -2.140071
     0.165733    -2.148228
     0.167407    -2.156353


    -0.167407    -1.734513
    -0.165733    -1.731772
    -0.164059    -1.729049
    -0.162385    -1.726343
    -0.160710    -1.723657
    -0.159036    -1.720989
    -0.157362    -1.718340
    -0.155688    -1.715710
    -0.154014    -1.713100
    -0.152340    -1.710509
    -0.150666    -1.707938
    -0.148992    -1.705388
    -0.147318    -1.702858
    -0.145644    -1.700348
    -0.143970    -1.697860
    -0.142296    -1.695394
    -0.140622    -1.692949
    -0.138948    -1.690526
    -0.137274    -1.688125
    -0.135599    -1.685747
    -0.133925    -1.683391
    -0.132251    -1.681059
    -0.130577    -1.678751
    -0.128903    -1.676466
    -0.127229    -1.674206
    -0.125555    -1.671970
    -0.123881    -1.669759
    -0.122207    -1.667573
    -0.120533    -1.665413
    -0.118859    -1.663279
    -0.117185    -1.661171
    -0.115511    -1.659090
    -0.113837    -1.657037
    -0.112163    -1.655010
    -0.110488    -1.653012
    -0.108814    -1.651041
    -0.107140    -1.649100
    -0.105466    -1.647187
    -0.103792    -1.645305
    -0.102118    -1.643452
    -0.100444    -1.641629
    -0.098770    -1.639837
    -0.097096    -1.638077
    -0.095422    -1.636348
    -0.093748    -1.634651
    -0.092074    -1.632987
    -0.090400    -1.631356
    -0.088726    -1.629758
    -0.087051    -1.628194
    -0.085377    -1.626665
    -0.083703    -1.625170
    -0.082029    -1.623711
    -0.080355    -1.622288
    -0.078681    -1.620901
    -0.077007    -1.619551
    -0.075333    -1.618238
    -0.073659    -1.616963
    -0.071985    -1.615726
    -0.070311    -1.614527
    -0.068637    -1.613368
    -0.066963    -1.612248
    -0.065289    -1.611167
    -0.063615    -1.610128
    -0.061940    -1.609129
    -0.060266    -1.608171
    -0.058592    -1.607254
    -0.056918    -1.606379
    -0.055244    -1.605546
    -0.053570    -1.604756
    -0.051896    -1.604008
    -0.050222    -1.603303
    -0.048548    -1.602640
    -0.046874    -1.602020
    -0.045200    -1.601444
    -0.043526    -1.600909
    -0.041852    -1.600418
    -0.040178    -1.599969
    -0.038504    -1.599561
    -0.036829    -1.599195
    -0.035155    -1.598869
    -0.033481    -1.598583
    -0.031807    -1.598336
    -0.030133    -1.598126
    -0.028459    -1.597952
    -0.026785    -1.597812
    -0.025111    -1.597705
    -0.023437    -1.597627
    -0.021763    -1.597576
    -0.020089    -1.597549
    -0.018415    -1.597543
    -0.016741    -1.597554
    -0.015067    -1.597577
    -0.013393    -1.597609
    -0.011718    -1.597646
    -0.010044    -1.597682
    -0.008370    -1.597713
    -0.006696    -1.597734
    -0.005022    -1.597743
    -0.003348    -1.597735
    -0.001674    -1.597707
     0.000000    -1.597665
     0.001674    -1.597711
     0.003348    -1.597738
     0.005022    -1.597746
     0.006696    -1.597738
     0.008370    -1.597717
     0.010044    -1.597686
     0.011718    -1.597650
     0.013393    -1.597614
     0.015067    -1.597582
     0.016741    -1.597559
     0.018415    -1.597548
     0.020089    -1.597555
     0.021763    -1.597582
     0.023437    -1.597633
     0.025111    -1.597711
     0.026785    -1.597819
     0.028459    -1.597959
     0.030133    -1.598134
     0.031807    -1.598344
     0.033481    -1.598591
     0.035155    -1.598877
     0.036829    -1.599203
     0.038504    -1.599569
     0.040178    -1.599977
     0.041852    -1.600426
     0.043526    -1.600918
     0.045200    -1.601452
     0.046874    -1.602029
     0.048548    -1.602649
     0.050222    -1.603311
     0.051896    -1.604017
     0.053570    -1.604765
     0.055244    -1.605555
     0.056918    -1.606388
     0.058592    -1.607263
     0.060266    -1.608179
     0.061940    -1.609137
     0.063615    -1.610136
     0.065289    -1.611176
     0.066963    -1.612256
     0.068637    -1.613376
     0.070311    -1.614535
     0.071985    -1.615734
     0.073659    -1.616971
     0.075333    -1.618246
     0.077007    -1.619559
     0.078681    -1.620909
     0.080355    -1.622295
     0.082029    -1.623718
     0.083703    -1.625177
     0.085377    -1.626671
     0.087051    -1.628201
     0.088726    -1.629764
     0.090400    -1.631362
     0.092074    -1.632992
     0.093748    -1.634656
     0.095422    -1.636353
     0.097096    -1.638082
     0.098770    -1.639842
     0.100444    -1.641634
     0.102118    -1.643456
     0.103792    -1.645309
     0.105466    -1.647191
     0.107140    -1.649103
     0.108814    -1.651045
     0.110488    -1.653015
     0.112163    -1.655013
     0.113837    -1.657039
     0.115511    -1.659093
     0.117185    -1.661174
     0.118859    -1.663281
     0.120533    -1.665415
     0.122207    -1.667575
     0.123881    -1.669760
     0.125555    -1.671971
     0.127229    -1.674207
     0.128903    -1.676467
     0.130577    -1.678751
     0.132251    -1.681059
     0.133925    -1.683391
     0.135599    -1.685746
     0.137274    -1.688124
     0.138948    -1.690525
     0.140622    -1.692948
     0.142296    -1.695393
     0.143970    -1.697859
     0.145644    -1.700347
     0.147318    -1.702856
     0.148992    -1.705386
     0.150666    -1.707936
     0.152340    -1.710507
     0.154014    -1.713098
     0.155688    -1.715708
     0.157362    -1.718338
     0.159036    -1.720987
     0.160710    -1.723654
     0.162385    -1.726341
     0.164059    -1.729046
     0.165733    -1.731769
     0.167407    -1.734510


    -0.167407    -1.722532
    -0.165733    -1.719644
    -0.164059    -1.716785
    -0.162385    -1.713953
    -0.160710    -1.711150
    -0.159036    -1.708375
    -0.157362    -1.705629
    -0.155688    -1.702912
    -0.154014    -1.700224
    -0.152340    -1.697565
    -0.150666    -1.694935
    -0.148992    -1.692335
    -0.147318    -1.689765
    -0.145644    -1.687226
    -0.143970    -1.684716
    -0.142296    -1.682237
    -0.140622    -1.679789
    -0.138948    -1.677372
    -0.137274    -1.674985
    -0.135599    -1.672630
    -0.133925    -1.670307
    -0.132251    -1.668015
    -0.130577    -1.665755
    -0.128903    -1.663528
    -0.127229    -1.661332
    -0.125555    -1.659169
    -0.123881    -1.657039
    -0.122207    -1.654942
    -0.120533    -1.652877
    -0.118859    -1.650846
    -0.117185    -1.648849
    -0.115511    -1.646885
    -0.113837    -1.644955
    -0.112163    -1.643060
    -0.110488    -1.641198
    -0.108814    -1.639371
    -0.107140    -1.637579
    -0.105466    -1.635822
    -0.103792    -1.634099
    -0.102118    -1.632413
    -0.100444    -1.630761
    -0.098770    -1.629146
    -0.097096    -1.627566
    -0.095422    -1.626023
    -0.093748    -1.624516
    -0.092074    -1.623045
    -0.090400    -1.621612
    -0.088726    -1.620215
    -0.087051    -1.618856
    -0.085377    -1.617534
    -0.083703    -1.616249
    -0.082029    -1.615003
    -0.080355    -1.613794
    -0.078681    -1.612624
    -0.077007    -1.611492
    -0.075333    -1.610399
    -0.073659    -1.609345
    -0.071985    -1.608329
    -0.070311    -1.607353
    -0.068637    -1.606416
    -0.066963    -1.605518
    -0.065289    -1.604660
    -0.063615    -1.603842
    -0.061940    -1.603064
    -0.060266    -1.602325
    -0.058592    -1.601627
    -0.056918    -1.600969
    -0.055244    -1.600351
    -0.053570    -1.599773
    -0.051896    -1.599235
    -0.050222    -1.598737
    -0.048548    -1.598279
    -0.046874    -1.597860
    -0.045200    -1.597481
    -0.043526    -1.597142
    -0.041852    -1.596841
    -0.040178    -1.596579
    -0.038504    -1.596354
    -0.036829    -1.596167
    -0.035155    -1.596016
    -0.033481    -1.595901
    -0.031807    -1.595820
    -0.030133    -1.595772
    -0.028459    -1.595755
    -0.026785    -1.595769
    -0.025111    -1.595810
    -0.023437    -1.595877
    -0.021763    -1.595968
    -0.020089    -1.596078
    -0.018415    -1.596206
    -0.016741    -1.596348
    -0.015067    -1.596500
    -0.013393    -1.596658
    -0.011718    -1.596818
    -0.010044    -1.596975
    -0.008370    -1.597126
    -0.006696    -1.597267
    -0.005022    -1.597394
    -0.003348    -1.597503
    -0.001674    -1.597593
     0.000000    -1.597657
     0.001674    -1.597590
     0.003348    -1.597500
     0.005022    -1.597390
     0.006696    -1.597263
     0.008370    -1.597122
     0.010044    -1.596971
     0.011718    -1.596813
     0.013393    -1.596653
     0.015067    -1.596495
     0.016741    -1.596342
     0.018415    -1.596200
     0.020089    -1.596072
     0.021763    -1.595961
     0.023437    -1.595870
     0.025111    -1.595803
     0.026785    -1.595761
     0.028459    -1.595747
     0.030133    -1.595763
     0.031807    -1.595810
     0.033481    -1.595891
     0.035155    -1.596006
     0.036829    -1.596157
     0.038504    -1.596344
     0.040178    -1.596568
     0.041852    -1.596830
     0.043526    -1.597131
     0.045200    -1.597470
     0.046874    -1.597848
     0.048548    -1.598266
     0.050222    -1.598724
     0.051896    -1.599222
     0.053570    -1.599760
     0.055244    -1.600338
     0.056918    -1.600956
     0.058592    -1.601614
     0.060266    -1.602312
     0.061940    -1.603050
     0.063615    -1.603829
     0.065289    -1.604647
     0.066963    -1.605505
     0.068637    -1.606402
     0.070311    -1.607339
     0.071985    -1.608315
     0.073659    -1.609331
     0.075333    -1.610385
     0.077007    -1.611478
     0.078681    -1.612610
     0.080355    -1.613780
     0.082029    -1.614989
     0.083703    -1.616235
     0.085377    -1.617520
     0.087051    -1.618842
     0.088726    -1.620201
     0.090400    -1.621598
     0.092074    -1.623031
     0.093748    -1.624502
     0.095422    -1.626009
     0.097096    -1.627553
     0.098770    -1.629132
     0.100444    -1.630748
     0.102118    -1.632399
     0.103792    -1.634086
     0.105466    -1.635809
     0.107140    -1.637566
     0.108814    -1.639358
     0.110488    -1.641185
     0.112163    -1.643047
     0.113837    -1.644943
     0.115511    -1.646873
     0.117185    -1.648837
     0.118859    -1.650835
     0.120533    -1.652866
     0.122207    -1.654931
     0.123881    -1.657028
     0.125555    -1.659159
     0.127229    -1.661322
     0.128903    -1.663517
     0.130577    -1.665745
     0.132251    -1.668006
     0.133925    -1.670298
     0.135599    -1.672621
     0.137274    -1.674977
     0.138948    -1.677363
     0.140622    -1.679781
     0.142296    -1.682229
     0.143970    -1.684708
     0.145644    -1.687218
     0.147318    -1.689758
     0.148992    -1.692328
     0.150666    -1.694929
     0.152340    -1.697558
     0.154014    -1.700218
     0.155688    -1.702906
     0.157362    -1.705624
     0.159036    -1.708370
     0.160710    -1.711146
     0.162385    -1.713949
     0.164059    -1.716781
     0.165733    -1.719641
     0.167407    -1.722528


    -0.167407    -1.328122
    -0.165733    -1.322037
    -0.164059    -1.315901
    -0.162385    -1.309716
    -0.160710    -1.303481
    -0.159036    -1.297195
    -0.157362    -1.290860
    -0.155688    -1.284475
    -0.154014    -1.278040
    -0.152340    -1.271556
    -0.150666    -1.265022
    -0.148992    -1.258439
    -0.147318    -1.251808
    -0.145644    -1.245128
    -0.143970    -1.238400
    -0.142296    -1.231625
    -0.140622    -1.224804
    -0.138948    -1.217937
    -0.137274    -1.211027
    -0.135599    -1.204080
    -0.133925    -1.197140
    -0.132251    -1.190533
    -0.130577    -1.184121
    -0.128903    -1.177688
    -0.127229    -1.171215
    -0.125555    -1.164698
    -0.123881    -1.158135
    -0.122207    -1.151527
    -0.120533    -1.144873
    -0.118859    -1.138173
    -0.117185    -1.131427
    -0.115511    -1.124636
    -0.113837    -1.117798
    -0.112163    -1.110916
    -0.110488    -1.103989
    -0.108814    -1.097017
    -0.107140    -1.090002
    -0.105466    -1.082943
    -0.103792    -1.075842
    -0.102118    -1.068700
    -0.100444    -1.061518
    -0.098770    -1.054297
    -0.097096    -1.047037
    -0.095422    -1.039741
    -0.093748    -1.032411
    -0.092074    -1.025047
    -0.090400    -1.017651
    -0.088726    -1.010226
    -0.087051    -1.002774
    -0.085377    -0.995297
    -0.083703    -0.987797
    -0.082029    -0.980278
    -0.080355    -0.972741
    -0.078681    -0.965191
    -0.077007    -0.957630
    -0.075333    -0.950062
    -0.073659    -0.942491
    -0.071985    -0.934920
    -0.070311    -0.927353
    -0.068637    -0.919796
    -0.066963    -0.912253
    -0.065289    -0.904729
    -0.063615    -0.897228
    -0.061940    -0.889758
    -0.060266    -0.882323
    -0.058592    -0.874929
    -0.056918    -0.867585
    -0.055244    -0.860295
    -0.053570    -0.853068
    -0.051896    -0.845911
    -0.050222    -0.838832
    -0.048548    -0.831840
    -0.046874    -0.824942
    -0.045200    -0.818150
    -0.043526    -0.811471
    -0.041852    -0.804917
    -0.040178    -0.798496
    -0.038504    -0.792220
    -0.036829    -0.786100
    -0.035155    -0.780148
    -0.033481    -0.774373
    -0.031807    -0.768789
    -0.030133    -0.763406
    -0.028459    -0.758237
    -0.026785    -0.753293
    -0.025111    -0.748587
    -0.023437    -0.744128
    -0.021763    -0.739930
    -0.020089    -0.736001
    -0.018415    -0.732352
    -0.016741    -0.728993
    -0.015067    -0.725933
    -0.013393    -0.723178
    -0.011718    -0.720735
    -0.010044    -0.718611
    -0.008370    -0.716809
    -0.006696    -0.715334
    -0.005022    -0.714186
    -0.003348    -0.713367
    -0.001674    -0.712876
     0.000000    -0.712711
     0.001674    -0.712872
     0.003348    -0.713357
     0.005022    -0.714172
     0.006696    -0.715320
     0.008370    -0.716795
     0.010044    -0.718597
     0.011718    -0.720721
     0.013393    -0.723164
     0.015067    -0.725919
     0.016741    -0.728980
     0.018415    -0.732339
     0.020089    -0.735987
     0.021763    -0.739916
     0.023437    -0.744114
     0.025111    -0.748573
     0.026785    -0.753279
     0.028459    -0.758223
     0.030133    -0.763392
     0.031807    -0.768775
     0.033481    -0.774360
     0.035155    -0.780135
     0.036829    -0.786088
     0.038504    -0.792208
     0.040178    -0.798484
     0.041852    -0.804905
     0.043526    -0.811460
     0.045200    -0.818139
     0.046874    -0.824931
     0.048548    -0.831829
     0.050222    -0.838822
     0.051896    -0.845901
     0.053570    -0.853058
     0.055244    -0.860286
     0.056918    -0.867576
     0.058592    -0.874921
     0.060266    -0.882315
     0.061940    -0.889750
     0.063615    -0.897221
     0.065289    -0.904722
     0.066963    -0.912246
     0.068637    -0.919790
     0.070311    -0.927347
     0.071985    -0.934914
     0.073659    -0.942485
     0.075333    -0.950057
     0.077007    -0.957625
     0.078681    -0.965187
     0.080355    -0.972737
     0.082029    -0.980274
     0.083703    -0.987794
     0.085377    -0.995294
     0.087051    -1.002771
     0.088726    -1.010224
     0.090400    -1.017649
     0.092074    -1.025044
     0.093748    -1.032409
     0.095422    -1.039740
     0.097096    -1.047036
     0.098770    -1.054295
     0.100444    -1.061517
     0.102118    -1.068699
     0.103792    -1.075842
     0.105466    -1.082942
     0.107140    -1.090001
     0.108814    -1.097017
     0.110488    -1.103988
     0.112163    -1.110916
     0.113837    -1.117798
     0.115511    -1.124636
     0.117185    -1.131427
     0.118859    -1.138173
     0.120533    -1.144873
     0.122207    -1.151527
     0.123881    -1.158135
     0.125555    -1.164697
     0.127229    -1.171214
     0.128903    -1.177687
     0.130577    -1.184119
     0.132251    -1.190526
     0.133925    -1.197123
     0.135599    -1.204065
     0.137274    -1.211013
     0.138948    -1.217923
     0.140622    -1.224790
     0.142296    -1.231611
     0.143970    -1.238386
     0.145644    -1.245113
     0.147318    -1.251792
     0.148992    -1.258423
     0.150666    -1.265006
     0.152340    -1.271539
     0.154014    -1.278023
     0.155688    -1.284457
     0.157362    -1.290842
     0.159036    -1.297177
     0.160710    -1.303462
     0.162385    -1.309697
     0.164059    -1.315882
     0.165733    -1.322016
     0.167407    -1.328101


    -0.167407    -1.314599
    -0.165733    -1.309076
    -0.164059    -1.303518
    -0.162385    -1.297923
    -0.160710    -1.292293
    -0.159036    -1.286625
    -0.157362    -1.280920
    -0.155688    -1.275176
    -0.154014    -1.269394
    -0.152340    -1.263573
    -0.150666    -1.257711
    -0.148992    -1.251809
    -0.147318    -1.245867
    -0.145644    -1.239882
    -0.143970    -1.233856
    -0.142296    -1.227786
    -0.140622    -1.221673
    -0.138948    -1.215516
    -0.137274    -1.209312
    -0.135599    -1.203055
    -0.133925    -1.196702
    -0.132251    -1.189927
    -0.130577    -1.182869
    -0.128903    -1.175744
    -0.127229    -1.168572
    -0.125555    -1.161359
    -0.123881    -1.154106
    -0.122207    -1.146814
    -0.120533    -1.139486
    -0.118859    -1.132123
    -0.117185    -1.124725
    -0.115511    -1.117296
    -0.113837    -1.109835
    -0.112163    -1.102346
    -0.110488    -1.094829
    -0.108814    -1.087287
    -0.107140    -1.079722
    -0.105466    -1.072134
    -0.103792    -1.064528
    -0.102118    -1.056904
    -0.100444    -1.049265
    -0.098770    -1.041613
    -0.097096    -1.033951
    -0.095422    -1.026282
    -0.093748    -1.018607
    -0.092074    -1.010929
    -0.090400    -1.003252
    -0.088726    -0.995578
    -0.087051    -0.987910
    -0.085377    -0.980252
    -0.083703    -0.972605
    -0.082029    -0.964975
    -0.080355    -0.957363
    -0.078681    -0.949774
    -0.077007    -0.942211
    -0.075333    -0.934678
    -0.073659    -0.927178
    -0.071985    -0.919715
    -0.070311    -0.912294
    -0.068637    -0.904919
    -0.066963    -0.897593
    -0.065289    -0.890321
    -0.063615    -0.883109
    -0.061940    -0.875959
    -0.060266    -0.868878
    -0.058592    -0.861869
    -0.056918    -0.854939
    -0.055244    -0.848091
    -0.053570    -0.841333
    -0.051896    -0.834668
    -0.050222    -0.828103
    -0.048548    -0.821644
    -0.046874    -0.815296
    -0.045200    -0.809066
    -0.043526    -0.802960
    -0.041852    -0.796985
    -0.040178    -0.791148
    -0.038504    -0.785455
    -0.036829    -0.779914
    -0.035155    -0.774531
    -0.033481    -0.769315
    -0.031807    -0.764274
    -0.030133    -0.759415
    -0.028459    -0.754746
    -0.026785    -0.750276
    -0.025111    -0.746013
    -0.023437    -0.741965
    -0.021763    -0.738142
    -0.020089    -0.734552
    -0.018415    -0.731204
    -0.016741    -0.728107
    -0.015067    -0.725268
    -0.013393    -0.722698
    -0.011718    -0.720404
    -0.010044    -0.718393
    -0.008370    -0.716675
    -0.006696    -0.715256
    -0.005022    -0.714142
    -0.003348    -0.713341
    -0.001674    -0.712858
     0.000000    -0.712698
     0.001674    -0.712861
     0.003348    -0.713350
     0.005022    -0.714154
     0.006696    -0.715267
     0.008370    -0.716685
     0.010044    -0.718403
     0.011718    -0.720412
     0.013393    -0.722706
     0.015067    -0.725276
     0.016741    -0.728114
     0.018415    -0.731211
     0.020089    -0.734559
     0.021763    -0.738148
     0.023437    -0.741971
     0.025111    -0.746018
     0.026785    -0.750281
     0.028459    -0.754751
     0.030133    -0.759420
     0.031807    -0.764279
     0.033481    -0.769320
     0.035155    -0.774535
     0.036829    -0.779918
     0.038504    -0.785459
     0.040178    -0.791152
     0.041852    -0.796989
     0.043526    -0.802964
     0.045200    -0.809069
     0.046874    -0.815299
     0.048548    -0.821647
     0.050222    -0.828106
     0.051896    -0.834671
     0.053570    -0.841335
     0.055244    -0.848094
     0.056918    -0.854941
     0.058592    -0.861871
     0.060266    -0.868880
     0.061940    -0.875961
     0.063615    -0.883111
     0.065289    -0.890323
     0.066963    -0.897595
     0.068637    -0.904920
     0.070311    -0.912296
     0.071985    -0.919717
     0.073659    -0.927179
     0.075333    -0.934679
     0.077007    -0.942212
     0.078681    -0.949775
     0.080355    -0.957364
     0.082029    -0.964975
     0.083703    -0.972606
     0.085377    -0.980252
     0.087051    -0.987910
     0.088726    -0.995578
     0.090400    -1.003252
     0.092074    -1.010929
     0.093748    -1.018606
     0.095422    -1.026280
     0.097096    -1.033950
     0.098770    -1.041612
     0.100444    -1.049263
     0.102118    -1.056901
     0.103792    -1.064525
     0.105466    -1.072131
     0.107140    -1.079718
     0.108814    -1.087283
     0.110488    -1.094825
     0.112163    -1.102341
     0.113837    -1.109830
     0.115511    -1.117290
     0.117185    -1.124720
     0.118859    -1.132117
     0.120533    -1.139480
     0.122207    -1.146808
     0.123881    -1.154099
     0.125555    -1.161352
     0.127229    -1.168565
     0.128903    -1.175736
     0.130577    -1.182862
     0.132251    -1.189924
     0.133925    -1.196709
     0.135599    -1.203059
     0.137274    -1.209315
     0.138948    -1.215518
     0.140622    -1.221675
     0.142296    -1.227788
     0.143970    -1.233857
     0.145644    -1.239883
     0.147318    -1.245868
     0.148992    -1.251810
     0.150666    -1.257712
     0.152340    -1.263573
     0.154014    -1.269394
     0.155688    -1.275176
     0.157362    -1.280920
     0.159036    -1.286625
     0.160710    -1.292292
     0.162385    -1.297923
     0.164059    -1.303517
     0.165733    -1.309075
     0.167407    -1.314598


    -0.167407    -0.496554
    -0.165733    -0.491860
    -0.164059    -0.487210
    -0.162385    -0.482603
    -0.160710    -0.478042
    -0.159036    -0.473526
    -0.157362    -0.469056
    -0.155688    -0.464634
    -0.154014    -0.460261
    -0.152340    -0.455937
    -0.150666    -0.451662
    -0.148992    -0.447439
    -0.147318    -0.443268
    -0.145644    -0.439149
    -0.143970    -0.435084
    -0.142296    -0.431073
    -0.140622    -0.427118
    -0.138948    -0.423219
    -0.137274    -0.419377
    -0.135599    -0.415592
    -0.133925    -0.411867
    -0.132251    -0.408201
    -0.130577    -0.404595
    -0.128903    -0.401050
    -0.127229    -0.397567
    -0.125555    -0.394147
    -0.123881    -0.390790
    -0.122207    -0.387497
    -0.120533    -0.384268
    -0.118859    -0.381105
    -0.117185    -0.378008
    -0.115511    -0.374978
    -0.113837    -0.372014
    -0.112163    -0.369118
    -0.110488    -0.366290
    -0.108814    -0.363531
    -0.107140    -0.360841
    -0.105466    -0.358219
    -0.103792    -0.355667
    -0.102118    -0.353184
    -0.100444    -0.350772
    -0.098770    -0.348428
    -0.097096    -0.346155
    -0.095422    -0.343951
    -0.093748    -0.341816
    -0.092074    -0.339750
    -0.090400    -0.337753
    -0.088726    -0.335824
    -0.087051    -0.333962
    -0.085377    -0.332167
    -0.083703    -0.330438
    -0.082029    -0.328773
    -0.080355    -0.327171
    -0.078681    -0.325631
    -0.077007    -0.324152
    -0.075333    -0.322732
    -0.073659    -0.321368
    -0.071985    -0.320059
    -0.070311    -0.318801
    -0.068637    -0.317594
    -0.066963    -0.316433
    -0.065289    -0.315315
    -0.063615    -0.314238
    -0.061940    -0.313196
    -0.060266    -0.312187
    -0.058592    -0.311206
    -0.056918    -0.310248
    -0.055244    -0.309308
    -0.053570    -0.308380
    -0.051896    -0.307459
    -0.050222    -0.306539
    -0.048548    -0.305612
    -0.046874    -0.304672
    -0.045200    -0.303712
    -0.043526    -0.302722
    -0.041852    -0.301696
    -0.040178    -0.300624
    -0.038504    -0.299497
    -0.036829    -0.298306
    -0.035155    -0.297041
    -0.033481    -0.295692
    -0.031807    -0.294248
    -0.030133    -0.292699
    -0.028459    -0.291035
    -0.026785    -0.289244
    -0.025111    -0.287317
    -0.023437    -0.285242
    -0.021763    -0.283010
    -0.020089    -0.280611
    -0.018415    -0.278036
    -0.016741    -0.275276
    -0.015067    -0.272324
    -0.013393    -0.269172
    -0.011718    -0.265814
    -0.010044    -0.262245
    -0.008370    -0.258462
    -0.006696    -0.254461
    -0.005022    -0.250241
    -0.003348    -0.245800
    -0.001674    -0.241141
     0.000000    -0.236290
     0.001674    -0.241167
     0.003348    -0.245827
     0.005022    -0.250268
     0.006696    -0.254489
     0.008370    -0.258490
     0.010044    -0.262274
     0.011718    -0.265843
     0.013393    -0.269202
     0.015067    -0.272354
     0.016741    -0.275307
     0.018415    -0.278067
     0.020089    -0.280643
     0.021763    -0.283042
     0.023437    -0.285274
     0.025111    -0.287349
     0.026785    -0.289276
     0.028459    -0.291067
     0.030133    -0.292732
     0.031807    -0.294280
     0.033481    -0.295724
     0.035155    -0.297074
     0.036829    -0.298339
     0.038504    -0.299529
     0.040178    -0.300656
     0.041852    -0.301728
     0.043526    -0.302754
     0.045200    -0.303743
     0.046874    -0.304703
     0.048548    -0.305642
     0.050222    -0.306569
     0.051896    -0.307489
     0.053570    -0.308409
     0.055244    -0.309336
     0.056918    -0.310276
     0.058592    -0.311234
     0.060266    -0.312214
     0.061940    -0.313223
     0.063615    -0.314264
     0.065289    -0.315341
     0.066963    -0.316458
     0.068637    -0.317618
     0.070311    -0.318826
     0.071985    -0.320082
     0.073659    -0.321391
     0.075333    -0.322754
     0.077007    -0.324174
     0.078681    -0.325653
     0.080355    -0.327192
     0.082029    -0.328793
     0.083703    -0.330457
     0.085377    -0.332187
     0.087051    -0.333981
     0.088726    -0.335842
     0.090400    -0.337771
     0.092074    -0.339768
     0.093748    -0.341833
     0.095422    -0.343967
     0.097096    -0.346171
     0.098770    -0.348444
     0.100444    -0.350787
     0.102118    -0.353199
     0.103792    -0.355681
     0.105466    -0.358233
     0.107140    -0.360854
     0.108814    -0.363544
     0.110488    -0.366303
     0.112163    -0.369130
     0.113837    -0.372026
     0.115511    -0.374989
     0.117185    -0.378019
     0.118859    -0.381116
     0.120533    -0.384279
     0.122207    -0.387507
     0.123881    -0.390799
     0.125555    -0.394156
     0.127229    -0.397576
     0.128903    -0.401059
     0.130577    -0.404603
     0.132251    -0.408209
     0.133925    -0.411875
     0.135599    -0.415600
     0.137274    -0.419385
     0.138948    -0.423226
     0.140622    -0.427125
     0.142296    -0.431081
     0.143970    -0.435091
     0.145644    -0.439156
     0.147318    -0.443275
     0.148992    -0.447446
     0.150666    -0.451669
     0.152340    -0.455943
     0.154014    -0.460267
     0.155688    -0.464641
     0.157362    -0.469063
     0.159036    -0.473532
     0.160710    -0.478048
     0.162385    -0.482609
     0.164059    -0.487216
     0.165733    -0.491866
     0.167407    -0.496560


    -0.167407    -0.457464
    -0.165733    -0.450949
    -0.164059    -0.444436
    -0.162385    -0.437927
    -0.160710    -0.431421
    -0.159036    -0.424917
    -0.157362    -0.418417
    -0.155688    -0.411920
    -0.154014    -0.405426
    -0.152340    -0.398936
    -0.150666    -0.392449
    -0.148992    -0.385965
    -0.147318    -0.379486
    -0.145644    -0.373010
    -0.143970    -0.366537
    -0.142296    -0.360069
    -0.140622    -0.353605
    -0.138948    -0.347145
    -0.137274    -0.340689
    -0.135599    -0.334237
    -0.133925    -0.327789
    -0.132251    -0.321346
    -0.130577    -0.314907
    -0.128903    -0.308473
    -0.127229    -0.302043
    -0.125555    -0.295618
    -0.123881    -0.289198
    -0.122207    -0.282783
    -0.120533    -0.276373
    -0.118859    -0.269968
    -0.117185    -0.263569
    -0.115511    -0.257175
    -0.113837    -0.250786
    -0.112163    -0.244404
    -0.110488    -0.238027
    -0.108814    -0.231657
    -0.107140    -0.225294
    -0.105466    -0.218938
    -0.103792    -0.212589
    -0.102118    -0.206249
    -0.100444    -0.199917
    -0.098770    -0.193594
    -0.097096    -0.187282
    -0.095422    -0.180980
    -0.093748    -0.174691
    -0.092074    -0.168415
    -0.090400    -0.162154
    -0.088726    -0.155909
    -0.087051    -0.149684
    -0.085377    -0.143481
    -0.083703    -0.137302
    -0.082029    -0.131152
    -0.080355    -0.125035
    -0.078681    -0.118957
    -0.077007    -0.112925
    -0.075333    -0.106948
    -0.073659    -0.101037
    -0.071985    -0.095205
    -0.070311    -0.089469
    -0.068637    -0.083853
    -0.066963    -0.078384
    -0.065289    -0.073100
    -0.063615    -0.068050
    -0.061940    -0.063300
    -0.060266    -0.058932
    -0.058592    -0.055058
    -0.056918    -0.051814
    -0.055244    -0.049367
    -0.053570    -0.047894
    -0.051896    -0.047562
    -0.050222    -0.048478
    -0.048548    -0.050660
    -0.046874    -0.054023
    -0.045200    -0.058412
    -0.043526    -0.063638
    -0.041852    -0.069519
    -0.040178    -0.075896
    -0.038504    -0.082640
    -0.036829    -0.089648
    -0.035155    -0.096842
    -0.033481    -0.104159
    -0.031807    -0.111551
    -0.030133    -0.118977
    -0.028459    -0.126406
    -0.026785    -0.133812
    -0.025111    -0.141171
    -0.023437    -0.148465
    -0.021763    -0.155676
    -0.020089    -0.162789
    -0.018415    -0.169790
    -0.016741    -0.176666
    -0.015067    -0.183405
    -0.013393    -0.189995
    -0.011718    -0.196428
    -0.010044    -0.202691
    -0.008370    -0.208778
    -0.006696    -0.214679
    -0.005022    -0.220387
    -0.003348    -0.225895
    -0.001674    -0.231198
     0.000000    -0.236264
     0.001674    -0.231173
     0.003348    -0.225872
     0.005022    -0.220364
     0.006696    -0.214657
     0.008370    -0.208757
     0.010044    -0.202671
     0.011718    -0.196408
     0.013393    -0.189977
     0.015067    -0.183387
     0.016741    -0.176649
     0.018415    -0.169774
     0.020089    -0.162773
     0.021763    -0.155661
     0.023437    -0.148450
     0.025111    -0.141157
     0.026785    -0.133798
     0.028459    -0.126393
     0.030133    -0.118964
     0.031807    -0.111538
     0.033481    -0.104147
     0.035155    -0.096830
     0.036829    -0.089636
     0.038504    -0.082627
     0.040178    -0.075883
     0.041852    -0.069506
     0.043526    -0.063624
     0.045200    -0.058397
     0.046874    -0.054008
     0.048548    -0.050644
     0.050222    -0.048461
     0.051896    -0.047544
     0.053570    -0.047876
     0.055244    -0.049348
     0.056918    -0.051796
     0.058592    -0.055039
     0.060266    -0.058914
     0.061940    -0.063282
     0.063615    -0.068032
     0.065289    -0.073082
     0.066963    -0.078366
     0.068637    -0.083835
     0.070311    -0.089452
     0.071985    -0.095188
     0.073659    -0.101020
     0.075333    -0.106932
     0.077007    -0.112909
     0.078681    -0.118941
     0.080355    -0.125019
     0.082029    -0.131136
     0.083703    -0.137286
     0.085377    -0.143465
     0.087051    -0.149669
     0.088726    -0.155894
     0.090400    -0.162139
     0.092074    -0.168400
     0.093748    -0.174676
     0.095422    -0.180966
     0.097096    -0.187268
     0.098770    -0.193581
     0.100444    -0.199904
     0.102118    -0.206236
     0.103792    -0.212577
     0.105466    -0.218926
     0.107140    -0.225283
     0.108814    -0.231646
     0.110488    -0.238017
     0.112163    -0.244393
     0.113837    -0.250776
     0.115511    -0.257165
     0.117185    -0.263560
     0.118859    -0.269960
     0.120533    -0.276365
     0.122207    -0.282776
     0.123881    -0.289192
     0.125555    -0.295612
     0.127229    -0.302038
     0.128903    -0.308468
     0.130577    -0.314902
     0.132251    -0.321342
     0.133925    -0.327786
     0.135599    -0.334234
     0.137274    -0.340686
     0.138948    -0.347143
     0.140622    -0.353604
     0.142296    -0.360068
     0.143970    -0.366537
     0.145644    -0.373010
     0.147318    -0.379486
     0.148992    -0.385967
     0.150666    -0.392451
     0.152340    -0.398938
     0.154014    -0.405429
     0.155688    -0.411923
     0.157362    -0.418421
     0.159036    -0.424922
     0.160710    -0.431426
     0.162385    -0.437933
     0.164059    -0.444443
     0.165733    -0.450956
     0.167407    -0.457471


    -0.167407     0.656001
    -0.165733     0.647233
    -0.164059     0.638438
    -0.162385     0.629617
    -0.160710     0.620771
    -0.159036     0.611898
    -0.157362     0.603001
    -0.155688     0.594079
    -0.154014     0.585132
    -0.152340     0.576162
    -0.150666     0.567167
    -0.148992     0.558148
    -0.147318     0.549107
    -0.145644     0.540042
    -0.143970     0.530955
    -0.142296     0.521846
    -0.140622     0.512716
    -0.138948     0.503564
    -0.137274     0.494392
    -0.135599     0.485199
    -0.133925     0.475987
    -0.132251     0.466756
    -0.130577     0.457506
    -0.128903     0.448238
    -0.127229     0.438952
    -0.125555     0.429650
    -0.123881     0.420332
    -0.122207     0.410999
    -0.120533     0.401650
    -0.118859     0.392289
    -0.117185     0.382914
    -0.115511     0.373527
    -0.113837     0.364129
    -0.112163     0.354721
    -0.110488     0.345304
    -0.108814     0.335879
    -0.107140     0.326448
    -0.105466     0.317012
    -0.103792     0.307572
    -0.102118     0.298129
    -0.100444     0.288686
    -0.098770     0.279245
    -0.097096     0.269807
    -0.095422     0.260374
    -0.093748     0.250949
    -0.092074     0.241535
    -0.090400     0.232135
    -0.088726     0.222751
    -0.087051     0.213389
    -0.085377     0.204051
    -0.083703     0.194743
    -0.082029     0.185471
    -0.080355     0.176241
    -0.078681     0.167060
    -0.077007     0.157938
    -0.075333     0.148886
    -0.073659     0.139917
    -0.071985     0.131046
    -0.070311     0.122293
    -0.068637     0.113683
    -0.066963     0.105249
    -0.065289     0.097029
    -0.063615     0.089075
    -0.061940     0.081456
    -0.060266     0.074259
    -0.058592     0.067596
    -0.056918     0.061610
    -0.055244     0.056468
    -0.053570     0.052354
    -0.051896     0.049436
    -0.050222     0.047828
    -0.048548     0.047549
    -0.046874     0.048520
    -0.045200     0.050590
    -0.043526     0.053576
    -0.041852     0.057300
    -0.040178     0.061608
    -0.038504     0.066377
    -0.036829     0.071510
    -0.035155     0.076933
    -0.033481     0.082590
    -0.031807     0.088438
    -0.030133     0.094445
    -0.028459     0.100585
    -0.026785     0.106839
    -0.025111     0.113191
    -0.023437     0.119628
    -0.021763     0.126140
    -0.020089     0.132721
    -0.018415     0.139362
    -0.016741     0.146058
    -0.015067     0.152805
    -0.013393     0.159599
    -0.011718     0.166436
    -0.010044     0.173314
    -0.008370     0.180230
    -0.006696     0.187182
    -0.005022     0.194167
    -0.003348     0.201184
    -0.001674     0.208231
     0.000000     0.215300
     0.001674     0.208226
     0.003348     0.201179
     0.005022     0.194163
     0.006696     0.187178
     0.008370     0.180227
     0.010044     0.173311
     0.011718     0.166434
     0.013393     0.159597
     0.015067     0.152803
     0.016741     0.146057
     0.018415     0.139361
     0.020089     0.132720
     0.021763     0.126140
     0.023437     0.119628
     0.025111     0.113191
     0.026785     0.106839
     0.028459     0.100586
     0.030133     0.094446
     0.031807     0.088439
     0.033481     0.082591
     0.035155     0.076933
     0.036829     0.071510
     0.038504     0.066377
     0.040178     0.061608
     0.041852     0.057299
     0.043526     0.053575
     0.045200     0.050588
     0.046874     0.048517
     0.048548     0.047544
     0.050222     0.047823
     0.051896     0.049431
     0.053570     0.052348
     0.055244     0.056461
     0.056918     0.061603
     0.058592     0.067589
     0.060266     0.074252
     0.061940     0.081449
     0.063615     0.089068
     0.065289     0.097021
     0.066963     0.105242
     0.068637     0.113676
     0.070311     0.122286
     0.071985     0.131039
     0.073659     0.139910
     0.075333     0.148879
     0.077007     0.157932
     0.078681     0.167053
     0.080355     0.176234
     0.082029     0.185464
     0.083703     0.194737
     0.085377     0.204044
     0.087051     0.213382
     0.088726     0.222745
     0.090400     0.232128
     0.092074     0.241529
     0.093748     0.250943
     0.095422     0.260368
     0.097096     0.269800
     0.098770     0.279239
     0.100444     0.288680
     0.102118     0.298123
     0.103792     0.307566
     0.105466     0.317006
     0.107140     0.326443
     0.108814     0.335874
     0.110488     0.345299
     0.112163     0.354716
     0.113837     0.364124
     0.115511     0.373522
     0.117185     0.382910
     0.118859     0.392285
     0.120533     0.401647
     0.122207     0.410995
     0.123881     0.420329
     0.125555     0.429647
     0.127229     0.438950
     0.128903     0.448235
     0.130577     0.457504
     0.132251     0.466754
     0.133925     0.475986
     0.135599     0.485198
     0.137274     0.494391
     0.138948     0.503564
     0.140622     0.512715
     0.142296     0.521846
     0.143970     0.530955
     0.145644     0.540043
     0.147318     0.549107
     0.148992     0.558149
     0.150666     0.567168
     0.152340     0.576163
     0.154014     0.585134
     0.155688     0.594081
     0.157362     0.603004
     0.159036     0.611901
     0.160710     0.620774
     0.162385     0.629621
     0.164059     0.638442
     0.165733     0.647237
     0.167407     0.656006


    -0.167407     0.885687
    -0.165733     0.879980
    -0.164059     0.874259
    -0.162385     0.868523
    -0.160710     0.862774
    -0.159036     0.857009
    -0.157362     0.851230
    -0.155688     0.845435
    -0.154014     0.839625
    -0.152340     0.833798
    -0.150666     0.827955
    -0.148992     0.822096
    -0.147318     0.816219
    -0.145644     0.810325
    -0.143970     0.804412
    -0.142296     0.798482
    -0.140622     0.792532
    -0.138948     0.786563
    -0.137274     0.780575
    -0.135599     0.774566
    -0.133925     0.768536
    -0.132251     0.762486
    -0.130577     0.756413
    -0.128903     0.750319
    -0.127229     0.744202
    -0.125555     0.738062
    -0.123881     0.731899
    -0.122207     0.725711
    -0.120533     0.719499
    -0.118859     0.713262
    -0.117185     0.707000
    -0.115511     0.700712
    -0.113837     0.694398
    -0.112163     0.688057
    -0.110488     0.681689
    -0.108814     0.675294
    -0.107140     0.668870
    -0.105466     0.662419
    -0.103792     0.655940
    -0.102118     0.649432
    -0.100444     0.642895
    -0.098770     0.636330
    -0.097096     0.629735
    -0.095422     0.623111
    -0.093748     0.616457
    -0.092074     0.609774
    -0.090400     0.603062
    -0.088726     0.596320
    -0.087051     0.589549
    -0.085377     0.582749
    -0.083703     0.575921
    -0.082029     0.569063
    -0.080355     0.562177
    -0.078681     0.555264
    -0.077007     0.548322
    -0.075333     0.541354
    -0.073659     0.534358
    -0.071985     0.527337
    -0.070311     0.520290
    -0.068637     0.513219
    -0.066963     0.506123
    -0.065289     0.499005
    -0.063615     0.491863
    -0.061940     0.484700
    -0.060266     0.477517
    -0.058592     0.470314
    -0.056918     0.463092
    -0.055244     0.455852
    -0.053570     0.448596
    -0.051896     0.441324
    -0.050222     0.434038
    -0.048548     0.426739
    -0.046874     0.419428
    -0.045200     0.412107
    -0.043526     0.404776
    -0.041852     0.397437
    -0.040178     0.390092
    -0.038504     0.382741
    -0.036829     0.375386
    -0.035155     0.368028
    -0.033481     0.360670
    -0.031807     0.353311
    -0.030133     0.345953
    -0.028459     0.338599
    -0.026785     0.331248
    -0.025111     0.323903
    -0.023437     0.316565
    -0.021763     0.309235
    -0.020089     0.301915
    -0.018415     0.294606
    -0.016741     0.287309
    -0.015067     0.280025
    -0.013393     0.272757
    -0.011718     0.265505
    -0.010044     0.258270
    -0.008370     0.251054
    -0.006696     0.243858
    -0.005022     0.236683
    -0.003348     0.229531
    -0.001674     0.222404
     0.000000     0.215308
     0.001674     0.222409
     0.003348     0.229537
     0.005022     0.236689
     0.006696     0.243864
     0.008370     0.251060
     0.010044     0.258277
     0.011718     0.265512
     0.013393     0.272765
     0.015067     0.280033
     0.016741     0.287317
     0.018415     0.294614
     0.020089     0.301924
     0.021763     0.309244
     0.023437     0.316574
     0.025111     0.323912
     0.026785     0.331258
     0.028459     0.338608
     0.030133     0.345963
     0.031807     0.353320
     0.033481     0.360679
     0.035155     0.368038
     0.036829     0.375396
     0.038504     0.382751
     0.040178     0.390102
     0.041852     0.397447
     0.043526     0.404786
     0.045200     0.412117
     0.046874     0.419438
     0.048548     0.426749
     0.050222     0.434048
     0.051896     0.441334
     0.053570     0.448605
     0.055244     0.455861
     0.056918     0.463101
     0.058592     0.470322
     0.060266     0.477526
     0.061940     0.484709
     0.063615     0.491872
     0.065289     0.499013
     0.066963     0.506131
     0.068637     0.513227
     0.070311     0.520298
     0.071985     0.527344
     0.073659     0.534365
     0.075333     0.541360
     0.077007     0.548329
     0.078681     0.555270
     0.080355     0.562183
     0.082029     0.569069
     0.083703     0.575926
     0.085377     0.582755
     0.087051     0.589555
     0.088726     0.596325
     0.090400     0.603067
     0.092074     0.609779
     0.093748     0.616461
     0.095422     0.623115
     0.097096     0.629739
     0.098770     0.636333
     0.100444     0.642899
     0.102118     0.649435
     0.103792     0.655943
     0.105466     0.662422
     0.107140     0.668873
     0.108814     0.675296
     0.110488     0.681691
     0.112163     0.688059
     0.113837     0.694400
     0.115511     0.700714
     0.117185     0.707002
     0.118859     0.713264
     0.120533     0.719500
     0.122207     0.725712
     0.123881     0.731900
     0.125555     0.738063
     0.127229     0.744203
     0.128903     0.750320
     0.130577     0.756414
     0.132251     0.762486
     0.133925     0.768537
     0.135599     0.774566
     0.137274     0.780575
     0.138948     0.786564
     0.140622     0.792532
     0.142296     0.798482
     0.143970     0.804413
     0.145644     0.810325
     0.147318     0.816219
     0.148992     0.822096
     0.150666     0.827955
     0.152340     0.833798
     0.154014     0.839625
     0.155688     0.845435
     0.157362     0.851230
     0.159036     0.857009
     0.160710     0.862774
     0.162385     0.868524
     0.164059     0.874259
     0.165733     0.879980
     0.167407     0.885687


    -0.167407     1.831646
    -0.165733     1.823773
    -0.164059     1.815917
    -0.162385     1.808081
    -0.160710     1.800265
    -0.159036     1.792473
    -0.157362     1.784705
    -0.155688     1.776964
    -0.154014     1.769253
    -0.152340     1.761572
    -0.150666     1.753925
    -0.148992     1.746313
    -0.147318     1.738739
    -0.145644     1.731205
    -0.143970     1.723713
    -0.142296     1.716265
    -0.140622     1.708864
    -0.138948     1.701512
    -0.137274     1.694212
    -0.135599     1.686965
    -0.133925     1.679775
    -0.132251     1.672643
    -0.130577     1.665572
    -0.128903     1.658565
    -0.127229     1.651624
    -0.125555     1.644752
    -0.123881     1.637950
    -0.122207     1.631222
    -0.120533     1.624570
    -0.118859     1.617996
    -0.117185     1.611503
    -0.115511     1.605093
    -0.113837     1.598769
    -0.112163     1.592533
    -0.110488     1.586388
    -0.108814     1.580335
    -0.107140     1.574378
    -0.105466     1.568518
    -0.103792     1.562758
    -0.102118     1.557100
    -0.100444     1.551546
    -0.098770     1.546099
    -0.097096     1.540760
    -0.095422     1.535531
    -0.093748     1.530415
    -0.092074     1.525414
    -0.090400     1.520529
    -0.088726     1.515762
    -0.087051     1.511114
    -0.085377     1.506589
    -0.083703     1.502186
    -0.082029     1.497908
    -0.080355     1.493756
    -0.078681     1.489731
    -0.077007     1.485835
    -0.075333     1.482069
    -0.073659     1.478434
    -0.071985     1.474930
    -0.070311     1.471560
    -0.068637     1.468323
    -0.066963     1.465221
    -0.065289     1.462253
    -0.063615     1.459422
    -0.061940     1.456726
    -0.060266     1.454167
    -0.058592     1.451745
    -0.056918     1.449459
    -0.055244     1.447311
    -0.053570     1.445300
    -0.051896     1.443426
    -0.050222     1.441689
    -0.048548     1.440088
    -0.046874     1.438624
    -0.045200     1.437296
    -0.043526     1.436104
    -0.041852     1.435046
    -0.040178     1.434123
    -0.038504     1.433333
    -0.036829     1.432676
    -0.035155     1.432152
    -0.033481     1.431758
    -0.031807     1.431495
    -0.030133     1.431361
    -0.028459     1.431355
    -0.026785     1.431476
    -0.025111     1.431723
    -0.023437     1.432095
    -0.021763     1.432590
    -0.020089     1.433207
    -0.018415     1.433945
    -0.016741     1.434803
    -0.015067     1.435778
    -0.013393     1.436870
    -0.011718     1.438076
    -0.010044     1.439397
    -0.008370     1.440829
    -0.006696     1.442372
    -0.005022     1.444023
    -0.003348     1.445782
    -0.001674     1.447647
     0.000000     1.449610
     0.001674     1.447656
     0.003348     1.445792
     0.005022     1.444033
     0.006696     1.442382
     0.008370     1.440840
     0.010044     1.439408
     0.011718     1.438088
     0.013393     1.436881
     0.015067     1.435790
     0.016741     1.434815
     0.018415     1.433957
     0.020089     1.433220
     0.021763     1.432603
     0.023437     1.432108
     0.025111     1.431737
     0.026785     1.431490
     0.028459     1.431369
     0.030133     1.431375
     0.031807     1.431509
     0.033481     1.431773
     0.035155     1.432166
     0.036829     1.432691
     0.038504     1.433348
     0.040178     1.434138
     0.041852     1.435062
     0.043526     1.436120
     0.045200     1.437312
     0.046874     1.438641
     0.048548     1.440105
     0.050222     1.441706
     0.051896     1.443443
     0.053570     1.445317
     0.055244     1.447329
     0.056918     1.449477
     0.058592     1.451762
     0.060266     1.454185
     0.061940     1.456744
     0.063615     1.459440
     0.065289     1.462272
     0.066963     1.465239
     0.068637     1.468341
     0.070311     1.471578
     0.071985     1.474949
     0.073659     1.478452
     0.075333     1.482087
     0.077007     1.485854
     0.078681     1.489750
     0.080355     1.493774
     0.082029     1.497926
     0.083703     1.502204
     0.085377     1.506607
     0.087051     1.511132
     0.088726     1.515779
     0.090400     1.520546
     0.092074     1.525431
     0.093748     1.530433
     0.095422     1.535548
     0.097096     1.540776
     0.098770     1.546115
     0.100444     1.551562
     0.102118     1.557116
     0.103792     1.562774
     0.105466     1.568533
     0.107140     1.574393
     0.108814     1.580350
     0.110488     1.586402
     0.112163     1.592547
     0.113837     1.598783
     0.115511     1.605107
     0.117185     1.611516
     0.118859     1.618009
     0.120533     1.624582
     0.122207     1.631234
     0.123881     1.637962
     0.125555     1.644763
     0.127229     1.651635
     0.128903     1.658576
     0.130577     1.665582
     0.132251     1.672652
     0.133925     1.679784
     0.135599     1.686974
     0.137274     1.694220
     0.138948     1.701520
     0.140622     1.708871
     0.142296     1.716272
     0.143970     1.723719
     0.145644     1.731211
     0.147318     1.738745
     0.148992     1.746318
     0.150666     1.753930
     0.152340     1.761576
     0.154014     1.769257
     0.155688     1.776968
     0.157362     1.784708
     0.159036     1.792475
     0.160710     1.800267
     0.162385     1.808083
     0.164059     1.815919
     0.165733     1.823774
     0.167407     1.831646


    -0.167407     1.947802
    -0.165733     1.941291
    -0.164059     1.934791
    -0.162385     1.928303
    -0.160710     1.921828
    -0.159036     1.915365
    -0.157362     1.908916
    -0.155688     1.902481
    -0.154014     1.896061
    -0.152340     1.889656
    -0.150666     1.883267
    -0.148992     1.876894
    -0.147318     1.870538
    -0.145644     1.864199
    -0.143970     1.857878
    -0.142296     1.851576
    -0.140622     1.845293
    -0.138948     1.839029
    -0.137274     1.832786
    -0.135599     1.826563
    -0.133925     1.820361
    -0.132251     1.814180
    -0.130577     1.808022
    -0.128903     1.801886
    -0.127229     1.795774
    -0.125555     1.789684
    -0.123881     1.783619
    -0.122207     1.777579
    -0.120533     1.771563
    -0.118859     1.765573
    -0.117185     1.759609
    -0.115511     1.753672
    -0.113837     1.747761
    -0.112163     1.741878
    -0.110488     1.736024
    -0.108814     1.730197
    -0.107140     1.724400
    -0.105466     1.718632
    -0.103792     1.712894
    -0.102118     1.707187
    -0.100444     1.701512
    -0.098770     1.695867
    -0.097096     1.690256
    -0.095422     1.684677
    -0.093748     1.679131
    -0.092074     1.673620
    -0.090400     1.668143
    -0.088726     1.662702
    -0.087051     1.657296
    -0.085377     1.651928
    -0.083703     1.646596
    -0.082029     1.641303
    -0.080355     1.636048
    -0.078681     1.630833
    -0.077007     1.625658
    -0.075333     1.620524
    -0.073659     1.615432
    -0.071985     1.610382
    -0.070311     1.605377
    -0.068637     1.600415
    -0.066963     1.595499
    -0.065289     1.590629
    -0.063615     1.585806
    -0.061940     1.581032
    -0.060266     1.576307
    -0.058592     1.571632
    -0.056918     1.567008
    -0.055244     1.562437
    -0.053570     1.557919
    -0.051896     1.553456
    -0.050222     1.549049
    -0.048548     1.544699
    -0.046874     1.540407
    -0.045200     1.536174
    -0.043526     1.532003
    -0.041852     1.527893
    -0.040178     1.523847
    -0.038504     1.519866
    -0.036829     1.515951
    -0.035155     1.512104
    -0.033481     1.508326
    -0.031807     1.504618
    -0.030133     1.500982
    -0.028459     1.497420
    -0.026785     1.493933
    -0.025111     1.490522
    -0.023437     1.487189
    -0.021763     1.483936
    -0.020089     1.480764
    -0.018415     1.477675
    -0.016741     1.474670
    -0.015067     1.471752
    -0.013393     1.468921
    -0.011718     1.466179
    -0.010044     1.463528
    -0.008370     1.460970
    -0.006696     1.458506
    -0.005022     1.456138
    -0.003348     1.453867
    -0.001674     1.451695
     0.000000     1.449630
     0.001674     1.451686
     0.003348     1.453858
     0.005022     1.456129
     0.006696     1.458498
     0.008370     1.460962
     0.010044     1.463520
     0.011718     1.466171
     0.013393     1.468913
     0.015067     1.471745
     0.016741     1.474664
     0.018415     1.477669
     0.020089     1.480758
     0.021763     1.483930
     0.023437     1.487183
     0.025111     1.490516
     0.026785     1.493927
     0.028459     1.497415
     0.030133     1.500977
     0.031807     1.504613
     0.033481     1.508321
     0.035155     1.512099
     0.036829     1.515947
     0.038504     1.519862
     0.040178     1.523843
     0.041852     1.527889
     0.043526     1.531998
     0.045200     1.536170
     0.046874     1.540403
     0.048548     1.544695
     0.050222     1.549045
     0.051896     1.553452
     0.053570     1.557915
     0.055244     1.562433
     0.056918     1.567004
     0.058592     1.571628
     0.060266     1.576303
     0.061940     1.581029
     0.063615     1.585803
     0.065289     1.590626
     0.066963     1.595496
     0.068637     1.600412
     0.070311     1.605373
     0.071985     1.610379
     0.073659     1.615429
     0.075333     1.620521
     0.077007     1.625655
     0.078681     1.630830
     0.080355     1.636045
     0.082029     1.641300
     0.083703     1.646593
     0.085377     1.651925
     0.087051     1.657294
     0.088726     1.662699
     0.090400     1.668141
     0.092074     1.673617
     0.093748     1.679129
     0.095422     1.684674
     0.097096     1.690253
     0.098770     1.695865
     0.100444     1.701509
     0.102118     1.707185
     0.103792     1.712892
     0.105466     1.718630
     0.107140     1.724398
     0.108814     1.730195
     0.110488     1.736021
     0.112163     1.741876
     0.113837     1.747759
     0.115511     1.753670
     0.117185     1.759607
     0.118859     1.765571
     0.120533     1.771561
     0.122207     1.777577
     0.123881     1.783618
     0.125555     1.789683
     0.127229     1.795772
     0.128903     1.801885
     0.130577     1.808021
     0.132251     1.814179
     0.133925     1.820359
     0.135599     1.826561
     0.137274     1.832784
     0.138948     1.839028
     0.140622     1.845292
     0.142296     1.851575
     0.143970     1.857877
     0.145644     1.864198
     0.147318     1.870537
     0.148992     1.876893
     0.150666     1.883266
     0.152340     1.889655
     0.154014     1.896060
     0.155688     1.902480
     0.157362     1.908915
     0.159036     1.915365
     0.160710     1.921827
     0.162385     1.928303
     0.164059     1.934791
     0.165733     1.941291
     0.167407     1.947802


    -0.167407     2.319283
    -0.165733     2.311553
    -0.164059     2.303854
    -0.162385     2.296189
    -0.160710     2.288559
    -0.159036     2.280966
    -0.157362     2.273410
    -0.155688     2.265892
    -0.154014     2.258415
    -0.152340     2.250980
    -0.150666     2.243587
    -0.148992     2.236239
    -0.147318     2.228936
    -0.145644     2.221679
    -0.143970     2.214470
    -0.142296     2.207310
    -0.140622     2.200200
    -0.138948     2.193141
    -0.137274     2.186135
    -0.135599     2.179182
    -0.133925     2.172283
    -0.132251     2.165440
    -0.130577     2.158653
    -0.128903     2.151925
    -0.127229     2.145254
    -0.125555     2.138644
    -0.123881     2.132094
    -0.122207     2.125605
    -0.120533     2.119179
    -0.118859     2.112816
    -0.117185     2.106518
    -0.115511     2.100285
    -0.113837     2.094118
    -0.112163     2.088018
    -0.110488     2.081986
    -0.108814     2.076023
    -0.107140     2.070129
    -0.105466     2.064306
    -0.103792     2.058553
    -0.102118     2.052873
    -0.100444     2.047266
    -0.098770     2.041732
    -0.097096     2.036272
    -0.095422     2.030888
    -0.093748     2.025579
    -0.092074     2.020347
    -0.090400     2.015192
    -0.088726     2.010116
    -0.087051     2.005118
    -0.085377     2.000200
    -0.083703     1.995362
    -0.082029     1.990605
    -0.080355     1.985930
    -0.078681     1.981336
    -0.077007     1.976826
    -0.075333     1.972400
    -0.073659     1.968058
    -0.071985     1.963801
    -0.070311     1.959630
    -0.068637     1.955545
    -0.066963     1.951547
    -0.065289     1.947637
    -0.063615     1.943815
    -0.061940     1.940082
    -0.060266     1.936438
    -0.058592     1.932885
    -0.056918     1.929422
    -0.055244     1.926051
    -0.053570     1.922772
    -0.051896     1.919585
    -0.050222     1.916492
    -0.048548     1.913492
    -0.046874     1.910587
    -0.045200     1.907776
    -0.043526     1.905061
    -0.041852     1.902443
    -0.040178     1.899920
    -0.038504     1.897495
    -0.036829     1.895168
    -0.035155     1.892939
    -0.033481     1.890809
    -0.031807     1.888777
    -0.030133     1.886846
    -0.028459     1.885015
    -0.026785     1.883285
    -0.025111     1.881656
    -0.023437     1.880129
    -0.021763     1.878704
    -0.020089     1.877382
    -0.018415     1.876164
    -0.016741     1.875050
    -0.015067     1.874041
    -0.013393     1.873137
    -0.011718     1.872339
    -0.010044     1.871647
    -0.008370     1.871063
    -0.006696     1.870585
    -0.005022     1.870215
    -0.003348     1.869951
    -0.001674     1.869791
     0.000000     1.869736
     0.001674     1.869785
     0.003348     1.869939
     0.005022     1.870201
     0.006696     1.870569
     0.008370     1.871045
     0.010044     1.871628
     0.011718     1.872318
     0.013393     1.873114
     0.015067     1.874016
     0.016741     1.875024
     0.018415     1.876136
     0.020089     1.877354
     0.021763     1.878674
     0.023437     1.880099
     0.025111     1.881625
     0.026785     1.883254
     0.028459     1.884984
     0.030133     1.886815
     0.031807     1.888746
     0.033481     1.890777
     0.035155     1.892908
     0.036829     1.895137
     0.038504     1.897464
     0.040178     1.899889
     0.041852     1.902412
     0.043526     1.905031
     0.045200     1.907746
     0.046874     1.910556
     0.048548     1.913462
     0.050222     1.916462
     0.051896     1.919555
     0.053570     1.922742
     0.055244     1.926022
     0.056918     1.929393
     0.058592     1.932856
     0.060266     1.936409
     0.061940     1.940053
     0.063615     1.943787
     0.065289     1.947609
     0.066963     1.951519
     0.068637     1.955518
     0.070311     1.959603
     0.071985     1.963774
     0.073659     1.968032
     0.075333     1.972374
     0.077007     1.976801
     0.078681     1.981311
     0.080355     1.985905
     0.082029     1.990580
     0.083703     1.995338
     0.085377     2.000176
     0.087051     2.005095
     0.088726     2.010093
     0.090400     2.015170
     0.092074     2.020325
     0.093748     2.025558
     0.095422     2.030867
     0.097096     2.036252
     0.098770     2.041712
     0.100444     2.047247
     0.102118     2.052855
     0.103792     2.058535
     0.105466     2.064288
     0.107140     2.070112
     0.108814     2.076007
     0.110488     2.081971
     0.112163     2.088003
     0.113837     2.094104
     0.115511     2.100271
     0.117185     2.106505
     0.118859     2.112804
     0.120533     2.119167
     0.122207     2.125594
     0.123881     2.132083
     0.125555     2.138634
     0.127229     2.145245
     0.128903     2.151916
     0.130577     2.158645
     0.132251     2.165433
     0.133925     2.172276
     0.135599     2.179175
     0.137274     2.186129
     0.138948     2.193136
     0.140622     2.200196
     0.142296     2.207306
     0.143970     2.214467
     0.145644     2.221677
     0.147318     2.228934
     0.148992     2.236238
     0.150666     2.243587
     0.152340     2.250980
     0.154014     2.258416
     0.155688     2.265894
     0.157362     2.273411
     0.159036     2.280968
     0.160710     2.288563
     0.162385     2.296193
     0.164059     2.303858
     0.165733     2.311557
     0.167407     2.319288


    -0.167407     2.346767
    -0.165733     2.338934
    -0.164059     2.331115
    -0.162385     2.323312
    -0.160710     2.315525
    -0.159036     2.307757
    -0.157362     2.300010
    -0.155688     2.292285
    -0.154014     2.284583
    -0.152340     2.276907
    -0.150666     2.269257
    -0.148992     2.261637
    -0.147318     2.254047
    -0.145644     2.246489
    -0.143970     2.238965
    -0.142296     2.231476
    -0.140622     2.224024
    -0.138948     2.216611
    -0.137274     2.209238
    -0.135599     2.201908
    -0.133925     2.194621
    -0.132251     2.187379
    -0.130577     2.180184
    -0.128903     2.173038
    -0.127229     2.165942
    -0.125555     2.158897
    -0.123881     2.151906
    -0.122207     2.144970
    -0.120533     2.138090
    -0.118859     2.131268
    -0.117185     2.124506
    -0.115511     2.117806
    -0.113837     2.111168
    -0.112163     2.104594
    -0.110488     2.098086
    -0.108814     2.091645
    -0.107140     2.085273
    -0.105466     2.078971
    -0.103792     2.072741
    -0.102118     2.066584
    -0.100444     2.060501
    -0.098770     2.054494
    -0.097096     2.048565
    -0.095422     2.042714
    -0.093748     2.036943
    -0.092074     2.031254
    -0.090400     2.025647
    -0.088726     2.020124
    -0.087051     2.014686
    -0.085377     2.009335
    -0.083703     2.004071
    -0.082029     1.998895
    -0.080355     1.993810
    -0.078681     1.988815
    -0.077007     1.983913
    -0.075333     1.979103
    -0.073659     1.974388
    -0.071985     1.969767
    -0.070311     1.965243
    -0.068637     1.960816
    -0.066963     1.956486
    -0.065289     1.952256
    -0.063615     1.948125
    -0.061940     1.944094
    -0.060266     1.940164
    -0.058592     1.936337
    -0.056918     1.932611
    -0.055244     1.928989
    -0.053570     1.925471
    -0.051896     1.922058
    -0.050222     1.918749
    -0.048548     1.915546
    -0.046874     1.912449
    -0.045200     1.909459
    -0.043526     1.906575
    -0.041852     1.903799
    -0.040178     1.901130
    -0.038504     1.898570
    -0.036829     1.896118
    -0.035155     1.893774
    -0.033481     1.891540
    -0.031807     1.889414
    -0.030133     1.887398
    -0.028459     1.885491
    -0.026785     1.883694
    -0.025111     1.882006
    -0.023437     1.880428
    -0.021763     1.878960
    -0.020089     1.877601
    -0.018415     1.876351
    -0.016741     1.875210
    -0.015067     1.874178
    -0.013393     1.873255
    -0.011718     1.872440
    -0.010044     1.871733
    -0.008370     1.871134
    -0.006696     1.870643
    -0.005022     1.870260
    -0.003348     1.869985
    -0.001674     1.869821
     0.000000     1.869768
     0.001674     1.869827
     0.003348     1.869995
     0.005022     1.870271
     0.006696     1.870656
     0.008370     1.871148
     0.010044     1.871749
     0.011718     1.872457
     0.013393     1.873273
     0.015067     1.874197
     0.016741     1.875230
     0.018415     1.876371
     0.020089     1.877622
     0.021763     1.878981
     0.023437     1.880450
     0.025111     1.882028
     0.026785     1.883715
     0.028459     1.885512
     0.030133     1.887418
     0.031807     1.889434
     0.033481     1.891559
     0.035155     1.893793
     0.036829     1.896136
     0.038504     1.898587
     0.040178     1.901147
     0.041852     1.903815
     0.043526     1.906591
     0.045200     1.909474
     0.046874     1.912464
     0.048548     1.915560
     0.050222     1.918763
     0.051896     1.922071
     0.053570     1.925484
     0.055244     1.929002
     0.056918     1.932623
     0.058592     1.936348
     0.060266     1.940175
     0.061940     1.944105
     0.063615     1.948135
     0.065289     1.952266
     0.066963     1.956496
     0.068637     1.960825
     0.070311     1.965252
     0.071985     1.969776
     0.073659     1.974396
     0.075333     1.979111
     0.077007     1.983920
     0.078681     1.988823
     0.080355     1.993817
     0.082029     1.998902
     0.083703     2.004078
     0.085377     2.009341
     0.087051     2.014693
     0.088726     2.020130
     0.090400     2.025653
     0.092074     2.031260
     0.093748     2.036949
     0.095422     2.042720
     0.097096     2.048570
     0.098770     2.054499
     0.100444     2.060506
     0.102118     2.066588
     0.103792     2.072745
     0.105466     2.078975
     0.107140     2.085277
     0.108814     2.091649
     0.110488     2.098090
     0.112163     2.104598
     0.113837     2.111171
     0.115511     2.117809
     0.117185     2.124510
     0.118859     2.131272
     0.120533     2.138094
     0.122207     2.144973
     0.123881     2.151909
     0.125555     2.158900
     0.127229     2.165945
     0.128903     2.173041
     0.130577     2.180187
     0.132251     2.187382
     0.133925     2.194624
     0.135599     2.201911
     0.137274     2.209241
     0.138948     2.216614
     0.140622     2.224027
     0.142296     2.231479
     0.143970     2.238968
     0.145644     2.246492
     0.147318     2.254050
     0.148992     2.261640
     0.150666     2.269261
     0.152340     2.276910
     0.154014     2.284586
     0.155688     2.292288
     0.157362     2.300014
     0.159036     2.307761
     0.160710     2.315529
     0.162385     2.323316
     0.164059     2.331119
     0.165733     2.338938
     0.167407     2.346771


