    -0.167407    -4.009107
    -0.165733    -4.009641
    -0.164059    -4.010173
    -0.162385    -4.010702
    -0.160710    -4.011228
    -0.159036    -4.011752
    -0.157362    -4.012272
    -0.155688    -4.012789
    -0.154014    -4.013302
    -0.152340    -4.013812
    -0.150666    -4.014318
    -0.148992    -4.014820
    -0.147318    -4.015318
    -0.145644    -4.015811
    -0.143970    -4.016300
    -0.142296    -4.016785
    -0.140622    -4.017264
    -0.138948    -4.017739
    -0.137274    -4.018209
    -0.135599    -4.018673
    -0.133925    -4.019132
    -0.132251    -4.019586
    -0.130577    -4.020033
    -0.128903    -4.020476
    -0.127229    -4.020912
    -0.125555    -4.021342
    -0.123881    -4.021766
    -0.122207    -4.022183
    -0.120533    -4.022595
    -0.118859    -4.022999
    -0.117185    -4.023397
    -0.115511    -4.023789
    -0.113837    -4.024173
    -0.112163    -4.024550
    -0.110488    -4.024920
    -0.108814    -4.025283
    -0.107140    -4.025639
    -0.105466    -4.025987
    -0.103792    -4.026328
    -0.102118    -4.026661
    -0.100444    -4.026986
    -0.098770    -4.027303
    -0.097096    -4.027612
    -0.095422    -4.027914
    -0.093748    -4.028207
    -0.092074    -4.028491
    -0.090400    -4.028768
    -0.088726    -4.029036
    -0.087051    -4.029296
    -0.085377    -4.029547
    -0.083703    -4.029789
    -0.082029    -4.030022
    -0.080355    -4.030247
    -0.078681    -4.030463
    -0.077007    -4.030670
    -0.075333    -4.030867
    -0.073659    -4.031056
    -0.071985    -4.031235
    -0.070311    -4.031405
    -0.068637    -4.031566
    -0.066963    -4.031717
    -0.065289    -4.031859
    -0.063615    -4.031992
    -0.061940    -4.032114
    -0.060266    -4.032227
    -0.058592    -4.032330
    -0.056918    -4.032424
    -0.055244    -4.032507
    -0.053570    -4.032581
    -0.051896    -4.032645
    -0.050222    -4.032698
    -0.048548    -4.032742
    -0.046874    -4.032776
    -0.045200    -4.032799
    -0.043526    -4.032812
    -0.041852    -4.032815
    -0.040178    -4.032808
    -0.038504    -4.032790
    -0.036829    -4.032762
    -0.035155    -4.032723
    -0.033481    -4.032674
    -0.031807    -4.032615
    -0.030133    -4.032544
    -0.028459    -4.032464
    -0.026785    -4.032373
    -0.025111    -4.032271
    -0.023437    -4.032158
    -0.021763    -4.032035
    -0.020089    -4.031901
    -0.018415    -4.031756
    -0.016741    -4.031600
    -0.015067    -4.031434
    -0.013393    -4.031257
    -0.011718    -4.031068
    -0.010044    -4.030869
    -0.008370    -4.030659
    -0.006696    -4.030439
    -0.005022    -4.030207
    -0.003348    -4.029964
    -0.001674    -4.029710
     0.000000    -4.029452
     0.001674    -4.029715
     0.003348    -4.029969
     0.005022    -4.030212
     0.006696    -4.030444
     0.008370    -4.030665
     0.010044    -4.030875
     0.011718    -4.031074
     0.013393    -4.031262
     0.015067    -4.031440
     0.016741    -4.031606
     0.018415    -4.031762
     0.020089    -4.031907
     0.021763    -4.032041
     0.023437    -4.032164
     0.025111    -4.032277
     0.026785    -4.032379
     0.028459    -4.032470
     0.030133    -4.032551
     0.031807    -4.032621
     0.033481    -4.032680
     0.035155    -4.032729
     0.036829    -4.032768
     0.038504    -4.032796
     0.040178    -4.032814
     0.041852    -4.032821
     0.043526    -4.032818
     0.045200    -4.032805
     0.046874    -4.032781
     0.048548    -4.032748
     0.050222    -4.032704
     0.051896    -4.032650
     0.053570    -4.032586
     0.055244    -4.032512
     0.056918    -4.032429
     0.058592    -4.032335
     0.060266    -4.032232
     0.061940    -4.032118
     0.063615    -4.031996
     0.065289    -4.031863
     0.066963    -4.031721
     0.068637    -4.031569
     0.070311    -4.031409
     0.071985    -4.031238
     0.073659    -4.031059
     0.075333    -4.030870
     0.077007    -4.030672
     0.078681    -4.030465
     0.080355    -4.030249
     0.082029    -4.030024
     0.083703    -4.029790
     0.085377    -4.029547
     0.087051    -4.029296
     0.088726    -4.029036
     0.090400    -4.028767
     0.092074    -4.028491
     0.093748    -4.028205
     0.095422    -4.027912
     0.097096    -4.027610
     0.098770    -4.027301
     0.100444    -4.026983
     0.102118    -4.026657
     0.103792    -4.026324
     0.105466    -4.025983
     0.107140    -4.025635
     0.108814    -4.025279
     0.110488    -4.024915
     0.112163    -4.024545
     0.113837    -4.024167
     0.115511    -4.023782
     0.117185    -4.023391
     0.118859    -4.022992
     0.120533    -4.022587
     0.122207    -4.022176
     0.123881    -4.021758
     0.125555    -4.021333
     0.127229    -4.020903
     0.128903    -4.020466
     0.130577    -4.020024
     0.132251    -4.019575
     0.133925    -4.019121
     0.135599    -4.018662
     0.137274    -4.018197
     0.138948    -4.017727
     0.140622    -4.017252
     0.142296    -4.016772
     0.143970    -4.016287
     0.145644    -4.015798
     0.147318    -4.015304
     0.148992    -4.014806
     0.150666    -4.014304
     0.152340    -4.013797
     0.154014    -4.013287
     0.155688    -4.012774
     0.157362    -4.012256
     0.159036    -4.011736
     0.160710    -4.011212
     0.162385    -4.010686
     0.164059    -4.010156
     0.165733    -4.009624
     0.167407    -4.009090


    -0.167407    -3.948917
    -0.165733    -3.950197
    -0.164059    -3.951469
    -0.162385    -3.952733
    -0.160710    -3.953989
    -0.159036    -3.955237
    -0.157362    -3.956478
    -0.155688    -3.957710
    -0.154014    -3.958934
    -0.152340    -3.960150
    -0.150666    -3.961358
    -0.148992    -3.962557
    -0.147318    -3.963748
    -0.145644    -3.964930
    -0.143970    -3.966104
    -0.142296    -3.967269
    -0.140622    -3.968425
    -0.138948    -3.969572
    -0.137274    -3.970711
    -0.135599    -3.971841
    -0.133925    -3.972961
    -0.132251    -3.974073
    -0.130577    -3.975175
    -0.128903    -3.976268
    -0.127229    -3.977352
    -0.125555    -3.978426
    -0.123881    -3.979491
    -0.122207    -3.980547
    -0.120533    -3.981593
    -0.118859    -3.982630
    -0.117185    -3.983657
    -0.115511    -3.984674
    -0.113837    -3.985682
    -0.112163    -3.986680
    -0.110488    -3.987668
    -0.108814    -3.988646
    -0.107140    -3.989614
    -0.105466    -3.990572
    -0.103792    -3.991520
    -0.102118    -3.992458
    -0.100444    -3.993386
    -0.098770    -3.994304
    -0.097096    -3.995212
    -0.095422    -3.996109
    -0.093748    -3.996996
    -0.092074    -3.997873
    -0.090400    -3.998740
    -0.088726    -3.999596
    -0.087051    -4.000441
    -0.085377    -4.001276
    -0.083703    -4.002101
    -0.082029    -4.002915
    -0.080355    -4.003719
    -0.078681    -4.004512
    -0.077007    -4.005294
    -0.075333    -4.006066
    -0.073659    -4.006827
    -0.071985    -4.007577
    -0.070311    -4.008316
    -0.068637    -4.009045
    -0.066963    -4.009763
    -0.065289    -4.010470
    -0.063615    -4.011166
    -0.061940    -4.011852
    -0.060266    -4.012526
    -0.058592    -4.013190
    -0.056918    -4.013842
    -0.055244    -4.014484
    -0.053570    -4.015115
    -0.051896    -4.015734
    -0.050222    -4.016343
    -0.048548    -4.016941
    -0.046874    -4.017528
    -0.045200    -4.018103
    -0.043526    -4.018668
    -0.041852    -4.019222
    -0.040178    -4.019764
    -0.038504    -4.020295
    -0.036829    -4.020816
    -0.035155    -4.021325
    -0.033481    -4.021823
    -0.031807    -4.022310
    -0.030133    -4.022786
    -0.028459    -4.023250
    -0.026785    -4.023704
    -0.025111    -4.024147
    -0.023437    -4.024578
    -0.021763    -4.024998
    -0.020089    -4.025407
    -0.018415    -4.025805
    -0.016741    -4.026192
    -0.015067    -4.026568
    -0.013393    -4.026932
    -0.011718    -4.027286
    -0.010044    -4.027628
    -0.008370    -4.027960
    -0.006696    -4.028280
    -0.005022    -4.028589
    -0.003348    -4.028887
    -0.001674    -4.029174
     0.000000    -4.029444
     0.001674    -4.029170
     0.003348    -4.028883
     0.005022    -4.028585
     0.006696    -4.028276
     0.008370    -4.027956
     0.010044    -4.027625
     0.011718    -4.027283
     0.013393    -4.026929
     0.015067    -4.026565
     0.016741    -4.026189
     0.018415    -4.025803
     0.020089    -4.025405
     0.021763    -4.024996
     0.023437    -4.024576
     0.025111    -4.024145
     0.026785    -4.023703
     0.028459    -4.023249
     0.030133    -4.022785
     0.031807    -4.022309
     0.033481    -4.021823
     0.035155    -4.021325
     0.036829    -4.020816
     0.038504    -4.020296
     0.040178    -4.019764
     0.041852    -4.019222
     0.043526    -4.018669
     0.045200    -4.018105
     0.046874    -4.017529
     0.048548    -4.016943
     0.050222    -4.016345
     0.051896    -4.015736
     0.053570    -4.015117
     0.055244    -4.014486
     0.056918    -4.013845
     0.058592    -4.013192
     0.060266    -4.012529
     0.061940    -4.011855
     0.063615    -4.011170
     0.065289    -4.010473
     0.066963    -4.009767
     0.068637    -4.009049
     0.070311    -4.008320
     0.071985    -4.007581
     0.073659    -4.006831
     0.075333    -4.006070
     0.077007    -4.005298
     0.078681    -4.004516
     0.080355    -4.003723
     0.082029    -4.002920
     0.083703    -4.002106
     0.085377    -4.001281
     0.087051    -4.000446
     0.088726    -3.999601
     0.090400    -3.998745
     0.092074    -3.997878
     0.093748    -3.997002
     0.095422    -3.996115
     0.097096    -3.995217
     0.098770    -3.994310
     0.100444    -3.993392
     0.102118    -3.992464
     0.103792    -3.991526
     0.105466    -3.990577
     0.107140    -3.989619
     0.108814    -3.988651
     0.110488    -3.987673
     0.112163    -3.986685
     0.113837    -3.985687
     0.115511    -3.984679
     0.117185    -3.983662
     0.118859    -3.982635
     0.120533    -3.981598
     0.122207    -3.980552
     0.123881    -3.979496
     0.125555    -3.978431
     0.127229    -3.977357
     0.128903    -3.976273
     0.130577    -3.975179
     0.132251    -3.974077
     0.133925    -3.972965
     0.135599    -3.971845
     0.137274    -3.970715
     0.138948    -3.969576
     0.140622    -3.968429
     0.142296    -3.967272
     0.143970    -3.966107
     0.145644    -3.964933
     0.147318    -3.963751
     0.148992    -3.962560
     0.150666    -3.961361
     0.152340    -3.960153
     0.154014    -3.958937
     0.155688    -3.957712
     0.157362    -3.956480
     0.159036    -3.955239
     0.160710    -3.953991
     0.162385    -3.952734
     0.164059    -3.951470
     0.165733    -3.950198
     0.167407    -3.948918


    -0.167407    -2.485025
    -0.165733    -2.481028
    -0.164059    -2.477140
    -0.162385    -2.473357
    -0.160710    -2.469673
    -0.159036    -2.466085
    -0.157362    -2.462588
    -0.155688    -2.459180
    -0.154014    -2.455856
    -0.152340    -2.452613
    -0.150666    -2.449448
    -0.148992    -2.446357
    -0.147318    -2.443338
    -0.145644    -2.440387
    -0.143970    -2.437503
    -0.142296    -2.434683
    -0.140622    -2.431924
    -0.138948    -2.429223
    -0.137274    -2.426580
    -0.135599    -2.423992
    -0.133925    -2.421457
    -0.132251    -2.418974
    -0.130577    -2.416540
    -0.128903    -2.414155
    -0.127229    -2.411816
    -0.125555    -2.409523
    -0.123881    -2.407274
    -0.122207    -2.405067
    -0.120533    -2.402903
    -0.118859    -2.400779
    -0.117185    -2.398695
    -0.115511    -2.396650
    -0.113837    -2.394643
    -0.112163    -2.392673
    -0.110488    -2.390739
    -0.108814    -2.388841
    -0.107140    -2.386978
    -0.105466    -2.385149
    -0.103792    -2.383354
    -0.102118    -2.381592
    -0.100444    -2.379863
    -0.098770    -2.378165
    -0.097096    -2.376500
    -0.095422    -2.374865
    -0.093748    -2.373262
    -0.092074    -2.371688
    -0.090400    -2.370145
    -0.088726    -2.368632
    -0.087051    -2.367148
    -0.085377    -2.365693
    -0.083703    -2.364267
    -0.082029    -2.362869
    -0.080355    -2.361500
    -0.078681    -2.360159
    -0.077007    -2.358846
    -0.075333    -2.357561
    -0.073659    -2.356303
    -0.071985    -2.355073
    -0.070311    -2.353870
    -0.068637    -2.352694
    -0.066963    -2.351545
    -0.065289    -2.350423
    -0.063615    -2.349327
    -0.061940    -2.348258
    -0.060266    -2.347215
    -0.058592    -2.346199
    -0.056918    -2.345209
    -0.055244    -2.344246
    -0.053570    -2.343308
    -0.051896    -2.342397
    -0.050222    -2.341511
    -0.048548    -2.340652
    -0.046874    -2.339818
    -0.045200    -2.339010
    -0.043526    -2.338228
    -0.041852    -2.337472
    -0.040178    -2.336742
    -0.038504    -2.336037
    -0.036829    -2.335358
    -0.035155    -2.334704
    -0.033481    -2.334076
    -0.031807    -2.333473
    -0.030133    -2.332896
    -0.028459    -2.332345
    -0.026785    -2.331819
    -0.025111    -2.331318
    -0.023437    -2.330843
    -0.021763    -2.330393
    -0.020089    -2.329968
    -0.018415    -2.329569
    -0.016741    -2.329195
    -0.015067    -2.328847
    -0.013393    -2.328523
    -0.011718    -2.328225
    -0.010044    -2.327953
    -0.008370    -2.327705
    -0.006696    -2.327483
    -0.005022    -2.327286
    -0.003348    -2.327114
    -0.001674    -2.326967
     0.000000    -2.326860
     0.001674    -2.326980
     0.003348    -2.327127
     0.005022    -2.327299
     0.006696    -2.327496
     0.008370    -2.327719
     0.010044    -2.327966
     0.011718    -2.328239
     0.013393    -2.328537
     0.015067    -2.328860
     0.016741    -2.329209
     0.018415    -2.329583
     0.020089    -2.329982
     0.021763    -2.330407
     0.023437    -2.330857
     0.025111    -2.331332
     0.026785    -2.331833
     0.028459    -2.332359
     0.030133    -2.332910
     0.031807    -2.333487
     0.033481    -2.334090
     0.035155    -2.334718
     0.036829    -2.335371
     0.038504    -2.336051
     0.040178    -2.336755
     0.041852    -2.337486
     0.043526    -2.338242
     0.045200    -2.339024
     0.046874    -2.339832
     0.048548    -2.340665
     0.050222    -2.341524
     0.051896    -2.342410
     0.053570    -2.343321
     0.055244    -2.344258
     0.056918    -2.345222
     0.058592    -2.346212
     0.060266    -2.347228
     0.061940    -2.348270
     0.063615    -2.349339
     0.065289    -2.350434
     0.066963    -2.351557
     0.068637    -2.352706
     0.070311    -2.353881
     0.071985    -2.355084
     0.073659    -2.356315
     0.075333    -2.357572
     0.077007    -2.358857
     0.078681    -2.360170
     0.080355    -2.361511
     0.082029    -2.362880
     0.083703    -2.364277
     0.085377    -2.365703
     0.087051    -2.367158
     0.088726    -2.368642
     0.090400    -2.370155
     0.092074    -2.371698
     0.093748    -2.373271
     0.095422    -2.374874
     0.097096    -2.376509
     0.098770    -2.378174
     0.100444    -2.379871
     0.102118    -2.381601
     0.103792    -2.383363
     0.105466    -2.385158
     0.107140    -2.386986
     0.108814    -2.388849
     0.110488    -2.390747
     0.112163    -2.392681
     0.113837    -2.394651
     0.115511    -2.396658
     0.117185    -2.398703
     0.118859    -2.400787
     0.120533    -2.402910
     0.122207    -2.405075
     0.123881    -2.407281
     0.125555    -2.409530
     0.127229    -2.411823
     0.128903    -2.414161
     0.130577    -2.416547
     0.132251    -2.418980
     0.133925    -2.421464
     0.135599    -2.423999
     0.137274    -2.426587
     0.138948    -2.429230
     0.140622    -2.431930
     0.142296    -2.434689
     0.143970    -2.437509
     0.145644    -2.440393
     0.147318    -2.443344
     0.148992    -2.446363
     0.150666    -2.449454
     0.152340    -2.452619
     0.154014    -2.455862
     0.155688    -2.459186
     0.157362    -2.462594
     0.159036    -2.466090
     0.160710    -2.469678
     0.162385    -2.473362
     0.164059    -2.477146
     0.165733    -2.481034
     0.167407    -2.485030


    -0.167407    -2.446571
    -0.165733    -2.443283
    -0.164059    -2.440114
    -0.162385    -2.437055
    -0.160710    -2.434099
    -0.159036    -2.431239
    -0.157362    -2.428468
    -0.155688    -2.425781
    -0.154014    -2.423172
    -0.152340    -2.420636
    -0.150666    -2.418169
    -0.148992    -2.415766
    -0.147318    -2.413424
    -0.145644    -2.411140
    -0.143970    -2.408910
    -0.142296    -2.406731
    -0.140622    -2.404601
    -0.138948    -2.402518
    -0.137274    -2.400479
    -0.135599    -2.398482
    -0.133925    -2.396526
    -0.132251    -2.394608
    -0.130577    -2.392729
    -0.128903    -2.390885
    -0.127229    -2.389076
    -0.125555    -2.387300
    -0.123881    -2.385558
    -0.122207    -2.383847
    -0.120533    -2.382167
    -0.118859    -2.380517
    -0.117185    -2.378896
    -0.115511    -2.377304
    -0.113837    -2.375741
    -0.112163    -2.374205
    -0.110488    -2.372696
    -0.108814    -2.371214
    -0.107140    -2.369758
    -0.105466    -2.368329
    -0.103792    -2.366924
    -0.102118    -2.365546
    -0.100444    -2.364192
    -0.098770    -2.362863
    -0.097096    -2.361559
    -0.095422    -2.360280
    -0.093748    -2.359025
    -0.092074    -2.357793
    -0.090400    -2.356586
    -0.088726    -2.355403
    -0.087051    -2.354244
    -0.085377    -2.353109
    -0.083703    -2.351997
    -0.082029    -2.350909
    -0.080355    -2.349844
    -0.078681    -2.348803
    -0.077007    -2.347786
    -0.075333    -2.346792
    -0.073659    -2.345822
    -0.071985    -2.344875
    -0.070311    -2.343952
    -0.068637    -2.343052
    -0.066963    -2.342176
    -0.065289    -2.341323
    -0.063615    -2.340494
    -0.061940    -2.339689
    -0.060266    -2.338907
    -0.058592    -2.338149
    -0.056918    -2.337414
    -0.055244    -2.336704
    -0.053570    -2.336017
    -0.051896    -2.335354
    -0.050222    -2.334715
    -0.048548    -2.334099
    -0.046874    -2.333508
    -0.045200    -2.332941
    -0.043526    -2.332397
    -0.041852    -2.331878
    -0.040178    -2.331383
    -0.038504    -2.330912
    -0.036829    -2.330466
    -0.035155    -2.330043
    -0.033481    -2.329645
    -0.031807    -2.329272
    -0.030133    -2.328923
    -0.028459    -2.328598
    -0.026785    -2.328298
    -0.025111    -2.328022
    -0.023437    -2.327771
    -0.021763    -2.327544
    -0.020089    -2.327343
    -0.018415    -2.327166
    -0.016741    -2.327013
    -0.015067    -2.326886
    -0.013393    -2.326783
    -0.011718    -2.326705
    -0.010044    -2.326652
    -0.008370    -2.326624
    -0.006696    -2.326621
    -0.005022    -2.326642
    -0.003348    -2.326689
    -0.001674    -2.326761
     0.000000    -2.326843
     0.001674    -2.326748
     0.003348    -2.326677
     0.005022    -2.326630
     0.006696    -2.326609
     0.008370    -2.326612
     0.010044    -2.326640
     0.011718    -2.326694
     0.013393    -2.326772
     0.015067    -2.326875
     0.016741    -2.327003
     0.018415    -2.327155
     0.020089    -2.327333
     0.021763    -2.327535
     0.023437    -2.327762
     0.025111    -2.328013
     0.026785    -2.328289
     0.028459    -2.328590
     0.030133    -2.328915
     0.031807    -2.329264
     0.033481    -2.329638
     0.035155    -2.330037
     0.036829    -2.330459
     0.038504    -2.330906
     0.040178    -2.331377
     0.041852    -2.331873
     0.043526    -2.332392
     0.045200    -2.332936
     0.046874    -2.333504
     0.048548    -2.334096
     0.050222    -2.334711
     0.051896    -2.335351
     0.053570    -2.336014
     0.055244    -2.336702
     0.056918    -2.337413
     0.058592    -2.338148
     0.060266    -2.338906
     0.061940    -2.339689
     0.063615    -2.340495
     0.065289    -2.341324
     0.066963    -2.342177
     0.068637    -2.343054
     0.070311    -2.343954
     0.071985    -2.344878
     0.073659    -2.345825
     0.075333    -2.346796
     0.077007    -2.347790
     0.078681    -2.348808
     0.080355    -2.349849
     0.082029    -2.350914
     0.083703    -2.352003
     0.085377    -2.353115
     0.087051    -2.354251
     0.088726    -2.355411
     0.090400    -2.356594
     0.092074    -2.357801
     0.093748    -2.359033
     0.095422    -2.360289
     0.097096    -2.361569
     0.098770    -2.362873
     0.100444    -2.364202
     0.102118    -2.365556
     0.103792    -2.366935
     0.105466    -2.368340
     0.107140    -2.369770
     0.108814    -2.371226
     0.110488    -2.372708
     0.112163    -2.374217
     0.113837    -2.375754
     0.115511    -2.377317
     0.117185    -2.378909
     0.118859    -2.380530
     0.120533    -2.382180
     0.122207    -2.383861
     0.123881    -2.385572
     0.125555    -2.387315
     0.127229    -2.389090
     0.128903    -2.390900
     0.130577    -2.392744
     0.132251    -2.394624
     0.133925    -2.396541
     0.135599    -2.398498
     0.137274    -2.400494
     0.138948    -2.402534
     0.140622    -2.404617
     0.142296    -2.406747
     0.143970    -2.408926
     0.145644    -2.411156
     0.147318    -2.413441
     0.148992    -2.415782
     0.150666    -2.418185
     0.152340    -2.420652
     0.154014    -2.423188
     0.155688    -2.425797
     0.157362    -2.428484
     0.159036    -2.431255
     0.160710    -2.434115
     0.162385    -2.437071
     0.164059    -2.440129
     0.165733    -2.443298
     0.167407    -2.446586


    -0.167407    -2.208893
    -0.165733    -2.199918
    -0.164059    -2.190887
    -0.162385    -2.181807
    -0.160710    -2.172690
    -0.159036    -2.163543
    -0.157362    -2.154376
    -0.155688    -2.145195
    -0.154014    -2.136009
    -0.152340    -2.126823
    -0.150666    -2.117646
    -0.148992    -2.108482
    -0.147318    -2.099337
    -0.145644    -2.090217
    -0.143970    -2.081127
    -0.142296    -2.072072
    -0.140622    -2.063055
    -0.138948    -2.054083
    -0.137274    -2.045157
    -0.135599    -2.036284
    -0.133925    -2.027465
    -0.132251    -2.018705
    -0.130577    -2.010008
    -0.128903    -2.001375
    -0.127229    -1.992811
    -0.125555    -1.984318
    -0.123881    -1.975900
    -0.122207    -1.967558
    -0.120533    -1.959295
    -0.118859    -1.951115
    -0.117185    -1.943018
    -0.115511    -1.935009
    -0.113837    -1.927087
    -0.112163    -1.919257
    -0.110488    -1.911519
    -0.108814    -1.903875
    -0.107140    -1.896328
    -0.105466    -1.888879
    -0.103792    -1.881529
    -0.102118    -1.874280
    -0.100444    -1.867134
    -0.098770    -1.860091
    -0.097096    -1.853154
    -0.095422    -1.846322
    -0.093748    -1.839598
    -0.092074    -1.832982
    -0.090400    -1.826475
    -0.088726    -1.820078
    -0.087051    -1.813792
    -0.085377    -1.807617
    -0.083703    -1.801554
    -0.082029    -1.795603
    -0.080355    -1.789765
    -0.078681    -1.784041
    -0.077007    -1.778430
    -0.075333    -1.772933
    -0.073659    -1.767550
    -0.071985    -1.762281
    -0.070311    -1.757126
    -0.068637    -1.752086
    -0.066963    -1.747160
    -0.065289    -1.742348
    -0.063615    -1.737650
    -0.061940    -1.733066
    -0.060266    -1.728596
    -0.058592    -1.724240
    -0.056918    -1.719997
    -0.055244    -1.715868
    -0.053570    -1.711852
    -0.051896    -1.707948
    -0.050222    -1.704157
    -0.048548    -1.700479
    -0.046874    -1.696914
    -0.045200    -1.693461
    -0.043526    -1.690120
    -0.041852    -1.686891
    -0.040178    -1.683775
    -0.038504    -1.680772
    -0.036829    -1.677882
    -0.035155    -1.675105
    -0.033481    -1.672441
    -0.031807    -1.669892
    -0.030133    -1.667458
    -0.028459    -1.665139
    -0.026785    -1.662936
    -0.025111    -1.660851
    -0.023437    -1.658884
    -0.021763    -1.657038
    -0.020089    -1.655313
    -0.018415    -1.653711
    -0.016741    -1.652235
    -0.015067    -1.650888
    -0.013393    -1.649671
    -0.011718    -1.648587
    -0.010044    -1.647640
    -0.008370    -1.646830
    -0.006696    -1.646162
    -0.005022    -1.645637
    -0.003348    -1.645258
    -0.001674    -1.645025
     0.000000    -1.644941
     0.001674    -1.645016
     0.003348    -1.645247
     0.005022    -1.645627
     0.006696    -1.646152
     0.008370    -1.646820
     0.010044    -1.647629
     0.011718    -1.648577
     0.013393    -1.649661
     0.015067    -1.650878
     0.016741    -1.652226
     0.018415    -1.653702
     0.020089    -1.655304
     0.021763    -1.657030
     0.023437    -1.658877
     0.025111    -1.660845
     0.026785    -1.662931
     0.028459    -1.665134
     0.030133    -1.667453
     0.031807    -1.669888
     0.033481    -1.672437
     0.035155    -1.675101
     0.036829    -1.677878
     0.038504    -1.680768
     0.040178    -1.683772
     0.041852    -1.686887
     0.043526    -1.690115
     0.045200    -1.693456
     0.046874    -1.696909
     0.048548    -1.700474
     0.050222    -1.704151
     0.051896    -1.707942
     0.053570    -1.711845
     0.055244    -1.715860
     0.056918    -1.719989
     0.058592    -1.724232
     0.060266    -1.728587
     0.061940    -1.733057
     0.063615    -1.737640
     0.065289    -1.742337
     0.066963    -1.747149
     0.068637    -1.752074
     0.070311    -1.757114
     0.071985    -1.762268
     0.073659    -1.767537
     0.075333    -1.772919
     0.077007    -1.778416
     0.078681    -1.784026
     0.080355    -1.789750
     0.082029    -1.795588
     0.083703    -1.801538
     0.085377    -1.807601
     0.087051    -1.813776
     0.088726    -1.820062
     0.090400    -1.826458
     0.092074    -1.832965
     0.093748    -1.839581
     0.095422    -1.846304
     0.097096    -1.853136
     0.098770    -1.860073
     0.100444    -1.867115
     0.102118    -1.874261
     0.103792    -1.881510
     0.105466    -1.888859
     0.107140    -1.896308
     0.108814    -1.903855
     0.110488    -1.911499
     0.112163    -1.919236
     0.113837    -1.927067
     0.115511    -1.934988
     0.117185    -1.942998
     0.118859    -1.951094
     0.120533    -1.959274
     0.122207    -1.967537
     0.123881    -1.975879
     0.125555    -1.984297
     0.127229    -1.992790
     0.128903    -2.001354
     0.130577    -2.009986
     0.132251    -2.018684
     0.133925    -2.027444
     0.135599    -2.036263
     0.137274    -2.045136
     0.138948    -2.054062
     0.140622    -2.063034
     0.142296    -2.072051
     0.143970    -2.081106
     0.145644    -2.090196
     0.147318    -2.099317
     0.148992    -2.108461
     0.150666    -2.117625
     0.152340    -2.126803
     0.154014    -2.135989
     0.155688    -2.145175
     0.157362    -2.154356
     0.159036    -2.163524
     0.160710    -2.172671
     0.162385    -2.181789
     0.164059    -2.190868
     0.165733    -2.199900
     0.167407    -2.208875


    -0.167407    -2.160185
    -0.165733    -2.151996
    -0.164059    -2.143777
    -0.162385    -2.135535
    -0.160710    -2.127274
    -0.159036    -2.119001
    -0.157362    -2.110722
    -0.155688    -2.102440
    -0.154014    -2.094162
    -0.152340    -2.085892
    -0.150666    -2.077635
    -0.148992    -2.069396
    -0.147318    -2.061178
    -0.145644    -2.052987
    -0.143970    -2.044826
    -0.142296    -2.036698
    -0.140622    -2.028608
    -0.138948    -2.020559
    -0.137274    -2.012554
    -0.135599    -2.004597
    -0.133925    -1.996690
    -0.132251    -1.988836
    -0.130577    -1.981039
    -0.128903    -1.973301
    -0.127229    -1.965623
    -0.125555    -1.958010
    -0.123881    -1.950462
    -0.122207    -1.942983
    -0.120533    -1.935573
    -0.118859    -1.928236
    -0.117185    -1.920972
    -0.115511    -1.913784
    -0.113837    -1.906673
    -0.112163    -1.899641
    -0.110488    -1.892689
    -0.108814    -1.885818
    -0.107140    -1.879030
    -0.105466    -1.872326
    -0.103792    -1.865707
    -0.102118    -1.859174
    -0.100444    -1.852728
    -0.098770    -1.846370
    -0.097096    -1.840100
    -0.095422    -1.833921
    -0.093748    -1.827831
    -0.092074    -1.821833
    -0.090400    -1.815926
    -0.088726    -1.810111
    -0.087051    -1.804389
    -0.085377    -1.798760
    -0.083703    -1.793225
    -0.082029    -1.787783
    -0.080355    -1.782436
    -0.078681    -1.777183
    -0.077007    -1.772025
    -0.075333    -1.766962
    -0.073659    -1.761995
    -0.071985    -1.757123
    -0.070311    -1.752347
    -0.068637    -1.747667
    -0.066963    -1.743084
    -0.065289    -1.738596
    -0.063615    -1.734205
    -0.061940    -1.729911
    -0.060266    -1.725714
    -0.058592    -1.721614
    -0.056918    -1.717610
    -0.055244    -1.713705
    -0.053570    -1.709897
    -0.051896    -1.706186
    -0.050222    -1.702574
    -0.048548    -1.699060
    -0.046874    -1.695645
    -0.045200    -1.692329
    -0.043526    -1.689113
    -0.041852    -1.685997
    -0.040178    -1.682982
    -0.038504    -1.680068
    -0.036829    -1.677256
    -0.035155    -1.674547
    -0.033481    -1.671943
    -0.031807    -1.669444
    -0.030133    -1.667052
    -0.028459    -1.664769
    -0.026785    -1.662597
    -0.025111    -1.660537
    -0.023437    -1.658593
    -0.021763    -1.656766
    -0.020089    -1.655058
    -0.018415    -1.653474
    -0.016741    -1.652015
    -0.015067    -1.650685
    -0.013393    -1.649486
    -0.011718    -1.648421
    -0.010044    -1.647492
    -0.008370    -1.646704
    -0.006696    -1.646057
    -0.005022    -1.645554
    -0.003348    -1.645197
    -0.001674    -1.644987
     0.000000    -1.644922
     0.001674    -1.644995
     0.003348    -1.645206
     0.005022    -1.645563
     0.006696    -1.646065
     0.008370    -1.646712
     0.010044    -1.647499
     0.011718    -1.648427
     0.013393    -1.649491
     0.015067    -1.650689
     0.016741    -1.652019
     0.018415    -1.653476
     0.020089    -1.655060
     0.021763    -1.656766
     0.023437    -1.658592
     0.025111    -1.660535
     0.026785    -1.662594
     0.028459    -1.664765
     0.030133    -1.667047
     0.031807    -1.669438
     0.033481    -1.671935
     0.035155    -1.674539
     0.036829    -1.677247
     0.038504    -1.680058
     0.040178    -1.682972
     0.041852    -1.685987
     0.043526    -1.689103
     0.045200    -1.692319
     0.046874    -1.695635
     0.048548    -1.699049
     0.050222    -1.702563
     0.051896    -1.706175
     0.053570    -1.709885
     0.055244    -1.713693
     0.056918    -1.717599
     0.058592    -1.721602
     0.060266    -1.725702
     0.061940    -1.729900
     0.063615    -1.734194
     0.065289    -1.738585
     0.066963    -1.743072
     0.068637    -1.747656
     0.070311    -1.752335
     0.071985    -1.757111
     0.073659    -1.761983
     0.075333    -1.766950
     0.077007    -1.772013
     0.078681    -1.777170
     0.080355    -1.782423
     0.082029    -1.787770
     0.083703    -1.793212
     0.085377    -1.798747
     0.087051    -1.804376
     0.088726    -1.810098
     0.090400    -1.815913
     0.092074    -1.821820
     0.093748    -1.827818
     0.095422    -1.833907
     0.097096    -1.840087
     0.098770    -1.846356
     0.100444    -1.852714
     0.102118    -1.859159
     0.103792    -1.865692
     0.105466    -1.872311
     0.107140    -1.879015
     0.108814    -1.885803
     0.110488    -1.892674
     0.112163    -1.899626
     0.113837    -1.906658
     0.115511    -1.913769
     0.117185    -1.920957
     0.118859    -1.928220
     0.120533    -1.935558
     0.122207    -1.942967
     0.123881    -1.950447
     0.125555    -1.957994
     0.127229    -1.965608
     0.128903    -1.973285
     0.130577    -1.981023
     0.132251    -1.988820
     0.133925    -1.996674
     0.135599    -2.004580
     0.137274    -2.012538
     0.138948    -2.020542
     0.140622    -2.028592
     0.142296    -2.036682
     0.143970    -2.044809
     0.145644    -2.052971
     0.147318    -2.061162
     0.148992    -2.069380
     0.150666    -2.077619
     0.152340    -2.085876
     0.154014    -2.094146
     0.155688    -2.102424
     0.157362    -2.110706
     0.159036    -2.118985
     0.160710    -2.127258
     0.162385    -2.135519
     0.164059    -2.143762
     0.165733    -2.151980
     0.167407    -2.160169


    -0.167407    -1.740923
    -0.165733    -1.738195
    -0.164059    -1.735484
    -0.162385    -1.732791
    -0.160710    -1.730116
    -0.159036    -1.727459
    -0.157362    -1.724821
    -0.155688    -1.722201
    -0.154014    -1.719600
    -0.152340    -1.717018
    -0.150666    -1.714456
    -0.148992    -1.711913
    -0.147318    -1.709390
    -0.145644    -1.706888
    -0.143970    -1.704405
    -0.142296    -1.701944
    -0.140622    -1.699503
    -0.138948    -1.697084
    -0.137274    -1.694686
    -0.135599    -1.692310
    -0.133925    -1.689956
    -0.132251    -1.687624
    -0.130577    -1.685315
    -0.128903    -1.683030
    -0.127229    -1.680767
    -0.125555    -1.678528
    -0.123881    -1.676313
    -0.122207    -1.674122
    -0.120533    -1.671956
    -0.118859    -1.669815
    -0.117185    -1.667699
    -0.115511    -1.665608
    -0.113837    -1.663544
    -0.112163    -1.661506
    -0.110488    -1.659494
    -0.108814    -1.657510
    -0.107140    -1.655553
    -0.105466    -1.653623
    -0.103792    -1.651722
    -0.102118    -1.649850
    -0.100444    -1.648006
    -0.098770    -1.646192
    -0.097096    -1.644407
    -0.095422    -1.642653
    -0.093748    -1.640929
    -0.092074    -1.639235
    -0.090400    -1.637574
    -0.088726    -1.635944
    -0.087051    -1.634346
    -0.085377    -1.632781
    -0.083703    -1.631249
    -0.082029    -1.629750
    -0.080355    -1.628286
    -0.078681    -1.626855
    -0.077007    -1.625459
    -0.075333    -1.624099
    -0.073659    -1.622774
    -0.071985    -1.621485
    -0.070311    -1.620232
    -0.068637    -1.619016
    -0.066963    -1.617838
    -0.065289    -1.616697
    -0.063615    -1.615594
    -0.061940    -1.614529
    -0.060266    -1.613502
    -0.058592    -1.612515
    -0.056918    -1.611567
    -0.055244    -1.610658
    -0.053570    -1.609789
    -0.051896    -1.608959
    -0.050222    -1.608170
    -0.048548    -1.607420
    -0.046874    -1.606711
    -0.045200    -1.606042
    -0.043526    -1.605412
    -0.041852    -1.604822
    -0.040178    -1.604271
    -0.038504    -1.603760
    -0.036829    -1.603286
    -0.035155    -1.602851
    -0.033481    -1.602453
    -0.031807    -1.602090
    -0.030133    -1.601763
    -0.028459    -1.601469
    -0.026785    -1.601208
    -0.025111    -1.600977
    -0.023437    -1.600775
    -0.021763    -1.600599
    -0.020089    -1.600448
    -0.018415    -1.600319
    -0.016741    -1.600208
    -0.015067    -1.600115
    -0.013393    -1.600035
    -0.011718    -1.599965
    -0.010044    -1.599904
    -0.008370    -1.599847
    -0.006696    -1.599793
    -0.005022    -1.599738
    -0.003348    -1.599682
    -0.001674    -1.599623
     0.000000    -1.599564
     0.001674    -1.599626
     0.003348    -1.599686
     0.005022    -1.599742
     0.006696    -1.599796
     0.008370    -1.599851
     0.010044    -1.599908
     0.011718    -1.599970
     0.013393    -1.600039
     0.015067    -1.600119
     0.016741    -1.600213
     0.018415    -1.600324
     0.020089    -1.600453
     0.021763    -1.600605
     0.023437    -1.600780
     0.025111    -1.600983
     0.026785    -1.601214
     0.028459    -1.601476
     0.030133    -1.601770
     0.031807    -1.602097
     0.033481    -1.602460
     0.035155    -1.602858
     0.036829    -1.603294
     0.038504    -1.603767
     0.040178    -1.604279
     0.041852    -1.604830
     0.043526    -1.605420
     0.045200    -1.606050
     0.046874    -1.606719
     0.048548    -1.607429
     0.050222    -1.608178
     0.051896    -1.608968
     0.053570    -1.609797
     0.055244    -1.610666
     0.056918    -1.611575
     0.058592    -1.612523
     0.060266    -1.613511
     0.061940    -1.614537
     0.063615    -1.615602
     0.065289    -1.616705
     0.066963    -1.617846
     0.068637    -1.619024
     0.070311    -1.620240
     0.071985    -1.621492
     0.073659    -1.622781
     0.075333    -1.624106
     0.077007    -1.625467
     0.078681    -1.626862
     0.080355    -1.628292
     0.082029    -1.629757
     0.083703    -1.631255
     0.085377    -1.632787
     0.087051    -1.634352
     0.088726    -1.635950
     0.090400    -1.637580
     0.092074    -1.639241
     0.093748    -1.640934
     0.095422    -1.642658
     0.097096    -1.644412
     0.098770    -1.646196
     0.100444    -1.648010
     0.102118    -1.649854
     0.103792    -1.651726
     0.105466    -1.653627
     0.107140    -1.655556
     0.108814    -1.657513
     0.110488    -1.659497
     0.112163    -1.661508
     0.113837    -1.663546
     0.115511    -1.665611
     0.117185    -1.667701
     0.118859    -1.669816
     0.120533    -1.671958
     0.122207    -1.674123
     0.123881    -1.676314
     0.125555    -1.678529
     0.127229    -1.680768
     0.128903    -1.683030
     0.130577    -1.685316
     0.132251    -1.687624
     0.133925    -1.689956
     0.135599    -1.692310
     0.137274    -1.694685
     0.138948    -1.697083
     0.140622    -1.699502
     0.142296    -1.701943
     0.143970    -1.704404
     0.145644    -1.706886
     0.147318    -1.709389
     0.148992    -1.711912
     0.150666    -1.714454
     0.152340    -1.717016
     0.154014    -1.719598
     0.155688    -1.722199
     0.157362    -1.724818
     0.159036    -1.727457
     0.160710    -1.730113
     0.162385    -1.732788
     0.164059    -1.735481
     0.165733    -1.738192
     0.167407    -1.740920


    -0.167407    -1.729502
    -0.165733    -1.726615
    -0.164059    -1.723754
    -0.162385    -1.720922
    -0.160710    -1.718116
    -0.159036    -1.715338
    -0.157362    -1.712589
    -0.155688    -1.709867
    -0.154014    -1.707174
    -0.152340    -1.704509
    -0.150666    -1.701873
    -0.148992    -1.699265
    -0.147318    -1.696687
    -0.145644    -1.694138
    -0.143970    -1.691618
    -0.142296    -1.689128
    -0.140622    -1.686668
    -0.138948    -1.684238
    -0.137274    -1.681838
    -0.135599    -1.679469
    -0.133925    -1.677130
    -0.132251    -1.674822
    -0.130577    -1.672544
    -0.128903    -1.670298
    -0.127229    -1.668084
    -0.125555    -1.665900
    -0.123881    -1.663749
    -0.122207    -1.661629
    -0.120533    -1.659541
    -0.118859    -1.657486
    -0.117185    -1.655463
    -0.115511    -1.653473
    -0.113837    -1.651516
    -0.112163    -1.649591
    -0.110488    -1.647700
    -0.108814    -1.645842
    -0.107140    -1.644018
    -0.105466    -1.642228
    -0.103792    -1.640472
    -0.102118    -1.638749
    -0.100444    -1.637062
    -0.098770    -1.635408
    -0.097096    -1.633790
    -0.095422    -1.632206
    -0.093748    -1.630658
    -0.092074    -1.629145
    -0.090400    -1.627667
    -0.088726    -1.626225
    -0.087051    -1.624819
    -0.085377    -1.623449
    -0.083703    -1.622116
    -0.082029    -1.620818
    -0.080355    -1.619558
    -0.078681    -1.618334
    -0.077007    -1.617147
    -0.075333    -1.615997
    -0.073659    -1.614885
    -0.071985    -1.613810
    -0.070311    -1.612772
    -0.068637    -1.611772
    -0.066963    -1.610810
    -0.065289    -1.609886
    -0.063615    -1.609000
    -0.061940    -1.608152
    -0.060266    -1.607342
    -0.058592    -1.606570
    -0.056918    -1.605837
    -0.055244    -1.605142
    -0.053570    -1.604484
    -0.051896    -1.603865
    -0.050222    -1.603284
    -0.048548    -1.602741
    -0.046874    -1.602236
    -0.045200    -1.601767
    -0.043526    -1.601336
    -0.041852    -1.600942
    -0.040178    -1.600584
    -0.038504    -1.600261
    -0.036829    -1.599973
    -0.035155    -1.599720
    -0.033481    -1.599500
    -0.031807    -1.599313
    -0.030133    -1.599157
    -0.028459    -1.599031
    -0.026785    -1.598934
    -0.025111    -1.598864
    -0.023437    -1.598819
    -0.021763    -1.598797
    -0.020089    -1.598797
    -0.018415    -1.598816
    -0.016741    -1.598851
    -0.015067    -1.598900
    -0.013393    -1.598961
    -0.011718    -1.599030
    -0.010044    -1.599105
    -0.008370    -1.599184
    -0.006696    -1.599264
    -0.005022    -1.599344
    -0.003348    -1.599420
    -0.001674    -1.599493
     0.000000    -1.599556
     0.001674    -1.599490
     0.003348    -1.599417
     0.005022    -1.599340
     0.006696    -1.599260
     0.008370    -1.599180
     0.010044    -1.599101
     0.011718    -1.599025
     0.013393    -1.598955
     0.015067    -1.598894
     0.016741    -1.598845
     0.018415    -1.598809
     0.020089    -1.598790
     0.021763    -1.598790
     0.023437    -1.598811
     0.025111    -1.598856
     0.026785    -1.598926
     0.028459    -1.599023
     0.030133    -1.599148
     0.031807    -1.599304
     0.033481    -1.599491
     0.035155    -1.599710
     0.036829    -1.599963
     0.038504    -1.600250
     0.040178    -1.600572
     0.041852    -1.600930
     0.043526    -1.601325
     0.045200    -1.601755
     0.046874    -1.602223
     0.048548    -1.602729
     0.050222    -1.603272
     0.051896    -1.603852
     0.053570    -1.604471
     0.055244    -1.605128
     0.056918    -1.605823
     0.058592    -1.606557
     0.060266    -1.607328
     0.061940    -1.608138
     0.063615    -1.608986
     0.065289    -1.609872
     0.066963    -1.610796
     0.068637    -1.611758
     0.070311    -1.612758
     0.071985    -1.613795
     0.073659    -1.614870
     0.075333    -1.615983
     0.077007    -1.617132
     0.078681    -1.618319
     0.080355    -1.619543
     0.082029    -1.620804
     0.083703    -1.622101
     0.085377    -1.623435
     0.087051    -1.624805
     0.088726    -1.626211
     0.090400    -1.627653
     0.092074    -1.629130
     0.093748    -1.630643
     0.095422    -1.632192
     0.097096    -1.633776
     0.098770    -1.635394
     0.100444    -1.637048
     0.102118    -1.638736
     0.103792    -1.640458
     0.105466    -1.642214
     0.107140    -1.644005
     0.108814    -1.645829
     0.110488    -1.647687
     0.112163    -1.649578
     0.113837    -1.651503
     0.115511    -1.653461
     0.117185    -1.655451
     0.118859    -1.657474
     0.120533    -1.659530
     0.122207    -1.661617
     0.123881    -1.663737
     0.125555    -1.665889
     0.127229    -1.668073
     0.128903    -1.670288
     0.130577    -1.672534
     0.132251    -1.674811
     0.133925    -1.677120
     0.135599    -1.679459
     0.137274    -1.681829
     0.138948    -1.684229
     0.140622    -1.686660
     0.142296    -1.689120
     0.143970    -1.691610
     0.145644    -1.694130
     0.147318    -1.696679
     0.148992    -1.699258
     0.150666    -1.701866
     0.152340    -1.704502
     0.154014    -1.707167
     0.155688    -1.709861
     0.157362    -1.712583
     0.159036    -1.715333
     0.160710    -1.718111
     0.162385    -1.720917
     0.164059    -1.723750
     0.165733    -1.726611
     0.167407    -1.729498


    -0.167407    -1.332916
    -0.165733    -1.326791
    -0.164059    -1.320616
    -0.162385    -1.314391
    -0.160710    -1.308117
    -0.159036    -1.301792
    -0.157362    -1.295418
    -0.155688    -1.288993
    -0.154014    -1.282519
    -0.152340    -1.275996
    -0.150666    -1.269423
    -0.148992    -1.262802
    -0.147318    -1.256132
    -0.145644    -1.249413
    -0.143970    -1.242646
    -0.142296    -1.235832
    -0.140622    -1.228972
    -0.138948    -1.222065
    -0.137274    -1.215115
    -0.135599    -1.208122
    -0.133925    -1.201097
    -0.132251    -1.194125
    -0.130577    -1.187529
    -0.128903    -1.181038
    -0.127229    -1.174520
    -0.125555    -1.167960
    -0.123881    -1.161356
    -0.122207    -1.154707
    -0.120533    -1.148013
    -0.118859    -1.141273
    -0.117185    -1.134488
    -0.115511    -1.127658
    -0.113837    -1.120782
    -0.112163    -1.113861
    -0.110488    -1.106896
    -0.108814    -1.099887
    -0.107140    -1.092835
    -0.105466    -1.085740
    -0.103792    -1.078603
    -0.102118    -1.071426
    -0.100444    -1.064208
    -0.098770    -1.056952
    -0.097096    -1.049658
    -0.095422    -1.042328
    -0.093748    -1.034964
    -0.092074    -1.027567
    -0.090400    -1.020138
    -0.088726    -1.012681
    -0.087051    -1.005197
    -0.085377    -0.997689
    -0.083703    -0.990158
    -0.082029    -0.982608
    -0.080355    -0.975042
    -0.078681    -0.967462
    -0.077007    -0.959873
    -0.075333    -0.952276
    -0.073659    -0.944677
    -0.071985    -0.937078
    -0.070311    -0.929485
    -0.068637    -0.921902
    -0.066963    -0.914333
    -0.065289    -0.906783
    -0.063615    -0.899258
    -0.061940    -0.891764
    -0.060266    -0.884305
    -0.058592    -0.876889
    -0.056918    -0.869522
    -0.055244    -0.862211
    -0.053570    -0.854963
    -0.051896    -0.847786
    -0.050222    -0.840688
    -0.048548    -0.833676
    -0.046874    -0.826761
    -0.045200    -0.819951
    -0.043526    -0.813255
    -0.041852    -0.806685
    -0.040178    -0.800248
    -0.038504    -0.793958
    -0.036829    -0.787824
    -0.035155    -0.781857
    -0.033481    -0.776070
    -0.031807    -0.770473
    -0.030133    -0.765078
    -0.028459    -0.759898
    -0.026785    -0.754944
    -0.025111    -0.750227
    -0.023437    -0.745760
    -0.021763    -0.741552
    -0.020089    -0.737615
    -0.018415    -0.733959
    -0.016741    -0.730593
    -0.015067    -0.727525
    -0.013393    -0.724764
    -0.011718    -0.722316
    -0.010044    -0.720187
    -0.008370    -0.718381
    -0.006696    -0.716902
    -0.005022    -0.715752
    -0.003348    -0.714930
    -0.001674    -0.714438
     0.000000    -0.714272
     0.001674    -0.714434
     0.003348    -0.714920
     0.005022    -0.715737
     0.006696    -0.716887
     0.008370    -0.718367
     0.010044    -0.720173
     0.011718    -0.722302
     0.013393    -0.724750
     0.015067    -0.727511
     0.016741    -0.730579
     0.018415    -0.733945
     0.020089    -0.737601
     0.021763    -0.741538
     0.023437    -0.745745
     0.025111    -0.750213
     0.026785    -0.754930
     0.028459    -0.759884
     0.030133    -0.765064
     0.031807    -0.770459
     0.033481    -0.776056
     0.035155    -0.781844
     0.036829    -0.787811
     0.038504    -0.793945
     0.040178    -0.800236
     0.041852    -0.806672
     0.043526    -0.813243
     0.045200    -0.819939
     0.046874    -0.826750
     0.048548    -0.833665
     0.050222    -0.840677
     0.051896    -0.847776
     0.053570    -0.854953
     0.055244    -0.862202
     0.056918    -0.869513
     0.058592    -0.876881
     0.060266    -0.884297
     0.061940    -0.891756
     0.063615    -0.899251
     0.065289    -0.906776
     0.066963    -0.914326
     0.068637    -0.921895
     0.070311    -0.929479
     0.071985    -0.937073
     0.073659    -0.944671
     0.075333    -0.952271
     0.077007    -0.959868
     0.078681    -0.967458
     0.080355    -0.975038
     0.082029    -0.982605
     0.083703    -0.990155
     0.085377    -0.997686
     0.087051    -1.005194
     0.088726    -1.012679
     0.090400    -1.020136
     0.092074    -1.027564
     0.093748    -1.034962
     0.095422    -1.042326
     0.097096    -1.049657
     0.098770    -1.056951
     0.100444    -1.064207
     0.102118    -1.071425
     0.103792    -1.078603
     0.105466    -1.085740
     0.107140    -1.092835
     0.108814    -1.099887
     0.110488    -1.106896
     0.112163    -1.113861
     0.113837    -1.120782
     0.115511    -1.127657
     0.117185    -1.134488
     0.118859    -1.141273
     0.120533    -1.148013
     0.122207    -1.154707
     0.123881    -1.161355
     0.125555    -1.167959
     0.127229    -1.174518
     0.128903    -1.181036
     0.130577    -1.187523
     0.132251    -1.194108
     0.133925    -1.201082
     0.135599    -1.208108
     0.137274    -1.215101
     0.138948    -1.222051
     0.140622    -1.228958
     0.142296    -1.235818
     0.143970    -1.242631
     0.145644    -1.249398
     0.147318    -1.256116
     0.148992    -1.262786
     0.150666    -1.269407
     0.152340    -1.275979
     0.154014    -1.282502
     0.155688    -1.288975
     0.157362    -1.295399
     0.159036    -1.301773
     0.160710    -1.308097
     0.162385    -1.314372
     0.164059    -1.320596
     0.165733    -1.326770
     0.167407    -1.332895


    -0.167407    -1.318974
    -0.165733    -1.313403
    -0.164059    -1.307797
    -0.162385    -1.302155
    -0.160710    -1.296477
    -0.159036    -1.290762
    -0.157362    -1.285010
    -0.155688    -1.279221
    -0.154014    -1.273392
    -0.152340    -1.267525
    -0.150666    -1.261618
    -0.148992    -1.255671
    -0.147318    -1.249683
    -0.145644    -1.243654
    -0.143970    -1.237583
    -0.142296    -1.231470
    -0.140622    -1.225313
    -0.138948    -1.219113
    -0.137274    -1.212868
    -0.135599    -1.206575
    -0.133925    -1.200225
    -0.132251    -1.193734
    -0.130577    -1.186779
    -0.128903    -1.179631
    -0.127229    -1.172425
    -0.125555    -1.165175
    -0.123881    -1.157883
    -0.122207    -1.150553
    -0.120533    -1.143186
    -0.118859    -1.135783
    -0.117185    -1.128346
    -0.115511    -1.120877
    -0.113837    -1.113377
    -0.112163    -1.105848
    -0.110488    -1.098291
    -0.108814    -1.090709
    -0.107140    -1.083104
    -0.105466    -1.075477
    -0.103792    -1.067830
    -0.102118    -1.060166
    -0.100444    -1.052486
    -0.098770    -1.044794
    -0.097096    -1.037092
    -0.095422    -1.029382
    -0.093748    -1.021666
    -0.092074    -1.013948
    -0.090400    -1.006231
    -0.088726    -0.998517
    -0.087051    -0.990808
    -0.085377    -0.983109
    -0.083703    -0.975423
    -0.082029    -0.967752
    -0.080355    -0.960101
    -0.078681    -0.952472
    -0.077007    -0.944869
    -0.075333    -0.937296
    -0.073659    -0.929757
    -0.071985    -0.922255
    -0.070311    -0.914796
    -0.068637    -0.907382
    -0.066963    -0.900018
    -0.065289    -0.892709
    -0.063615    -0.885459
    -0.061940    -0.878272
    -0.060266    -0.871154
    -0.058592    -0.864110
    -0.056918    -0.857144
    -0.055244    -0.850262
    -0.053570    -0.843469
    -0.051896    -0.836771
    -0.050222    -0.830173
    -0.048548    -0.823682
    -0.046874    -0.817303
    -0.045200    -0.811042
    -0.043526    -0.804907
    -0.041852    -0.798903
    -0.040178    -0.793037
    -0.038504    -0.787317
    -0.036829    -0.781750
    -0.035155    -0.776343
    -0.033481    -0.771103
    -0.031807    -0.766039
    -0.030133    -0.761158
    -0.028459    -0.756469
    -0.026785    -0.751979
    -0.025111    -0.747698
    -0.023437    -0.743634
    -0.021763    -0.739795
    -0.020089    -0.736191
    -0.018415    -0.732830
    -0.016741    -0.729720
    -0.015067    -0.726871
    -0.013393    -0.724292
    -0.011718    -0.721989
    -0.010044    -0.719972
    -0.008370    -0.718248
    -0.006696    -0.716824
    -0.005022    -0.715707
    -0.003348    -0.714904
    -0.001674    -0.714420
     0.000000    -0.714259
     0.001674    -0.714423
     0.003348    -0.714913
     0.005022    -0.715719
     0.006696    -0.716836
     0.008370    -0.718259
     0.010044    -0.719982
     0.011718    -0.721999
     0.013393    -0.724300
     0.015067    -0.726880
     0.016741    -0.729728
     0.018415    -0.732837
     0.020089    -0.736198
     0.021763    -0.739802
     0.023437    -0.743640
     0.025111    -0.747704
     0.026785    -0.751985
     0.028459    -0.756474
     0.030133    -0.761163
     0.031807    -0.766044
     0.033481    -0.771108
     0.035155    -0.776347
     0.036829    -0.781754
     0.038504    -0.787322
     0.040178    -0.793041
     0.041852    -0.798907
     0.043526    -0.804910
     0.045200    -0.811046
     0.046874    -0.817306
     0.048548    -0.823685
     0.050222    -0.830176
     0.051896    -0.836774
     0.053570    -0.843472
     0.055244    -0.850265
     0.056918    -0.857147
     0.058592    -0.864112
     0.060266    -0.871157
     0.061940    -0.878274
     0.063615    -0.885461
     0.065289    -0.892711
     0.066963    -0.900020
     0.068637    -0.907383
     0.070311    -0.914797
     0.071985    -0.922257
     0.073659    -0.929758
     0.075333    -0.937297
     0.077007    -0.944870
     0.078681    -0.952472
     0.080355    -0.960101
     0.082029    -0.967753
     0.083703    -0.975423
     0.085377    -0.983109
     0.087051    -0.990808
     0.088726    -0.998516
     0.090400    -1.006230
     0.092074    -1.013948
     0.093748    -1.021665
     0.095422    -1.029380
     0.097096    -1.037090
     0.098770    -1.044792
     0.100444    -1.052484
     0.102118    -1.060163
     0.103792    -1.067827
     0.105466    -1.075473
     0.107140    -1.083100
     0.108814    -1.090705
     0.110488    -1.098287
     0.112163    -1.105843
     0.113837    -1.113372
     0.115511    -1.120871
     0.117185    -1.128340
     0.118859    -1.135777
     0.120533    -1.143179
     0.122207    -1.150546
     0.123881    -1.157876
     0.125555    -1.165167
     0.127229    -1.172418
     0.128903    -1.179625
     0.130577    -1.186775
     0.132251    -1.193741
     0.133925    -1.200230
     0.135599    -1.206578
     0.137274    -1.212870
     0.138948    -1.219115
     0.140622    -1.225315
     0.142296    -1.231471
     0.143970    -1.237584
     0.145644    -1.243655
     0.147318    -1.249684
     0.148992    -1.255671
     0.150666    -1.261618
     0.152340    -1.267525
     0.154014    -1.273392
     0.155688    -1.279221
     0.157362    -1.285010
     0.159036    -1.290762
     0.160710    -1.296477
     0.162385    -1.302155
     0.164059    -1.307796
     0.165733    -1.313402
     0.167407    -1.318973


    -0.167407    -0.498360
    -0.165733    -0.493618
    -0.164059    -0.488918
    -0.162385    -0.484263
    -0.160710    -0.479652
    -0.159036    -0.475087
    -0.157362    -0.470568
    -0.155688    -0.466097
    -0.154014    -0.461674
    -0.152340    -0.457300
    -0.150666    -0.452976
    -0.148992    -0.448704
    -0.147318    -0.444483
    -0.145644    -0.440315
    -0.143970    -0.436200
    -0.142296    -0.432140
    -0.140622    -0.428136
    -0.138948    -0.424187
    -0.137274    -0.420296
    -0.135599    -0.416462
    -0.133925    -0.412688
    -0.132251    -0.408973
    -0.130577    -0.405318
    -0.128903    -0.401724
    -0.127229    -0.398193
    -0.125555    -0.394724
    -0.123881    -0.391319
    -0.122207    -0.387978
    -0.120533    -0.384702
    -0.118859    -0.381491
    -0.117185    -0.378347
    -0.115511    -0.375269
    -0.113837    -0.372259
    -0.112163    -0.369317
    -0.110488    -0.366443
    -0.108814    -0.363637
    -0.107140    -0.360901
    -0.105466    -0.358235
    -0.103792    -0.355638
    -0.102118    -0.353111
    -0.100444    -0.350654
    -0.098770    -0.348267
    -0.097096    -0.345951
    -0.095422    -0.343704
    -0.093748    -0.341527
    -0.092074    -0.339419
    -0.090400    -0.337381
    -0.088726    -0.335411
    -0.087051    -0.333509
    -0.085377    -0.331674
    -0.083703    -0.329905
    -0.082029    -0.328202
    -0.080355    -0.326562
    -0.078681    -0.324985
    -0.077007    -0.323469
    -0.075333    -0.322012
    -0.073659    -0.320612
    -0.071985    -0.319268
    -0.070311    -0.317976
    -0.068637    -0.316735
    -0.066963    -0.315540
    -0.065289    -0.314390
    -0.063615    -0.313280
    -0.061940    -0.312208
    -0.060266    -0.311168
    -0.058592    -0.310157
    -0.056918    -0.309169
    -0.055244    -0.308200
    -0.053570    -0.307244
    -0.051896    -0.306296
    -0.050222    -0.305349
    -0.048548    -0.304396
    -0.046874    -0.303431
    -0.045200    -0.302445
    -0.043526    -0.301432
    -0.041852    -0.300382
    -0.040178    -0.299287
    -0.038504    -0.298138
    -0.036829    -0.296925
    -0.035155    -0.295639
    -0.033481    -0.294270
    -0.031807    -0.292806
    -0.030133    -0.291238
    -0.028459    -0.289556
    -0.026785    -0.287747
    -0.025111    -0.285803
    -0.023437    -0.283712
    -0.021763    -0.281464
    -0.020089    -0.279050
    -0.018415    -0.276461
    -0.016741    -0.273687
    -0.015067    -0.270721
    -0.013393    -0.267556
    -0.011718    -0.264186
    -0.010044    -0.260605
    -0.008370    -0.256810
    -0.006696    -0.252797
    -0.005022    -0.248565
    -0.003348    -0.244113
    -0.001674    -0.239442
     0.000000    -0.234578
     0.001674    -0.239468
     0.003348    -0.244140
     0.005022    -0.248592
     0.006696    -0.252825
     0.008370    -0.256838
     0.010044    -0.260634
     0.011718    -0.264216
     0.013393    -0.267587
     0.015067    -0.270752
     0.016741    -0.273718
     0.018415    -0.276492
     0.020089    -0.279082
     0.021763    -0.281497
     0.023437    -0.283744
     0.025111    -0.285835
     0.026785    -0.287780
     0.028459    -0.289588
     0.030133    -0.291271
     0.031807    -0.292839
     0.033481    -0.294302
     0.035155    -0.295672
     0.036829    -0.296958
     0.038504    -0.298170
     0.040178    -0.299319
     0.041852    -0.300414
     0.043526    -0.301463
     0.045200    -0.302476
     0.046874    -0.303462
     0.048548    -0.304427
     0.050222    -0.305379
     0.051896    -0.306326
     0.053570    -0.307274
     0.055244    -0.308229
     0.056918    -0.309197
     0.058592    -0.310185
     0.060266    -0.311195
     0.061940    -0.312235
     0.063615    -0.313307
     0.065289    -0.314416
     0.066963    -0.315566
     0.068637    -0.316759
     0.070311    -0.318000
     0.071985    -0.319292
     0.073659    -0.320635
     0.075333    -0.322034
     0.077007    -0.323491
     0.078681    -0.325006
     0.080355    -0.326583
     0.082029    -0.328222
     0.083703    -0.329925
     0.085377    -0.331693
     0.087051    -0.333528
     0.088726    -0.335429
     0.090400    -0.337399
     0.092074    -0.339437
     0.093748    -0.341544
     0.095422    -0.343720
     0.097096    -0.345966
     0.098770    -0.348283
     0.100444    -0.350669
     0.102118    -0.353125
     0.103792    -0.355652
     0.105466    -0.358248
     0.107140    -0.360915
     0.108814    -0.363650
     0.110488    -0.366455
     0.112163    -0.369329
     0.113837    -0.372271
     0.115511    -0.375281
     0.117185    -0.378358
     0.118859    -0.381502
     0.120533    -0.384712
     0.122207    -0.387988
     0.123881    -0.391329
     0.125555    -0.394734
     0.127229    -0.398202
     0.128903    -0.401733
     0.130577    -0.405327
     0.132251    -0.408981
     0.133925    -0.412696
     0.135599    -0.416470
     0.137274    -0.420304
     0.138948    -0.424195
     0.140622    -0.428143
     0.142296    -0.432148
     0.143970    -0.436207
     0.145644    -0.440322
     0.147318    -0.444490
     0.148992    -0.448710
     0.150666    -0.452983
     0.152340    -0.457307
     0.154014    -0.461680
     0.155688    -0.466103
     0.157362    -0.470574
     0.159036    -0.475093
     0.160710    -0.479658
     0.162385    -0.484269
     0.164059    -0.488924
     0.165733    -0.493624
     0.167407    -0.498366


    -0.167407    -0.460177
    -0.165733    -0.453625
    -0.164059    -0.447076
    -0.162385    -0.440530
    -0.160710    -0.433986
    -0.159036    -0.427446
    -0.157362    -0.420908
    -0.155688    -0.414374
    -0.154014    -0.407843
    -0.152340    -0.401315
    -0.150666    -0.394790
    -0.148992    -0.388270
    -0.147318    -0.381752
    -0.145644    -0.375239
    -0.143970    -0.368729
    -0.142296    -0.362222
    -0.140622    -0.355720
    -0.138948    -0.349222
    -0.137274    -0.342727
    -0.135599    -0.336237
    -0.133925    -0.329751
    -0.132251    -0.323269
    -0.130577    -0.316792
    -0.128903    -0.310319
    -0.127229    -0.303850
    -0.125555    -0.297386
    -0.123881    -0.290926
    -0.122207    -0.284472
    -0.120533    -0.278022
    -0.118859    -0.271576
    -0.117185    -0.265136
    -0.115511    -0.258702
    -0.113837    -0.252272
    -0.112163    -0.245848
    -0.110488    -0.239430
    -0.108814    -0.233018
    -0.107140    -0.226611
    -0.105466    -0.220212
    -0.103792    -0.213819
    -0.102118    -0.207434
    -0.100444    -0.201056
    -0.098770    -0.194687
    -0.097096    -0.188327
    -0.095422    -0.181977
    -0.093748    -0.175638
    -0.092074    -0.169310
    -0.090400    -0.162997
    -0.088726    -0.156698
    -0.087051    -0.150415
    -0.085377    -0.144153
    -0.083703    -0.137912
    -0.082029    -0.131696
    -0.080355    -0.125510
    -0.078681    -0.119359
    -0.077007    -0.113249
    -0.075333    -0.107187
    -0.073659    -0.101184
    -0.071985    -0.095251
    -0.070311    -0.089406
    -0.068637    -0.083667
    -0.066963    -0.078061
    -0.065289    -0.072624
    -0.063615    -0.067400
    -0.061940    -0.062452
    -0.060266    -0.057861
    -0.058592    -0.053734
    -0.056918    -0.050212
    -0.055244    -0.047469
    -0.053570    -0.045700
    -0.051896    -0.045099
    -0.050222    -0.045804
    -0.048548    -0.047850
    -0.046874    -0.051156
    -0.045200    -0.055551
    -0.043526    -0.060827
    -0.041852    -0.066782
    -0.040178    -0.073244
    -0.038504    -0.080076
    -0.036829    -0.087169
    -0.035155    -0.094442
    -0.033481    -0.101832
    -0.031807    -0.109289
    -0.030133    -0.116776
    -0.028459    -0.124259
    -0.026785    -0.131714
    -0.025111    -0.139118
    -0.023437    -0.146452
    -0.021763    -0.153700
    -0.020089    -0.160846
    -0.018415    -0.167877
    -0.016741    -0.174779
    -0.015067    -0.181543
    -0.013393    -0.188156
    -0.011718    -0.194608
    -0.010044    -0.200891
    -0.008370    -0.206995
    -0.006696    -0.212912
    -0.005022    -0.218635
    -0.003348    -0.224157
    -0.001674    -0.229473
     0.000000    -0.234552
     0.001674    -0.229449
     0.003348    -0.224134
     0.005022    -0.218612
     0.006696    -0.212890
     0.008370    -0.206974
     0.010044    -0.200871
     0.011718    -0.194589
     0.013393    -0.188137
     0.015067    -0.181525
     0.016741    -0.174762
     0.018415    -0.167860
     0.020089    -0.160830
     0.021763    -0.153684
     0.023437    -0.146437
     0.025111    -0.139104
     0.026785    -0.131700
     0.028459    -0.124246
     0.030133    -0.116763
     0.031807    -0.109277
     0.033481    -0.101819
     0.035155    -0.094429
     0.036829    -0.087156
     0.038504    -0.080063
     0.040178    -0.073232
     0.041852    -0.066769
     0.043526    -0.060813
     0.045200    -0.055536
     0.046874    -0.051140
     0.048548    -0.047833
     0.050222    -0.045786
     0.051896    -0.045081
     0.053570    -0.045682
     0.055244    -0.047450
     0.056918    -0.050194
     0.058592    -0.053716
     0.060266    -0.057843
     0.061940    -0.062434
     0.063615    -0.067383
     0.065289    -0.072606
     0.066963    -0.078044
     0.068637    -0.083649
     0.070311    -0.089388
     0.071985    -0.095234
     0.073659    -0.101167
     0.075333    -0.107170
     0.077007    -0.113232
     0.078681    -0.119343
     0.080355    -0.125494
     0.082029    -0.131680
     0.083703    -0.137896
     0.085377    -0.144137
     0.087051    -0.150400
     0.088726    -0.156683
     0.090400    -0.162982
     0.092074    -0.169296
     0.093748    -0.175624
     0.095422    -0.181963
     0.097096    -0.188314
     0.098770    -0.194674
     0.100444    -0.201044
     0.102118    -0.207422
     0.103792    -0.213807
     0.105466    -0.220200
     0.107140    -0.226600
     0.108814    -0.233007
     0.110488    -0.239420
     0.112163    -0.245838
     0.113837    -0.252263
     0.115511    -0.258693
     0.117185    -0.265128
     0.118859    -0.271569
     0.120533    -0.278014
     0.122207    -0.284465
     0.123881    -0.290920
     0.125555    -0.297380
     0.127229    -0.303845
     0.128903    -0.310314
     0.130577    -0.316788
     0.132251    -0.323266
     0.133925    -0.329748
     0.135599    -0.336235
     0.137274    -0.342725
     0.138948    -0.349220
     0.140622    -0.355719
     0.142296    -0.362222
     0.143970    -0.368729
     0.145644    -0.375239
     0.147318    -0.381754
     0.148992    -0.388271
     0.150666    -0.394793
     0.152340    -0.401318
     0.154014    -0.407846
     0.155688    -0.414378
     0.157362    -0.420913
     0.159036    -0.427451
     0.160710    -0.433992
     0.162385    -0.440536
     0.164059    -0.447083
     0.165733    -0.453632
     0.167407    -0.460185


    -0.167407     0.657348
    -0.165733     0.648573
    -0.164059     0.639771
    -0.162385     0.630943
    -0.160710     0.622089
    -0.159036     0.613210
    -0.157362     0.604305
    -0.155688     0.595375
    -0.154014     0.586421
    -0.152340     0.577442
    -0.150666     0.568439
    -0.148992     0.559412
    -0.147318     0.550362
    -0.145644     0.541289
    -0.143970     0.532193
    -0.142296     0.523075
    -0.140622     0.513935
    -0.138948     0.504774
    -0.137274     0.495592
    -0.135599     0.486389
    -0.133925     0.477167
    -0.132251     0.467925
    -0.130577     0.458664
    -0.128903     0.449385
    -0.127229     0.440088
    -0.125555     0.430774
    -0.123881     0.421443
    -0.122207     0.412097
    -0.120533     0.402735
    -0.118859     0.393360
    -0.117185     0.383971
    -0.115511     0.374569
    -0.113837     0.365156
    -0.112163     0.355732
    -0.110488     0.346299
    -0.108814     0.336857
    -0.107140     0.327408
    -0.105466     0.317953
    -0.103792     0.308493
    -0.102118     0.299030
    -0.100444     0.289566
    -0.098770     0.280101
    -0.097096     0.270639
    -0.095422     0.261181
    -0.093748     0.251729
    -0.092074     0.242287
    -0.090400     0.232856
    -0.088726     0.223440
    -0.087051     0.214042
    -0.085377     0.204666
    -0.083703     0.195318
    -0.082029     0.186001
    -0.080355     0.176722
    -0.078681     0.167489
    -0.077007     0.158308
    -0.075333     0.149191
    -0.073659     0.140149
    -0.071985     0.131197
    -0.070311     0.122353
    -0.068637     0.113640
    -0.066963     0.105087
    -0.065289     0.096732
    -0.063615     0.088622
    -0.061940     0.080823
    -0.060266     0.073419
    -0.058592     0.066522
    -0.056918     0.060274
    -0.055244     0.054853
    -0.053570     0.050460
    -0.051896     0.047290
    -0.050222     0.045485
    -0.048548     0.045086
    -0.046874     0.046016
    -0.045200     0.048109
    -0.043526     0.051160
    -0.041852     0.054974
    -0.040178     0.059382
    -0.038504     0.064253
    -0.036829     0.069486
    -0.035155     0.075003
    -0.033481     0.080748
    -0.031807     0.086678
    -0.030133     0.092760
    -0.028459     0.098969
    -0.026785     0.105287
    -0.025111     0.111697
    -0.023437     0.118189
    -0.021763     0.124753
    -0.020089     0.131380
    -0.018415     0.138065
    -0.016741     0.144803
    -0.015067     0.151588
    -0.013393     0.158419
    -0.011718     0.165290
    -0.010044     0.172200
    -0.008370     0.179146
    -0.006696     0.186127
    -0.005022     0.193139
    -0.003348     0.200182
    -0.001674     0.207253
     0.000000     0.214345
     0.001674     0.207248
     0.003348     0.200177
     0.005022     0.193135
     0.006696     0.186123
     0.008370     0.179143
     0.010044     0.172197
     0.011718     0.165287
     0.013393     0.158416
     0.015067     0.151587
     0.016741     0.144801
     0.018415     0.138064
     0.020089     0.131379
     0.021763     0.124752
     0.023437     0.118189
     0.025111     0.111697
     0.026785     0.105287
     0.028459     0.098969
     0.030133     0.092760
     0.031807     0.086678
     0.033481     0.080748
     0.035155     0.075003
     0.036829     0.069486
     0.038504     0.064254
     0.040178     0.059382
     0.041852     0.054973
     0.043526     0.051158
     0.045200     0.048106
     0.046874     0.046012
     0.048548     0.045081
     0.050222     0.045479
     0.051896     0.047283
     0.053570     0.050453
     0.055244     0.054846
     0.056918     0.060266
     0.058592     0.066514
     0.060266     0.073412
     0.061940     0.080816
     0.063615     0.088615
     0.065289     0.096724
     0.066963     0.105080
     0.068637     0.113633
     0.070311     0.122346
     0.071985     0.131190
     0.073659     0.140142
     0.075333     0.149184
     0.077007     0.158301
     0.078681     0.167481
     0.080355     0.176715
     0.082029     0.185994
     0.083703     0.195311
     0.085377     0.204659
     0.087051     0.214035
     0.088726     0.223433
     0.090400     0.232849
     0.092074     0.242280
     0.093748     0.251723
     0.095422     0.261175
     0.097096     0.270633
     0.098770     0.280095
     0.100444     0.289560
     0.102118     0.299024
     0.103792     0.308488
     0.105466     0.317947
     0.107140     0.327403
     0.108814     0.336852
     0.110488     0.346294
     0.112163     0.355728
     0.113837     0.365152
     0.115511     0.374565
     0.117185     0.383967
     0.118859     0.393356
     0.120533     0.402732
     0.122207     0.412093
     0.123881     0.421440
     0.125555     0.430771
     0.127229     0.440085
     0.128903     0.449382
     0.130577     0.458662
     0.132251     0.467923
     0.133925     0.477166
     0.135599     0.486388
     0.137274     0.495591
     0.138948     0.504774
     0.140622     0.513935
     0.142296     0.523076
     0.143970     0.532194
     0.145644     0.541290
     0.147318     0.550363
     0.148992     0.559414
     0.150666     0.568441
     0.152340     0.577444
     0.154014     0.586423
     0.155688     0.595378
     0.157362     0.604308
     0.159036     0.613213
     0.160710     0.622093
     0.162385     0.630947
     0.164059     0.639776
     0.165733     0.648578
     0.167407     0.657353


    -0.167407     0.885372
    -0.165733     0.879653
    -0.164059     0.873920
    -0.162385     0.868173
    -0.160710     0.862412
    -0.159036     0.856636
    -0.157362     0.850846
    -0.155688     0.845040
    -0.154014     0.839219
    -0.152340     0.833383
    -0.150666     0.827530
    -0.148992     0.821661
    -0.147318     0.815775
    -0.145644     0.809871
    -0.143970     0.803950
    -0.142296     0.798011
    -0.140622     0.792054
    -0.138948     0.786077
    -0.137274     0.780081
    -0.135599     0.774065
    -0.133925     0.768029
    -0.132251     0.761972
    -0.130577     0.755893
    -0.128903     0.749793
    -0.127229     0.743671
    -0.125555     0.737526
    -0.123881     0.731357
    -0.122207     0.725165
    -0.120533     0.718949
    -0.118859     0.712708
    -0.117185     0.706442
    -0.115511     0.700151
    -0.113837     0.693833
    -0.112163     0.687489
    -0.110488     0.681119
    -0.108814     0.674721
    -0.107140     0.668296
    -0.105466     0.661843
    -0.103792     0.655362
    -0.102118     0.648853
    -0.100444     0.642315
    -0.098770     0.635748
    -0.097096     0.629152
    -0.095422     0.622527
    -0.093748     0.615873
    -0.092074     0.609189
    -0.090400     0.602477
    -0.088726     0.595735
    -0.087051     0.588963
    -0.085377     0.582163
    -0.083703     0.575334
    -0.082029     0.568476
    -0.080355     0.561590
    -0.078681     0.554676
    -0.077007     0.547734
    -0.075333     0.540766
    -0.073659     0.533770
    -0.071985     0.526748
    -0.070311     0.519701
    -0.068637     0.512628
    -0.066963     0.505532
    -0.065289     0.498412
    -0.063615     0.491269
    -0.061940     0.484105
    -0.060266     0.476919
    -0.058592     0.469714
    -0.056918     0.462490
    -0.055244     0.455247
    -0.053570     0.447988
    -0.051896     0.440713
    -0.050222     0.433424
    -0.048548     0.426121
    -0.046874     0.418806
    -0.045200     0.411480
    -0.043526     0.404144
    -0.041852     0.396800
    -0.040178     0.389448
    -0.038504     0.382091
    -0.036829     0.374730
    -0.035155     0.367365
    -0.033481     0.359998
    -0.031807     0.352631
    -0.030133     0.345265
    -0.028459     0.337901
    -0.026785     0.330541
    -0.025111     0.323186
    -0.023437     0.315837
    -0.021763     0.308496
    -0.020089     0.301164
    -0.018415     0.293842
    -0.016741     0.286532
    -0.015067     0.279234
    -0.013393     0.271951
    -0.011718     0.264683
    -0.010044     0.257432
    -0.008370     0.250199
    -0.006696     0.242985
    -0.005022     0.235791
    -0.003348     0.228619
    -0.001674     0.221471
     0.000000     0.214354
     0.001674     0.221477
     0.003348     0.228625
     0.005022     0.235798
     0.006696     0.242991
     0.008370     0.250206
     0.010044     0.257439
     0.011718     0.264691
     0.013393     0.271959
     0.015067     0.279242
     0.016741     0.286540
     0.018415     0.293851
     0.020089     0.301173
     0.021763     0.308505
     0.023437     0.315846
     0.025111     0.323196
     0.026785     0.330551
     0.028459     0.337911
     0.030133     0.345275
     0.031807     0.352641
     0.033481     0.360008
     0.035155     0.367375
     0.036829     0.374740
     0.038504     0.382101
     0.040178     0.389458
     0.041852     0.396810
     0.043526     0.404154
     0.045200     0.411490
     0.046874     0.418816
     0.048548     0.426131
     0.050222     0.433434
     0.051896     0.440723
     0.053570     0.447998
     0.055244     0.455257
     0.056918     0.462499
     0.058592     0.469723
     0.060266     0.476928
     0.061940     0.484113
     0.063615     0.491278
     0.065289     0.498420
     0.066963     0.505540
     0.068637     0.512636
     0.070311     0.519708
     0.071985     0.526756
     0.073659     0.533777
     0.075333     0.540773
     0.077007     0.547741
     0.078681     0.554683
     0.080355     0.561597
     0.082029     0.568483
     0.083703     0.575340
     0.085377     0.582169
     0.087051     0.588969
     0.088726     0.595740
     0.090400     0.602482
     0.092074     0.609194
     0.093748     0.615877
     0.095422     0.622531
     0.097096     0.629156
     0.098770     0.635752
     0.100444     0.642318
     0.102118     0.648856
     0.103792     0.655365
     0.105466     0.661846
     0.107140     0.668299
     0.108814     0.674724
     0.110488     0.681121
     0.112163     0.687492
     0.113837     0.693835
     0.115511     0.700153
     0.117185     0.706444
     0.118859     0.712710
     0.120533     0.718951
     0.122207     0.725167
     0.123881     0.731359
     0.125555     0.737527
     0.127229     0.743672
     0.128903     0.749794
     0.130577     0.755895
     0.132251     0.761973
     0.133925     0.768030
     0.135599     0.774066
     0.137274     0.780082
     0.138948     0.786078
     0.140622     0.792054
     0.142296     0.798012
     0.143970     0.803951
     0.145644     0.809872
     0.147318     0.815775
     0.148992     0.821661
     0.150666     0.827530
     0.152340     0.833383
     0.154014     0.839220
     0.155688     0.845041
     0.157362     0.850846
     0.159036     0.856636
     0.160710     0.862412
     0.162385     0.868173
     0.164059     0.873920
     0.165733     0.879654
     0.167407     0.885373


    -0.167407     1.832042
    -0.165733     1.824148
    -0.164059     1.816270
    -0.162385     1.808411
    -0.160710     1.800573
    -0.159036     1.792758
    -0.157362     1.784967
    -0.155688     1.777203
    -0.154014     1.769467
    -0.152340     1.761762
    -0.150666     1.754090
    -0.148992     1.746453
    -0.147318     1.738853
    -0.145644     1.731292
    -0.143970     1.723774
    -0.142296     1.716299
    -0.140622     1.708871
    -0.138948     1.701491
    -0.137274     1.694163
    -0.135599     1.686887
    -0.133925     1.679668
    -0.132251     1.672507
    -0.130577     1.665407
    -0.128903     1.658370
    -0.127229     1.651399
    -0.125555     1.644496
    -0.123881     1.637664
    -0.122207     1.630904
    -0.120533     1.624221
    -0.118859     1.617615
    -0.117185     1.611090
    -0.115511     1.604648
    -0.113837     1.598292
    -0.112163     1.592024
    -0.110488     1.585846
    -0.108814     1.579760
    -0.107140     1.573770
    -0.105466     1.567877
    -0.103792     1.562084
    -0.102118     1.556393
    -0.100444     1.550807
    -0.098770     1.545327
    -0.097096     1.539955
    -0.095422     1.534694
    -0.093748     1.529545
    -0.092074     1.524512
    -0.090400     1.519594
    -0.088726     1.514795
    -0.087051     1.510117
    -0.085377     1.505559
    -0.083703     1.501126
    -0.082029     1.496817
    -0.080355     1.492635
    -0.078681     1.488580
    -0.077007     1.484655
    -0.075333     1.480860
    -0.073659     1.477197
    -0.071985     1.473665
    -0.070311     1.470268
    -0.068637     1.467004
    -0.066963     1.463876
    -0.065289     1.460883
    -0.063615     1.458027
    -0.061940     1.455308
    -0.060266     1.452726
    -0.058592     1.450281
    -0.056918     1.447974
    -0.055244     1.445805
    -0.053570     1.443774
    -0.051896     1.441880
    -0.050222     1.440125
    -0.048548     1.438506
    -0.046874     1.437026
    -0.045200     1.435681
    -0.043526     1.434474
    -0.041852     1.433402
    -0.040178     1.432465
    -0.038504     1.431663
    -0.036829     1.430994
    -0.035155     1.430459
    -0.033481     1.430055
    -0.031807     1.429783
    -0.030133     1.429640
    -0.028459     1.429627
    -0.026785     1.429741
    -0.025111     1.429982
    -0.023437     1.430349
    -0.021763     1.430839
    -0.020089     1.431452
    -0.018415     1.432187
    -0.016741     1.433042
    -0.015067     1.434016
    -0.013393     1.435106
    -0.011718     1.436313
    -0.010044     1.437633
    -0.008370     1.439066
    -0.006696     1.440610
    -0.005022     1.442263
    -0.003348     1.444024
    -0.001674     1.445891
     0.000000     1.447858
     0.001674     1.445901
     0.003348     1.444034
     0.005022     1.442273
     0.006696     1.440620
     0.008370     1.439076
     0.010044     1.437644
     0.011718     1.436324
     0.013393     1.435118
     0.015067     1.434027
     0.016741     1.433054
     0.018415     1.432199
     0.020089     1.431465
     0.021763     1.430852
     0.023437     1.430362
     0.025111     1.429995
     0.026785     1.429755
     0.028459     1.429641
     0.030133     1.429654
     0.031807     1.429797
     0.033481     1.430070
     0.035155     1.430474
     0.036829     1.431010
     0.038504     1.431678
     0.040178     1.432481
     0.041852     1.433418
     0.043526     1.434490
     0.045200     1.435698
     0.046874     1.437042
     0.048548     1.438523
     0.050222     1.440141
     0.051896     1.441897
     0.053570     1.443791
     0.055244     1.445822
     0.056918     1.447991
     0.058592     1.450299
     0.060266     1.452743
     0.061940     1.455326
     0.063615     1.458045
     0.065289     1.460902
     0.066963     1.463894
     0.068637     1.467023
     0.070311     1.470286
     0.071985     1.473684
     0.073659     1.477215
     0.075333     1.480879
     0.077007     1.484674
     0.078681     1.488599
     0.080355     1.492653
     0.082029     1.496835
     0.083703     1.501144
     0.085377     1.505578
     0.087051     1.510135
     0.088726     1.514813
     0.090400     1.519612
     0.092074     1.524529
     0.093748     1.529563
     0.095422     1.534711
     0.097096     1.539972
     0.098770     1.545343
     0.100444     1.550823
     0.102118     1.556410
     0.103792     1.562100
     0.105466     1.567893
     0.107140     1.573785
     0.108814     1.579775
     0.110488     1.585860
     0.112163     1.592038
     0.113837     1.598306
     0.115511     1.604662
     0.117185     1.611104
     0.118859     1.617628
     0.120533     1.624233
     0.122207     1.630917
     0.123881     1.637675
     0.125555     1.644507
     0.127229     1.651410
     0.128903     1.658381
     0.130577     1.665417
     0.132251     1.672517
     0.133925     1.679678
     0.135599     1.686896
     0.137274     1.694171
     0.138948     1.701499
     0.140622     1.708878
     0.142296     1.716306
     0.143970     1.723780
     0.145644     1.731298
     0.147318     1.738858
     0.148992     1.746458
     0.150666     1.754094
     0.152340     1.761766
     0.154014     1.769471
     0.155688     1.777206
     0.157362     1.784970
     0.159036     1.792761
     0.160710     1.800576
     0.162385     1.808413
     0.164059     1.816272
     0.165733     1.824149
     0.167407     1.832042


    -0.167407     1.946837
    -0.165733     1.940307
    -0.164059     1.933789
    -0.162385     1.927283
    -0.160710     1.920790
    -0.159036     1.914310
    -0.157362     1.907844
    -0.155688     1.901392
    -0.154014     1.894955
    -0.152340     1.888534
    -0.150666     1.882129
    -0.148992     1.875741
    -0.147318     1.869370
    -0.145644     1.863017
    -0.143970     1.856682
    -0.142296     1.850366
    -0.140622     1.844070
    -0.138948     1.837793
    -0.137274     1.831537
    -0.135599     1.825301
    -0.133925     1.819088
    -0.132251     1.812896
    -0.130577     1.806726
    -0.128903     1.800580
    -0.127229     1.794456
    -0.125555     1.788357
    -0.123881     1.782283
    -0.122207     1.776233
    -0.120533     1.770208
    -0.118859     1.764210
    -0.117185     1.758237
    -0.115511     1.752292
    -0.113837     1.746374
    -0.112163     1.740484
    -0.110488     1.734622
    -0.108814     1.728789
    -0.107140     1.722985
    -0.105466     1.717211
    -0.103792     1.711467
    -0.102118     1.705755
    -0.100444     1.700073
    -0.098770     1.694424
    -0.097096     1.688807
    -0.095422     1.683223
    -0.093748     1.677673
    -0.092074     1.672157
    -0.090400     1.666676
    -0.088726     1.661230
    -0.087051     1.655820
    -0.085377     1.650447
    -0.083703     1.645112
    -0.082029     1.639814
    -0.080355     1.634556
    -0.078681     1.629336
    -0.077007     1.624157
    -0.075333     1.619019
    -0.073659     1.613923
    -0.071985     1.608870
    -0.070311     1.603860
    -0.068637     1.598894
    -0.066963     1.593974
    -0.065289     1.589099
    -0.063615     1.584272
    -0.061940     1.579493
    -0.060266     1.574763
    -0.058592     1.570083
    -0.056918     1.565455
    -0.055244     1.560878
    -0.053570     1.556355
    -0.051896     1.551887
    -0.050222     1.547474
    -0.048548     1.543118
    -0.046874     1.538821
    -0.045200     1.534582
    -0.043526     1.530405
    -0.041852     1.526289
    -0.040178     1.522237
    -0.038504     1.518250
    -0.036829     1.514328
    -0.035155     1.510474
    -0.033481     1.506690
    -0.031807     1.502975
    -0.030133     1.499333
    -0.028459     1.495764
    -0.026785     1.492270
    -0.025111     1.488852
    -0.023437     1.485513
    -0.021763     1.482253
    -0.020089     1.479075
    -0.018415     1.475979
    -0.016741     1.472968
    -0.015067     1.470043
    -0.013393     1.467207
    -0.011718     1.464459
    -0.010044     1.461803
    -0.008370     1.459239
    -0.006696     1.456770
    -0.005022     1.454397
    -0.003348     1.452122
    -0.001674     1.449947
     0.000000     1.447877
     0.001674     1.449938
     0.003348     1.452114
     0.005022     1.454389
     0.006696     1.456762
     0.008370     1.459231
     0.010044     1.461795
     0.011718     1.464451
     0.013393     1.467199
     0.015067     1.470036
     0.016741     1.472961
     0.018415     1.475973
     0.020089     1.479068
     0.021763     1.482247
     0.023437     1.485507
     0.025111     1.488846
     0.026785     1.492264
     0.028459     1.495758
     0.030133     1.499327
     0.031807     1.502970
     0.033481     1.506684
     0.035155     1.510469
     0.036829     1.514323
     0.038504     1.518245
     0.040178     1.522232
     0.041852     1.526285
     0.043526     1.530400
     0.045200     1.534578
     0.046874     1.538816
     0.048548     1.543114
     0.050222     1.547470
     0.051896     1.551883
     0.053570     1.556351
     0.055244     1.560874
     0.056918     1.565451
     0.058592     1.570079
     0.060266     1.574759
     0.061940     1.579489
     0.063615     1.584268
     0.065289     1.589096
     0.066963     1.593970
     0.068637     1.598890
     0.070311     1.603856
     0.071985     1.608866
     0.073659     1.613920
     0.075333     1.619016
     0.077007     1.624154
     0.078681     1.629333
     0.080355     1.634552
     0.082029     1.639811
     0.083703     1.645108
     0.085377     1.650444
     0.087051     1.655817
     0.088726     1.661227
     0.090400     1.666673
     0.092074     1.672154
     0.093748     1.677670
     0.095422     1.683220
     0.097096     1.688804
     0.098770     1.694421
     0.100444     1.700070
     0.102118     1.705752
     0.103792     1.711464
     0.105466     1.717208
     0.107140     1.722982
     0.108814     1.728786
     0.110488     1.734619
     0.112163     1.740481
     0.113837     1.746371
     0.115511     1.752289
     0.117185     1.758235
     0.118859     1.764207
     0.120533     1.770206
     0.122207     1.776230
     0.123881     1.782280
     0.125555     1.788355
     0.127229     1.794454
     0.128903     1.800577
     0.130577     1.806724
     0.132251     1.812893
     0.133925     1.819085
     0.135599     1.825299
     0.137274     1.831535
     0.138948     1.837791
     0.140622     1.844068
     0.142296     1.850364
     0.143970     1.856680
     0.145644     1.863015
     0.147318     1.869368
     0.148992     1.875739
     0.150666     1.882127
     0.152340     1.888532
     0.154014     1.894954
     0.155688     1.901390
     0.157362     1.907842
     0.159036     1.914308
     0.160710     1.920788
     0.162385     1.927282
     0.164059     1.933788
     0.165733     1.940306
     0.167407     1.946835


    -0.167407     2.319249
    -0.165733     2.311467
    -0.164059     2.303718
    -0.162385     2.296001
    -0.160710     2.288319
    -0.159036     2.280673
    -0.157362     2.273064
    -0.155688     2.265494
    -0.154014     2.257964
    -0.152340     2.250475
    -0.150666     2.243028
    -0.148992     2.235626
    -0.147318     2.228268
    -0.145644     2.220957
    -0.143970     2.213694
    -0.142296     2.206479
    -0.140622     2.199315
    -0.138948     2.192201
    -0.137274     2.185140
    -0.135599     2.178132
    -0.133925     2.171178
    -0.132251     2.164280
    -0.130577     2.157439
    -0.128903     2.150655
    -0.127229     2.143930
    -0.125555     2.137265
    -0.123881     2.130660
    -0.122207     2.124117
    -0.120533     2.117637
    -0.118859     2.111220
    -0.117185     2.104868
    -0.115511     2.098581
    -0.113837     2.092360
    -0.112163     2.086207
    -0.110488     2.080122
    -0.108814     2.074105
    -0.107140     2.068159
    -0.105466     2.062283
    -0.103792     2.056479
    -0.102118     2.050747
    -0.100444     2.045088
    -0.098770     2.039504
    -0.097096     2.033994
    -0.095422     2.028559
    -0.093748     2.023201
    -0.092074     2.017919
    -0.090400     2.012716
    -0.088726     2.007591
    -0.087051     2.002545
    -0.085377     1.997580
    -0.083703     1.992695
    -0.082029     1.987892
    -0.080355     1.983170
    -0.078681     1.978532
    -0.077007     1.973977
    -0.075333     1.969507
    -0.073659     1.965121
    -0.071985     1.960822
    -0.070311     1.956608
    -0.068637     1.952482
    -0.066963     1.948443
    -0.065289     1.944492
    -0.063615     1.940631
    -0.061940     1.936859
    -0.060266     1.933178
    -0.058592     1.929587
    -0.056918     1.926088
    -0.055244     1.922681
    -0.053570     1.919367
    -0.051896     1.916146
    -0.050222     1.913019
    -0.048548     1.909987
    -0.046874     1.907050
    -0.045200     1.904209
    -0.043526     1.901465
    -0.041852     1.898817
    -0.040178     1.896267
    -0.038504     1.893815
    -0.036829     1.891462
    -0.035155     1.889207
    -0.033481     1.887053
    -0.031807     1.884999
    -0.030133     1.883046
    -0.028459     1.881194
    -0.026785     1.879443
    -0.025111     1.877796
    -0.023437     1.876251
    -0.021763     1.874809
    -0.020089     1.873472
    -0.018415     1.872239
    -0.016741     1.871112
    -0.015067     1.870091
    -0.013393     1.869176
    -0.011718     1.868368
    -0.010044     1.867669
    -0.008370     1.867077
    -0.006696     1.866593
    -0.005022     1.866218
    -0.003348     1.865951
    -0.001674     1.865791
     0.000000     1.865735
     0.001674     1.865784
     0.003348     1.865941
     0.005022     1.866205
     0.006696     1.866578
     0.008370     1.867060
     0.010044     1.867650
     0.011718     1.868348
     0.013393     1.869153
     0.015067     1.870066
     0.016741     1.871086
     0.018415     1.872212
     0.020089     1.873444
     0.021763     1.874780
     0.023437     1.876221
     0.025111     1.877765
     0.026785     1.879413
     0.028459     1.881163
     0.030133     1.883014
     0.031807     1.884968
     0.033481     1.887022
     0.035155     1.889176
     0.036829     1.891431
     0.038504     1.893784
     0.040178     1.896236
     0.041852     1.898786
     0.043526     1.901434
     0.045200     1.904179
     0.046874     1.907020
     0.048548     1.909957
     0.050222     1.912989
     0.051896     1.916116
     0.053570     1.919337
     0.055244     1.922652
     0.056918     1.926059
     0.058592     1.929558
     0.060266     1.933149
     0.061940     1.936831
     0.063615     1.940603
     0.065289     1.944465
     0.066963     1.948415
     0.068637     1.952454
     0.070311     1.956581
     0.071985     1.960795
     0.073659     1.965095
     0.075333     1.969481
     0.077007     1.973952
     0.078681     1.978507
     0.080355     1.983145
     0.082029     1.987867
     0.083703     1.992671
     0.085377     1.997556
     0.087051     2.002522
     0.088726     2.007568
     0.090400     2.012694
     0.092074     2.017898
     0.093748     2.023179
     0.095422     2.028538
     0.097096     2.033973
     0.098770     2.039484
     0.100444     2.045069
     0.102118     2.050729
     0.103792     2.056461
     0.105466     2.062266
     0.107140     2.068142
     0.108814     2.074089
     0.110488     2.080106
     0.112163     2.086192
     0.113837     2.092346
     0.115511     2.098567
     0.117185     2.104854
     0.118859     2.111207
     0.120533     2.117625
     0.122207     2.124106
     0.123881     2.130649
     0.125555     2.137255
     0.127229     2.143921
     0.128903     2.150646
     0.130577     2.157431
     0.132251     2.164273
     0.133925     2.171171
     0.135599     2.178125
     0.137274     2.185134
     0.138948     2.192196
     0.140622     2.199310
     0.142296     2.206476
     0.143970     2.213691
     0.145644     2.220955
     0.147318     2.228267
     0.148992     2.235625
     0.150666     2.243028
     0.152340     2.250475
     0.154014     2.257964
     0.155688     2.265495
     0.157362     2.273066
     0.159036     2.280675
     0.160710     2.288322
     0.162385     2.296005
     0.164059     2.303722
     0.165733     2.311472
     0.167407     2.319253


    -0.167407     2.347346
    -0.165733     2.339466
    -0.164059     2.331599
    -0.162385     2.323747
    -0.160710     2.315910
    -0.159036     2.308092
    -0.157362     2.300293
    -0.155688     2.292516
    -0.154014     2.284761
    -0.152340     2.277032
    -0.150666     2.269329
    -0.148992     2.261654
    -0.147318     2.254008
    -0.145644     2.246395
    -0.143970     2.238814
    -0.142296     2.231268
    -0.140622     2.223759
    -0.138948     2.216288
    -0.137274     2.208856
    -0.135599     2.201466
    -0.133925     2.194120
    -0.132251     2.186818
    -0.130577     2.179563
    -0.128903     2.172356
    -0.127229     2.165198
    -0.125555     2.158092
    -0.123881     2.151039
    -0.122207     2.144041
    -0.120533     2.137099
    -0.118859     2.130214
    -0.117185     2.123390
    -0.115511     2.116626
    -0.113837     2.109924
    -0.112163     2.103287
    -0.110488     2.096716
    -0.108814     2.090212
    -0.107140     2.083776
    -0.105466     2.077411
    -0.103792     2.071117
    -0.102118     2.064897
    -0.100444     2.058751
    -0.098770     2.052682
    -0.097096     2.046690
    -0.095422     2.040776
    -0.093748     2.034943
    -0.092074     2.029192
    -0.090400     2.023524
    -0.088726     2.017940
    -0.087051     2.012441
    -0.085377     2.007030
    -0.083703     2.001706
    -0.082029     1.996472
    -0.080355     1.991328
    -0.078681     1.986275
    -0.077007     1.981316
    -0.075333     1.976450
    -0.073659     1.971679
    -0.071985     1.967004
    -0.070311     1.962425
    -0.068637     1.957945
    -0.066963     1.953564
    -0.065289     1.949282
    -0.063615     1.945100
    -0.061940     1.941020
    -0.060266     1.937043
    -0.058592     1.933168
    -0.056918     1.929397
    -0.055244     1.925730
    -0.053570     1.922168
    -0.051896     1.918712
    -0.050222     1.915362
    -0.048548     1.912119
    -0.046874     1.908983
    -0.045200     1.905955
    -0.043526     1.903035
    -0.041852     1.900224
    -0.040178     1.897522
    -0.038504     1.894929
    -0.036829     1.892446
    -0.035155     1.890073
    -0.033481     1.887811
    -0.031807     1.885658
    -0.030133     1.883617
    -0.028459     1.881686
    -0.026785     1.879866
    -0.025111     1.878157
    -0.023437     1.876559
    -0.021763     1.875072
    -0.020089     1.873696
    -0.018415     1.872431
    -0.016741     1.871276
    -0.015067     1.870232
    -0.013393     1.869297
    -0.011718     1.868472
    -0.010044     1.867756
    -0.008370     1.867150
    -0.006696     1.866653
    -0.005022     1.866265
    -0.003348     1.865987
    -0.001674     1.865820
     0.000000     1.865767
     0.001674     1.865826
     0.003348     1.865996
     0.005022     1.866276
     0.006696     1.866665
     0.008370     1.867164
     0.010044     1.867771
     0.011718     1.868488
     0.013393     1.869314
     0.015067     1.870250
     0.016741     1.871296
     0.018415     1.872451
     0.020089     1.873717
     0.021763     1.875093
     0.023437     1.876580
     0.025111     1.878178
     0.026785     1.879887
     0.028459     1.881706
     0.030133     1.883637
     0.031807     1.885678
     0.033481     1.887829
     0.035155     1.890092
     0.036829     1.892464
     0.038504     1.894947
     0.040178     1.897539
     0.041852     1.900240
     0.043526     1.903051
     0.045200     1.905970
     0.046874     1.908998
     0.048548     1.912133
     0.050222     1.915376
     0.051896     1.918725
     0.053570     1.922181
     0.055244     1.925742
     0.056918     1.929409
     0.058592     1.933179
     0.060266     1.937054
     0.061940     1.941031
     0.063615     1.945111
     0.065289     1.949292
     0.066963     1.953573
     0.068637     1.957955
     0.070311     1.962435
     0.071985     1.967012
     0.073659     1.971687
     0.075333     1.976458
     0.077007     1.981324
     0.078681     1.986283
     0.080355     1.991335
     0.082029     1.996479
     0.083703     2.001713
     0.085377     2.007036
     0.087051     2.012448
     0.088726     2.017946
     0.090400     2.023530
     0.092074     2.029198
     0.093748     2.034949
     0.095422     2.040782
     0.097096     2.046695
     0.098770     2.052687
     0.100444     2.058756
     0.102118     2.064902
     0.103792     2.071122
     0.105466     2.077415
     0.107140     2.083780
     0.108814     2.090216
     0.110488     2.096720
     0.112163     2.103291
     0.113837     2.109928
     0.115511     2.116629
     0.117185     2.123393
     0.118859     2.130218
     0.120533     2.137102
     0.122207     2.144044
     0.123881     2.151043
     0.125555     2.158095
     0.127229     2.165201
     0.128903     2.172359
     0.130577     2.179566
     0.132251     2.186821
     0.133925     2.194123
     0.135599     2.201470
     0.137274     2.208859
     0.138948     2.216291
     0.140622     2.223762
     0.142296     2.231271
     0.143970     2.238817
     0.145644     2.246398
     0.147318     2.254012
     0.148992     2.261657
     0.150666     2.269332
     0.152340     2.277035
     0.154014     2.284765
     0.155688     2.292519
     0.157362     2.300297
     0.159036     2.308096
     0.160710     2.315914
     0.162385     2.323751
     0.164059     2.331603
     0.165733     2.339470
     0.167407     2.347351


