    -0.167407    -3.615703
    -0.165733    -3.615719
    -0.164059    -3.615738
    -0.162385    -3.615759
    -0.160710    -3.615783
    -0.159036    -3.615809
    -0.157362    -3.615837
    -0.155688    -3.615867
    -0.154014    -3.615898
    -0.152340    -3.615931
    -0.150666    -3.615964
    -0.148992    -3.615999
    -0.147318    -3.616034
    -0.145644    -3.616070
    -0.143970    -3.616106
    -0.142296    -3.616142
    -0.140622    -3.616178
    -0.138948    -3.616213
    -0.137274    -3.616248
    -0.135599    -3.616283
    -0.133925    -3.616317
    -0.132251    -3.616350
    -0.130577    -3.616381
    -0.128903    -3.616411
    -0.127229    -3.616440
    -0.125555    -3.616468
    -0.123881    -3.616493
    -0.122207    -3.616516
    -0.120533    -3.616538
    -0.118859    -3.616557
    -0.117185    -3.616574
    -0.115511    -3.616588
    -0.113837    -3.616599
    -0.112163    -3.616608
    -0.110488    -3.616614
    -0.108814    -3.616617
    -0.107140    -3.616616
    -0.105466    -3.616612
    -0.103792    -3.616605
    -0.102118    -3.616594
    -0.100444    -3.616579
    -0.098770    -3.616561
    -0.097096    -3.616539
    -0.095422    -3.616512
    -0.093748    -3.616482
    -0.092074    -3.616447
    -0.090400    -3.616408
    -0.088726    -3.616364
    -0.087051    -3.616316
    -0.085377    -3.616263
    -0.083703    -3.616206
    -0.082029    -3.616143
    -0.080355    -3.616075
    -0.078681    -3.616003
    -0.077007    -3.615925
    -0.075333    -3.615842
    -0.073659    -3.615754
    -0.071985    -3.615660
    -0.070311    -3.615561
    -0.068637    -3.615456
    -0.066963    -3.615346
    -0.065289    -3.615230
    -0.063615    -3.615108
    -0.061940    -3.614980
    -0.060266    -3.614846
    -0.058592    -3.614706
    -0.056918    -3.614561
    -0.055244    -3.614409
    -0.053570    -3.614250
    -0.051896    -3.614086
    -0.050222    -3.613915
    -0.048548    -3.613737
    -0.046874    -3.613553
    -0.045200    -3.613363
    -0.043526    -3.613166
    -0.041852    -3.612962
    -0.040178    -3.612752
    -0.038504    -3.612535
    -0.036829    -3.612311
    -0.035155    -3.612080
    -0.033481    -3.611842
    -0.031807    -3.611597
    -0.030133    -3.611346
    -0.028459    -3.611087
    -0.026785    -3.610821
    -0.025111    -3.610548
    -0.023437    -3.610267
    -0.021763    -3.609980
    -0.020089    -3.609685
    -0.018415    -3.609383
    -0.016741    -3.609073
    -0.015067    -3.608756
    -0.013393    -3.608432
    -0.011718    -3.608100
    -0.010044    -3.607761
    -0.008370    -3.607414
    -0.006696    -3.607059
    -0.005022    -3.606697
    -0.003348    -3.606327
    -0.001674    -3.605950
     0.000000    -3.605572
     0.001674    -3.605947
     0.003348    -3.606325
     0.005022    -3.606695
     0.006696    -3.607057
     0.008370    -3.607411
     0.010044    -3.607758
     0.011718    -3.608098
     0.013393    -3.608430
     0.015067    -3.608754
     0.016741    -3.609071
     0.018415    -3.609381
     0.020089    -3.609683
     0.021763    -3.609978
     0.023437    -3.610265
     0.025111    -3.610546
     0.026785    -3.610819
     0.028459    -3.611085
     0.030133    -3.611344
     0.031807    -3.611595
     0.033481    -3.611840
     0.035155    -3.612078
     0.036829    -3.612309
     0.038504    -3.612533
     0.040178    -3.612750
     0.041852    -3.612960
     0.043526    -3.613164
     0.045200    -3.613361
     0.046874    -3.613551
     0.048548    -3.613735
     0.050222    -3.613912
     0.051896    -3.614083
     0.053570    -3.614248
     0.055244    -3.614406
     0.056918    -3.614558
     0.058592    -3.614704
     0.060266    -3.614843
     0.061940    -3.614977
     0.063615    -3.615105
     0.065289    -3.615227
     0.066963    -3.615343
     0.068637    -3.615453
     0.070311    -3.615558
     0.071985    -3.615657
     0.073659    -3.615750
     0.075333    -3.615839
     0.077007    -3.615921
     0.078681    -3.615999
     0.080355    -3.616072
     0.082029    -3.616139
     0.083703    -3.616201
     0.085377    -3.616259
     0.087051    -3.616312
     0.088726    -3.616360
     0.090400    -3.616403
     0.092074    -3.616442
     0.093748    -3.616477
     0.095422    -3.616507
     0.097096    -3.616534
     0.098770    -3.616556
     0.100444    -3.616574
     0.102118    -3.616589
     0.103792    -3.616599
     0.105466    -3.616607
     0.107140    -3.616610
     0.108814    -3.616611
     0.110488    -3.616608
     0.112163    -3.616602
     0.113837    -3.616593
     0.115511    -3.616582
     0.117185    -3.616567
     0.118859    -3.616550
     0.120533    -3.616531
     0.122207    -3.616510
     0.123881    -3.616486
     0.125555    -3.616461
     0.127229    -3.616433
     0.128903    -3.616405
     0.130577    -3.616374
     0.132251    -3.616342
     0.133925    -3.616310
     0.135599    -3.616276
     0.137274    -3.616241
     0.138948    -3.616206
     0.140622    -3.616170
     0.142296    -3.616134
     0.143970    -3.616098
     0.145644    -3.616062
     0.147318    -3.616026
     0.148992    -3.615991
     0.150666    -3.615956
     0.152340    -3.615923
     0.154014    -3.615890
     0.155688    -3.615859
     0.157362    -3.615829
     0.159036    -3.615801
     0.160710    -3.615775
     0.162385    -3.615751
     0.164059    -3.615729
     0.165733    -3.615710
     0.167407    -3.615694


    -0.167407    -3.527440
    -0.165733    -3.528566
    -0.164059    -3.529687
    -0.162385    -3.530802
    -0.160710    -3.531913
    -0.159036    -3.533018
    -0.157362    -3.534118
    -0.155688    -3.535212
    -0.154014    -3.536301
    -0.152340    -3.537384
    -0.150666    -3.538462
    -0.148992    -3.539534
    -0.147318    -3.540600
    -0.145644    -3.541660
    -0.143970    -3.542714
    -0.142296    -3.543761
    -0.140622    -3.544803
    -0.138948    -3.545838
    -0.137274    -3.546867
    -0.135599    -3.547890
    -0.133925    -3.548906
    -0.132251    -3.549915
    -0.130577    -3.550918
    -0.128903    -3.551914
    -0.127229    -3.552904
    -0.125555    -3.553886
    -0.123881    -3.554862
    -0.122207    -3.555831
    -0.120533    -3.556793
    -0.118859    -3.557747
    -0.117185    -3.558695
    -0.115511    -3.559635
    -0.113837    -3.560568
    -0.112163    -3.561494
    -0.110488    -3.562413
    -0.108814    -3.563324
    -0.107140    -3.564228
    -0.105466    -3.565124
    -0.103792    -3.566013
    -0.102118    -3.566894
    -0.100444    -3.567768
    -0.098770    -3.568634
    -0.097096    -3.569493
    -0.095422    -3.570343
    -0.093748    -3.571186
    -0.092074    -3.572022
    -0.090400    -3.572849
    -0.088726    -3.573669
    -0.087051    -3.574480
    -0.085377    -3.575284
    -0.083703    -3.576080
    -0.082029    -3.576868
    -0.080355    -3.577648
    -0.078681    -3.578420
    -0.077007    -3.579184
    -0.075333    -3.579940
    -0.073659    -3.580688
    -0.071985    -3.581428
    -0.070311    -3.582160
    -0.068637    -3.582883
    -0.066963    -3.583599
    -0.065289    -3.584307
    -0.063615    -3.585006
    -0.061940    -3.585697
    -0.060266    -3.586380
    -0.058592    -3.587055
    -0.056918    -3.587722
    -0.055244    -3.588381
    -0.053570    -3.589031
    -0.051896    -3.589673
    -0.050222    -3.590307
    -0.048548    -3.590933
    -0.046874    -3.591551
    -0.045200    -3.592161
    -0.043526    -3.592762
    -0.041852    -3.593355
    -0.040178    -3.593940
    -0.038504    -3.594517
    -0.036829    -3.595086
    -0.035155    -3.595647
    -0.033481    -3.596199
    -0.031807    -3.596744
    -0.030133    -3.597280
    -0.028459    -3.597808
    -0.026785    -3.598328
    -0.025111    -3.598840
    -0.023437    -3.599344
    -0.021763    -3.599840
    -0.020089    -3.600328
    -0.018415    -3.600807
    -0.016741    -3.601279
    -0.015067    -3.601743
    -0.013393    -3.602199
    -0.011718    -3.602647
    -0.010044    -3.603087
    -0.008370    -3.603519
    -0.006696    -3.603943
    -0.005022    -3.604360
    -0.003348    -3.604768
    -0.001674    -3.605169
     0.000000    -3.605554
     0.001674    -3.605171
     0.003348    -3.604770
     0.005022    -3.604362
     0.006696    -3.603946
     0.008370    -3.603521
     0.010044    -3.603089
     0.011718    -3.602649
     0.013393    -3.602202
     0.015067    -3.601746
     0.016741    -3.601282
     0.018415    -3.600810
     0.020089    -3.600330
     0.021763    -3.599843
     0.023437    -3.599347
     0.025111    -3.598843
     0.026785    -3.598331
     0.028459    -3.597811
     0.030133    -3.597283
     0.031807    -3.596747
     0.033481    -3.596202
     0.035155    -3.595650
     0.036829    -3.595089
     0.038504    -3.594521
     0.040178    -3.593944
     0.041852    -3.593359
     0.043526    -3.592766
     0.045200    -3.592164
     0.046874    -3.591555
     0.048548    -3.590937
     0.050222    -3.590311
     0.051896    -3.589677
     0.053570    -3.589035
     0.055244    -3.588384
     0.056918    -3.587726
     0.058592    -3.587059
     0.060266    -3.586384
     0.061940    -3.585701
     0.063615    -3.585010
     0.065289    -3.584310
     0.066963    -3.583603
     0.068637    -3.582887
     0.070311    -3.582164
     0.071985    -3.581432
     0.073659    -3.580692
     0.075333    -3.579944
     0.077007    -3.579188
     0.078681    -3.578424
     0.080355    -3.577652
     0.082029    -3.576872
     0.083703    -3.576084
     0.085377    -3.575288
     0.087051    -3.574484
     0.088726    -3.573672
     0.090400    -3.572852
     0.092074    -3.572025
     0.093748    -3.571190
     0.095422    -3.570347
     0.097096    -3.569496
     0.098770    -3.568637
     0.100444    -3.567771
     0.102118    -3.566897
     0.103792    -3.566016
     0.105466    -3.565127
     0.107140    -3.564231
     0.108814    -3.563327
     0.110488    -3.562415
     0.112163    -3.561497
     0.113837    -3.560571
     0.115511    -3.559637
     0.117185    -3.558697
     0.118859    -3.557749
     0.120533    -3.556794
     0.122207    -3.555832
     0.123881    -3.554863
     0.125555    -3.553888
     0.127229    -3.552905
     0.128903    -3.551915
     0.130577    -3.550919
     0.132251    -3.549916
     0.133925    -3.548906
     0.135599    -3.547890
     0.137274    -3.546867
     0.138948    -3.545838
     0.140622    -3.544803
     0.142296    -3.543761
     0.143970    -3.542713
     0.145644    -3.541659
     0.147318    -3.540599
     0.148992    -3.539533
     0.150666    -3.538461
     0.152340    -3.537383
     0.154014    -3.536299
     0.155688    -3.535210
     0.157362    -3.534116
     0.159036    -3.533016
     0.160710    -3.531910
     0.162385    -3.530799
     0.164059    -3.529684
     0.165733    -3.528563
     0.167407    -3.527437


    -0.167407    -2.344867
    -0.165733    -2.339725
    -0.164059    -2.334698
    -0.162385    -2.329785
    -0.160710    -2.324985
    -0.159036    -2.320293
    -0.157362    -2.315708
    -0.155688    -2.311228
    -0.154014    -2.306849
    -0.152340    -2.302570
    -0.150666    -2.298387
    -0.148992    -2.294298
    -0.147318    -2.290300
    -0.145644    -2.286391
    -0.143970    -2.282568
    -0.142296    -2.278830
    -0.140622    -2.275172
    -0.138948    -2.271594
    -0.137274    -2.268092
    -0.135599    -2.264665
    -0.133925    -2.261311
    -0.132251    -2.258026
    -0.130577    -2.254810
    -0.128903    -2.251661
    -0.127229    -2.248575
    -0.125555    -2.245553
    -0.123881    -2.242592
    -0.122207    -2.239690
    -0.120533    -2.236846
    -0.118859    -2.234058
    -0.117185    -2.231325
    -0.115511    -2.228646
    -0.113837    -2.226020
    -0.112163    -2.223444
    -0.110488    -2.220918
    -0.108814    -2.218441
    -0.107140    -2.216012
    -0.105466    -2.213629
    -0.103792    -2.211292
    -0.102118    -2.209000
    -0.100444    -2.206752
    -0.098770    -2.204548
    -0.097096    -2.202385
    -0.095422    -2.200265
    -0.093748    -2.198185
    -0.092074    -2.196146
    -0.090400    -2.194147
    -0.088726    -2.192187
    -0.087051    -2.190265
    -0.085377    -2.188382
    -0.083703    -2.186536
    -0.082029    -2.184727
    -0.080355    -2.182955
    -0.078681    -2.181219
    -0.077007    -2.179519
    -0.075333    -2.177854
    -0.073659    -2.176225
    -0.071985    -2.174630
    -0.070311    -2.173070
    -0.068637    -2.171544
    -0.066963    -2.170052
    -0.065289    -2.168594
    -0.063615    -2.167169
    -0.061940    -2.165777
    -0.060266    -2.164418
    -0.058592    -2.163091
    -0.056918    -2.161798
    -0.055244    -2.160536
    -0.053570    -2.159306
    -0.051896    -2.158109
    -0.050222    -2.156943
    -0.048548    -2.155809
    -0.046874    -2.154706
    -0.045200    -2.153635
    -0.043526    -2.152594
    -0.041852    -2.151585
    -0.040178    -2.150607
    -0.038504    -2.149659
    -0.036829    -2.148742
    -0.035155    -2.147856
    -0.033481    -2.147000
    -0.031807    -2.146175
    -0.030133    -2.145379
    -0.028459    -2.144614
    -0.026785    -2.143879
    -0.025111    -2.143174
    -0.023437    -2.142499
    -0.021763    -2.141854
    -0.020089    -2.141239
    -0.018415    -2.140653
    -0.016741    -2.140097
    -0.015067    -2.139570
    -0.013393    -2.139073
    -0.011718    -2.138605
    -0.010044    -2.138167
    -0.008370    -2.137757
    -0.006696    -2.137377
    -0.005022    -2.137026
    -0.003348    -2.136704
    -0.001674    -2.136411
     0.000000    -2.136158
     0.001674    -2.136415
     0.003348    -2.136708
     0.005022    -2.137030
     0.006696    -2.137382
     0.008370    -2.137762
     0.010044    -2.138171
     0.011718    -2.138610
     0.013393    -2.139078
     0.015067    -2.139575
     0.016741    -2.140102
     0.018415    -2.140658
     0.020089    -2.141244
     0.021763    -2.141860
     0.023437    -2.142505
     0.025111    -2.143180
     0.026785    -2.143885
     0.028459    -2.144620
     0.030133    -2.145385
     0.031807    -2.146181
     0.033481    -2.147006
     0.035155    -2.147862
     0.036829    -2.148749
     0.038504    -2.149666
     0.040178    -2.150613
     0.041852    -2.151592
     0.043526    -2.152601
     0.045200    -2.153641
     0.046874    -2.154713
     0.048548    -2.155816
     0.050222    -2.156950
     0.051896    -2.158116
     0.053570    -2.159314
     0.055244    -2.160543
     0.056918    -2.161805
     0.058592    -2.163099
     0.060266    -2.164426
     0.061940    -2.165785
     0.063615    -2.167177
     0.065289    -2.168602
     0.066963    -2.170060
     0.068637    -2.171553
     0.070311    -2.173079
     0.071985    -2.174639
     0.073659    -2.176234
     0.075333    -2.177863
     0.077007    -2.179528
     0.078681    -2.181228
     0.080355    -2.182964
     0.082029    -2.184736
     0.083703    -2.186545
     0.085377    -2.188391
     0.087051    -2.190274
     0.088726    -2.192196
     0.090400    -2.194156
     0.092074    -2.196156
     0.093748    -2.198195
     0.095422    -2.200275
     0.097096    -2.202395
     0.098770    -2.204558
     0.100444    -2.206763
     0.102118    -2.209011
     0.103792    -2.211303
     0.105466    -2.213639
     0.107140    -2.216022
     0.108814    -2.218452
     0.110488    -2.220929
     0.112163    -2.223455
     0.113837    -2.226030
     0.115511    -2.228657
     0.117185    -2.231337
     0.118859    -2.234069
     0.120533    -2.236857
     0.122207    -2.239701
     0.123881    -2.242603
     0.125555    -2.245564
     0.127229    -2.248587
     0.128903    -2.251672
     0.130577    -2.254822
     0.132251    -2.258038
     0.133925    -2.261322
     0.135599    -2.264677
     0.137274    -2.268104
     0.138948    -2.271605
     0.140622    -2.275184
     0.142296    -2.278841
     0.143970    -2.282580
     0.145644    -2.286402
     0.147318    -2.290311
     0.148992    -2.294309
     0.150666    -2.298398
     0.152340    -2.302581
     0.154014    -2.306860
     0.155688    -2.311238
     0.157362    -2.315719
     0.159036    -2.320303
     0.160710    -2.324994
     0.162385    -2.329795
     0.164059    -2.334707
     0.165733    -2.339733
     0.167407    -2.344876


    -0.167407    -2.271275
    -0.165733    -2.266878
    -0.164059    -2.262648
    -0.162385    -2.258578
    -0.160710    -2.254661
    -0.159036    -2.250890
    -0.157362    -2.247258
    -0.155688    -2.243757
    -0.154014    -2.240382
    -0.152340    -2.237124
    -0.150666    -2.233978
    -0.148992    -2.230938
    -0.147318    -2.227997
    -0.145644    -2.225151
    -0.143970    -2.222394
    -0.142296    -2.219721
    -0.140622    -2.217127
    -0.138948    -2.214609
    -0.137274    -2.212163
    -0.135599    -2.209784
    -0.133925    -2.207470
    -0.132251    -2.205217
    -0.130577    -2.203023
    -0.128903    -2.200884
    -0.127229    -2.198799
    -0.125555    -2.196765
    -0.123881    -2.194780
    -0.122207    -2.192841
    -0.120533    -2.190948
    -0.118859    -2.189099
    -0.117185    -2.187291
    -0.115511    -2.185525
    -0.113837    -2.183798
    -0.112163    -2.182109
    -0.110488    -2.180457
    -0.108814    -2.178841
    -0.107140    -2.177261
    -0.105466    -2.175716
    -0.103792    -2.174204
    -0.102118    -2.172725
    -0.100444    -2.171278
    -0.098770    -2.169864
    -0.097096    -2.168480
    -0.095422    -2.167128
    -0.093748    -2.165806
    -0.092074    -2.164514
    -0.090400    -2.163251
    -0.088726    -2.162018
    -0.087051    -2.160814
    -0.085377    -2.159638
    -0.083703    -2.158491
    -0.082029    -2.157373
    -0.080355    -2.156282
    -0.078681    -2.155219
    -0.077007    -2.154184
    -0.075333    -2.153177
    -0.073659    -2.152197
    -0.071985    -2.151245
    -0.070311    -2.150319
    -0.068637    -2.149422
    -0.066963    -2.148551
    -0.065289    -2.147707
    -0.063615    -2.146891
    -0.061940    -2.146101
    -0.060266    -2.145339
    -0.058592    -2.144604
    -0.056918    -2.143896
    -0.055244    -2.143214
    -0.053570    -2.142560
    -0.051896    -2.141933
    -0.050222    -2.141333
    -0.048548    -2.140760
    -0.046874    -2.140214
    -0.045200    -2.139696
    -0.043526    -2.139204
    -0.041852    -2.138740
    -0.040178    -2.138303
    -0.038504    -2.137893
    -0.036829    -2.137511
    -0.035155    -2.137156
    -0.033481    -2.136829
    -0.031807    -2.136530
    -0.030133    -2.136257
    -0.028459    -2.136013
    -0.026785    -2.135796
    -0.025111    -2.135607
    -0.023437    -2.135446
    -0.021763    -2.135313
    -0.020089    -2.135208
    -0.018415    -2.135131
    -0.016741    -2.135082
    -0.015067    -2.135061
    -0.013393    -2.135068
    -0.011718    -2.135104
    -0.010044    -2.135168
    -0.008370    -2.135260
    -0.006696    -2.135381
    -0.005022    -2.135530
    -0.003348    -2.135708
    -0.001674    -2.135915
     0.000000    -2.136140
     0.001674    -2.135911
     0.003348    -2.135705
     0.005022    -2.135527
     0.006696    -2.135378
     0.008370    -2.135257
     0.010044    -2.135165
     0.011718    -2.135101
     0.013393    -2.135065
     0.015067    -2.135058
     0.016741    -2.135079
     0.018415    -2.135128
     0.020089    -2.135206
     0.021763    -2.135311
     0.023437    -2.135444
     0.025111    -2.135606
     0.026785    -2.135795
     0.028459    -2.136012
     0.030133    -2.136256
     0.031807    -2.136529
     0.033481    -2.136828
     0.035155    -2.137156
     0.036829    -2.137511
     0.038504    -2.137893
     0.040178    -2.138303
     0.041852    -2.138740
     0.043526    -2.139204
     0.045200    -2.139696
     0.046874    -2.140215
     0.048548    -2.140761
     0.050222    -2.141334
     0.051896    -2.141934
     0.053570    -2.142561
     0.055244    -2.143216
     0.056918    -2.143897
     0.058592    -2.144606
     0.060266    -2.145341
     0.061940    -2.146104
     0.063615    -2.146893
     0.065289    -2.147710
     0.066963    -2.148554
     0.068637    -2.149425
     0.070311    -2.150323
     0.071985    -2.151248
     0.073659    -2.152201
     0.075333    -2.153181
     0.077007    -2.154188
     0.078681    -2.155223
     0.080355    -2.156286
     0.082029    -2.157377
     0.083703    -2.158496
     0.085377    -2.159643
     0.087051    -2.160818
     0.088726    -2.162023
     0.090400    -2.163256
     0.092074    -2.164519
     0.093748    -2.165811
     0.095422    -2.167133
     0.097096    -2.168486
     0.098770    -2.169869
     0.100444    -2.171284
     0.102118    -2.172731
     0.103792    -2.174210
     0.105466    -2.175722
     0.107140    -2.177267
     0.108814    -2.178848
     0.110488    -2.180463
     0.112163    -2.182115
     0.113837    -2.183804
     0.115511    -2.185531
     0.117185    -2.187298
     0.118859    -2.189105
     0.120533    -2.190955
     0.122207    -2.192848
     0.123881    -2.194786
     0.125555    -2.196772
     0.127229    -2.198806
     0.128903    -2.200891
     0.130577    -2.203030
     0.132251    -2.205224
     0.133925    -2.207477
     0.135599    -2.209791
     0.137274    -2.212169
     0.138948    -2.214616
     0.140622    -2.217134
     0.142296    -2.219727
     0.143970    -2.222400
     0.145644    -2.225157
     0.147318    -2.228004
     0.148992    -2.230944
     0.150666    -2.233984
     0.152340    -2.237130
     0.154014    -2.240388
     0.155688    -2.243763
     0.157362    -2.247264
     0.159036    -2.250896
     0.160710    -2.254666
     0.162385    -2.258583
     0.164059    -2.262653
     0.165733    -2.266883
     0.167407    -2.271280


    -0.167407    -2.074908
    -0.165733    -2.068219
    -0.164059    -2.061411
    -0.162385    -2.054493
    -0.160710    -2.047474
    -0.159036    -2.040361
    -0.157362    -2.033165
    -0.155688    -2.025894
    -0.154014    -2.018556
    -0.152340    -2.011159
    -0.150666    -2.003711
    -0.148992    -1.996221
    -0.147318    -1.988695
    -0.145644    -1.981140
    -0.143970    -1.973565
    -0.142296    -1.965973
    -0.140622    -1.958373
    -0.138948    -1.950769
    -0.137274    -1.943167
    -0.135599    -1.935573
    -0.133925    -1.927990
    -0.132251    -1.920424
    -0.130577    -1.912880
    -0.128903    -1.905360
    -0.127229    -1.897869
    -0.125555    -1.890412
    -0.123881    -1.882990
    -0.122207    -1.875608
    -0.120533    -1.868268
    -0.118859    -1.860973
    -0.117185    -1.853727
    -0.115511    -1.846532
    -0.113837    -1.839390
    -0.112163    -1.832304
    -0.110488    -1.825277
    -0.108814    -1.818309
    -0.107140    -1.811406
    -0.105466    -1.804572
    -0.103792    -1.797844
    -0.102118    -1.791437
    -0.100444    -1.785218
    -0.098770    -1.779065
    -0.097096    -1.772966
    -0.095422    -1.766921
    -0.093748    -1.760932
    -0.092074    -1.754997
    -0.090400    -1.749120
    -0.088726    -1.743300
    -0.087051    -1.737538
    -0.085377    -1.731836
    -0.083703    -1.726194
    -0.082029    -1.720613
    -0.080355    -1.715095
    -0.078681    -1.709639
    -0.077007    -1.704248
    -0.075333    -1.698921
    -0.073659    -1.693659
    -0.071985    -1.688464
    -0.070311    -1.683336
    -0.068637    -1.678277
    -0.066963    -1.673286
    -0.065289    -1.668364
    -0.063615    -1.663513
    -0.061940    -1.658734
    -0.060266    -1.654027
    -0.058592    -1.649393
    -0.056918    -1.644833
    -0.055244    -1.640349
    -0.053570    -1.635941
    -0.051896    -1.631610
    -0.050222    -1.627358
    -0.048548    -1.623186
    -0.046874    -1.619096
    -0.045200    -1.615088
    -0.043526    -1.611165
    -0.041852    -1.607329
    -0.040178    -1.603580
    -0.038504    -1.599923
    -0.036829    -1.596358
    -0.035155    -1.592889
    -0.033481    -1.589518
    -0.031807    -1.586249
    -0.030133    -1.583085
    -0.028459    -1.580030
    -0.026785    -1.577089
    -0.025111    -1.574265
    -0.023437    -1.571565
    -0.021763    -1.568993
    -0.020089    -1.566557
    -0.018415    -1.564262
    -0.016741    -1.562116
    -0.015067    -1.560126
    -0.013393    -1.558301
    -0.011718    -1.556649
    -0.010044    -1.555177
    -0.008370    -1.553895
    -0.006696    -1.552808
    -0.005022    -1.551926
    -0.003348    -1.551253
    -0.001674    -1.550794
     0.000000    -1.550556
     0.001674    -1.550794
     0.003348    -1.551251
     0.005022    -1.551923
     0.006696    -1.552804
     0.008370    -1.553889
     0.010044    -1.555171
     0.011718    -1.556642
     0.013393    -1.558293
     0.015067    -1.560117
     0.016741    -1.562106
     0.018415    -1.564251
     0.020089    -1.566545
     0.021763    -1.568981
     0.023437    -1.571552
     0.025111    -1.574252
     0.026785    -1.577075
     0.028459    -1.580016
     0.030133    -1.583071
     0.031807    -1.586234
     0.033481    -1.589503
     0.035155    -1.592873
     0.036829    -1.596342
     0.038504    -1.599906
     0.040178    -1.603564
     0.041852    -1.607312
     0.043526    -1.611148
     0.045200    -1.615071
     0.046874    -1.619078
     0.048548    -1.623168
     0.050222    -1.627340
     0.051896    -1.631592
     0.053570    -1.635922
     0.055244    -1.640330
     0.056918    -1.644815
     0.058592    -1.649374
     0.060266    -1.654008
     0.061940    -1.658715
     0.063615    -1.663494
     0.065289    -1.668345
     0.066963    -1.673266
     0.068637    -1.678257
     0.070311    -1.683317
     0.071985    -1.688445
     0.073659    -1.693639
     0.075333    -1.698901
     0.077007    -1.704228
     0.078681    -1.709619
     0.080355    -1.715074
     0.082029    -1.720593
     0.083703    -1.726173
     0.085377    -1.731815
     0.087051    -1.737517
     0.088726    -1.743279
     0.090400    -1.749099
     0.092074    -1.754976
     0.093748    -1.760911
     0.095422    -1.766900
     0.097096    -1.772944
     0.098770    -1.779042
     0.100444    -1.785195
     0.102118    -1.791411
     0.103792    -1.797811
     0.105466    -1.804541
     0.107140    -1.811376
     0.108814    -1.818280
     0.110488    -1.825248
     0.112163    -1.832276
     0.113837    -1.839363
     0.115511    -1.846505
     0.117185    -1.853701
     0.118859    -1.860947
     0.120533    -1.868242
     0.122207    -1.875582
     0.123881    -1.882965
     0.125555    -1.890387
     0.127229    -1.897845
     0.128903    -1.905336
     0.130577    -1.912856
     0.132251    -1.920402
     0.133925    -1.927968
     0.135599    -1.935551
     0.137274    -1.943146
     0.138948    -1.950748
     0.140622    -1.958353
     0.142296    -1.965954
     0.143970    -1.973546
     0.145644    -1.981122
     0.147318    -1.988677
     0.148992    -1.996204
     0.150666    -2.003695
     0.152340    -2.011143
     0.154014    -2.018540
     0.155688    -2.025879
     0.157362    -2.033152
     0.159036    -2.040348
     0.160710    -2.047461
     0.162385    -2.054481
     0.164059    -2.061400
     0.165733    -2.068208
     0.167407    -2.074898


    -0.167407    -2.050800
    -0.165733    -2.044409
    -0.164059    -2.037963
    -0.162385    -2.031466
    -0.160710    -2.024921
    -0.159036    -2.018331
    -0.157362    -2.011701
    -0.155688    -2.005033
    -0.154014    -1.998331
    -0.152340    -1.991599
    -0.150666    -1.984840
    -0.148992    -1.978059
    -0.147318    -1.971258
    -0.145644    -1.964441
    -0.143970    -1.957612
    -0.142296    -1.950774
    -0.140622    -1.943931
    -0.138948    -1.937085
    -0.137274    -1.930240
    -0.135599    -1.923399
    -0.133925    -1.916564
    -0.132251    -1.909740
    -0.130577    -1.902928
    -0.128903    -1.896132
    -0.127229    -1.889354
    -0.125555    -1.882597
    -0.123881    -1.875863
    -0.122207    -1.869154
    -0.120533    -1.862473
    -0.118859    -1.855822
    -0.117185    -1.849204
    -0.115511    -1.842619
    -0.113837    -1.836070
    -0.112163    -1.829559
    -0.110488    -1.823087
    -0.108814    -1.816656
    -0.107140    -1.810267
    -0.105466    -1.803915
    -0.103792    -1.797570
    -0.102118    -1.791018
    -0.100444    -1.784396
    -0.098770    -1.777828
    -0.097096    -1.771329
    -0.095422    -1.764901
    -0.093748    -1.758546
    -0.092074    -1.752266
    -0.090400    -1.746061
    -0.088726    -1.739933
    -0.087051    -1.733882
    -0.085377    -1.727910
    -0.083703    -1.722017
    -0.082029    -1.716205
    -0.080355    -1.710473
    -0.078681    -1.704822
    -0.077007    -1.699253
    -0.075333    -1.693767
    -0.073659    -1.688364
    -0.071985    -1.683045
    -0.070311    -1.677810
    -0.068637    -1.672659
    -0.066963    -1.667593
    -0.065289    -1.662613
    -0.063615    -1.657719
    -0.061940    -1.652911
    -0.060266    -1.648190
    -0.058592    -1.643556
    -0.056918    -1.639010
    -0.055244    -1.634553
    -0.053570    -1.630185
    -0.051896    -1.625906
    -0.050222    -1.621719
    -0.048548    -1.617622
    -0.046874    -1.613618
    -0.045200    -1.609708
    -0.043526    -1.605892
    -0.041852    -1.602172
    -0.040178    -1.598550
    -0.038504    -1.595027
    -0.036829    -1.591605
    -0.035155    -1.588287
    -0.033481    -1.585075
    -0.031807    -1.581973
    -0.030133    -1.578982
    -0.028459    -1.576107
    -0.026785    -1.573352
    -0.025111    -1.570721
    -0.023437    -1.568220
    -0.021763    -1.565854
    -0.020089    -1.563628
    -0.018415    -1.561550
    -0.016741    -1.559627
    -0.015067    -1.557866
    -0.013393    -1.556275
    -0.011718    -1.554861
    -0.010044    -1.553634
    -0.008370    -1.552601
    -0.006696    -1.551768
    -0.005022    -1.551142
    -0.003348    -1.550729
    -0.001674    -1.550532
     0.000000    -1.550550
     0.001674    -1.550530
     0.003348    -1.550726
     0.005022    -1.551138
     0.006696    -1.551762
     0.008370    -1.552594
     0.010044    -1.553626
     0.011718    -1.554852
     0.013393    -1.556265
     0.015067    -1.557855
     0.016741    -1.559615
     0.018415    -1.561538
     0.020089    -1.563615
     0.021763    -1.565839
     0.023437    -1.568205
     0.025111    -1.570706
     0.026785    -1.573336
     0.028459    -1.576090
     0.030133    -1.578964
     0.031807    -1.581954
     0.033481    -1.585057
     0.035155    -1.588268
     0.036829    -1.591586
     0.038504    -1.595007
     0.040178    -1.598529
     0.041852    -1.602151
     0.043526    -1.605870
     0.045200    -1.609686
     0.046874    -1.613596
     0.048548    -1.617600
     0.050222    -1.621696
     0.051896    -1.625883
     0.053570    -1.630161
     0.055244    -1.634529
     0.056918    -1.638986
     0.058592    -1.643531
     0.060266    -1.648165
     0.061940    -1.652885
     0.063615    -1.657693
     0.065289    -1.662587
     0.066963    -1.667567
     0.068637    -1.672633
     0.070311    -1.677783
     0.071985    -1.683018
     0.073659    -1.688337
     0.075333    -1.693740
     0.077007    -1.699226
     0.078681    -1.704794
     0.080355    -1.710445
     0.082029    -1.716177
     0.083703    -1.721989
     0.085377    -1.727882
     0.087051    -1.733854
     0.088726    -1.739905
     0.090400    -1.746033
     0.092074    -1.752238
     0.093748    -1.758518
     0.095422    -1.764873
     0.097096    -1.771302
     0.098770    -1.777802
     0.100444    -1.784370
     0.102118    -1.790995
     0.103792    -1.797554
     0.105466    -1.803897
     0.107140    -1.810247
     0.108814    -1.816637
     0.110488    -1.823067
     0.112163    -1.829539
     0.113837    -1.836050
     0.115511    -1.842598
     0.117185    -1.849183
     0.118859    -1.855801
     0.120533    -1.862452
     0.122207    -1.869133
     0.123881    -1.875842
     0.125555    -1.882576
     0.127229    -1.889333
     0.128903    -1.896111
     0.130577    -1.902907
     0.132251    -1.909718
     0.133925    -1.916543
     0.135599    -1.923377
     0.137274    -1.930218
     0.138948    -1.937063
     0.140622    -1.943909
     0.142296    -1.950753
     0.143970    -1.957591
     0.145644    -1.964420
     0.147318    -1.971236
     0.148992    -1.978037
     0.150666    -1.984819
     0.152340    -1.991577
     0.154014    -1.998309
     0.155688    -2.005011
     0.157362    -2.011679
     0.159036    -2.018310
     0.160710    -2.024900
     0.162385    -2.031445
     0.164059    -2.037943
     0.165733    -2.044389
     0.167407    -2.050780


    -0.167407    -1.575948
    -0.165733    -1.572787
    -0.164059    -1.569653
    -0.162385    -1.566548
    -0.160710    -1.563471
    -0.159036    -1.560423
    -0.157362    -1.557406
    -0.155688    -1.554420
    -0.154014    -1.551467
    -0.152340    -1.548546
    -0.150666    -1.545658
    -0.148992    -1.542805
    -0.147318    -1.539988
    -0.145644    -1.537206
    -0.143970    -1.534461
    -0.142296    -1.531754
    -0.140622    -1.529086
    -0.138948    -1.526456
    -0.137274    -1.523867
    -0.135599    -1.521319
    -0.133925    -1.518812
    -0.132251    -1.516348
    -0.130577    -1.513927
    -0.128903    -1.511551
    -0.127229    -1.509219
    -0.125555    -1.506932
    -0.123881    -1.504692
    -0.122207    -1.502498
    -0.120533    -1.500352
    -0.118859    -1.498255
    -0.117185    -1.496207
    -0.115511    -1.494208
    -0.113837    -1.492259
    -0.112163    -1.490362
    -0.110488    -1.488515
    -0.108814    -1.486721
    -0.107140    -1.484980
    -0.105466    -1.483291
    -0.103792    -1.481657
    -0.102118    -1.480076
    -0.100444    -1.478550
    -0.098770    -1.477079
    -0.097096    -1.475663
    -0.095422    -1.474303
    -0.093748    -1.472999
    -0.092074    -1.471752
    -0.090400    -1.470562
    -0.088726    -1.469428
    -0.087051    -1.468352
    -0.085377    -1.467333
    -0.083703    -1.466372
    -0.082029    -1.465469
    -0.080355    -1.464624
    -0.078681    -1.463836
    -0.077007    -1.463107
    -0.075333    -1.462436
    -0.073659    -1.461823
    -0.071985    -1.461267
    -0.070311    -1.460770
    -0.068637    -1.460330
    -0.066963    -1.459948
    -0.065289    -1.459622
    -0.063615    -1.459354
    -0.061940    -1.459142
    -0.060266    -1.458986
    -0.058592    -1.458886
    -0.056918    -1.458841
    -0.055244    -1.458850
    -0.053570    -1.458912
    -0.051896    -1.459028
    -0.050222    -1.459195
    -0.048548    -1.459412
    -0.046874    -1.459680
    -0.045200    -1.459995
    -0.043526    -1.460357
    -0.041852    -1.460764
    -0.040178    -1.461215
    -0.038504    -1.461707
    -0.036829    -1.462238
    -0.035155    -1.462806
    -0.033481    -1.463408
    -0.031807    -1.464042
    -0.030133    -1.464704
    -0.028459    -1.465390
    -0.026785    -1.466094
    -0.025111    -1.466810
    -0.023437    -1.467530
    -0.021763    -1.468249
    -0.020089    -1.468958
    -0.018415    -1.469652
    -0.016741    -1.470323
    -0.015067    -1.470963
    -0.013393    -1.471565
    -0.011718    -1.472121
    -0.010044    -1.472623
    -0.008370    -1.473063
    -0.006696    -1.473434
    -0.005022    -1.473729
    -0.003348    -1.473943
    -0.001674    -1.474071
     0.000000    -1.474113
     0.001674    -1.474066
     0.003348    -1.473934
     0.005022    -1.473718
     0.006696    -1.473422
     0.008370    -1.473051
     0.010044    -1.472612
     0.011718    -1.472110
     0.013393    -1.471555
     0.015067    -1.470954
     0.016741    -1.470315
     0.018415    -1.469645
     0.020089    -1.468952
     0.021763    -1.468243
     0.023437    -1.467526
     0.025111    -1.466807
     0.026785    -1.466094
     0.028459    -1.465393
     0.030133    -1.464710
     0.031807    -1.464051
     0.033481    -1.463420
     0.035155    -1.462819
     0.036829    -1.462253
     0.038504    -1.461723
     0.040178    -1.461231
     0.041852    -1.460781
     0.043526    -1.460374
     0.045200    -1.460012
     0.046874    -1.459697
     0.048548    -1.459430
     0.050222    -1.459212
     0.051896    -1.459045
     0.053570    -1.458930
     0.055244    -1.458867
     0.056918    -1.458858
     0.058592    -1.458903
     0.060266    -1.459003
     0.061940    -1.459159
     0.063615    -1.459370
     0.065289    -1.459639
     0.066963    -1.459964
     0.068637    -1.460346
     0.070311    -1.460785
     0.071985    -1.461283
     0.073659    -1.461838
     0.075333    -1.462451
     0.077007    -1.463122
     0.078681    -1.463851
     0.080355    -1.464638
     0.082029    -1.465483
     0.083703    -1.466386
     0.085377    -1.467347
     0.087051    -1.468365
     0.088726    -1.469441
     0.090400    -1.470574
     0.092074    -1.471764
     0.093748    -1.473011
     0.095422    -1.474315
     0.097096    -1.475674
     0.098770    -1.477090
     0.100444    -1.478561
     0.102118    -1.480086
     0.103792    -1.481667
     0.105466    -1.483301
     0.107140    -1.484989
     0.108814    -1.486731
     0.110488    -1.488524
     0.112163    -1.490370
     0.113837    -1.492268
     0.115511    -1.494216
     0.117185    -1.496214
     0.118859    -1.498263
     0.120533    -1.500360
     0.122207    -1.502505
     0.123881    -1.504698
     0.125555    -1.506938
     0.127229    -1.509225
     0.128903    -1.511556
     0.130577    -1.513933
     0.132251    -1.516354
     0.133925    -1.518817
     0.135599    -1.521324
     0.137274    -1.523872
     0.138948    -1.526461
     0.140622    -1.529090
     0.142296    -1.531758
     0.143970    -1.534465
     0.145644    -1.537209
     0.147318    -1.539991
     0.148992    -1.542808
     0.150666    -1.545661
     0.152340    -1.548548
     0.154014    -1.551469
     0.155688    -1.554422
     0.157362    -1.557408
     0.159036    -1.560425
     0.160710    -1.563472
     0.162385    -1.566549
     0.164059    -1.569654
     0.165733    -1.572788
     0.167407    -1.575949


    -0.167407    -1.546473
    -0.165733    -1.543554
    -0.164059    -1.540679
    -0.162385    -1.537849
    -0.160710    -1.535064
    -0.159036    -1.532324
    -0.157362    -1.529631
    -0.155688    -1.526983
    -0.154014    -1.524383
    -0.152340    -1.521829
    -0.150666    -1.519323
    -0.148992    -1.516864
    -0.147318    -1.514453
    -0.145644    -1.512091
    -0.143970    -1.509776
    -0.142296    -1.507511
    -0.140622    -1.505294
    -0.138948    -1.503126
    -0.137274    -1.501007
    -0.135599    -1.498937
    -0.133925    -1.496917
    -0.132251    -1.494946
    -0.130577    -1.493024
    -0.128903    -1.491152
    -0.127229    -1.489329
    -0.125555    -1.487556
    -0.123881    -1.485833
    -0.122207    -1.484159
    -0.120533    -1.482535
    -0.118859    -1.480961
    -0.117185    -1.479436
    -0.115511    -1.477961
    -0.113837    -1.476535
    -0.112163    -1.475159
    -0.110488    -1.473832
    -0.108814    -1.472554
    -0.107140    -1.471326
    -0.105466    -1.470147
    -0.103792    -1.469017
    -0.102118    -1.467936
    -0.100444    -1.466904
    -0.098770    -1.465921
    -0.097096    -1.464986
    -0.095422    -1.464100
    -0.093748    -1.463263
    -0.092074    -1.462474
    -0.090400    -1.461734
    -0.088726    -1.461041
    -0.087051    -1.460396
    -0.085377    -1.459800
    -0.083703    -1.459251
    -0.082029    -1.458749
    -0.080355    -1.458295
    -0.078681    -1.457888
    -0.077007    -1.457528
    -0.075333    -1.457214
    -0.073659    -1.456947
    -0.071985    -1.456726
    -0.070311    -1.456551
    -0.068637    -1.456422
    -0.066963    -1.456337
    -0.065289    -1.456298
    -0.063615    -1.456303
    -0.061940    -1.456353
    -0.060266    -1.456446
    -0.058592    -1.456581
    -0.056918    -1.456760
    -0.055244    -1.456980
    -0.053570    -1.457242
    -0.051896    -1.457543
    -0.050222    -1.457885
    -0.048548    -1.458264
    -0.046874    -1.458682
    -0.045200    -1.459135
    -0.043526    -1.459623
    -0.041852    -1.460144
    -0.040178    -1.460697
    -0.038504    -1.461280
    -0.036829    -1.461890
    -0.035155    -1.462525
    -0.033481    -1.463181
    -0.031807    -1.463856
    -0.030133    -1.464545
    -0.028459    -1.465247
    -0.026785    -1.465957
    -0.025111    -1.466673
    -0.023437    -1.467392
    -0.021763    -1.468110
    -0.020089    -1.468820
    -0.018415    -1.469517
    -0.016741    -1.470192
    -0.015067    -1.470839
    -0.013393    -1.471450
    -0.011718    -1.472015
    -0.010044    -1.472528
    -0.008370    -1.472978
    -0.006696    -1.473360
    -0.005022    -1.473666
    -0.003348    -1.473890
    -0.001674    -1.474028
     0.000000    -1.474077
     0.001674    -1.474035
     0.003348    -1.473902
     0.005022    -1.473682
     0.006696    -1.473378
     0.008370    -1.472998
     0.010044    -1.472548
     0.011718    -1.472037
     0.013393    -1.471472
     0.015067    -1.470862
     0.016741    -1.470215
     0.018415    -1.469539
     0.020089    -1.468842
     0.021763    -1.468132
     0.023437    -1.467413
     0.025111    -1.466693
     0.026785    -1.465975
     0.028459    -1.465262
     0.030133    -1.464557
     0.031807    -1.463865
     0.033481    -1.463188
     0.035155    -1.462530
     0.036829    -1.461894
     0.038504    -1.461283
     0.040178    -1.460700
     0.041852    -1.460147
     0.043526    -1.459625
     0.045200    -1.459137
     0.046874    -1.458683
     0.048548    -1.458266
     0.050222    -1.457886
     0.051896    -1.457545
     0.053570    -1.457243
     0.055244    -1.456981
     0.056918    -1.456761
     0.058592    -1.456583
     0.060266    -1.456447
     0.061940    -1.456354
     0.063615    -1.456304
     0.065289    -1.456299
     0.066963    -1.456338
     0.068637    -1.456422
     0.070311    -1.456552
     0.071985    -1.456727
     0.073659    -1.456948
     0.075333    -1.457215
     0.077007    -1.457528
     0.078681    -1.457889
     0.080355    -1.458296
     0.082029    -1.458750
     0.083703    -1.459251
     0.085377    -1.459800
     0.087051    -1.460397
     0.088726    -1.461042
     0.090400    -1.461734
     0.092074    -1.462475
     0.093748    -1.463264
     0.095422    -1.464101
     0.097096    -1.464987
     0.098770    -1.465921
     0.100444    -1.466904
     0.102118    -1.467936
     0.103792    -1.469017
     0.105466    -1.470147
     0.107140    -1.471326
     0.108814    -1.472555
     0.110488    -1.473832
     0.112163    -1.475159
     0.113837    -1.476536
     0.115511    -1.477961
     0.117185    -1.479437
     0.118859    -1.480962
     0.120533    -1.482536
     0.122207    -1.484160
     0.123881    -1.485834
     0.125555    -1.487557
     0.127229    -1.489330
     0.128903    -1.491153
     0.130577    -1.493025
     0.132251    -1.494946
     0.133925    -1.496918
     0.135599    -1.498938
     0.137274    -1.501008
     0.138948    -1.503127
     0.140622    -1.505295
     0.142296    -1.507512
     0.143970    -1.509778
     0.145644    -1.512092
     0.147318    -1.514455
     0.148992    -1.516865
     0.150666    -1.519324
     0.152340    -1.521830
     0.154014    -1.524384
     0.155688    -1.526985
     0.157362    -1.529632
     0.159036    -1.532326
     0.160710    -1.535066
     0.162385    -1.537851
     0.164059    -1.540681
     0.165733    -1.543555
     0.167407    -1.546474


    -0.167407    -1.200062
    -0.165733    -1.195149
    -0.164059    -1.190184
    -0.162385    -1.185165
    -0.160710    -1.180095
    -0.159036    -1.174972
    -0.157362    -1.169802
    -0.155688    -1.165277
    -0.154014    -1.160888
    -0.152340    -1.156456
    -0.150666    -1.151977
    -0.148992    -1.147452
    -0.147318    -1.142878
    -0.145644    -1.138256
    -0.143970    -1.133584
    -0.142296    -1.128862
    -0.140622    -1.124088
    -0.138948    -1.119262
    -0.137274    -1.114384
    -0.135599    -1.109452
    -0.133925    -1.104466
    -0.132251    -1.099425
    -0.130577    -1.094329
    -0.128903    -1.089177
    -0.127229    -1.083968
    -0.125555    -1.078703
    -0.123881    -1.073381
    -0.122207    -1.068001
    -0.120533    -1.062563
    -0.118859    -1.057067
    -0.117185    -1.051514
    -0.115511    -1.045902
    -0.113837    -1.040232
    -0.112163    -1.034505
    -0.110488    -1.028720
    -0.108814    -1.022877
    -0.107140    -1.016978
    -0.105466    -1.011023
    -0.103792    -1.005011
    -0.102118    -0.998945
    -0.100444    -0.992825
    -0.098770    -0.986651
    -0.097096    -0.980425
    -0.095422    -0.974149
    -0.093748    -0.967822
    -0.092074    -0.961448
    -0.090400    -0.955027
    -0.088726    -0.948562
    -0.087051    -0.942054
    -0.085377    -0.935505
    -0.083703    -0.928917
    -0.082029    -0.922294
    -0.080355    -0.915637
    -0.078681    -0.908949
    -0.077007    -0.902234
    -0.075333    -0.895493
    -0.073659    -0.888732
    -0.071985    -0.881953
    -0.070311    -0.875160
    -0.068637    -0.868358
    -0.066963    -0.861550
    -0.065289    -0.854741
    -0.063615    -0.847936
    -0.061940    -0.841141
    -0.060266    -0.834360
    -0.058592    -0.827600
    -0.056918    -0.820867
    -0.055244    -0.814167
    -0.053570    -0.807508
    -0.051896    -0.800896
    -0.050222    -0.794340
    -0.048548    -0.787847
    -0.046874    -0.781427
    -0.045200    -0.775088
    -0.043526    -0.768840
    -0.041852    -0.762692
    -0.040178    -0.756656
    -0.038504    -0.750742
    -0.036829    -0.744962
    -0.035155    -0.739327
    -0.033481    -0.733849
    -0.031807    -0.728541
    -0.030133    -0.723415
    -0.028459    -0.718485
    -0.026785    -0.713762
    -0.025111    -0.709259
    -0.023437    -0.704989
    -0.021763    -0.700965
    -0.020089    -0.697196
    -0.018415    -0.693696
    -0.016741    -0.690473
    -0.015067    -0.687537
    -0.013393    -0.684896
    -0.011718    -0.682557
    -0.010044    -0.680525
    -0.008370    -0.678805
    -0.006696    -0.677399
    -0.005022    -0.676310
    -0.003348    -0.675538
    -0.001674    -0.675078
     0.000000    -0.674923
     0.001674    -0.675075
     0.003348    -0.675535
     0.005022    -0.676310
     0.006696    -0.677401
     0.008370    -0.678808
     0.010044    -0.680528
     0.011718    -0.682560
     0.013393    -0.684899
     0.015067    -0.687540
     0.016741    -0.690475
     0.018415    -0.693698
     0.020089    -0.697198
     0.021763    -0.700966
     0.023437    -0.704990
     0.025111    -0.709260
     0.026785    -0.713762
     0.028459    -0.718485
     0.030133    -0.723416
     0.031807    -0.728541
     0.033481    -0.733849
     0.035155    -0.739326
     0.036829    -0.744961
     0.038504    -0.750741
     0.040178    -0.756655
     0.041852    -0.762691
     0.043526    -0.768838
     0.045200    -0.775086
     0.046874    -0.781425
     0.048548    -0.787845
     0.050222    -0.794338
     0.051896    -0.800894
     0.053570    -0.807506
     0.055244    -0.814165
     0.056918    -0.820865
     0.058592    -0.827598
     0.060266    -0.834357
     0.061940    -0.841138
     0.063615    -0.847933
     0.065289    -0.854738
     0.066963    -0.861546
     0.068637    -0.868354
     0.070311    -0.875157
     0.071985    -0.881950
     0.073659    -0.888729
     0.075333    -0.895490
     0.077007    -0.902230
     0.078681    -0.908946
     0.080355    -0.915633
     0.082029    -0.922290
     0.083703    -0.928914
     0.085377    -0.935501
     0.087051    -0.942050
     0.088726    -0.948559
     0.090400    -0.955024
     0.092074    -0.961445
     0.093748    -0.967819
     0.095422    -0.974145
     0.097096    -0.980422
     0.098770    -0.986648
     0.100444    -0.992821
     0.102118    -0.998942
     0.103792    -1.005008
     0.105466    -1.011020
     0.107140    -1.016975
     0.108814    -1.022875
     0.110488    -1.028717
     0.112163    -1.034502
     0.113837    -1.040230
     0.115511    -1.045900
     0.117185    -1.051511
     0.118859    -1.057065
     0.120533    -1.062561
     0.122207    -1.067999
     0.123881    -1.073379
     0.125555    -1.078701
     0.127229    -1.083967
     0.128903    -1.089175
     0.130577    -1.094328
     0.132251    -1.099424
     0.133925    -1.104465
     0.135599    -1.109451
     0.137274    -1.114383
     0.138948    -1.119262
     0.140622    -1.124087
     0.142296    -1.128861
     0.143970    -1.133584
     0.145644    -1.138256
     0.147318    -1.142878
     0.148992    -1.147452
     0.150666    -1.151977
     0.152340    -1.156456
     0.154014    -1.160889
     0.155688    -1.165277
     0.157362    -1.169794
     0.159036    -1.174964
     0.160710    -1.180087
     0.162385    -1.185157
     0.164059    -1.190175
     0.165733    -1.195140
     0.167407    -1.200053


    -0.167407    -1.194794
    -0.165733    -1.190698
    -0.164059    -1.186563
    -0.162385    -1.182388
    -0.160710    -1.178173
    -0.159036    -1.173915
    -0.157362    -1.169610
    -0.155688    -1.164564
    -0.154014    -1.159285
    -0.152340    -1.153952
    -0.150666    -1.148568
    -0.148992    -1.143133
    -0.147318    -1.137647
    -0.145644    -1.132111
    -0.143970    -1.126525
    -0.142296    -1.120890
    -0.140622    -1.115207
    -0.138948    -1.109475
    -0.137274    -1.103697
    -0.135599    -1.097873
    -0.133925    -1.092003
    -0.132251    -1.086089
    -0.130577    -1.080131
    -0.128903    -1.074132
    -0.127229    -1.068091
    -0.125555    -1.062010
    -0.123881    -1.055890
    -0.122207    -1.049733
    -0.120533    -1.043540
    -0.118859    -1.037312
    -0.117185    -1.031051
    -0.115511    -1.024757
    -0.113837    -1.018434
    -0.112163    -1.012082
    -0.110488    -1.005703
    -0.108814    -0.999299
    -0.107140    -0.992871
    -0.105466    -0.986422
    -0.103792    -0.979953
    -0.102118    -0.973467
    -0.100444    -0.966965
    -0.098770    -0.960449
    -0.097096    -0.953922
    -0.095422    -0.947386
    -0.093748    -0.940843
    -0.092074    -0.934295
    -0.090400    -0.927745
    -0.088726    -0.921195
    -0.087051    -0.914648
    -0.085377    -0.908106
    -0.083703    -0.901573
    -0.082029    -0.895049
    -0.080355    -0.888540
    -0.078681    -0.882047
    -0.077007    -0.875573
    -0.075333    -0.869122
    -0.073659    -0.862696
    -0.071985    -0.856298
    -0.070311    -0.849933
    -0.068637    -0.843603
    -0.066963    -0.837311
    -0.065289    -0.831062
    -0.063615    -0.824858
    -0.061940    -0.818704
    -0.060266    -0.812604
    -0.058592    -0.806561
    -0.056918    -0.800580
    -0.055244    -0.794665
    -0.053570    -0.788819
    -0.051896    -0.783049
    -0.050222    -0.777358
    -0.048548    -0.771751
    -0.046874    -0.766233
    -0.045200    -0.760809
    -0.043526    -0.755486
    -0.041852    -0.750267
    -0.040178    -0.745160
    -0.038504    -0.740169
    -0.036829    -0.735302
    -0.035155    -0.730564
    -0.033481    -0.725963
    -0.031807    -0.721505
    -0.030133    -0.717198
    -0.028459    -0.713048
    -0.026785    -0.709065
    -0.025111    -0.705255
    -0.023437    -0.701627
    -0.021763    -0.698190
    -0.020089    -0.694952
    -0.018415    -0.691922
    -0.016741    -0.689109
    -0.015067    -0.686523
    -0.013393    -0.684172
    -0.011718    -0.682066
    -0.010044    -0.680215
    -0.008370    -0.678626
    -0.006696    -0.677308
    -0.005022    -0.676269
    -0.003348    -0.675515
    -0.001674    -0.675057
     0.000000    -0.674906
     0.001674    -0.675060
     0.003348    -0.675517
     0.005022    -0.676267
     0.006696    -0.677303
     0.008370    -0.678620
     0.010044    -0.680208
     0.011718    -0.682059
     0.013393    -0.684165
     0.015067    -0.686515
     0.016741    -0.689101
     0.018415    -0.691914
     0.020089    -0.694944
     0.021763    -0.698182
     0.023437    -0.701619
     0.025111    -0.705247
     0.026785    -0.709057
     0.028459    -0.713041
     0.030133    -0.717190
     0.031807    -0.721498
     0.033481    -0.725956
     0.035155    -0.730557
     0.036829    -0.735295
     0.038504    -0.740162
     0.040178    -0.745153
     0.041852    -0.750261
     0.043526    -0.755479
     0.045200    -0.760804
     0.046874    -0.766227
     0.048548    -0.771745
     0.050222    -0.777353
     0.051896    -0.783044
     0.053570    -0.788815
     0.055244    -0.794660
     0.056918    -0.800576
     0.058592    -0.806558
     0.060266    -0.812601
     0.061940    -0.818701
     0.063615    -0.824855
     0.065289    -0.831059
     0.066963    -0.837309
     0.068637    -0.843600
     0.070311    -0.849931
     0.071985    -0.856297
     0.073659    -0.862694
     0.075333    -0.869120
     0.077007    -0.875572
     0.078681    -0.882046
     0.080355    -0.888539
     0.082029    -0.895049
     0.083703    -0.901572
     0.085377    -0.908106
     0.087051    -0.914648
     0.088726    -0.921195
     0.090400    -0.927745
     0.092074    -0.934295
     0.093748    -0.940843
     0.095422    -0.947386
     0.097096    -0.953923
     0.098770    -0.960450
     0.100444    -0.966965
     0.102118    -0.973467
     0.103792    -0.979954
     0.105466    -0.986423
     0.107140    -0.992872
     0.108814    -0.999299
     0.110488    -1.005703
     0.112163    -1.012082
     0.113837    -1.018434
     0.115511    -1.024757
     0.117185    -1.031050
     0.118859    -1.037311
     0.120533    -1.043539
     0.122207    -1.049732
     0.123881    -1.055889
     0.125555    -1.062009
     0.127229    -1.068089
     0.128903    -1.074130
     0.130577    -1.080129
     0.132251    -1.086087
     0.133925    -1.092000
     0.135599    -1.097870
     0.137274    -1.103694
     0.138948    -1.109472
     0.140622    -1.115203
     0.142296    -1.120886
     0.143970    -1.126521
     0.145644    -1.132107
     0.147318    -1.137643
     0.148992    -1.143128
     0.150666    -1.148563
     0.152340    -1.153947
     0.154014    -1.159278
     0.155688    -1.164558
     0.157362    -1.169612
     0.159036    -1.173917
     0.160710    -1.178174
     0.162385    -1.182390
     0.164059    -1.186565
     0.165733    -1.190700
     0.167407    -1.194796


    -0.167407    -0.451178
    -0.165733    -0.447897
    -0.164059    -0.444662
    -0.162385    -0.441472
    -0.160710    -0.438327
    -0.159036    -0.435229
    -0.157362    -0.432179
    -0.155688    -0.429176
    -0.154014    -0.426222
    -0.152340    -0.423316
    -0.150666    -0.420460
    -0.148992    -0.417655
    -0.147318    -0.414900
    -0.145644    -0.412196
    -0.143970    -0.409544
    -0.142296    -0.406945
    -0.140622    -0.404399
    -0.138948    -0.401906
    -0.137274    -0.399466
    -0.135599    -0.397082
    -0.133925    -0.394752
    -0.132251    -0.392478
    -0.130577    -0.390259
    -0.128903    -0.388097
    -0.127229    -0.385992
    -0.125555    -0.383943
    -0.123881    -0.381952
    -0.122207    -0.380019
    -0.120533    -0.378144
    -0.118859    -0.376327
    -0.117185    -0.374569
    -0.115511    -0.372870
    -0.113837    -0.371229
    -0.112163    -0.369648
    -0.110488    -0.368126
    -0.108814    -0.366663
    -0.107140    -0.365260
    -0.105466    -0.363916
    -0.103792    -0.362632
    -0.102118    -0.361406
    -0.100444    -0.360239
    -0.098770    -0.359131
    -0.097096    -0.358082
    -0.095422    -0.357090
    -0.093748    -0.356155
    -0.092074    -0.355278
    -0.090400    -0.354457
    -0.088726    -0.353691
    -0.087051    -0.352980
    -0.085377    -0.352323
    -0.083703    -0.351718
    -0.082029    -0.351165
    -0.080355    -0.350662
    -0.078681    -0.350208
    -0.077007    -0.349800
    -0.075333    -0.349438
    -0.073659    -0.349120
    -0.071985    -0.348842
    -0.070311    -0.348603
    -0.068637    -0.348401
    -0.066963    -0.348232
    -0.065289    -0.348093
    -0.063615    -0.347982
    -0.061940    -0.347894
    -0.060266    -0.347826
    -0.058592    -0.347773
    -0.056918    -0.347731
    -0.055244    -0.347695
    -0.053570    -0.347661
    -0.051896    -0.347621
    -0.050222    -0.347570
    -0.048548    -0.347502
    -0.046874    -0.347410
    -0.045200    -0.347286
    -0.043526    -0.347122
    -0.041852    -0.346911
    -0.040178    -0.346643
    -0.038504    -0.346309
    -0.036829    -0.345900
    -0.035155    -0.345405
    -0.033481    -0.344815
    -0.031807    -0.344117
    -0.030133    -0.343303
    -0.028459    -0.342359
    -0.026785    -0.341276
    -0.025111    -0.340042
    -0.023437    -0.338646
    -0.021763    -0.337078
    -0.020089    -0.335328
    -0.018415    -0.333386
    -0.016741    -0.331244
    -0.015067    -0.328895
    -0.013393    -0.326332
    -0.011718    -0.323551
    -0.010044    -0.320546
    -0.008370    -0.317316
    -0.006696    -0.313860
    -0.005022    -0.310180
    -0.003348    -0.306276
    -0.001674    -0.302153
     0.000000    -0.297835
     0.001674    -0.302171
     0.003348    -0.306294
     0.005022    -0.310199
     0.006696    -0.313880
     0.008370    -0.317336
     0.010044    -0.320566
     0.011718    -0.323572
     0.013393    -0.326354
     0.015067    -0.328917
     0.016741    -0.331267
     0.018415    -0.333409
     0.020089    -0.335351
     0.021763    -0.337101
     0.023437    -0.338669
     0.025111    -0.340065
     0.026785    -0.341299
     0.028459    -0.342383
     0.030133    -0.343327
     0.031807    -0.344142
     0.033481    -0.344839
     0.035155    -0.345430
     0.036829    -0.345924
     0.038504    -0.346334
     0.040178    -0.346667
     0.041852    -0.346935
     0.043526    -0.347146
     0.045200    -0.347310
     0.046874    -0.347434
     0.048548    -0.347526
     0.050222    -0.347593
     0.051896    -0.347644
     0.053570    -0.347683
     0.055244    -0.347718
     0.056918    -0.347753
     0.058592    -0.347795
     0.060266    -0.347847
     0.061940    -0.347915
     0.063615    -0.348003
     0.065289    -0.348114
     0.066963    -0.348252
     0.068637    -0.348421
     0.070311    -0.348623
     0.071985    -0.348861
     0.073659    -0.349139
     0.075333    -0.349457
     0.077007    -0.349819
     0.078681    -0.350226
     0.080355    -0.350680
     0.082029    -0.351182
     0.083703    -0.351735
     0.085377    -0.352339
     0.087051    -0.352996
     0.088726    -0.353707
     0.090400    -0.354472
     0.092074    -0.355293
     0.093748    -0.356170
     0.095422    -0.357104
     0.097096    -0.358096
     0.098770    -0.359145
     0.100444    -0.360253
     0.102118    -0.361419
     0.103792    -0.362644
     0.105466    -0.363929
     0.107140    -0.365272
     0.108814    -0.366675
     0.110488    -0.368138
     0.112163    -0.369659
     0.113837    -0.371240
     0.115511    -0.372880
     0.117185    -0.374579
     0.118859    -0.376337
     0.120533    -0.378154
     0.122207    -0.380029
     0.123881    -0.381962
     0.125555    -0.383953
     0.127229    -0.386001
     0.128903    -0.388106
     0.130577    -0.390268
     0.132251    -0.392486
     0.133925    -0.394761
     0.135599    -0.397090
     0.137274    -0.399475
     0.138948    -0.401914
     0.140622    -0.404406
     0.142296    -0.406953
     0.143970    -0.409552
     0.145644    -0.412204
     0.147318    -0.414907
     0.148992    -0.417662
     0.150666    -0.420468
     0.152340    -0.423323
     0.154014    -0.426229
     0.155688    -0.429183
     0.157362    -0.432186
     0.159036    -0.435236
     0.160710    -0.438334
     0.162385    -0.441478
     0.164059    -0.444669
     0.165733    -0.447904
     0.167407    -0.451185


    -0.167407    -0.384353
    -0.165733    -0.378978
    -0.164059    -0.373611
    -0.162385    -0.368252
    -0.160710    -0.362901
    -0.159036    -0.357558
    -0.157362    -0.352223
    -0.155688    -0.346898
    -0.154014    -0.341582
    -0.152340    -0.336275
    -0.150666    -0.330978
    -0.148992    -0.325691
    -0.147318    -0.320415
    -0.145644    -0.315150
    -0.143970    -0.309896
    -0.142296    -0.304654
    -0.140622    -0.299425
    -0.138948    -0.294209
    -0.137274    -0.289006
    -0.135599    -0.283818
    -0.133925    -0.278645
    -0.132251    -0.273487
    -0.130577    -0.268346
    -0.128903    -0.263223
    -0.127229    -0.258118
    -0.125555    -0.253032
    -0.123881    -0.247967
    -0.122207    -0.242925
    -0.120533    -0.237905
    -0.118859    -0.232911
    -0.117185    -0.227944
    -0.115511    -0.223005
    -0.113837    -0.218097
    -0.112163    -0.213222
    -0.110488    -0.208382
    -0.108814    -0.203581
    -0.107140    -0.198822
    -0.105466    -0.194108
    -0.103792    -0.189443
    -0.102118    -0.184832
    -0.100444    -0.180279
    -0.098770    -0.175790
    -0.097096    -0.171370
    -0.095422    -0.167027
    -0.093748    -0.162768
    -0.092074    -0.158601
    -0.090400    -0.154536
    -0.088726    -0.150584
    -0.087051    -0.146756
    -0.085377    -0.143065
    -0.083703    -0.139525
    -0.082029    -0.136153
    -0.080355    -0.132966
    -0.078681    -0.129983
    -0.077007    -0.127226
    -0.075333    -0.124717
    -0.073659    -0.122479
    -0.071985    -0.120539
    -0.070311    -0.118922
    -0.068637    -0.117654
    -0.066963    -0.116760
    -0.065289    -0.116266
    -0.063615    -0.116191
    -0.061940    -0.116556
    -0.060266    -0.117371
    -0.058592    -0.118647
    -0.056918    -0.120384
    -0.055244    -0.122579
    -0.053570    -0.125221
    -0.051896    -0.128295
    -0.050222    -0.131778
    -0.048548    -0.135645
    -0.046874    -0.139870
    -0.045200    -0.144422
    -0.043526    -0.149269
    -0.041852    -0.154381
    -0.040178    -0.159727
    -0.038504    -0.165276
    -0.036829    -0.171001
    -0.035155    -0.176873
    -0.033481    -0.182866
    -0.031807    -0.188955
    -0.030133    -0.195118
    -0.028459    -0.201332
    -0.026785    -0.207577
    -0.025111    -0.213832
    -0.023437    -0.220079
    -0.021763    -0.226300
    -0.020089    -0.232478
    -0.018415    -0.238596
    -0.016741    -0.244639
    -0.015067    -0.250590
    -0.013393    -0.256436
    -0.011718    -0.262163
    -0.010044    -0.267756
    -0.008370    -0.273202
    -0.006696    -0.278490
    -0.005022    -0.283607
    -0.003348    -0.288543
    -0.001674    -0.293288
     0.000000    -0.297814
     0.001674    -0.293271
     0.003348    -0.288527
     0.005022    -0.283591
     0.006696    -0.278474
     0.008370    -0.273187
     0.010044    -0.267741
     0.011718    -0.262149
     0.013393    -0.256423
     0.015067    -0.250577
     0.016741    -0.244626
     0.018415    -0.238584
     0.020089    -0.232466
     0.021763    -0.226289
     0.023437    -0.220068
     0.025111    -0.213822
     0.026785    -0.207567
     0.028459    -0.201323
     0.030133    -0.195109
     0.031807    -0.188946
     0.033481    -0.182857
     0.035155    -0.176864
     0.036829    -0.170992
     0.038504    -0.165268
     0.040178    -0.159719
     0.041852    -0.154373
     0.043526    -0.149261
     0.045200    -0.144414
     0.046874    -0.139862
     0.048548    -0.135637
     0.050222    -0.131769
     0.051896    -0.128286
     0.053570    -0.125213
     0.055244    -0.122570
     0.056918    -0.120375
     0.058592    -0.118637
     0.060266    -0.117361
     0.061940    -0.116544
     0.063615    -0.116180
     0.065289    -0.116253
     0.066963    -0.116747
     0.068637    -0.117640
     0.070311    -0.118908
     0.071985    -0.120524
     0.073659    -0.122464
     0.075333    -0.124701
     0.077007    -0.127210
     0.078681    -0.129966
     0.080355    -0.132949
     0.082029    -0.136135
     0.083703    -0.139507
     0.085377    -0.143046
     0.087051    -0.146737
     0.088726    -0.150565
     0.090400    -0.154518
     0.092074    -0.158582
     0.093748    -0.162749
     0.095422    -0.167007
     0.097096    -0.171351
     0.098770    -0.175770
     0.100444    -0.180259
     0.102118    -0.184813
     0.103792    -0.189424
     0.105466    -0.194089
     0.107140    -0.198803
     0.108814    -0.203562
     0.110488    -0.208363
     0.112163    -0.213203
     0.113837    -0.218078
     0.115511    -0.222986
     0.117185    -0.227926
     0.118859    -0.232893
     0.120533    -0.237888
     0.122207    -0.242908
     0.123881    -0.247951
     0.125555    -0.253016
     0.127229    -0.258102
     0.128903    -0.263207
     0.130577    -0.268331
     0.132251    -0.273472
     0.133925    -0.278631
     0.135599    -0.283804
     0.137274    -0.288993
     0.138948    -0.294196
     0.140622    -0.299413
     0.142296    -0.304643
     0.143970    -0.309885
     0.145644    -0.315139
     0.147318    -0.320405
     0.148992    -0.325682
     0.150666    -0.330969
     0.152340    -0.336266
     0.154014    -0.341574
     0.155688    -0.346891
     0.157362    -0.352217
     0.159036    -0.357552
     0.160710    -0.362895
     0.162385    -0.368247
     0.164059    -0.373607
     0.165733    -0.378975
     0.167407    -0.384350


    -0.167407     0.615924
    -0.165733     0.607447
    -0.164059     0.598952
    -0.162385     0.590437
    -0.160710     0.581905
    -0.159036     0.573354
    -0.157362     0.564787
    -0.155688     0.556203
    -0.154014     0.547604
    -0.152340     0.538989
    -0.150666     0.530361
    -0.148992     0.521718
    -0.147318     0.513063
    -0.145644     0.504396
    -0.143970     0.495718
    -0.142296     0.487030
    -0.140622     0.478333
    -0.138948     0.469628
    -0.137274     0.460917
    -0.135599     0.452199
    -0.133925     0.443478
    -0.132251     0.434753
    -0.130577     0.426027
    -0.128903     0.417301
    -0.127229     0.408576
    -0.125555     0.399855
    -0.123881     0.391140
    -0.122207     0.382431
    -0.120533     0.373733
    -0.118859     0.365046
    -0.117185     0.356374
    -0.115511     0.347720
    -0.113837     0.339085
    -0.112163     0.330475
    -0.110488     0.321891
    -0.108814     0.313338
    -0.107140     0.304821
    -0.105466     0.296343
    -0.103792     0.287910
    -0.102118     0.279528
    -0.100444     0.271201
    -0.098770     0.262938
    -0.097096     0.254745
    -0.095422     0.246630
    -0.093748     0.238603
    -0.092074     0.230672
    -0.090400     0.222850
    -0.088726     0.215148
    -0.087051     0.207579
    -0.085377     0.200158
    -0.083703     0.192900
    -0.082029     0.185825
    -0.080355     0.178951
    -0.078681     0.172299
    -0.077007     0.165893
    -0.075333     0.159756
    -0.073659     0.153915
    -0.071985     0.148398
    -0.070311     0.143232
    -0.068637     0.138447
    -0.066963     0.134069
    -0.065289     0.130126
    -0.063615     0.126641
    -0.061940     0.123636
    -0.060266     0.121127
    -0.058592     0.119125
    -0.056918     0.117635
    -0.055244     0.116655
    -0.053570     0.116180
    -0.051896     0.116195
    -0.050222     0.116685
    -0.048548     0.117627
    -0.046874     0.118998
    -0.045200     0.120772
    -0.043526     0.122923
    -0.041852     0.125423
    -0.040178     0.128246
    -0.038504     0.131368
    -0.036829     0.134766
    -0.035155     0.138417
    -0.033481     0.142300
    -0.031807     0.146398
    -0.030133     0.150693
    -0.028459     0.155170
    -0.026785     0.159815
    -0.025111     0.164616
    -0.023437     0.169560
    -0.021763     0.174638
    -0.020089     0.179841
    -0.018415     0.185160
    -0.016741     0.190588
    -0.015067     0.196117
    -0.013393     0.201742
    -0.011718     0.207457
    -0.010044     0.213257
    -0.008370     0.219137
    -0.006696     0.225093
    -0.005022     0.231120
    -0.003348     0.237215
    -0.001674     0.243375
     0.000000     0.249592
     0.001674     0.243379
     0.003348     0.237220
     0.005022     0.231125
     0.006696     0.225098
     0.008370     0.219143
     0.010044     0.213263
     0.011718     0.207464
     0.013393     0.201749
     0.015067     0.196125
     0.016741     0.190596
     0.018415     0.185168
     0.020089     0.179850
     0.021763     0.174647
     0.023437     0.169569
     0.025111     0.164625
     0.026785     0.159825
     0.028459     0.155181
     0.030133     0.150704
     0.031807     0.146409
     0.033481     0.142312
     0.035155     0.138429
     0.036829     0.134778
     0.038504     0.131381
     0.040178     0.128259
     0.041852     0.125435
     0.043526     0.122936
     0.045200     0.120786
     0.046874     0.119012
     0.048548     0.117641
     0.050222     0.116698
     0.051896     0.116208
     0.053570     0.116192
     0.055244     0.116668
     0.056918     0.117647
     0.058592     0.119136
     0.060266     0.121138
     0.061940     0.123647
     0.063615     0.126651
     0.065289     0.130135
     0.066963     0.134077
     0.068637     0.138455
     0.070311     0.143240
     0.071985     0.148405
     0.073659     0.153921
     0.075333     0.159761
     0.077007     0.165897
     0.078681     0.172303
     0.080355     0.178954
     0.082029     0.185828
     0.083703     0.192903
     0.085377     0.200159
     0.087051     0.207580
     0.088726     0.215148
     0.090400     0.222850
     0.092074     0.230672
     0.093748     0.238602
     0.095422     0.246629
     0.097096     0.254743
     0.098770     0.262936
     0.100444     0.271199
     0.102118     0.279525
     0.103792     0.287907
     0.105466     0.296340
     0.107140     0.304817
     0.108814     0.313334
     0.110488     0.321886
     0.112163     0.330470
     0.113837     0.339080
     0.115511     0.347714
     0.117185     0.356368
     0.118859     0.365040
     0.120533     0.373726
     0.122207     0.382425
     0.123881     0.391133
     0.125555     0.399848
     0.127229     0.408569
     0.128903     0.417293
     0.130577     0.426019
     0.132251     0.434745
     0.133925     0.443469
     0.135599     0.452191
     0.137274     0.460908
     0.138948     0.469619
     0.140622     0.478324
     0.142296     0.487021
     0.143970     0.495709
     0.145644     0.504386
     0.147318     0.513053
     0.148992     0.521708
     0.150666     0.530350
     0.152340     0.538979
     0.154014     0.547593
     0.155688     0.556192
     0.157362     0.564776
     0.159036     0.573343
     0.160710     0.581893
     0.162385     0.590426
     0.164059     0.598940
     0.165733     0.607436
     0.167407     0.615912


    -0.167407     0.891892
    -0.165733     0.886521
    -0.164059     0.881130
    -0.162385     0.875719
    -0.160710     0.870286
    -0.159036     0.864833
    -0.157362     0.859357
    -0.155688     0.853859
    -0.154014     0.848339
    -0.152340     0.842796
    -0.150666     0.837228
    -0.148992     0.831637
    -0.147318     0.826022
    -0.145644     0.820381
    -0.143970     0.814716
    -0.142296     0.809024
    -0.140622     0.803306
    -0.138948     0.797562
    -0.137274     0.791790
    -0.135599     0.785991
    -0.133925     0.780164
    -0.132251     0.774309
    -0.130577     0.768425
    -0.128903     0.762512
    -0.127229     0.756570
    -0.125555     0.750598
    -0.123881     0.744596
    -0.122207     0.738564
    -0.120533     0.732502
    -0.118859     0.726409
    -0.117185     0.720285
    -0.115511     0.714130
    -0.113837     0.707944
    -0.112163     0.701727
    -0.110488     0.695479
    -0.108814     0.689199
    -0.107140     0.682888
    -0.105466     0.676547
    -0.103792     0.670174
    -0.102118     0.663770
    -0.100444     0.657335
    -0.098770     0.650870
    -0.097096     0.644375
    -0.095422     0.637851
    -0.093748     0.631297
    -0.092074     0.624713
    -0.090400     0.618102
    -0.088726     0.611462
    -0.087051     0.604796
    -0.085377     0.598102
    -0.083703     0.591383
    -0.082029     0.584638
    -0.080355     0.577869
    -0.078681     0.571076
    -0.077007     0.564261
    -0.075333     0.557424
    -0.073659     0.550566
    -0.071985     0.543688
    -0.070311     0.536791
    -0.068637     0.529877
    -0.066963     0.522947
    -0.065289     0.516001
    -0.063615     0.509042
    -0.061940     0.502069
    -0.060266     0.495086
    -0.058592     0.488092
    -0.056918     0.481090
    -0.055244     0.474081
    -0.053570     0.467066
    -0.051896     0.460047
    -0.050222     0.453025
    -0.048548     0.446002
    -0.046874     0.438979
    -0.045200     0.431959
    -0.043526     0.424942
    -0.041852     0.417931
    -0.040178     0.410926
    -0.038504     0.403930
    -0.036829     0.396945
    -0.035155     0.389971
    -0.033481     0.383012
    -0.031807     0.376068
    -0.030133     0.369141
    -0.028459     0.362233
    -0.026785     0.355347
    -0.025111     0.348483
    -0.023437     0.341644
    -0.021763     0.334831
    -0.020089     0.328047
    -0.018415     0.321293
    -0.016741     0.314571
    -0.015067     0.307884
    -0.013393     0.301233
    -0.011718     0.294620
    -0.010044     0.288048
    -0.008370     0.281519
    -0.006696     0.275035
    -0.005022     0.268599
    -0.003348     0.262212
    -0.001674     0.255878
     0.000000     0.249602
     0.001674     0.255874
     0.003348     0.262209
     0.005022     0.268595
     0.006696     0.275032
     0.008370     0.281517
     0.010044     0.288046
     0.011718     0.294618
     0.013393     0.301231
     0.015067     0.307882
     0.016741     0.314569
     0.018415     0.321291
     0.020089     0.328045
     0.021763     0.334830
     0.023437     0.341643
     0.025111     0.348482
     0.026785     0.355346
     0.028459     0.362232
     0.030133     0.369140
     0.031807     0.376067
     0.033481     0.383011
     0.035155     0.389970
     0.036829     0.396944
     0.038504     0.403929
     0.040178     0.410925
     0.041852     0.417929
     0.043526     0.424941
     0.045200     0.431957
     0.046874     0.438978
     0.048548     0.446000
     0.050222     0.453023
     0.051896     0.460045
     0.053570     0.467064
     0.055244     0.474079
     0.056918     0.481088
     0.058592     0.488090
     0.060266     0.495083
     0.061940     0.502066
     0.063615     0.509039
     0.065289     0.515998
     0.066963     0.522943
     0.068637     0.529874
     0.070311     0.536788
     0.071985     0.543684
     0.073659     0.550561
     0.075333     0.557419
     0.077007     0.564256
     0.078681     0.571072
     0.080355     0.577864
     0.082029     0.584633
     0.083703     0.591377
     0.085377     0.598097
     0.087051     0.604790
     0.088726     0.611456
     0.090400     0.618096
     0.092074     0.624707
     0.093748     0.631290
     0.095422     0.637844
     0.097096     0.644368
     0.098770     0.650863
     0.100444     0.657328
     0.102118     0.663762
     0.103792     0.670166
     0.105466     0.676539
     0.107140     0.682880
     0.108814     0.689191
     0.110488     0.695470
     0.112163     0.701719
     0.113837     0.707935
     0.115511     0.714121
     0.117185     0.720276
     0.118859     0.726400
     0.120533     0.732493
     0.122207     0.738555
     0.123881     0.744587
     0.125555     0.750588
     0.127229     0.756560
     0.128903     0.762502
     0.130577     0.768415
     0.132251     0.774299
     0.133925     0.780154
     0.135599     0.785981
     0.137274     0.791780
     0.138948     0.797551
     0.140622     0.803296
     0.142296     0.809014
     0.143970     0.814705
     0.145644     0.820371
     0.147318     0.826011
     0.148992     0.831627
     0.150666     0.837218
     0.152340     0.842785
     0.154014     0.848328
     0.155688     0.853849
     0.157362     0.859347
     0.159036     0.864822
     0.160710     0.870276
     0.162385     0.875708
     0.164059     0.881119
     0.165733     0.886510
     0.167407     0.891881


    -0.167407     1.819477
    -0.165733     1.812233
    -0.164059     1.805018
    -0.162385     1.797834
    -0.160710     1.790683
    -0.159036     1.783567
    -0.157362     1.776487
    -0.155688     1.769447
    -0.154014     1.762448
    -0.152340     1.755492
    -0.150666     1.748581
    -0.148992     1.741717
    -0.147318     1.734903
    -0.145644     1.728139
    -0.143970     1.721429
    -0.142296     1.714775
    -0.140622     1.708178
    -0.138948     1.701640
    -0.137274     1.695165
    -0.135599     1.688753
    -0.133925     1.682407
    -0.132251     1.676128
    -0.130577     1.669920
    -0.128903     1.663783
    -0.127229     1.657720
    -0.125555     1.651733
    -0.123881     1.645824
    -0.122207     1.639995
    -0.120533     1.634247
    -0.118859     1.628583
    -0.117185     1.623004
    -0.115511     1.617512
    -0.113837     1.612108
    -0.112163     1.606796
    -0.110488     1.601575
    -0.108814     1.596449
    -0.107140     1.591418
    -0.105466     1.586484
    -0.103792     1.581648
    -0.102118     1.576912
    -0.100444     1.572278
    -0.098770     1.567746
    -0.097096     1.563318
    -0.095422     1.558995
    -0.093748     1.554778
    -0.092074     1.550669
    -0.090400     1.546667
    -0.088726     1.542776
    -0.087051     1.538994
    -0.085377     1.535323
    -0.083703     1.531765
    -0.082029     1.528318
    -0.080355     1.524985
    -0.078681     1.521766
    -0.077007     1.518661
    -0.075333     1.515671
    -0.073659     1.512796
    -0.071985     1.510037
    -0.070311     1.507393
    -0.068637     1.504866
    -0.066963     1.502455
    -0.065289     1.500160
    -0.063615     1.497981
    -0.061940     1.495919
    -0.060266     1.493973
    -0.058592     1.492143
    -0.056918     1.490430
    -0.055244     1.488832
    -0.053570     1.487350
    -0.051896     1.485982
    -0.050222     1.484730
    -0.048548     1.483592
    -0.046874     1.482569
    -0.045200     1.481659
    -0.043526     1.480862
    -0.041852     1.480177
    -0.040178     1.479604
    -0.038504     1.479143
    -0.036829     1.478792
    -0.035155     1.478551
    -0.033481     1.478419
    -0.031807     1.478396
    -0.030133     1.478480
    -0.028459     1.478671
    -0.026785     1.478969
    -0.025111     1.479371
    -0.023437     1.479878
    -0.021763     1.480488
    -0.020089     1.481201
    -0.018415     1.482015
    -0.016741     1.482931
    -0.015067     1.483946
    -0.013393     1.485060
    -0.011718     1.486271
    -0.010044     1.487580
    -0.008370     1.488985
    -0.006696     1.490484
    -0.005022     1.492077
    -0.003348     1.493763
    -0.001674     1.495542
     0.000000     1.497397
     0.001674     1.495551
     0.003348     1.493773
     0.005022     1.492088
     0.006696     1.490495
     0.008370     1.488996
     0.010044     1.487591
     0.011718     1.486283
     0.013393     1.485072
     0.015067     1.483958
     0.016741     1.482943
     0.018415     1.482028
     0.020089     1.481214
     0.021763     1.480502
     0.023437     1.479892
     0.025111     1.479385
     0.026785     1.478983
     0.028459     1.478686
     0.030133     1.478495
     0.031807     1.478411
     0.033481     1.478434
     0.035155     1.478566
     0.036829     1.478807
     0.038504     1.479158
     0.040178     1.479620
     0.041852     1.480193
     0.043526     1.480878
     0.045200     1.481675
     0.046874     1.482585
     0.048548     1.483609
     0.050222     1.484747
     0.051896     1.485999
     0.053570     1.487366
     0.055244     1.488848
     0.056918     1.490446
     0.058592     1.492160
     0.060266     1.493990
     0.061940     1.495936
     0.063615     1.497998
     0.065289     1.500176
     0.066963     1.502471
     0.068637     1.504882
     0.070311     1.507410
     0.071985     1.510053
     0.073659     1.512812
     0.075333     1.515687
     0.077007     1.518677
     0.078681     1.521782
     0.080355     1.525001
     0.082029     1.528333
     0.083703     1.531779
     0.085377     1.535338
     0.087051     1.539008
     0.088726     1.542790
     0.090400     1.546681
     0.092074     1.550682
     0.093748     1.554791
     0.095422     1.559008
     0.097096     1.563331
     0.098770     1.567758
     0.100444     1.572290
     0.102118     1.576924
     0.103792     1.581659
     0.105466     1.586495
     0.107140     1.591429
     0.108814     1.596459
     0.110488     1.601585
     0.112163     1.606805
     0.113837     1.612118
     0.115511     1.617520
     0.117185     1.623012
     0.118859     1.628591
     0.120533     1.634255
     0.122207     1.640002
     0.123881     1.645831
     0.125555     1.651740
     0.127229     1.657726
     0.128903     1.663789
     0.130577     1.669925
     0.132251     1.676133
     0.133925     1.682411
     0.135599     1.688757
     0.137274     1.695168
     0.138948     1.701644
     0.140622     1.708181
     0.142296     1.714777
     0.143970     1.721431
     0.145644     1.728141
     0.147318     1.734904
     0.148992     1.741718
     0.150666     1.748582
     0.152340     1.755492
     0.154014     1.762448
     0.155688     1.769447
     0.157362     1.776487
     0.159036     1.783565
     0.160710     1.790681
     0.162385     1.797832
     0.164059     1.805016
     0.165733     1.812231
     0.167407     1.819475


    -0.167407     1.972333
    -0.165733     1.966238
    -0.164059     1.960146
    -0.162385     1.954057
    -0.160710     1.947973
    -0.159036     1.941893
    -0.157362     1.935819
    -0.155688     1.929750
    -0.154014     1.923688
    -0.152340     1.917633
    -0.150666     1.911586
    -0.148992     1.905547
    -0.147318     1.899517
    -0.145644     1.893496
    -0.143970     1.887486
    -0.142296     1.881486
    -0.140622     1.875497
    -0.138948     1.869521
    -0.137274     1.863557
    -0.135599     1.857607
    -0.133925     1.851671
    -0.132251     1.845750
    -0.130577     1.839844
    -0.128903     1.833954
    -0.127229     1.828082
    -0.125555     1.822227
    -0.123881     1.816390
    -0.122207     1.810573
    -0.120533     1.804776
    -0.118859     1.798999
    -0.117185     1.793244
    -0.115511     1.787511
    -0.113837     1.781802
    -0.112163     1.776116
    -0.110488     1.770455
    -0.108814     1.764820
    -0.107140     1.759211
    -0.105466     1.753629
    -0.103792     1.748076
    -0.102118     1.742551
    -0.100444     1.737057
    -0.098770     1.731593
    -0.097096     1.726160
    -0.095422     1.720760
    -0.093748     1.715393
    -0.092074     1.710061
    -0.090400     1.704764
    -0.088726     1.699502
    -0.087051     1.694278
    -0.085377     1.689092
    -0.083703     1.683944
    -0.082029     1.678836
    -0.080355     1.673769
    -0.078681     1.668743
    -0.077007     1.663760
    -0.075333     1.658820
    -0.073659     1.653925
    -0.071985     1.649074
    -0.070311     1.644271
    -0.068637     1.639514
    -0.066963     1.634806
    -0.065289     1.630147
    -0.063615     1.625538
    -0.061940     1.620980
    -0.060266     1.616475
    -0.058592     1.612022
    -0.056918     1.607624
    -0.055244     1.603280
    -0.053570     1.598993
    -0.051896     1.594762
    -0.050222     1.590590
    -0.048548     1.586476
    -0.046874     1.582423
    -0.045200     1.578430
    -0.043526     1.574500
    -0.041852     1.570633
    -0.040178     1.566829
    -0.038504     1.563091
    -0.036829     1.559419
    -0.035155     1.555813
    -0.033481     1.552276
    -0.031807     1.548808
    -0.030133     1.545410
    -0.028459     1.542083
    -0.026785     1.538829
    -0.025111     1.535648
    -0.023437     1.532540
    -0.021763     1.529509
    -0.020089     1.526553
    -0.018415     1.523675
    -0.016741     1.520875
    -0.015067     1.518155
    -0.013393     1.515515
    -0.011718     1.512957
    -0.010044     1.510482
    -0.008370     1.508090
    -0.006696     1.505782
    -0.005022     1.503560
    -0.003348     1.501426
    -0.001674     1.499378
     0.000000     1.497434
     0.001674     1.499369
     0.003348     1.501417
     0.005022     1.503552
     0.006696     1.505774
     0.008370     1.508082
     0.010044     1.510475
     0.011718     1.512951
     0.013393     1.515509
     0.015067     1.518150
     0.016741     1.520870
     0.018415     1.523670
     0.020089     1.526549
     0.021763     1.529505
     0.023437     1.532537
     0.025111     1.535644
     0.026785     1.538826
     0.028459     1.542081
     0.030133     1.545408
     0.031807     1.548807
     0.033481     1.552275
     0.035155     1.555813
     0.036829     1.559418
     0.038504     1.563091
     0.040178     1.566830
     0.041852     1.570634
     0.043526     1.574502
     0.045200     1.578432
     0.046874     1.582425
     0.048548     1.586479
     0.050222     1.590593
     0.051896     1.594766
     0.053570     1.598997
     0.055244     1.603284
     0.056918     1.607628
     0.058592     1.612027
     0.060266     1.616480
     0.061940     1.620986
     0.063615     1.625544
     0.065289     1.630154
     0.066963     1.634813
     0.068637     1.639522
     0.070311     1.644279
     0.071985     1.649083
     0.073659     1.653933
     0.075333     1.658829
     0.077007     1.663769
     0.078681     1.668752
     0.080355     1.673778
     0.082029     1.678846
     0.083703     1.683954
     0.085377     1.689102
     0.087051     1.694289
     0.088726     1.699514
     0.090400     1.704775
     0.092074     1.710073
     0.093748     1.715406
     0.095422     1.720773
     0.097096     1.726173
     0.098770     1.731606
     0.100444     1.737070
     0.102118     1.742565
     0.103792     1.748090
     0.105466     1.753644
     0.107140     1.759226
     0.108814     1.764835
     0.110488     1.770470
     0.112163     1.776131
     0.113837     1.781817
     0.115511     1.787527
     0.117185     1.793260
     0.118859     1.799015
     0.120533     1.804792
     0.122207     1.810589
     0.123881     1.816407
     0.125555     1.822243
     0.127229     1.828098
     0.128903     1.833971
     0.130577     1.839861
     0.132251     1.845767
     0.133925     1.851688
     0.135599     1.857625
     0.137274     1.863575
     0.138948     1.869539
     0.140622     1.875515
     0.142296     1.881504
     0.143970     1.887504
     0.145644     1.893514
     0.147318     1.899535
     0.148992     1.905565
     0.150666     1.911604
     0.152340     1.917652
     0.154014     1.923707
     0.155688     1.929769
     0.157362     1.935837
     0.159036     1.941911
     0.160710     1.947991
     0.162385     1.954075
     0.164059     1.960164
     0.165733     1.966256
     0.167407     1.972351


    -0.167407     2.324457
    -0.165733     2.318093
    -0.164059     2.311769
    -0.162385     2.305486
    -0.160710     2.299246
    -0.159036     2.293048
    -0.157362     2.286895
    -0.155688     2.280786
    -0.154014     2.274723
    -0.152340     2.268706
    -0.150666     2.262735
    -0.148992     2.256812
    -0.147318     2.250938
    -0.145644     2.245112
    -0.143970     2.239336
    -0.142296     2.233611
    -0.140622     2.227936
    -0.138948     2.222312
    -0.137274     2.216741
    -0.135599     2.211222
    -0.133925     2.205757
    -0.132251     2.200346
    -0.130577     2.194989
    -0.128903     2.189686
    -0.127229     2.184440
    -0.125555     2.179249
    -0.123881     2.174115
    -0.122207     2.169038
    -0.120533     2.164018
    -0.118859     2.159056
    -0.117185     2.154153
    -0.115511     2.149308
    -0.113837     2.144523
    -0.112163     2.139798
    -0.110488     2.135133
    -0.108814     2.130528
    -0.107140     2.125985
    -0.105466     2.121503
    -0.103792     2.117083
    -0.102118     2.112725
    -0.100444     2.108430
    -0.098770     2.104198
    -0.097096     2.100029
    -0.095422     2.095924
    -0.093748     2.091883
    -0.092074     2.087907
    -0.090400     2.083996
    -0.088726     2.080149
    -0.087051     2.076369
    -0.085377     2.072654
    -0.083703     2.069005
    -0.082029     2.065423
    -0.080355     2.061908
    -0.078681     2.058459
    -0.077007     2.055079
    -0.075333     2.051766
    -0.073659     2.048521
    -0.071985     2.045344
    -0.070311     2.042236
    -0.068637     2.039197
    -0.066963     2.036227
    -0.065289     2.033327
    -0.063615     2.030496
    -0.061940     2.027735
    -0.060266     2.025044
    -0.058592     2.022424
    -0.056918     2.019874
    -0.055244     2.017396
    -0.053570     2.014988
    -0.051896     2.012652
    -0.050222     2.010388
    -0.048548     2.008195
    -0.046874     2.006075
    -0.045200     2.004027
    -0.043526     2.002051
    -0.041852     2.000148
    -0.040178     1.998318
    -0.038504     1.996560
    -0.036829     1.994877
    -0.035155     1.993266
    -0.033481     1.991729
    -0.031807     1.990266
    -0.030133     1.988877
    -0.028459     1.987563
    -0.026785     1.986322
    -0.025111     1.985156
    -0.023437     1.984065
    -0.021763     1.983048
    -0.020089     1.982106
    -0.018415     1.981239
    -0.016741     1.980448
    -0.015067     1.979731
    -0.013393     1.979090
    -0.011718     1.978524
    -0.010044     1.978033
    -0.008370     1.977616
    -0.006696     1.977274
    -0.005022     1.977007
    -0.003348     1.976815
    -0.001674     1.976698
     0.000000     1.976656
     0.001674     1.976690
     0.003348     1.976800
     0.005022     1.976986
     0.006696     1.977248
     0.008370     1.977585
     0.010044     1.977999
     0.011718     1.978488
     0.013393     1.979052
     0.015067     1.979692
     0.016741     1.980408
     0.018415     1.981199
     0.020089     1.982065
     0.021763     1.983007
     0.023437     1.984023
     0.025111     1.985115
     0.026785     1.986281
     0.028459     1.987521
     0.030133     1.988836
     0.031807     1.990226
     0.033481     1.991689
     0.035155     1.993226
     0.036829     1.994837
     0.038504     1.996521
     0.040178     1.998279
     0.041852     2.000110
     0.043526     2.002013
     0.045200     2.003990
     0.046874     2.006038
     0.048548     2.008160
     0.050222     2.010353
     0.051896     2.012618
     0.053570     2.014954
     0.055244     2.017362
     0.056918     2.019841
     0.058592     2.022392
     0.060266     2.025012
     0.061940     2.027704
     0.063615     2.030465
     0.065289     2.033296
     0.066963     2.036198
     0.068637     2.039168
     0.070311     2.042208
     0.071985     2.045316
     0.073659     2.048494
     0.075333     2.051739
     0.077007     2.055053
     0.078681     2.058434
     0.080355     2.061883
     0.082029     2.065399
     0.083703     2.068981
     0.085377     2.072631
     0.087051     2.076346
     0.088726     2.080128
     0.090400     2.083975
     0.092074     2.087887
     0.093748     2.091864
     0.095422     2.095905
     0.097096     2.100011
     0.098770     2.104180
     0.100444     2.108413
     0.102118     2.112709
     0.103792     2.117067
     0.105466     2.121488
     0.107140     2.125971
     0.108814     2.130515
     0.110488     2.135121
     0.112163     2.139787
     0.113837     2.144513
     0.115511     2.149299
     0.117185     2.154144
     0.118859     2.159048
     0.120533     2.164011
     0.122207     2.169031
     0.123881     2.174109
     0.125555     2.179245
     0.127229     2.184436
     0.128903     2.189684
     0.130577     2.194987
     0.132251     2.200345
     0.133925     2.205757
     0.135599     2.211223
     0.137274     2.216743
     0.138948     2.222315
     0.140622     2.227939
     0.142296     2.233615
     0.143970     2.239342
     0.145644     2.245118
     0.147318     2.250945
     0.148992     2.256820
     0.150666     2.262744
     0.152340     2.268715
     0.154014     2.274733
     0.155688     2.280798
     0.157362     2.286907
     0.159036     2.293061
     0.160710     2.299259
     0.162385     2.305500
     0.164059     2.311784
     0.165733     2.318109
     0.167407     2.324474


    -0.167407     2.334785
    -0.165733     2.328309
    -0.164059     2.321866
    -0.162385     2.315457
    -0.160710     2.309085
    -0.159036     2.302749
    -0.157362     2.296452
    -0.155688     2.290195
    -0.154014     2.283977
    -0.152340     2.277802
    -0.150666     2.271669
    -0.148992     2.265580
    -0.147318     2.259535
    -0.145644     2.253536
    -0.143970     2.247584
    -0.142296     2.241680
    -0.140622     2.235824
    -0.138948     2.230018
    -0.137274     2.224263
    -0.135599     2.218559
    -0.133925     2.212907
    -0.132251     2.207309
    -0.130577     2.201764
    -0.128903     2.196274
    -0.127229     2.190840
    -0.125555     2.185462
    -0.123881     2.180142
    -0.122207     2.174879
    -0.120533     2.169675
    -0.118859     2.164530
    -0.117185     2.159445
    -0.115511     2.154421
    -0.113837     2.149458
    -0.112163     2.144557
    -0.110488     2.139719
    -0.108814     2.134943
    -0.107140     2.130232
    -0.105466     2.125584
    -0.103792     2.121001
    -0.102118     2.116484
    -0.100444     2.112032
    -0.098770     2.107646
    -0.097096     2.103327
    -0.095422     2.099076
    -0.093748     2.094892
    -0.092074     2.090776
    -0.090400     2.086728
    -0.088726     2.082749
    -0.087051     2.078839
    -0.085377     2.074999
    -0.083703     2.071229
    -0.082029     2.067530
    -0.080355     2.063900
    -0.078681     2.060342
    -0.077007     2.056855
    -0.075333     2.053439
    -0.073659     2.050096
    -0.071985     2.046824
    -0.070311     2.043624
    -0.068637     2.040498
    -0.066963     2.037444
    -0.065289     2.034463
    -0.063615     2.031555
    -0.061940     2.028721
    -0.060266     2.025960
    -0.058592     2.023274
    -0.056918     2.020661
    -0.055244     2.018123
    -0.053570     2.015659
    -0.051896     2.013269
    -0.050222     2.010954
    -0.048548     2.008714
    -0.046874     2.006549
    -0.045200     2.004460
    -0.043526     2.002445
    -0.041852     2.000506
    -0.040178     1.998642
    -0.038504     1.996853
    -0.036829     1.995141
    -0.035155     1.993504
    -0.033481     1.991942
    -0.031807     1.990457
    -0.030133     1.989047
    -0.028459     1.987713
    -0.026785     1.986455
    -0.025111     1.985273
    -0.023437     1.984168
    -0.021763     1.983138
    -0.020089     1.982184
    -0.018415     1.981306
    -0.016741     1.980505
    -0.015067     1.979779
    -0.013393     1.979130
    -0.011718     1.978557
    -0.010044     1.978061
    -0.008370     1.977642
    -0.006696     1.977300
    -0.005022     1.977036
    -0.003348     1.976848
    -0.001674     1.976737
     0.000000     1.976702
     0.001674     1.976743
     0.003348     1.976861
     0.005022     1.977055
     0.006696     1.977324
     0.008370     1.977670
     0.010044     1.978092
     0.011718     1.978590
     0.013393     1.979163
     0.015067     1.979813
     0.016741     1.980539
     0.018415     1.981341
     0.020089     1.982218
     0.021763     1.983172
     0.023437     1.984202
     0.025111     1.985307
     0.026785     1.986488
     0.028459     1.987746
     0.030133     1.989079
     0.031807     1.990488
     0.033481     1.991972
     0.035155     1.993533
     0.036829     1.995169
     0.038504     1.996881
     0.040178     1.998669
     0.041852     2.000532
     0.043526     2.002470
     0.045200     2.004484
     0.046874     2.006573
     0.048548     2.008737
     0.050222     2.010976
     0.051896     2.013290
     0.053570     2.015679
     0.055244     2.018142
     0.056918     2.020680
     0.058592     2.023291
     0.060266     2.025977
     0.061940     2.028737
     0.063615     2.031571
     0.065289     2.034478
     0.066963     2.037458
     0.068637     2.040512
     0.070311     2.043638
     0.071985     2.046837
     0.073659     2.050108
     0.075333     2.053451
     0.077007     2.056866
     0.078681     2.060353
     0.080355     2.063911
     0.082029     2.067540
     0.083703     2.071239
     0.085377     2.075009
     0.087051     2.078848
     0.088726     2.082758
     0.090400     2.086736
     0.092074     2.090783
     0.093748     2.094899
     0.095422     2.099083
     0.097096     2.103334
     0.098770     2.107653
     0.100444     2.112038
     0.102118     2.116489
     0.103792     2.121007
     0.105466     2.125589
     0.107140     2.130236
     0.108814     2.134948
     0.110488     2.139723
     0.112163     2.144561
     0.113837     2.149462
     0.115511     2.154425
     0.117185     2.159449
     0.118859     2.164533
     0.120533     2.169678
     0.122207     2.174882
     0.123881     2.180145
     0.125555     2.185465
     0.127229     2.190843
     0.128903     2.196277
     0.130577     2.201766
     0.132251     2.207311
     0.133925     2.212909
     0.135599     2.218561
     0.137274     2.224265
     0.138948     2.230020
     0.140622     2.235826
     0.142296     2.241682
     0.143970     2.247586
     0.145644     2.253538
     0.147318     2.259537
     0.148992     2.265581
     0.150666     2.271670
     0.152340     2.277803
     0.154014     2.283979
     0.155688     2.290196
     0.157362     2.296454
     0.159036     2.302751
     0.160710     2.309087
     0.162385     2.315459
     0.164059     2.321868
     0.165733     2.328311
     0.167407     2.334788


