    -0.167407    -3.838054
    -0.165733    -3.838386
    -0.164059    -3.838718
    -0.162385    -3.839049
    -0.160710    -3.839380
    -0.159036    -3.839710
    -0.157362    -3.840038
    -0.155688    -3.840366
    -0.154014    -3.840692
    -0.152340    -3.841016
    -0.150666    -3.841339
    -0.148992    -3.841659
    -0.147318    -3.841977
    -0.145644    -3.842293
    -0.143970    -3.842606
    -0.142296    -3.842917
    -0.140622    -3.843225
    -0.138948    -3.843529
    -0.137274    -3.843831
    -0.135599    -3.844129
    -0.133925    -3.844423
    -0.132251    -3.844714
    -0.130577    -3.845001
    -0.128903    -3.845284
    -0.127229    -3.845563
    -0.125555    -3.845838
    -0.123881    -3.846108
    -0.122207    -3.846374
    -0.120533    -3.846635
    -0.118859    -3.846891
    -0.117185    -3.847142
    -0.115511    -3.847388
    -0.113837    -3.847629
    -0.112163    -3.847865
    -0.110488    -3.848095
    -0.108814    -3.848320
    -0.107140    -3.848538
    -0.105466    -3.848751
    -0.103792    -3.848959
    -0.102118    -3.849160
    -0.100444    -3.849355
    -0.098770    -3.849543
    -0.097096    -3.849726
    -0.095422    -3.849902
    -0.093748    -3.850071
    -0.092074    -3.850234
    -0.090400    -3.850390
    -0.088726    -3.850539
    -0.087052    -3.850681
    -0.085377    -3.850816
    -0.083703    -3.850944
    -0.082029    -3.851064
    -0.080355    -3.851178
    -0.078681    -3.851284
    -0.077007    -3.851382
    -0.075333    -3.851473
    -0.073659    -3.851556
    -0.071985    -3.851632
    -0.070311    -3.851699
    -0.068637    -3.851759
    -0.066963    -3.851811
    -0.065289    -3.851855
    -0.063615    -3.851891
    -0.061940    -3.851918
    -0.060266    -3.851938
    -0.058592    -3.851949
    -0.056918    -3.851951
    -0.055244    -3.851946
    -0.053570    -3.851931
    -0.051896    -3.851908
    -0.050222    -3.851877
    -0.048548    -3.851837
    -0.046874    -3.851788
    -0.045200    -3.851730
    -0.043526    -3.851664
    -0.041852    -3.851589
    -0.040178    -3.851504
    -0.038504    -3.851411
    -0.036829    -3.851309
    -0.035155    -3.851198
    -0.033481    -3.851077
    -0.031807    -3.850947
    -0.030133    -3.850809
    -0.028459    -3.850660
    -0.026785    -3.850503
    -0.025111    -3.850336
    -0.023437    -3.850160
    -0.021763    -3.849975
    -0.020089    -3.849780
    -0.018415    -3.849576
    -0.016741    -3.849362
    -0.015067    -3.849138
    -0.013393    -3.848905
    -0.011718    -3.848663
    -0.010044    -3.848410
    -0.008370    -3.848149
    -0.006696    -3.847877
    -0.005022    -3.847596
    -0.003348    -3.847305
    -0.001674    -3.847004
     0.000000    -3.846695
     0.002900    -3.847221
     0.005799    -3.847721
     0.008699    -3.848191
     0.011598    -3.848634
     0.014498    -3.849047
     0.017397    -3.849433
     0.020297    -3.849790
     0.023197    -3.850119
     0.026096    -3.850421
     0.028996    -3.850695
     0.031895    -3.850942
     0.034795    -3.851161
     0.037694    -3.851354
     0.040594    -3.851520
     0.043494    -3.851659
     0.046393    -3.851773
     0.049293    -3.851860
     0.052192    -3.851922
     0.055092    -3.851958
     0.057991    -3.851969
     0.060891    -3.851955
     0.063791    -3.851917
     0.066690    -3.851855
     0.069590    -3.851768
     0.072489    -3.851659
     0.075389    -3.851526
     0.078288    -3.851370
     0.081188    -3.851192
     0.084088    -3.850992
     0.086987    -3.850770
     0.089887    -3.850527
     0.092786    -3.850263
     0.095686    -3.849979
     0.098585    -3.849675
     0.101485    -3.849351
     0.104385    -3.849009
     0.107284    -3.848648
     0.110184    -3.848269
     0.113083    -3.847873
     0.115983    -3.847460
     0.118882    -3.847031
     0.121782    -3.846586
     0.124681    -3.846126
     0.127581    -3.845652
     0.130481    -3.845163
     0.133380    -3.844662
     0.136280    -3.844148
     0.139179    -3.843622
     0.142079    -3.843085
     0.144978    -3.842537
     0.147878    -3.841980
     0.150778    -3.841414
     0.153677    -3.840840
     0.156577    -3.840258
     0.159476    -3.839670
     0.162376    -3.839076
     0.165275    -3.838477
     0.168175    -3.837875
     0.171075    -3.837269
     0.173974    -3.836662
     0.176874    -3.836053
     0.179773    -3.835444
     0.182673    -3.834836
     0.185572    -3.834230
     0.188472    -3.833627
     0.191372    -3.833028
     0.194271    -3.832434
     0.197171    -3.831846
     0.200070    -3.831265
     0.202970    -3.830693
     0.205869    -3.830131
     0.208769    -3.829580
     0.211669    -3.829041
     0.214568    -3.828516
     0.217468    -3.828006
     0.220367    -3.827511
     0.223267    -3.827035
     0.226166    -3.826577
     0.229066    -3.826139
     0.231966    -3.825723
     0.234865    -3.825331
     0.237765    -3.824963
     0.240664    -3.824622
     0.243564    -3.824308
     0.246463    -3.824024
     0.249363    -3.823771
     0.252263    -3.823551
     0.255162    -3.823365
     0.258062    -3.823216
     0.260961    -3.823104
     0.263861    -3.823032
     0.266760    -3.823001
     0.269660    -3.823013
     0.272560    -3.823071
     0.275459    -3.823176
     0.278359    -3.823329
     0.281258    -3.823534
     0.284158    -3.823792
     0.287057    -3.824104
     0.289957    -3.824474


    -0.167407    -3.767317
    -0.165733    -3.768532
    -0.164059    -3.769741
    -0.162385    -3.770942
    -0.160710    -3.772137
    -0.159036    -3.773326
    -0.157362    -3.774507
    -0.155688    -3.775681
    -0.154014    -3.776848
    -0.152340    -3.778008
    -0.150666    -3.779161
    -0.148992    -3.780306
    -0.147318    -3.781444
    -0.145644    -3.782575
    -0.143970    -3.783698
    -0.142296    -3.784814
    -0.140622    -3.785921
    -0.138948    -3.787021
    -0.137274    -3.788114
    -0.135599    -3.789198
    -0.133925    -3.790274
    -0.132251    -3.791342
    -0.130577    -3.792403
    -0.128903    -3.793455
    -0.127229    -3.794498
    -0.125555    -3.795534
    -0.123881    -3.796561
    -0.122207    -3.797580
    -0.120533    -3.798590
    -0.118859    -3.799592
    -0.117185    -3.800585
    -0.115511    -3.801570
    -0.113837    -3.802546
    -0.112163    -3.803513
    -0.110488    -3.804471
    -0.108814    -3.805421
    -0.107140    -3.806361
    -0.105466    -3.807293
    -0.103792    -3.808216
    -0.102118    -3.809130
    -0.100444    -3.810034
    -0.098770    -3.810930
    -0.097096    -3.811816
    -0.095422    -3.812693
    -0.093748    -3.813561
    -0.092074    -3.814420
    -0.090400    -3.815269
    -0.088726    -3.816110
    -0.087052    -3.816940
    -0.085377    -3.817761
    -0.083703    -3.818573
    -0.082029    -3.819376
    -0.080355    -3.820168
    -0.078681    -3.820952
    -0.077007    -3.821725
    -0.075333    -3.822489
    -0.073659    -3.823244
    -0.071985    -3.823989
    -0.070311    -3.824724
    -0.068637    -3.825449
    -0.066963    -3.826165
    -0.065289    -3.826871
    -0.063615    -3.827567
    -0.061940    -3.828254
    -0.060266    -3.828930
    -0.058592    -3.829597
    -0.056918    -3.830254
    -0.055244    -3.830901
    -0.053570    -3.831539
    -0.051896    -3.832166
    -0.050222    -3.832784
    -0.048548    -3.833391
    -0.046874    -3.833989
    -0.045200    -3.834577
    -0.043526    -3.835154
    -0.041852    -3.835722
    -0.040178    -3.836280
    -0.038504    -3.836828
    -0.036829    -3.837366
    -0.035155    -3.837894
    -0.033481    -3.838412
    -0.031807    -3.838920
    -0.030133    -3.839419
    -0.028459    -3.839907
    -0.026785    -3.840385
    -0.025111    -3.840853
    -0.023437    -3.841312
    -0.021763    -3.841760
    -0.020089    -3.842198
    -0.018415    -3.842627
    -0.016741    -3.843045
    -0.015067    -3.843454
    -0.013393    -3.843853
    -0.011718    -3.844242
    -0.010044    -3.844621
    -0.008370    -3.844990
    -0.006696    -3.845349
    -0.005022    -3.845698
    -0.003348    -3.846038
    -0.001674    -3.846367
     0.000000    -3.846686
     0.002900    -3.846131
     0.005799    -3.845546
     0.008699    -3.844931
     0.011598    -3.844287
     0.014498    -3.843613
     0.017397    -3.842910
     0.020297    -3.842178
     0.023197    -3.841416
     0.026096    -3.840624
     0.028996    -3.839803
     0.031895    -3.838952
     0.034795    -3.838071
     0.037694    -3.837161
     0.040594    -3.836220
     0.043494    -3.835250
     0.046393    -3.834251
     0.049293    -3.833221
     0.052192    -3.832162
     0.055092    -3.831073
     0.057991    -3.829955
     0.060891    -3.828807
     0.063791    -3.827630
     0.066690    -3.826423
     0.069590    -3.825187
     0.072489    -3.823922
     0.075389    -3.822627
     0.078288    -3.821304
     0.081188    -3.819952
     0.084088    -3.818572
     0.086987    -3.817162
     0.089887    -3.815725
     0.092786    -3.814260
     0.095686    -3.812766
     0.098585    -3.811245
     0.101485    -3.809697
     0.104385    -3.808121
     0.107284    -3.806518
     0.110184    -3.804889
     0.113083    -3.803233
     0.115983    -3.801551
     0.118882    -3.799844
     0.121782    -3.798111
     0.124681    -3.796353
     0.127581    -3.794570
     0.130481    -3.792763
     0.133380    -3.790931
     0.136280    -3.789077
     0.139179    -3.787199
     0.142079    -3.785299
     0.144978    -3.783376
     0.147878    -3.781432
     0.150778    -3.779467
     0.153677    -3.777481
     0.156577    -3.775475
     0.159476    -3.773449
     0.162376    -3.771405
     0.165275    -3.769342
     0.168175    -3.767261
     0.171075    -3.765164
     0.173974    -3.763050
     0.176874    -3.760920
     0.179773    -3.758776
     0.182673    -3.756618
     0.185572    -3.754446
     0.188472    -3.752262
     0.191372    -3.750066
     0.194271    -3.747859
     0.197171    -3.745643
     0.200070    -3.743418
     0.202970    -3.741184
     0.205869    -3.738944
     0.208769    -3.736698
     0.211669    -3.734447
     0.214568    -3.732193
     0.217468    -3.729936
     0.220367    -3.727678
     0.223267    -3.725420
     0.226166    -3.723163
     0.229066    -3.720910
     0.231966    -3.718660
     0.234865    -3.716416
     0.237765    -3.714180
     0.240664    -3.711952
     0.243564    -3.709735
     0.246463    -3.707530
     0.249363    -3.705340
     0.252263    -3.703166
     0.255162    -3.701010
     0.258062    -3.698875
     0.260961    -3.696762
     0.263861    -3.694674
     0.266760    -3.692614
     0.269660    -3.690584
     0.272560    -3.688587
     0.275459    -3.686626
     0.278359    -3.684704
     0.281258    -3.682824
     0.284158    -3.680990
     0.287057    -3.679207
     0.289957    -3.677476


    -0.167407    -2.422178
    -0.165733    -2.417703
    -0.164059    -2.413343
    -0.162385    -2.409095
    -0.160710    -2.404953
    -0.159036    -2.400916
    -0.157362    -2.396978
    -0.155688    -2.393138
    -0.154014    -2.389391
    -0.152340    -2.385734
    -0.150666    -2.382164
    -0.148992    -2.378678
    -0.147318    -2.375272
    -0.145644    -2.371945
    -0.143970    -2.368693
    -0.142296    -2.365514
    -0.140622    -2.362406
    -0.138948    -2.359365
    -0.137274    -2.356390
    -0.135599    -2.353479
    -0.133925    -2.350629
    -0.132251    -2.347838
    -0.130577    -2.345106
    -0.128903    -2.342430
    -0.127229    -2.339808
    -0.125555    -2.337239
    -0.123881    -2.334721
    -0.122207    -2.332253
    -0.120533    -2.329835
    -0.118859    -2.327463
    -0.117185    -2.325138
    -0.115511    -2.322858
    -0.113837    -2.320623
    -0.112163    -2.318430
    -0.110488    -2.316280
    -0.108814    -2.314171
    -0.107140    -2.312103
    -0.105466    -2.310074
    -0.103792    -2.308085
    -0.102118    -2.306134
    -0.100444    -2.304220
    -0.098770    -2.302344
    -0.097096    -2.300504
    -0.095422    -2.298699
    -0.093748    -2.296931
    -0.092074    -2.295197
    -0.090400    -2.293497
    -0.088726    -2.291831
    -0.087052    -2.290199
    -0.085377    -2.288600
    -0.083703    -2.287034
    -0.082029    -2.285500
    -0.080355    -2.283999
    -0.078681    -2.282529
    -0.077007    -2.281090
    -0.075333    -2.279682
    -0.073659    -2.278306
    -0.071985    -2.276960
    -0.070311    -2.275644
    -0.068637    -2.274358
    -0.066963    -2.273103
    -0.065289    -2.271877
    -0.063615    -2.270680
    -0.061940    -2.269513
    -0.060266    -2.268375
    -0.058592    -2.267266
    -0.056918    -2.266185
    -0.055244    -2.265134
    -0.053570    -2.264110
    -0.051896    -2.263115
    -0.050222    -2.262149
    -0.048548    -2.261210
    -0.046874    -2.260299
    -0.045200    -2.259416
    -0.043526    -2.258561
    -0.041852    -2.257733
    -0.040178    -2.256933
    -0.038504    -2.256160
    -0.036829    -2.255414
    -0.035155    -2.254696
    -0.033481    -2.254005
    -0.031807    -2.253340
    -0.030133    -2.252703
    -0.028459    -2.252092
    -0.026785    -2.251509
    -0.025111    -2.250952
    -0.023437    -2.250421
    -0.021763    -2.249917
    -0.020089    -2.249440
    -0.018415    -2.248989
    -0.016741    -2.248564
    -0.015067    -2.248166
    -0.013393    -2.247794
    -0.011718    -2.247448
    -0.010044    -2.247128
    -0.008370    -2.246834
    -0.006696    -2.246566
    -0.005022    -2.246324
    -0.003348    -2.246108
    -0.001674    -2.245918
     0.000000    -2.245765
     0.002900    -2.246064
     0.005799    -2.246446
     0.008699    -2.246907
     0.011598    -2.247447
     0.014498    -2.248067
     0.017397    -2.248766
     0.020297    -2.249545
     0.023197    -2.250404
     0.026096    -2.251344
     0.028996    -2.252364
     0.031895    -2.253465
     0.034795    -2.254648
     0.037694    -2.255912
     0.040594    -2.257259
     0.043494    -2.258687
     0.046393    -2.260199
     0.049293    -2.261793
     0.052192    -2.263471
     0.055092    -2.265233
     0.057991    -2.267078
     0.060891    -2.269009
     0.063791    -2.271024
     0.066690    -2.273125
     0.069590    -2.275312
     0.072489    -2.277586
     0.075389    -2.279946
     0.078288    -2.282394
     0.081188    -2.284930
     0.084088    -2.287555
     0.086987    -2.290270
     0.089887    -2.293074
     0.092786    -2.295969
     0.095686    -2.298955
     0.098585    -2.302034
     0.101485    -2.305205
     0.104385    -2.308471
     0.107284    -2.311832
     0.110184    -2.315289
     0.113083    -2.318843
     0.115983    -2.322495
     0.118882    -2.326247
     0.121782    -2.330100
     0.124681    -2.334056
     0.127581    -2.338116
     0.130481    -2.342283
     0.133380    -2.346559
     0.136280    -2.350946
     0.139179    -2.355447
     0.142079    -2.360065
     0.144978    -2.364805
     0.147878    -2.369669
     0.150778    -2.374664
     0.153677    -2.379794
     0.156577    -2.385067
     0.159476    -2.390491
     0.162376    -2.396075
     0.165275    -2.401831
     0.168175    -2.407773
     0.171075    -2.413917
     0.173974    -2.420284
     0.176874    -2.426897
     0.179773    -2.433787
     0.182673    -2.440987
     0.185572    -2.448538
     0.188472    -2.456486
     0.191372    -2.464878
     0.194271    -2.473767
     0.197171    -2.483199
     0.200070    -2.493214
     0.202970    -2.503840
     0.205869    -2.515088
     0.208769    -2.526954
     0.211669    -2.539416
     0.214568    -2.552442
     0.217468    -2.565990
     0.220367    -2.580016
     0.223267    -2.594472
     0.226166    -2.609313
     0.229066    -2.624494
     0.231966    -2.639975
     0.234865    -2.655719
     0.237765    -2.671693
     0.240664    -2.687867
     0.243564    -2.704214
     0.246463    -2.720709
     0.249363    -2.737332
     0.252263    -2.754064
     0.255162    -2.770885
     0.258062    -2.787782
     0.260961    -2.804740
     0.263861    -2.821746
     0.266760    -2.838788
     0.269660    -2.855855
     0.272560    -2.872936
     0.275459    -2.890024
     0.278359    -2.907107
     0.281258    -2.924179
     0.284158    -2.941231
     0.287057    -2.958255
     0.289957    -2.975243


    -0.167407    -2.371836
    -0.165733    -2.368083
    -0.164059    -2.364470
    -0.162385    -2.360991
    -0.160710    -2.357636
    -0.159036    -2.354398
    -0.157362    -2.351270
    -0.155688    -2.348245
    -0.154014    -2.345318
    -0.152340    -2.342482
    -0.150666    -2.339732
    -0.148992    -2.337063
    -0.147318    -2.334470
    -0.145644    -2.331950
    -0.143970    -2.329497
    -0.142296    -2.327110
    -0.140622    -2.324783
    -0.138948    -2.322515
    -0.137274    -2.320302
    -0.135599    -2.318142
    -0.133925    -2.316032
    -0.132251    -2.313970
    -0.130577    -2.311955
    -0.128903    -2.309984
    -0.127229    -2.308056
    -0.125555    -2.306169
    -0.123881    -2.304322
    -0.122207    -2.302513
    -0.120533    -2.300741
    -0.118859    -2.299006
    -0.117185    -2.297305
    -0.115511    -2.295639
    -0.113837    -2.294007
    -0.112163    -2.292407
    -0.110488    -2.290838
    -0.108814    -2.289301
    -0.107140    -2.287795
    -0.105466    -2.286319
    -0.103792    -2.284872
    -0.102118    -2.283455
    -0.100444    -2.282066
    -0.098770    -2.280705
    -0.097096    -2.279373
    -0.095422    -2.278068
    -0.093748    -2.276790
    -0.092074    -2.275539
    -0.090400    -2.274316
    -0.088726    -2.273118
    -0.087052    -2.271947
    -0.085377    -2.270803
    -0.083703    -2.269684
    -0.082029    -2.268591
    -0.080355    -2.267524
    -0.078681    -2.266483
    -0.077007    -2.265467
    -0.075333    -2.264476
    -0.073659    -2.263511
    -0.071985    -2.262570
    -0.070311    -2.261655
    -0.068637    -2.260766
    -0.066963    -2.259901
    -0.065289    -2.259061
    -0.063615    -2.258246
    -0.061940    -2.257456
    -0.060266    -2.256690
    -0.058592    -2.255950
    -0.056918    -2.255235
    -0.055244    -2.254544
    -0.053570    -2.253878
    -0.051896    -2.253237
    -0.050222    -2.252621
    -0.048548    -2.252029
    -0.046874    -2.251463
    -0.045200    -2.250921
    -0.043526    -2.250404
    -0.041852    -2.249912
    -0.040178    -2.249445
    -0.038504    -2.249002
    -0.036829    -2.248585
    -0.035155    -2.248192
    -0.033481    -2.247825
    -0.031807    -2.247482
    -0.030133    -2.247164
    -0.028459    -2.246872
    -0.026785    -2.246604
    -0.025111    -2.246362
    -0.023437    -2.246145
    -0.021763    -2.245953
    -0.020089    -2.245786
    -0.018415    -2.245644
    -0.016741    -2.245528
    -0.015067    -2.245437
    -0.013393    -2.245371
    -0.011718    -2.245330
    -0.010044    -2.245316
    -0.008370    -2.245326
    -0.006696    -2.245362
    -0.005022    -2.245424
    -0.003348    -2.245511
    -0.001674    -2.245624
     0.000000    -2.245751
     0.002900    -2.245531
     0.005799    -2.245384
     0.008699    -2.245315
     0.011598    -2.245324
     0.014498    -2.245410
     0.017397    -2.245573
     0.020297    -2.245813
     0.023197    -2.246129
     0.026096    -2.246523
     0.028996    -2.246992
     0.031895    -2.247537
     0.034795    -2.248158
     0.037694    -2.248855
     0.040594    -2.249627
     0.043494    -2.250475
     0.046393    -2.251397
     0.049293    -2.252394
     0.052192    -2.253466
     0.055092    -2.254613
     0.057991    -2.255834
     0.060891    -2.257129
     0.063791    -2.258499
     0.066690    -2.259943
     0.069590    -2.261462
     0.072489    -2.263055
     0.075389    -2.264722
     0.078288    -2.266465
     0.081188    -2.268282
     0.084088    -2.270174
     0.086987    -2.272142
     0.089887    -2.274186
     0.092786    -2.276306
     0.095686    -2.278504
     0.098585    -2.280780
     0.101485    -2.283136
     0.104385    -2.285571
     0.107284    -2.288089
     0.110184    -2.290689
     0.113083    -2.293375
     0.115983    -2.296148
     0.118882    -2.299011
     0.121782    -2.301966
     0.124681    -2.305017
     0.127581    -2.308167
     0.130481    -2.311420
     0.133380    -2.314782
     0.136280    -2.318258
     0.139179    -2.321854
     0.142079    -2.325576
     0.144978    -2.329434
     0.147878    -2.333435
     0.150778    -2.337590
     0.153677    -2.341910
     0.156577    -2.346407
     0.159476    -2.351094
     0.162376    -2.355985
     0.165275    -2.361096
     0.168175    -2.366442
     0.171075    -2.372038
     0.173974    -2.377896
     0.176874    -2.384029
     0.179773    -2.390443
     0.182673    -2.397138
     0.185572    -2.404108
     0.188472    -2.411337
     0.191372    -2.418798
     0.194271    -2.426458
     0.197171    -2.434275
     0.200070    -2.442207
     0.202970    -2.450216
     0.205869    -2.458270
     0.208769    -2.466348
     0.211669    -2.474441
     0.214568    -2.482549
     0.217468    -2.490682
     0.220367    -2.498859
     0.223267    -2.507110
     0.226166    -2.515489
     0.229066    -2.524097
     0.231966    -2.533181
     0.234865    -2.543407
     0.237765    -2.556034
     0.240664    -2.571193
     0.243564    -2.587619
     0.246463    -2.604556
     0.249363    -2.621729
     0.252263    -2.639031
     0.255162    -2.656410
     0.258062    -2.673841
     0.260961    -2.691307
     0.263861    -2.708797
     0.266760    -2.726303
     0.269660    -2.743818
     0.272560    -2.761338
     0.275459    -2.778857
     0.278359    -2.796372
     0.281258    -2.813878
     0.284158    -2.831373
     0.287057    -2.848852
     0.289957    -2.866314


    -0.167407    -2.152461
    -0.165733    -2.144459
    -0.164059    -2.136372
    -0.162385    -2.128209
    -0.160710    -2.119982
    -0.159036    -2.111699
    -0.157362    -2.103369
    -0.155688    -2.095001
    -0.154014    -2.086601
    -0.152340    -2.078179
    -0.150666    -2.069740
    -0.148992    -2.061292
    -0.147318    -2.052842
    -0.145644    -2.044394
    -0.143970    -2.035955
    -0.142296    -2.027530
    -0.140622    -2.019125
    -0.138948    -2.010743
    -0.137274    -2.002390
    -0.135599    -1.994069
    -0.133925    -1.985785
    -0.132251    -1.977541
    -0.130577    -1.969342
    -0.128903    -1.961189
    -0.127229    -1.953088
    -0.125555    -1.945040
    -0.123881    -1.937049
    -0.122207    -1.929118
    -0.120533    -1.921248
    -0.118859    -1.913443
    -0.117185    -1.905705
    -0.115511    -1.898036
    -0.113837    -1.890438
    -0.112163    -1.882913
    -0.110488    -1.875463
    -0.108814    -1.868089
    -0.107140    -1.860795
    -0.105466    -1.853580
    -0.103792    -1.846446
    -0.102118    -1.839396
    -0.100444    -1.832429
    -0.098770    -1.825548
    -0.097096    -1.818752
    -0.095422    -1.812045
    -0.093748    -1.805425
    -0.092074    -1.798894
    -0.090400    -1.792453
    -0.088726    -1.786102
    -0.087052    -1.779842
    -0.085377    -1.773673
    -0.083703    -1.767597
    -0.082029    -1.761612
    -0.080355    -1.755720
    -0.078681    -1.749920
    -0.077007    -1.744214
    -0.075333    -1.738600
    -0.073659    -1.733079
    -0.071985    -1.727652
    -0.070311    -1.722317
    -0.068637    -1.717075
    -0.066963    -1.711926
    -0.065289    -1.706870
    -0.063615    -1.701910
    -0.061940    -1.697055
    -0.060266    -1.692339
    -0.058592    -1.687752
    -0.056918    -1.683256
    -0.055244    -1.678839
    -0.053570    -1.674501
    -0.051896    -1.670241
    -0.050222    -1.666057
    -0.048548    -1.661951
    -0.046874    -1.657922
    -0.045200    -1.653970
    -0.043526    -1.650095
    -0.041852    -1.646296
    -0.040178    -1.642574
    -0.038504    -1.638929
    -0.036829    -1.635360
    -0.035155    -1.631867
    -0.033481    -1.628450
    -0.031807    -1.625110
    -0.030133    -1.621845
    -0.028459    -1.618657
    -0.026785    -1.615545
    -0.025111    -1.612510
    -0.023437    -1.609551
    -0.021763    -1.606668
    -0.020089    -1.603863
    -0.018415    -1.601136
    -0.016741    -1.598488
    -0.015067    -1.595920
    -0.013393    -1.593435
    -0.011718    -1.591038
    -0.010044    -1.588733
    -0.008370    -1.586532
    -0.006696    -1.584455
    -0.005022    -1.582539
    -0.003348    -1.580868
    -0.001674    -1.579622
     0.000000    -1.579123
     0.002900    -1.580461
     0.005799    -1.583351
     0.008699    -1.586868
     0.011598    -1.590749
     0.014498    -1.594915
     0.017397    -1.599335
     0.020297    -1.603995
     0.023197    -1.608891
     0.026096    -1.614018
     0.028996    -1.619375
     0.031895    -1.624963
     0.034795    -1.630780
     0.037694    -1.636828
     0.040594    -1.643106
     0.043494    -1.649615
     0.046393    -1.656357
     0.049293    -1.663331
     0.052192    -1.670538
     0.055092    -1.677979
     0.057991    -1.685655
     0.060891    -1.693567
     0.063791    -1.701719
     0.066690    -1.710126
     0.069590    -1.718846
     0.072489    -1.727927
     0.075389    -1.737314
     0.078288    -1.746982
     0.081188    -1.756926
     0.084088    -1.767142
     0.086987    -1.777629
     0.089887    -1.788383
     0.092786    -1.799402
     0.095686    -1.810682
     0.098585    -1.822220
     0.101485    -1.834010
     0.104385    -1.846048
     0.107284    -1.858327
     0.110184    -1.870842
     0.113083    -1.883584
     0.115983    -1.896546
     0.118882    -1.909721
     0.121782    -1.923098
     0.124681    -1.936670
     0.127581    -1.950425
     0.130481    -1.964353
     0.133380    -1.978445
     0.136280    -1.992688
     0.139179    -2.007070
     0.142079    -2.021581
     0.144978    -2.036209
     0.147878    -2.050941
     0.150778    -2.065766
     0.153677    -2.080675
     0.156577    -2.095657
     0.159476    -2.110704
     0.162376    -2.125812
     0.165275    -2.140976
     0.168175    -2.156197
     0.171075    -2.171480
     0.173974    -2.186831
     0.176874    -2.202261
     0.179773    -2.217780
     0.182673    -2.233400
     0.185572    -2.249131
     0.188472    -2.264981
     0.191372    -2.280952
     0.194271    -2.297047
     0.197171    -2.313262
     0.200070    -2.329593
     0.202970    -2.346033
     0.205869    -2.362576
     0.208769    -2.379211
     0.211669    -2.395930
     0.214568    -2.412720
     0.217468    -2.429569
     0.220367    -2.446458
     0.223267    -2.463359
     0.226166    -2.480225
     0.229066    -2.496959
     0.231966    -2.513317
     0.234865    -2.528639
     0.237765    -2.541668
     0.240664    -2.552275
     0.243564    -2.561729
     0.246463    -2.570784
     0.249363    -2.579717
     0.252263    -2.588635
     0.255162    -2.597589
     0.258062    -2.606605
     0.260961    -2.615697
     0.263861    -2.624875
     0.266760    -2.634146
     0.269660    -2.643514
     0.272560    -2.652983
     0.275459    -2.662555
     0.278359    -2.672231
     0.281258    -2.682013
     0.284158    -2.691901
     0.287057    -2.701897
     0.289957    -2.711999


    -0.167407    -2.115810
    -0.165733    -2.108395
    -0.164059    -2.100938
    -0.162385    -2.093441
    -0.160710    -2.085910
    -0.159036    -2.078351
    -0.157362    -2.070767
    -0.155688    -2.063164
    -0.154014    -2.055546
    -0.152340    -2.047918
    -0.150666    -2.040284
    -0.148992    -2.032648
    -0.147318    -2.025014
    -0.145644    -2.017387
    -0.143970    -2.009770
    -0.142296    -2.002166
    -0.140622    -1.994580
    -0.138948    -1.987015
    -0.137274    -1.979474
    -0.135599    -1.971960
    -0.133925    -1.964476
    -0.132251    -1.957026
    -0.130577    -1.949611
    -0.128903    -1.942234
    -0.127229    -1.934899
    -0.125555    -1.927606
    -0.123881    -1.920359
    -0.122207    -1.913160
    -0.120533    -1.906011
    -0.118859    -1.898913
    -0.117185    -1.891868
    -0.115511    -1.884879
    -0.113837    -1.877947
    -0.112163    -1.871074
    -0.110488    -1.864260
    -0.108814    -1.857508
    -0.107140    -1.850818
    -0.105466    -1.844192
    -0.103792    -1.837632
    -0.102118    -1.831137
    -0.100444    -1.824710
    -0.098770    -1.818351
    -0.097096    -1.812061
    -0.095422    -1.805840
    -0.093748    -1.799691
    -0.092074    -1.793613
    -0.090400    -1.787606
    -0.088726    -1.781673
    -0.087052    -1.775812
    -0.085377    -1.770026
    -0.083703    -1.764313
    -0.082029    -1.758675
    -0.080355    -1.753112
    -0.078681    -1.747624
    -0.077007    -1.742212
    -0.075333    -1.736876
    -0.073659    -1.731616
    -0.071985    -1.726432
    -0.070311    -1.721325
    -0.068637    -1.716293
    -0.066963    -1.711338
    -0.065289    -1.706459
    -0.063615    -1.701654
    -0.061940    -1.696912
    -0.060266    -1.692198
    -0.058592    -1.687524
    -0.056918    -1.682927
    -0.055244    -1.678416
    -0.053570    -1.673994
    -0.051896    -1.669660
    -0.050222    -1.665414
    -0.048548    -1.661255
    -0.046874    -1.657183
    -0.045200    -1.653197
    -0.043526    -1.649297
    -0.041852    -1.645482
    -0.040178    -1.641751
    -0.038504    -1.638105
    -0.036829    -1.634541
    -0.035155    -1.631061
    -0.033481    -1.627662
    -0.031807    -1.624344
    -0.030133    -1.621107
    -0.028459    -1.617951
    -0.026785    -1.614874
    -0.025111    -1.611877
    -0.023437    -1.608959
    -0.021763    -1.606119
    -0.020089    -1.603358
    -0.018415    -1.600676
    -0.016741    -1.598074
    -0.015067    -1.595552
    -0.013393    -1.593113
    -0.011718    -1.590760
    -0.010044    -1.588499
    -0.008370    -1.586340
    -0.006696    -1.584302
    -0.005022    -1.582425
    -0.003348    -1.580790
    -0.001674    -1.579581
     0.000000    -1.579117
     0.002900    -1.580389
     0.005799    -1.583214
     0.008699    -1.586664
     0.011598    -1.590473
     0.014498    -1.594560
     0.017397    -1.598897
     0.020297    -1.603472
     0.023197    -1.608283
     0.026096    -1.613327
     0.028996    -1.618607
     0.031895    -1.624124
     0.034795    -1.629881
     0.037694    -1.635880
     0.040594    -1.642125
     0.043494    -1.648619
     0.046393    -1.655365
     0.049293    -1.662365
     0.052192    -1.669623
     0.055092    -1.677142
     0.057991    -1.684923
     0.060891    -1.692967
     0.063791    -1.701273
     0.066690    -1.709829
     0.069590    -1.718577
     0.072489    -1.727469
     0.075389    -1.736562
     0.078288    -1.745879
     0.081188    -1.755424
     0.084088    -1.765199
     0.086987    -1.775203
     0.089887    -1.785436
     0.092786    -1.795895
     0.095686    -1.806578
     0.098585    -1.817485
     0.101485    -1.828612
     0.104385    -1.839957
     0.107284    -1.851516
     0.110184    -1.863287
     0.113083    -1.875265
     0.115983    -1.887447
     0.118882    -1.899827
     0.121782    -1.912402
     0.124681    -1.925166
     0.127581    -1.938112
     0.130481    -1.951234
     0.133380    -1.964525
     0.136280    -1.977977
     0.139179    -1.991579
     0.142079    -2.005323
     0.144978    -2.019195
     0.147878    -2.033182
     0.150778    -2.047268
     0.153677    -2.061435
     0.156577    -2.075661
     0.159476    -2.089919
     0.162376    -2.104179
     0.165275    -2.118406
     0.168175    -2.132557
     0.171075    -2.146586
     0.173974    -2.160440
     0.176874    -2.174061
     0.179773    -2.187391
     0.182673    -2.200373
     0.185572    -2.212951
     0.188472    -2.225079
     0.191372    -2.236719
     0.194271    -2.247845
     0.197171    -2.258441
     0.200070    -2.268505
     0.202970    -2.278046
     0.205869    -2.287082
     0.208769    -2.295638
     0.211669    -2.303747
     0.214568    -2.311443
     0.217468    -2.318765
     0.220367    -2.325748
     0.223267    -2.332430
     0.226166    -2.338845
     0.229066    -2.345025
     0.231966    -2.351000
     0.234865    -2.356795
     0.237765    -2.362437
     0.240664    -2.367946
     0.243564    -2.373342
     0.246463    -2.378644
     0.249363    -2.383868
     0.252263    -2.389027
     0.255162    -2.394137
     0.258062    -2.399208
     0.260961    -2.404252
     0.263861    -2.409280
     0.266760    -2.414302
     0.269660    -2.419327
     0.272560    -2.424363
     0.275459    -2.429421
     0.278359    -2.434507
     0.281258    -2.439630
     0.284158    -2.444799
     0.287057    -2.450019
     0.289957    -2.455301


    -0.167407    -1.668306
    -0.165733    -1.665376
    -0.164059    -1.662470
    -0.162385    -1.659586
    -0.160710    -1.656727
    -0.159036    -1.653891
    -0.157362    -1.651081
    -0.155688    -1.648295
    -0.154014    -1.645536
    -0.152340    -1.642803
    -0.150666    -1.640096
    -0.148992    -1.637417
    -0.147318    -1.634766
    -0.145644    -1.632143
    -0.143970    -1.629549
    -0.142296    -1.626984
    -0.140622    -1.624449
    -0.138948    -1.621945
    -0.137274    -1.619472
    -0.135599    -1.617030
    -0.133925    -1.614620
    -0.132251    -1.612243
    -0.130577    -1.609899
    -0.128903    -1.607589
    -0.127229    -1.605313
    -0.125555    -1.603073
    -0.123881    -1.600867
    -0.122207    -1.598698
    -0.120533    -1.596565
    -0.118859    -1.594470
    -0.117185    -1.592412
    -0.115511    -1.590393
    -0.113837    -1.588412
    -0.112163    -1.586471
    -0.110488    -1.584570
    -0.108814    -1.582710
    -0.107140    -1.580892
    -0.105466    -1.579115
    -0.103792    -1.577380
    -0.102118    -1.575689
    -0.100444    -1.574041
    -0.098770    -1.572438
    -0.097096    -1.570879
    -0.095422    -1.569366
    -0.093748    -1.567898
    -0.092074    -1.566478
    -0.090400    -1.565104
    -0.088726    -1.563778
    -0.087052    -1.562500
    -0.085377    -1.561272
    -0.083703    -1.560092
    -0.082029    -1.558963
    -0.080355    -1.557884
    -0.078681    -1.556856
    -0.077007    -1.555880
    -0.075333    -1.554956
    -0.073659    -1.554085
    -0.071985    -1.553267
    -0.070311    -1.552502
    -0.068637    -1.551792
    -0.066963    -1.551137
    -0.065289    -1.550537
    -0.063615    -1.549993
    -0.061940    -1.549505
    -0.060266    -1.549074
    -0.058592    -1.548700
    -0.056918    -1.548384
    -0.055244    -1.548125
    -0.053570    -1.547926
    -0.051896    -1.547786
    -0.050222    -1.547705
    -0.048548    -1.547684
    -0.046874    -1.547723
    -0.045200    -1.547823
    -0.043526    -1.547984
    -0.041852    -1.548206
    -0.040178    -1.548490
    -0.038504    -1.548837
    -0.036829    -1.549246
    -0.035155    -1.549718
    -0.033481    -1.550253
    -0.031807    -1.550851
    -0.030133    -1.551513
    -0.028459    -1.552239
    -0.026785    -1.553028
    -0.025111    -1.553882
    -0.023437    -1.554799
    -0.021763    -1.555781
    -0.020089    -1.556826
    -0.018415    -1.557934
    -0.016741    -1.559104
    -0.015067    -1.560334
    -0.013393    -1.561622
    -0.011718    -1.562962
    -0.010044    -1.564349
    -0.008370    -1.565769
    -0.006696    -1.567205
    -0.005022    -1.568615
    -0.003348    -1.569919
    -0.001674    -1.570935
     0.000000    -1.571343
     0.002900    -1.570243
     0.005799    -1.568012
     0.008699    -1.565566
     0.011598    -1.563174
     0.014498    -1.560919
     0.017397    -1.558832
     0.020297    -1.556928
     0.023197    -1.555212
     0.026096    -1.553686
     0.028996    -1.552352
     0.031895    -1.551210
     0.034795    -1.550258
     0.037694    -1.549495
     0.040594    -1.548921
     0.043494    -1.548533
     0.046393    -1.548329
     0.049293    -1.548307
     0.052192    -1.548465
     0.055092    -1.548802
     0.057991    -1.549314
     0.060891    -1.549999
     0.063791    -1.550855
     0.066690    -1.551879
     0.069590    -1.553069
     0.072489    -1.554421
     0.075389    -1.555933
     0.078288    -1.557602
     0.081188    -1.559425
     0.084088    -1.561399
     0.086987    -1.563522
     0.089887    -1.565790
     0.092786    -1.568201
     0.095686    -1.570751
     0.098585    -1.573437
     0.101485    -1.576257
     0.104385    -1.579208
     0.107284    -1.582287
     0.110184    -1.585492
     0.113083    -1.588819
     0.115983    -1.592266
     0.118882    -1.595831
     0.121782    -1.599512
     0.124681    -1.603305
     0.127581    -1.607210
     0.130481    -1.611225
     0.133380    -1.615347
     0.136280    -1.619576
     0.139179    -1.623909
     0.142079    -1.628346
     0.144978    -1.632887
     0.147878    -1.637530
     0.150778    -1.642275
     0.153677    -1.647123
     0.156577    -1.652074
     0.159476    -1.657128
     0.162376    -1.662288
     0.165275    -1.667554
     0.168175    -1.672929
     0.171075    -1.678415
     0.173974    -1.684017
     0.176874    -1.689738
     0.179773    -1.695582
     0.182673    -1.701555
     0.185572    -1.707663
     0.188472    -1.713913
     0.191372    -1.720311
     0.194271    -1.726866
     0.197171    -1.733585
     0.200070    -1.740475
     0.202970    -1.747543
     0.205869    -1.754795
     0.208769    -1.762236
     0.211669    -1.769870
     0.214568    -1.777697
     0.217468    -1.785718
     0.220367    -1.793930
     0.223267    -1.802329
     0.226166    -1.810909
     0.229066    -1.819664
     0.231966    -1.828585
     0.234865    -1.837663
     0.237765    -1.846887
     0.240664    -1.856248
     0.243564    -1.865734
     0.246463    -1.875333
     0.249363    -1.885033
     0.252263    -1.894823
     0.255162    -1.904690
     0.258062    -1.914621
     0.260961    -1.924606
     0.263861    -1.934631
     0.266760    -1.944685
     0.269660    -1.954755
     0.272560    -1.964829
     0.275459    -1.974895
     0.278359    -1.984942
     0.281258    -1.994957
     0.284158    -2.004929
     0.287057    -2.014846
     0.289957    -2.024696


    -0.167407    -1.649786
    -0.165733    -1.646860
    -0.164059    -1.643970
    -0.162385    -1.641115
    -0.160710    -1.638297
    -0.159036    -1.635515
    -0.157362    -1.632771
    -0.155688    -1.630064
    -0.154014    -1.627395
    -0.152340    -1.624764
    -0.150666    -1.622171
    -0.148992    -1.619617
    -0.147318    -1.617102
    -0.145644    -1.614626
    -0.143970    -1.612190
    -0.142296    -1.609793
    -0.140622    -1.607437
    -0.138948    -1.605120
    -0.137274    -1.602845
    -0.135599    -1.600610
    -0.133925    -1.598416
    -0.132251    -1.596263
    -0.130577    -1.594151
    -0.128903    -1.592081
    -0.127229    -1.590053
    -0.125555    -1.588067
    -0.123881    -1.586124
    -0.122207    -1.584222
    -0.120533    -1.582364
    -0.118859    -1.580548
    -0.117185    -1.578775
    -0.115511    -1.577045
    -0.113837    -1.575359
    -0.112163    -1.573716
    -0.110488    -1.572117
    -0.108814    -1.570562
    -0.107140    -1.569051
    -0.105466    -1.567584
    -0.103792    -1.566162
    -0.102118    -1.564785
    -0.100444    -1.563452
    -0.098770    -1.562165
    -0.097096    -1.560922
    -0.095422    -1.559725
    -0.093748    -1.558574
    -0.092074    -1.557469
    -0.090400    -1.556409
    -0.088726    -1.555396
    -0.087052    -1.554429
    -0.085377    -1.553509
    -0.083703    -1.552636
    -0.082029    -1.551810
    -0.080355    -1.551031
    -0.078681    -1.550299
    -0.077007    -1.549615
    -0.075333    -1.548979
    -0.073659    -1.548392
    -0.071985    -1.547852
    -0.070311    -1.547362
    -0.068637    -1.546920
    -0.066963    -1.546527
    -0.065289    -1.546184
    -0.063615    -1.545891
    -0.061940    -1.545647
    -0.060266    -1.545453
    -0.058592    -1.545310
    -0.056918    -1.545218
    -0.055244    -1.545177
    -0.053570    -1.545186
    -0.051896    -1.545248
    -0.050222    -1.545361
    -0.048548    -1.545527
    -0.046874    -1.545745
    -0.045200    -1.546015
    -0.043526    -1.546339
    -0.041852    -1.546716
    -0.040178    -1.547147
    -0.038504    -1.547631
    -0.036829    -1.548170
    -0.035155    -1.548763
    -0.033481    -1.549412
    -0.031807    -1.550115
    -0.030133    -1.550873
    -0.028459    -1.551687
    -0.026785    -1.552557
    -0.025111    -1.553482
    -0.023437    -1.554464
    -0.021763    -1.555500
    -0.020089    -1.556592
    -0.018415    -1.557739
    -0.016741    -1.558941
    -0.015067    -1.560195
    -0.013393    -1.561501
    -0.011718    -1.562856
    -0.010044    -1.564254
    -0.008370    -1.565686
    -0.006696    -1.567132
    -0.005022    -1.568555
    -0.003348    -1.569871
    -0.001674    -1.570899
     0.000000    -1.571318
     0.002900    -1.570217
     0.005799    -1.567962
     0.008699    -1.565489
     0.011598    -1.563061
     0.014498    -1.560753
     0.017397    -1.558594
     0.020297    -1.556595
     0.023197    -1.554761
     0.026096    -1.553094
     0.028996    -1.551594
     0.031895    -1.550260
     0.034795    -1.549091
     0.037694    -1.548087
     0.040594    -1.547245
     0.043494    -1.546565
     0.046393    -1.546044
     0.049293    -1.545681
     0.052192    -1.545475
     0.055092    -1.545424
     0.057991    -1.545526
     0.060891    -1.545780
     0.063791    -1.546185
     0.066690    -1.546738
     0.069590    -1.547439
     0.072489    -1.548287
     0.075389    -1.549279
     0.078288    -1.550415
     0.081188    -1.551693
     0.084088    -1.553112
     0.086987    -1.554671
     0.089887    -1.556369
     0.092786    -1.558205
     0.095686    -1.560178
     0.098585    -1.562286
     0.101485    -1.564529
     0.104385    -1.566907
     0.107284    -1.569417
     0.110184    -1.572060
     0.113083    -1.574835
     0.115983    -1.577741
     0.118882    -1.580778
     0.121782    -1.583945
     0.124681    -1.587242
     0.127581    -1.590669
     0.130481    -1.594226
     0.133380    -1.597911
     0.136280    -1.601727
     0.139179    -1.605671
     0.142079    -1.609745
     0.144978    -1.613948
     0.147878    -1.618281
     0.150778    -1.622744
     0.153677    -1.627336
     0.156577    -1.632059
     0.159476    -1.636911
     0.162376    -1.641894
     0.165275    -1.647005
     0.168175    -1.652246
     0.171075    -1.657613
     0.173974    -1.663108
     0.176874    -1.668726
     0.179773    -1.674466
     0.182673    -1.680324
     0.185572    -1.686296
     0.188472    -1.692378
     0.191372    -1.698564
     0.194271    -1.704848
     0.197171    -1.711223
     0.200070    -1.717681
     0.202970    -1.724217
     0.205869    -1.730822
     0.208769    -1.737491
     0.211669    -1.744217
     0.214568    -1.750997
     0.217468    -1.757824
     0.220367    -1.764698
     0.223267    -1.771614
     0.226166    -1.778572
     0.229066    -1.785570
     0.231966    -1.792607
     0.234865    -1.799682
     0.237765    -1.806794
     0.240664    -1.813941
     0.243564    -1.821122
     0.246463    -1.828336
     0.249363    -1.835580
     0.252263    -1.842851
     0.255162    -1.850147
     0.258062    -1.857464
     0.260961    -1.864800
     0.263861    -1.872149
     0.266760    -1.879508
     0.269660    -1.886873
     0.272560    -1.894239
     0.275459    -1.901600
     0.278359    -1.908953
     0.281258    -1.916293
     0.284158    -1.923614
     0.287057    -1.930910
     0.289957    -1.938179


    -0.167407    -1.277370
    -0.165733    -1.271739
    -0.164059    -1.266056
    -0.162385    -1.260322
    -0.160710    -1.254536
    -0.159036    -1.248699
    -0.157362    -1.242810
    -0.155688    -1.236871
    -0.154014    -1.230880
    -0.152340    -1.224840
    -0.150666    -1.218749
    -0.148992    -1.212609
    -0.147318    -1.206422
    -0.145644    -1.200242
    -0.143970    -1.194639
    -0.142296    -1.189074
    -0.140622    -1.183465
    -0.138948    -1.177810
    -0.137274    -1.172109
    -0.135599    -1.166359
    -0.133925    -1.160561
    -0.132251    -1.154714
    -0.130577    -1.148819
    -0.128903    -1.142873
    -0.127229    -1.136878
    -0.125555    -1.130833
    -0.123881    -1.124738
    -0.122207    -1.118592
    -0.120533    -1.112396
    -0.118859    -1.106149
    -0.117185    -1.099852
    -0.115511    -1.093505
    -0.113837    -1.087108
    -0.112163    -1.080660
    -0.110488    -1.074164
    -0.108814    -1.067618
    -0.107140    -1.061025
    -0.105466    -1.054383
    -0.103792    -1.047695
    -0.102118    -1.040960
    -0.100444    -1.034180
    -0.098770    -1.027356
    -0.097096    -1.020489
    -0.095422    -1.013581
    -0.093748    -1.006633
    -0.092074    -0.999646
    -0.090400    -0.992623
    -0.088726    -0.985565
    -0.087052    -0.978474
    -0.085377    -0.971353
    -0.083703    -0.964204
    -0.082029    -0.957029
    -0.080355    -0.949832
    -0.078681    -0.942615
    -0.077007    -0.935381
    -0.075333    -0.928134
    -0.073659    -0.920877
    -0.071985    -0.913615
    -0.070311    -0.906351
    -0.068637    -0.899090
    -0.066963    -0.891836
    -0.065289    -0.884593
    -0.063615    -0.877368
    -0.061940    -0.870166
    -0.060266    -0.862992
    -0.058592    -0.855852
    -0.056918    -0.848754
    -0.055244    -0.841703
    -0.053570    -0.834707
    -0.051896    -0.827773
    -0.050222    -0.820910
    -0.048548    -0.814125
    -0.046874    -0.807428
    -0.045200    -0.800827
    -0.043526    -0.794332
    -0.041852    -0.787953
    -0.040178    -0.781700
    -0.038504    -0.775585
    -0.036829    -0.769617
    -0.035155    -0.763809
    -0.033481    -0.758171
    -0.031807    -0.752716
    -0.030133    -0.747456
    -0.028459    -0.742403
    -0.026785    -0.737568
    -0.025111    -0.732964
    -0.023437    -0.728602
    -0.021763    -0.724493
    -0.020089    -0.720649
    -0.018415    -0.717079
    -0.016741    -0.713793
    -0.015067    -0.710799
    -0.013393    -0.708105
    -0.011718    -0.705718
    -0.010044    -0.703644
    -0.008370    -0.701886
    -0.006696    -0.700448
    -0.005022    -0.699331
    -0.003348    -0.698533
    -0.001674    -0.698052
     0.000000    -0.697887
     0.002900    -0.698364
     0.005799    -0.699802
     0.008699    -0.702203
     0.011598    -0.705560
     0.014498    -0.709854
     0.017397    -0.715055
     0.020297    -0.721125
     0.023197    -0.728015
     0.026096    -0.735672
     0.028996    -0.744037
     0.031895    -0.753048
     0.034795    -0.762645
     0.037694    -0.772765
     0.040594    -0.783350
     0.043494    -0.794343
     0.046393    -0.805690
     0.049293    -0.817343
     0.052192    -0.829254
     0.055092    -0.841383
     0.057991    -0.853691
     0.060891    -0.866143
     0.063791    -0.878709
     0.066690    -0.891361
     0.069590    -0.904074
     0.072489    -0.916827
     0.075389    -0.929600
     0.078288    -0.942378
     0.081188    -0.955146
     0.084088    -0.967893
     0.086987    -0.980611
     0.089887    -0.993293
     0.092786    -1.005935
     0.095686    -1.018535
     0.098585    -1.031095
     0.101485    -1.043620
     0.104385    -1.056115
     0.107284    -1.068593
     0.110184    -1.081067
     0.113083    -1.093553
     0.115983    -1.106068
     0.118882    -1.118629
     0.121782    -1.131248
     0.124681    -1.143931
     0.127581    -1.156678
     0.130481    -1.169481
     0.133380    -1.182329
     0.136280    -1.195207
     0.139179    -1.208098
     0.142079    -1.220985
     0.144978    -1.233855
     0.147878    -1.246693
     0.150778    -1.259486
     0.153677    -1.272222
     0.156577    -1.284892
     0.159476    -1.297485
     0.162376    -1.309991
     0.165275    -1.322402
     0.168175    -1.334709
     0.171075    -1.346905
     0.173974    -1.358982
     0.176874    -1.370931
     0.179773    -1.382745
     0.182673    -1.394419
     0.185572    -1.405944
     0.188472    -1.417314
     0.191372    -1.428524
     0.194271    -1.439566
     0.197171    -1.450437
     0.200070    -1.461131
     0.202970    -1.471643
     0.205869    -1.481971
     0.208769    -1.492111
     0.211669    -1.502061
     0.214568    -1.511819
     0.217468    -1.521384
     0.220367    -1.530757
     0.223267    -1.539937
     0.226166    -1.548926
     0.229066    -1.557726
     0.231966    -1.566339
     0.234865    -1.574768
     0.237765    -1.583017
     0.240664    -1.591089
     0.243564    -1.598990
     0.246463    -1.606722
     0.249363    -1.614292
     0.252263    -1.621703
     0.255162    -1.628960
     0.258062    -1.636068
     0.260961    -1.643031
     0.263861    -1.649855
     0.266760    -1.656543
     0.269660    -1.663100
     0.272560    -1.669530
     0.275459    -1.675836
     0.278359    -1.682023
     0.281258    -1.688094
     0.284158    -1.694052
     0.287057    -1.699900
     0.289957    -1.705642


    -0.167407    -1.267940
    -0.165733    -1.262965
    -0.164059    -1.257953
    -0.162385    -1.252901
    -0.160710    -1.247811
    -0.159036    -1.242682
    -0.157362    -1.237512
    -0.155688    -1.232301
    -0.154014    -1.227049
    -0.152340    -1.221754
    -0.150666    -1.216416
    -0.148992    -1.211034
    -0.147318    -1.205606
    -0.145644    -1.200076
    -0.143970    -1.193875
    -0.142296    -1.187543
    -0.140622    -1.181160
    -0.138948    -1.174729
    -0.137274    -1.168252
    -0.135599    -1.161729
    -0.133925    -1.155162
    -0.132251    -1.148551
    -0.130577    -1.141897
    -0.128903    -1.135201
    -0.127229    -1.128465
    -0.125555    -1.121689
    -0.123881    -1.114874
    -0.122207    -1.108022
    -0.120533    -1.101135
    -0.118859    -1.094213
    -0.117185    -1.087258
    -0.115511    -1.080272
    -0.113837    -1.073255
    -0.112163    -1.066210
    -0.110488    -1.059139
    -0.108814    -1.052043
    -0.107140    -1.044924
    -0.105466    -1.037784
    -0.103792    -1.030625
    -0.102118    -1.023450
    -0.100444    -1.016259
    -0.098770    -1.009056
    -0.097096    -1.001843
    -0.095422    -0.994622
    -0.093748    -0.987395
    -0.092074    -0.980166
    -0.090400    -0.972937
    -0.088726    -0.965710
    -0.087052    -0.958489
    -0.085377    -0.951275
    -0.083703    -0.944073
    -0.082029    -0.936885
    -0.080355    -0.929715
    -0.078681    -0.922564
    -0.077007    -0.915438
    -0.075333    -0.908339
    -0.073659    -0.901271
    -0.071985    -0.894237
    -0.070311    -0.887242
    -0.068637    -0.880288
    -0.066963    -0.873380
    -0.065289    -0.866522
    -0.063615    -0.859718
    -0.061940    -0.852972
    -0.060266    -0.846289
    -0.058592    -0.839674
    -0.056918    -0.833130
    -0.055244    -0.826663
    -0.053570    -0.820277
    -0.051896    -0.813979
    -0.050222    -0.807772
    -0.048548    -0.801663
    -0.046874    -0.795657
    -0.045200    -0.789760
    -0.043526    -0.783977
    -0.041852    -0.778316
    -0.040178    -0.772782
    -0.038504    -0.767382
    -0.036829    -0.762122
    -0.035155    -0.757010
    -0.033481    -0.752053
    -0.031807    -0.747258
    -0.030133    -0.742632
    -0.028459    -0.738185
    -0.026785    -0.733923
    -0.025111    -0.729854
    -0.023437    -0.725988
    -0.021763    -0.722333
    -0.020089    -0.718897
    -0.018415    -0.715689
    -0.016741    -0.712718
    -0.015067    -0.709992
    -0.013393    -0.707521
    -0.011718    -0.705313
    -0.010044    -0.703375
    -0.008370    -0.701716
    -0.006696    -0.700344
    -0.005022    -0.699266
    -0.003348    -0.698491
    -0.001674    -0.698026
     0.000000    -0.697875
     0.002900    -0.698342
     0.005799    -0.699729
     0.008699    -0.702006
     0.011598    -0.705137
     0.014498    -0.709080
     0.017397    -0.713792
     0.020297    -0.719228
     0.023197    -0.725343
     0.026096    -0.732092
     0.028996    -0.739432
     0.031895    -0.747322
     0.034795    -0.755723
     0.037694    -0.764597
     0.040594    -0.773908
     0.043494    -0.783624
     0.046393    -0.793714
     0.049293    -0.804148
     0.052192    -0.814899
     0.055092    -0.825942
     0.057991    -0.837253
     0.060891    -0.848808
     0.063791    -0.860586
     0.066690    -0.872568
     0.069590    -0.884733
     0.072489    -0.897064
     0.075389    -0.909543
     0.078288    -0.922152
     0.081188    -0.934876
     0.084088    -0.947698
     0.086987    -0.960602
     0.089887    -0.973572
     0.092786    -0.986592
     0.095686    -0.999645
     0.098585    -1.012712
     0.101485    -1.025776
     0.104385    -1.038814
     0.107284    -1.051805
     0.110184    -1.064724
     0.113083    -1.077545
     0.115983    -1.090243
     0.118882    -1.102794
     0.121782    -1.115179
     0.124681    -1.127384
     0.127581    -1.139405
     0.130481    -1.151244
     0.133380    -1.162908
     0.136280    -1.174408
     0.139179    -1.185756
     0.142079    -1.196964
     0.144978    -1.208041
     0.147878    -1.218999
     0.150778    -1.229846
     0.153677    -1.240588
     0.156577    -1.251231
     0.159476    -1.261781
     0.162376    -1.272241
     0.165275    -1.282615
     0.168175    -1.292906
     0.171075    -1.303115
     0.173974    -1.313243
     0.176874    -1.323293
     0.179773    -1.333263
     0.182673    -1.343154
     0.185572    -1.352966
     0.188472    -1.362698
     0.191372    -1.372348
     0.194271    -1.381916
     0.197171    -1.391399
     0.200070    -1.400796
     0.202970    -1.410104
     0.205869    -1.419322
     0.208769    -1.428447
     0.211669    -1.437477
     0.214568    -1.446409
     0.217468    -1.455240
     0.220367    -1.463969
     0.223267    -1.472593
     0.226166    -1.481109
     0.229066    -1.489516
     0.231966    -1.497812
     0.234865    -1.505994
     0.237765    -1.514062
     0.240664    -1.522014
     0.243564    -1.529848
     0.246463    -1.537565
     0.249363    -1.545163
     0.252263    -1.552642
     0.255162    -1.560002
     0.258062    -1.567243
     0.260961    -1.574365
     0.263861    -1.581370
     0.266760    -1.588258
     0.269660    -1.595029
     0.272560    -1.601685
     0.275459    -1.608228
     0.278359    -1.614658
     0.281258    -1.620977
     0.284158    -1.627187
     0.287057    -1.633288
     0.289957    -1.639284


    -0.167407    -0.478908
    -0.165733    -0.474767
    -0.164059    -0.470670
    -0.162385    -0.466618
    -0.160710    -0.462612
    -0.159036    -0.458652
    -0.157362    -0.454740
    -0.155688    -0.450876
    -0.154014    -0.447060
    -0.152340    -0.443295
    -0.150666    -0.439579
    -0.148992    -0.435915
    -0.147318    -0.432303
    -0.145644    -0.428743
    -0.143970    -0.425237
    -0.142296    -0.421785
    -0.140622    -0.418388
    -0.138948    -0.415046
    -0.137274    -0.411761
    -0.135599    -0.408532
    -0.133925    -0.405361
    -0.132251    -0.402249
    -0.130577    -0.399195
    -0.128903    -0.396201
    -0.127229    -0.393267
    -0.125555    -0.390394
    -0.123881    -0.387582
    -0.122207    -0.384832
    -0.120533    -0.382144
    -0.118859    -0.379519
    -0.117185    -0.376957
    -0.115511    -0.374459
    -0.113837    -0.372024
    -0.112163    -0.369655
    -0.110488    -0.367349
    -0.108814    -0.365109
    -0.107140    -0.362933
    -0.105466    -0.360823
    -0.103792    -0.358778
    -0.102118    -0.356798
    -0.100444    -0.354883
    -0.098770    -0.353033
    -0.097096    -0.351248
    -0.095422    -0.349528
    -0.093748    -0.347872
    -0.092074    -0.346279
    -0.090400    -0.344750
    -0.088726    -0.343283
    -0.087052    -0.341878
    -0.085377    -0.340534
    -0.083703    -0.339249
    -0.082029    -0.338023
    -0.080355    -0.336854
    -0.078681    -0.335741
    -0.077007    -0.334682
    -0.075333    -0.333675
    -0.073659    -0.332719
    -0.071985    -0.331811
    -0.070311    -0.330948
    -0.068637    -0.330128
    -0.066963    -0.329349
    -0.065289    -0.328606
    -0.063615    -0.327896
    -0.061940    -0.327217
    -0.060266    -0.326563
    -0.058592    -0.325930
    -0.056918    -0.325314
    -0.055244    -0.324710
    -0.053570    -0.324112
    -0.051896    -0.323514
    -0.050222    -0.322910
    -0.048548    -0.322293
    -0.046874    -0.321658
    -0.045200    -0.320995
    -0.043526    -0.320297
    -0.041852    -0.319556
    -0.040178    -0.318764
    -0.038504    -0.317910
    -0.036829    -0.316986
    -0.035155    -0.315982
    -0.033481    -0.314887
    -0.031807    -0.313691
    -0.030133    -0.312385
    -0.028459    -0.310956
    -0.026785    -0.309395
    -0.025111    -0.307691
    -0.023437    -0.305834
    -0.021763    -0.303814
    -0.020089    -0.301620
    -0.018415    -0.299245
    -0.016741    -0.296679
    -0.015067    -0.293917
    -0.013393    -0.290950
    -0.011718    -0.287773
    -0.010044    -0.284383
    -0.008370    -0.280776
    -0.006696    -0.276950
    -0.005022    -0.272905
    -0.003348    -0.268641
    -0.001674    -0.264161
     0.000000    -0.259486
     0.002900    -0.267471
     0.005799    -0.274812
     0.008699    -0.281497
     0.011598    -0.287528
     0.014498    -0.292918
     0.017397    -0.297694
     0.020297    -0.301888
     0.023197    -0.305545
     0.026096    -0.308713
     0.028996    -0.311444
     0.031895    -0.313796
     0.034795    -0.315824
     0.037694    -0.317582
     0.040594    -0.319123
     0.043494    -0.320498
     0.046393    -0.321751
     0.049293    -0.322925
     0.052192    -0.324058
     0.055092    -0.325183
     0.057991    -0.326329
     0.060891    -0.327523
     0.063791    -0.328786
     0.066690    -0.330137
     0.069590    -0.331592
     0.072489    -0.333162
     0.075389    -0.334858
     0.078288    -0.336688
     0.081188    -0.338657
     0.084088    -0.340768
     0.086987    -0.343022
     0.089887    -0.345420
     0.092786    -0.347960
     0.095686    -0.350640
     0.098585    -0.353456
     0.101485    -0.356402
     0.104385    -0.359475
     0.107284    -0.362667
     0.110184    -0.365971
     0.113083    -0.369380
     0.115983    -0.372888
     0.118882    -0.376485
     0.121782    -0.380163
     0.124681    -0.383915
     0.127581    -0.387732
     0.130481    -0.391607
     0.133380    -0.395530
     0.136280    -0.399495
     0.139179    -0.403493
     0.142079    -0.407518
     0.144978    -0.411561
     0.147878    -0.415617
     0.150778    -0.419678
     0.153677    -0.423739
     0.156577    -0.427793
     0.159476    -0.431836
     0.162376    -0.435862
     0.165275    -0.439867
     0.168175    -0.443845
     0.171075    -0.447794
     0.173974    -0.451709
     0.176874    -0.455588
     0.179773    -0.459427
     0.182673    -0.463223
     0.185572    -0.466974
     0.188472    -0.470678
     0.191372    -0.474334
     0.194271    -0.477938
     0.197171    -0.481491
     0.200070    -0.484992
     0.202970    -0.488438
     0.205869    -0.491829
     0.208769    -0.495165
     0.211669    -0.498446
     0.214568    -0.501670
     0.217468    -0.504839
     0.220367    -0.507952
     0.223267    -0.511008
     0.226166    -0.514009
     0.229066    -0.516955
     0.231966    -0.519846
     0.234865    -0.522683
     0.237765    -0.525465
     0.240664    -0.528195
     0.243564    -0.530872
     0.246463    -0.533498
     0.249363    -0.536072
     0.252263    -0.538597
     0.255162    -0.541072
     0.258062    -0.543499
     0.260961    -0.545879
     0.263861    -0.548212
     0.266760    -0.550500
     0.269660    -0.552743
     0.272560    -0.554943
     0.275459    -0.557101
     0.278359    -0.559217
     0.281258    -0.561293
     0.284158    -0.563330
     0.287057    -0.565328
     0.289957    -0.567289


    -0.167407    -0.429324
    -0.165733    -0.423237
    -0.164059    -0.417154
    -0.162385    -0.411076
    -0.160710    -0.405001
    -0.159036    -0.398932
    -0.157362    -0.392867
    -0.155688    -0.386806
    -0.154014    -0.380751
    -0.152340    -0.374701
    -0.150666    -0.368655
    -0.148992    -0.362616
    -0.147318    -0.356581
    -0.145644    -0.350553
    -0.143970    -0.344530
    -0.142296    -0.338513
    -0.140622    -0.332502
    -0.138948    -0.326498
    -0.137274    -0.320500
    -0.135599    -0.314509
    -0.133925    -0.308525
    -0.132251    -0.302549
    -0.130577    -0.296579
    -0.128903    -0.290618
    -0.127229    -0.284664
    -0.125555    -0.278719
    -0.123881    -0.272783
    -0.122207    -0.266856
    -0.120533    -0.260939
    -0.118859    -0.255032
    -0.117185    -0.249136
    -0.115511    -0.243251
    -0.113837    -0.237379
    -0.112163    -0.231519
    -0.110488    -0.225673
    -0.108814    -0.219843
    -0.107140    -0.214028
    -0.105466    -0.208230
    -0.103792    -0.202452
    -0.102118    -0.196694
    -0.100444    -0.190958
    -0.098770    -0.185247
    -0.097096    -0.179564
    -0.095422    -0.173910
    -0.093748    -0.168290
    -0.092074    -0.162707
    -0.090400    -0.157166
    -0.088726    -0.151672
    -0.087052    -0.146231
    -0.085377    -0.140851
    -0.083703    -0.135539
    -0.082029    -0.130305
    -0.080355    -0.125161
    -0.078681    -0.120120
    -0.077007    -0.115199
    -0.075333    -0.110417
    -0.073659    -0.105796
    -0.071985    -0.101364
    -0.070311    -0.097152
    -0.068637    -0.093198
    -0.066963    -0.089546
    -0.065289    -0.086247
    -0.063615    -0.083359
    -0.061940    -0.080945
    -0.060266    -0.079072
    -0.058592    -0.077808
    -0.056918    -0.077217
    -0.055244    -0.077349
    -0.053570    -0.078238
    -0.051896    -0.079894
    -0.050222    -0.082304
    -0.048548    -0.085429
    -0.046874    -0.089213
    -0.045200    -0.093587
    -0.043526    -0.098478
    -0.041852    -0.103810
    -0.040178    -0.109512
    -0.038504    -0.115521
    -0.036829    -0.121776
    -0.035155    -0.128226
    -0.033481    -0.134827
    -0.031807    -0.141537
    -0.030133    -0.148324
    -0.028459    -0.155156
    -0.026785    -0.162007
    -0.025111    -0.168852
    -0.023437    -0.175669
    -0.021763    -0.182440
    -0.020089    -0.189145
    -0.018415    -0.195770
    -0.016741    -0.202297
    -0.015067    -0.208713
    -0.013393    -0.215004
    -0.011718    -0.221157
    -0.010044    -0.227161
    -0.008370    -0.233004
    -0.006696    -0.238677
    -0.005022    -0.244169
    -0.003348    -0.249472
    -0.001674    -0.254578
     0.000000    -0.259462
     0.002900    -0.250852
     0.005799    -0.241645
     0.008699    -0.231881
     0.011598    -0.221611
     0.014498    -0.210888
     0.017397    -0.199773
     0.020297    -0.188335
     0.023197    -0.176646
     0.026096    -0.164792
     0.028996    -0.152865
     0.031895    -0.140978
     0.034795    -0.129264
     0.037694    -0.117887
     0.040594    -0.107053
     0.043494    -0.097022
     0.046393    -0.088109
     0.049293    -0.080676
     0.052192    -0.075077
     0.055092    -0.071582
     0.057991    -0.070278
     0.060891    -0.071041
     0.063791    -0.073586
     0.066690    -0.077563
     0.069590    -0.082633
     0.072489    -0.088513
     0.075389    -0.094981
     0.078288    -0.101868
     0.081188    -0.109051
     0.084088    -0.116436
     0.086987    -0.123953
     0.089887    -0.131552
     0.092786    -0.139193
     0.095686    -0.146845
     0.098585    -0.154487
     0.101485    -0.162101
     0.104385    -0.169673
     0.107284    -0.177192
     0.110184    -0.184650
     0.113083    -0.192041
     0.115983    -0.199361
     0.118882    -0.206605
     0.121782    -0.213771
     0.124681    -0.220857
     0.127581    -0.227862
     0.130481    -0.234784
     0.133380    -0.241624
     0.136280    -0.248380
     0.139179    -0.255054
     0.142079    -0.261644
     0.144978    -0.268151
     0.147878    -0.274576
     0.150778    -0.280919
     0.153677    -0.287179
     0.156577    -0.293359
     0.159476    -0.299456
     0.162376    -0.305474
     0.165275    -0.311410
     0.168175    -0.317267
     0.171075    -0.323044
     0.173974    -0.328741
     0.176874    -0.334360
     0.179773    -0.339899
     0.182673    -0.345360
     0.185572    -0.350743
     0.188472    -0.356048
     0.191372    -0.361276
     0.194271    -0.366426
     0.197171    -0.371500
     0.200070    -0.376497
     0.202970    -0.381418
     0.205869    -0.386264
     0.208769    -0.391035
     0.211669    -0.395731
     0.214568    -0.400353
     0.217468    -0.404902
     0.220367    -0.409378
     0.223267    -0.413782
     0.226166    -0.418114
     0.229066    -0.422376
     0.231966    -0.426568
     0.234865    -0.430690
     0.237765    -0.434745
     0.240664    -0.438731
     0.243564    -0.442652
     0.246463    -0.446506
     0.249363    -0.450296
     0.252263    -0.454022
     0.255162    -0.457685
     0.258062    -0.461286
     0.260961    -0.464827
     0.263861    -0.468308
     0.266760    -0.471730
     0.269660    -0.475095
     0.272560    -0.478403
     0.275459    -0.481655
     0.278359    -0.484853
     0.281258    -0.487998
     0.284158    -0.491091
     0.287057    -0.494133
     0.289957    -0.497125


    -0.167407     0.639044
    -0.165733     0.630366
    -0.164059     0.621663
    -0.162385     0.612937
    -0.160710     0.604186
    -0.159036     0.595412
    -0.157362     0.586615
    -0.155688     0.577796
    -0.154014     0.568954
    -0.152340     0.560091
    -0.150666     0.551206
    -0.148992     0.542300
    -0.147318     0.533374
    -0.145644     0.524428
    -0.143970     0.515463
    -0.142296     0.506480
    -0.140622     0.497478
    -0.138948     0.488458
    -0.137274     0.479422
    -0.135599     0.470370
    -0.133925     0.461302
    -0.132251     0.452220
    -0.130577     0.443124
    -0.128903     0.434015
    -0.127229     0.424894
    -0.125555     0.415763
    -0.123881     0.406621
    -0.122207     0.397470
    -0.120533     0.388312
    -0.118859     0.379147
    -0.117185     0.369977
    -0.115511     0.360803
    -0.113837     0.351628
    -0.112163     0.342452
    -0.110488     0.333278
    -0.108814     0.324107
    -0.107140     0.314942
    -0.105466     0.305784
    -0.103792     0.296638
    -0.102118     0.287504
    -0.100444     0.278387
    -0.098770     0.269290
    -0.097096     0.260217
    -0.095422     0.251171
    -0.093748     0.242159
    -0.092074     0.233184
    -0.090400     0.224252
    -0.088726     0.215372
    -0.087052     0.206550
    -0.085377     0.197794
    -0.083703     0.189116
    -0.082029     0.180527
    -0.080355     0.172039
    -0.078681     0.163670
    -0.077007     0.155435
    -0.075333     0.147358
    -0.073659     0.139463
    -0.071985     0.131779
    -0.070311     0.124341
    -0.068637     0.117188
    -0.066963     0.110367
    -0.065289     0.103932
    -0.063615     0.097944
    -0.061940     0.092467
    -0.060266     0.087574
    -0.058592     0.083335
    -0.056918     0.079816
    -0.055244     0.077071
    -0.053570     0.075138
    -0.051896     0.074032
    -0.050222     0.073741
    -0.048548     0.074232
    -0.046874     0.075453
    -0.045200     0.077339
    -0.043526     0.079822
    -0.041852     0.082830
    -0.040178     0.086299
    -0.038504     0.090168
    -0.036829     0.094385
    -0.035155     0.098902
    -0.033481     0.103682
    -0.031807     0.108689
    -0.030133     0.113897
    -0.028459     0.119281
    -0.026785     0.124822
    -0.025111     0.130501
    -0.023437     0.136304
    -0.021763     0.142220
    -0.020089     0.148237
    -0.018415     0.154347
    -0.016741     0.160542
    -0.015067     0.166815
    -0.013393     0.173160
    -0.011718     0.179572
    -0.010044     0.186047
    -0.008370     0.192579
    -0.006696     0.199167
    -0.005022     0.205805
    -0.003348     0.212492
    -0.001674     0.219225
     0.000000     0.225999
     0.002900     0.214313
     0.005799     0.202762
     0.008699     0.191358
     0.011598     0.180120
     0.014498     0.169066
     0.017397     0.158220
     0.020297     0.147610
     0.023197     0.137271
     0.026096     0.127249
     0.028996     0.117601
     0.031895     0.108403
     0.034795     0.099755
     0.037694     0.091790
     0.040594     0.084686
     0.043494     0.078673
     0.046393     0.074043
     0.049293     0.071133
     0.052192     0.070278
     0.055092     0.071724
     0.057991     0.075543
     0.060891     0.081591
     0.063791     0.089568
     0.066690     0.099107
     0.069590     0.109857
     0.072489     0.121521
     0.075389     0.133862
     0.078288     0.146702
     0.081188     0.159904
     0.084088     0.173364
     0.086987     0.187002
     0.089887     0.200757
     0.092786     0.214580
     0.095686     0.228433
     0.098585     0.242282
     0.101485     0.256104
     0.104385     0.269876
     0.107284     0.283580
     0.110184     0.297200
     0.113083     0.310725
     0.115983     0.324142
     0.118882     0.337443
     0.121782     0.350619
     0.124681     0.363663
     0.127581     0.376570
     0.130481     0.389334
     0.133380     0.401950
     0.136280     0.414417
     0.139179     0.426730
     0.142079     0.438887
     0.144978     0.450888
     0.147878     0.462730
     0.150778     0.474412
     0.153677     0.485935
     0.156577     0.497298
     0.159476     0.508502
     0.162376     0.519548
     0.165275     0.530436
     0.168175     0.541167
     0.171075     0.551744
     0.173974     0.562167
     0.176874     0.572439
     0.179773     0.582562
     0.182673     0.592537
     0.185572     0.602368
     0.188472     0.612055
     0.191372     0.621603
     0.194271     0.631013
     0.197171     0.640288
     0.200070     0.649431
     0.202970     0.658445
     0.205869     0.667331
     0.208769     0.676093
     0.211669     0.684734
     0.214568     0.693257
     0.217468     0.701663
     0.220367     0.709956
     0.223267     0.718139
     0.226166     0.726213
     0.229066     0.734183
     0.231966     0.742049
     0.234865     0.749816
     0.237765     0.757484
     0.240664     0.765057
     0.243564     0.772537
     0.246463     0.779927
     0.249363     0.787228
     0.252263     0.794442
     0.255162     0.801573
     0.258062     0.808621
     0.260961     0.815589
     0.263861     0.822480
     0.266760     0.829293
     0.269660     0.836033
     0.272560     0.842699
     0.275459     0.849295
     0.278359     0.855821
     0.281258     0.862280
     0.284158     0.868672
     0.287057     0.875000
     0.289957     0.881264


    -0.167407     0.887187
    -0.165733     0.881620
    -0.164059     0.876035
    -0.162385     0.870435
    -0.160710     0.864817
    -0.159036     0.859182
    -0.157362     0.853529
    -0.155688     0.847858
    -0.154014     0.842168
    -0.152340     0.836460
    -0.150666     0.830732
    -0.148992     0.824984
    -0.147318     0.819216
    -0.145644     0.813427
    -0.143970     0.807617
    -0.142296     0.801786
    -0.140622     0.795933
    -0.138948     0.790057
    -0.137274     0.784158
    -0.135599     0.778236
    -0.133925     0.772290
    -0.132251     0.766319
    -0.130577     0.760324
    -0.128903     0.754303
    -0.127229     0.748256
    -0.125555     0.742184
    -0.123881     0.736085
    -0.122207     0.729958
    -0.120533     0.723805
    -0.118859     0.717623
    -0.117185     0.711414
    -0.115511     0.705176
    -0.113837     0.698909
    -0.112163     0.692612
    -0.110488     0.686287
    -0.108814     0.679931
    -0.107140     0.673546
    -0.105466     0.667131
    -0.103792     0.660686
    -0.102118     0.654210
    -0.100444     0.647704
    -0.098770     0.641167
    -0.097096     0.634600
    -0.095422     0.628003
    -0.093748     0.621375
    -0.092074     0.614717
    -0.090400     0.608029
    -0.088726     0.601312
    -0.087052     0.594565
    -0.085377     0.587789
    -0.083703     0.580985
    -0.082029     0.574152
    -0.080355     0.567291
    -0.078681     0.560404
    -0.077007     0.553489
    -0.075333     0.546549
    -0.073659     0.539584
    -0.071985     0.532594
    -0.070311     0.525580
    -0.068637     0.518544
    -0.066963     0.511485
    -0.065289     0.504406
    -0.063615     0.497307
    -0.061940     0.490189
    -0.060266     0.483053
    -0.058592     0.475901
    -0.056918     0.468733
    -0.055244     0.461551
    -0.053570     0.454356
    -0.051896     0.447149
    -0.050222     0.439932
    -0.048548     0.432706
    -0.046874     0.425472
    -0.045200     0.418232
    -0.043526     0.410987
    -0.041852     0.403739
    -0.040178     0.396489
    -0.038504     0.389239
    -0.036829     0.381989
    -0.035155     0.374743
    -0.033481     0.367500
    -0.031807     0.360264
    -0.030133     0.353034
    -0.028459     0.345814
    -0.026785     0.338604
    -0.025111     0.331406
    -0.023437     0.324222
    -0.021763     0.317053
    -0.020089     0.309901
    -0.018415     0.302767
    -0.016741     0.295654
    -0.015067     0.288562
    -0.013393     0.281493
    -0.011718     0.274450
    -0.010044     0.267434
    -0.008370     0.260446
    -0.006696     0.253489
    -0.005022     0.246564
    -0.003348     0.239673
    -0.001674     0.232818
     0.000000     0.226003
     0.002900     0.237812
     0.005799     0.249731
     0.008699     0.261750
     0.011598     0.273861
     0.014498     0.286053
     0.017397     0.298320
     0.020297     0.310652
     0.023197     0.323042
     0.026096     0.335482
     0.028996     0.347966
     0.031895     0.360486
     0.034795     0.373036
     0.037694     0.385607
     0.040594     0.398194
     0.043494     0.410790
     0.046393     0.423387
     0.049293     0.435980
     0.052192     0.448561
     0.055092     0.461124
     0.057991     0.473663
     0.060891     0.486171
     0.063791     0.498641
     0.066690     0.511069
     0.069590     0.523447
     0.072489     0.535770
     0.075389     0.548032
     0.078288     0.560227
     0.081188     0.572350
     0.084088     0.584395
     0.086987     0.596357
     0.089887     0.608230
     0.092786     0.620010
     0.095686     0.631693
     0.098585     0.643272
     0.101485     0.654745
     0.104385     0.666107
     0.107284     0.677353
     0.110184     0.688480
     0.113083     0.699485
     0.115983     0.710363
     0.118882     0.721113
     0.121782     0.731730
     0.124681     0.742212
     0.127581     0.752557
     0.130481     0.762762
     0.133380     0.772826
     0.136280     0.782746
     0.139179     0.792522
     0.142079     0.802151
     0.144978     0.811633
     0.147878     0.820968
     0.150778     0.830154
     0.153677     0.839191
     0.156577     0.848080
     0.159476     0.856821
     0.162376     0.865414
     0.165275     0.873860
     0.168175     0.882160
     0.171075     0.890315
     0.173974     0.898326
     0.176874     0.906196
     0.179773     0.913925
     0.182673     0.921517
     0.185572     0.928971
     0.188472     0.936292
     0.191372     0.943481
     0.194271     0.950541
     0.197171     0.957474
     0.200070     0.964283
     0.202970     0.970970
     0.205869     0.977538
     0.208769     0.983990
     0.211669     0.990329
     0.214568     0.996558
     0.217468     1.002679
     0.220367     1.008695
     0.223267     1.014609
     0.226166     1.020424
     0.229066     1.026142
     0.231966     1.031767
     0.234865     1.037301
     0.237765     1.042746
     0.240664     1.048105
     0.243564     1.053382
     0.246463     1.058577
     0.249363     1.063695
     0.252263     1.068736
     0.255162     1.073704
     0.258062     1.078600
     0.260961     1.083426
     0.263861     1.088186
     0.266760     1.092880
     0.269660     1.097511
     0.272560     1.102081
     0.275459     1.106590
     0.278359     1.111042
     0.281258     1.115438
     0.284158     1.119778
     0.287057     1.124066
     0.289957     1.128301


    -0.167407     1.825534
    -0.165733     1.817906
    -0.164059     1.810300
    -0.162385     1.802717
    -0.160710     1.795160
    -0.159036     1.787630
    -0.157362     1.780130
    -0.155688     1.772661
    -0.154014     1.765226
    -0.152340     1.757826
    -0.150666     1.750464
    -0.148992     1.743143
    -0.147318     1.735863
    -0.145644     1.728628
    -0.143970     1.721439
    -0.142296     1.714299
    -0.140622     1.707211
    -0.138948     1.700175
    -0.137274     1.693196
    -0.135599     1.686274
    -0.133925     1.679413
    -0.132251     1.672614
    -0.130577     1.665880
    -0.128903     1.659213
    -0.127229     1.652616
    -0.125555     1.646090
    -0.123881     1.639638
    -0.122207     1.633263
    -0.120533     1.626967
    -0.118859     1.620751
    -0.117185     1.614618
    -0.115511     1.608571
    -0.113837     1.602611
    -0.112163     1.596740
    -0.110488     1.590962
    -0.108814     1.585277
    -0.107140     1.579688
    -0.105466     1.574197
    -0.103792     1.568805
    -0.102118     1.563515
    -0.100444     1.558329
    -0.098770     1.553248
    -0.097096     1.548274
    -0.095422     1.543409
    -0.093748     1.538654
    -0.092074     1.534012
    -0.090400     1.529483
    -0.088726     1.525068
    -0.087052     1.520770
    -0.085377     1.516590
    -0.083703     1.512529
    -0.082029     1.508587
    -0.080355     1.504767
    -0.078681     1.501069
    -0.077007     1.497494
    -0.075333     1.494043
    -0.073659     1.490717
    -0.071985     1.487516
    -0.070311     1.484441
    -0.068637     1.481493
    -0.066963     1.478672
    -0.065289     1.475978
    -0.063615     1.473412
    -0.061940     1.470974
    -0.060266     1.468665
    -0.058592     1.466484
    -0.056918     1.464431
    -0.055244     1.462507
    -0.053570     1.460711
    -0.051896     1.459043
    -0.050222     1.457503
    -0.048548     1.456090
    -0.046874     1.454805
    -0.045200     1.453646
    -0.043526     1.452614
    -0.041852     1.451707
    -0.040178     1.450925
    -0.038504     1.450268
    -0.036829     1.449735
    -0.035155     1.449324
    -0.033481     1.449036
    -0.031807     1.448869
    -0.030133     1.448822
    -0.028459     1.448895
    -0.026785     1.449086
    -0.025111     1.449395
    -0.023437     1.449820
    -0.021763     1.450360
    -0.020089     1.451015
    -0.018415     1.451783
    -0.016741     1.452663
    -0.015067     1.453653
    -0.013393     1.454754
    -0.011718     1.455962
    -0.010044     1.457277
    -0.008370     1.458699
    -0.006696     1.460224
    -0.005022     1.461853
    -0.003348     1.463584
    -0.001674     1.465415
     0.000000     1.467343
     0.002900     1.464079
     0.005799     1.461101
     0.008699     1.458429
     0.011598     1.456070
     0.014498     1.454029
     0.017397     1.452314
     0.020297     1.450930
     0.023197     1.449883
     0.026096     1.449177
     0.028996     1.448818
     0.031895     1.448809
     0.034795     1.449155
     0.037694     1.449859
     0.040594     1.450922
     0.043494     1.452348
     0.046393     1.454138
     0.049293     1.456292
     0.052192     1.458811
     0.055092     1.461694
     0.057991     1.464940
     0.060891     1.468547
     0.063791     1.472514
     0.066690     1.476837
     0.069590     1.481513
     0.072489     1.486539
     0.075389     1.491909
     0.078288     1.497620
     0.081188     1.503666
     0.084088     1.510041
     0.086987     1.516741
     0.089887     1.523758
     0.092786     1.531087
     0.095686     1.538722
     0.098585     1.546656
     0.101485     1.554883
     0.104385     1.563396
     0.107284     1.572189
     0.110184     1.581256
     0.113083     1.590589
     0.115983     1.600184
     0.118882     1.610033
     0.121782     1.620131
     0.124681     1.630472
     0.127581     1.641049
     0.130481     1.651857
     0.133380     1.662891
     0.136280     1.674144
     0.139179     1.685611
     0.142079     1.697286
     0.144978     1.709164
     0.147878     1.721238
     0.150778     1.733503
     0.153677     1.745952
     0.156577     1.758581
     0.159476     1.771382
     0.162376     1.784349
     0.165275     1.797476
     0.168175     1.810756
     0.171075     1.824183
     0.173974     1.837748
     0.176874     1.851446
     0.179773     1.865268
     0.182673     1.879207
     0.185572     1.893255
     0.188472     1.907405
     0.191372     1.921648
     0.194271     1.935976
     0.197171     1.950381
     0.200070     1.964854
     0.202970     1.979387
     0.205869     1.993971
     0.208769     2.008597
     0.211669     2.023257
     0.214568     2.037942
     0.217468     2.052642
     0.220367     2.067350
     0.223267     2.082056
     0.226166     2.096751
     0.229066     2.111427
     0.231966     2.126074
     0.234865     2.140685
     0.237765     2.155250
     0.240664     2.169760
     0.243564     2.184208
     0.246463     2.198584
     0.249363     2.212881
     0.252263     2.227090
     0.255162     2.241203
     0.258062     2.255212
     0.260961     2.269110
     0.263861     2.282889
     0.266760     2.296540
     0.269660     2.310058
     0.272560     2.323435
     0.275459     2.336663
     0.278359     2.349737
     0.281258     2.362649
     0.284158     2.375394
     0.287057     2.387964
     0.289957     2.400355


    -0.167407     1.956640
    -0.165733     1.950323
    -0.164059     1.944013
    -0.162385     1.937712
    -0.160710     1.931420
    -0.159036     1.925137
    -0.157362     1.918864
    -0.155688     1.912602
    -0.154014     1.906350
    -0.152340     1.900110
    -0.150666     1.893883
    -0.148992     1.887667
    -0.147318     1.881465
    -0.145644     1.875277
    -0.143970     1.869102
    -0.142296     1.862943
    -0.140622     1.856798
    -0.138948     1.850669
    -0.137274     1.844556
    -0.135599     1.838460
    -0.133925     1.832382
    -0.132251     1.826321
    -0.130577     1.820279
    -0.128903     1.814255
    -0.127229     1.808251
    -0.125555     1.802267
    -0.123881     1.796304
    -0.122207     1.790361
    -0.120533     1.784441
    -0.118859     1.778543
    -0.117185     1.772668
    -0.115511     1.766816
    -0.113837     1.760988
    -0.112163     1.755186
    -0.110488     1.749408
    -0.108814     1.743657
    -0.107140     1.737932
    -0.105466     1.732234
    -0.103792     1.726565
    -0.102118     1.720924
    -0.100444     1.715313
    -0.098770     1.709731
    -0.097096     1.704180
    -0.095422     1.698661
    -0.093748     1.693175
    -0.092074     1.687721
    -0.090400     1.682301
    -0.088726     1.676915
    -0.087052     1.671565
    -0.085377     1.666252
    -0.083703     1.660975
    -0.082029     1.655736
    -0.080355     1.650536
    -0.078681     1.645375
    -0.077007     1.640255
    -0.075333     1.635177
    -0.073659     1.630141
    -0.071985     1.625148
    -0.070311     1.620200
    -0.068637     1.615297
    -0.066963     1.610440
    -0.065289     1.605630
    -0.063615     1.600869
    -0.061940     1.596157
    -0.060266     1.591496
    -0.058592     1.586886
    -0.056918     1.582329
    -0.055244     1.577825
    -0.053570     1.573376
    -0.051896     1.568984
    -0.050222     1.564648
    -0.048548     1.560371
    -0.046874     1.556153
    -0.045200     1.551995
    -0.043526     1.547900
    -0.041852     1.543868
    -0.040178     1.539900
    -0.038504     1.535998
    -0.036829     1.532162
    -0.035155     1.528395
    -0.033481     1.524697
    -0.031807     1.521070
    -0.030133     1.517514
    -0.028459     1.514033
    -0.026785     1.510625
    -0.025111     1.507294
    -0.023437     1.504040
    -0.021763     1.500865
    -0.020089     1.497770
    -0.018415     1.494756
    -0.016741     1.491825
    -0.015067     1.488978
    -0.013393     1.486216
    -0.011718     1.483542
    -0.010044     1.480955
    -0.008370     1.478459
    -0.006696     1.476053
    -0.005022     1.473740
    -0.003348     1.471520
    -0.001674     1.469395
     0.000000     1.467370
     0.002900     1.470926
     0.005799     1.474780
     0.008699     1.478912
     0.011598     1.483315
     0.014498     1.487982
     0.017397     1.492906
     0.020297     1.498081
     0.023197     1.503501
     0.026096     1.509160
     0.028996     1.515052
     0.031895     1.521171
     0.034795     1.527514
     0.037694     1.534076
     0.040594     1.540853
     0.043494     1.547842
     0.046393     1.555039
     0.049293     1.562444
     0.052192     1.570054
     0.055092     1.577867
     0.057991     1.585884
     0.060891     1.594105
     0.063791     1.602528
     0.066690     1.611156
     0.069590     1.619990
     0.072489     1.629030
     0.075389     1.638278
     0.078288     1.647738
     0.081188     1.657410
     0.084088     1.667297
     0.086987     1.677400
     0.089887     1.687723
     0.092786     1.698268
     0.095686     1.709035
     0.098585     1.720026
     0.101485     1.731242
     0.104385     1.742685
     0.107284     1.754354
     0.110184     1.766250
     0.113083     1.778370
     0.115983     1.790714
     0.118882     1.803280
     0.121782     1.816064
     0.124681     1.829064
     0.127581     1.842275
     0.130481     1.855693
     0.133380     1.869312
     0.136280     1.883127
     0.139179     1.897130
     0.142079     1.911314
     0.144978     1.925672
     0.147878     1.940196
     0.150778     1.954875
     0.153677     1.969702
     0.156577     1.984665
     0.159476     1.999755
     0.162376     2.014962
     0.165275     2.030273
     0.168175     2.045679
     0.171075     2.061166
     0.173974     2.076723
     0.176874     2.092338
     0.179773     2.107998
     0.182673     2.123690
     0.185572     2.139401
     0.188472     2.155119
     0.191372     2.170830
     0.194271     2.186520
     0.197171     2.202176
     0.200070     2.217784
     0.202970     2.233331
     0.205869     2.248803
     0.208769     2.264186
     0.211669     2.279468
     0.214568     2.294635
     0.217468     2.309674
     0.220367     2.324573
     0.223267     2.339321
     0.226166     2.353906
     0.229066     2.368318
     0.231966     2.382548
     0.234865     2.396586
     0.237765     2.410425
     0.240664     2.424058
     0.243564     2.437481
     0.246463     2.450689
     0.249363     2.463678
     0.252263     2.476447
     0.255162     2.488995
     0.258062     2.501321
     0.260961     2.513426
     0.263861     2.525312
     0.266760     2.536980
     0.269660     2.548434
     0.272560     2.559675
     0.275459     2.570708
     0.278359     2.581535
     0.281258     2.592159
     0.284158     2.602585
     0.287057     2.612815
     0.289957     2.622852


    -0.167407     2.318876
    -0.165733     2.311717
    -0.164059     2.304595
    -0.162385     2.297510
    -0.160710     2.290462
    -0.159036     2.283454
    -0.157362     2.276486
    -0.155688     2.269560
    -0.154014     2.262676
    -0.152340     2.255835
    -0.150666     2.249040
    -0.148992     2.242289
    -0.147318     2.235585
    -0.145644     2.228929
    -0.143970     2.222321
    -0.142296     2.215763
    -0.140622     2.209255
    -0.138948     2.202798
    -0.137274     2.196393
    -0.135599     2.190041
    -0.133925     2.183743
    -0.132251     2.177499
    -0.130577     2.171311
    -0.128903     2.165180
    -0.127229     2.159105
    -0.125555     2.153088
    -0.123881     2.147130
    -0.122207     2.141231
    -0.120533     2.135393
    -0.118859     2.129615
    -0.117185     2.123899
    -0.115511     2.118246
    -0.113837     2.112655
    -0.112163     2.107128
    -0.110488     2.101665
    -0.108814     2.096268
    -0.107140     2.090936
    -0.105466     2.085671
    -0.103792     2.080473
    -0.102118     2.075343
    -0.100444     2.070281
    -0.098770     2.065287
    -0.097096     2.060364
    -0.095422     2.055511
    -0.093748     2.050728
    -0.092074     2.046017
    -0.090400     2.041378
    -0.088726     2.036812
    -0.087052     2.032319
    -0.085377     2.027899
    -0.083703     2.023554
    -0.082029     2.019284
    -0.080355     2.015089
    -0.078681     2.010970
    -0.077007     2.006927
    -0.075333     2.002962
    -0.073659     1.999075
    -0.071985     1.995265
    -0.070311     1.991534
    -0.068637     1.987882
    -0.066963     1.984310
    -0.065289     1.980819
    -0.063615     1.977407
    -0.061940     1.974078
    -0.060266     1.970829
    -0.058592     1.967663
    -0.056918     1.964580
    -0.055244     1.961579
    -0.053570     1.958662
    -0.051896     1.955829
    -0.050222     1.953081
    -0.048548     1.950418
    -0.046874     1.947840
    -0.045200     1.945347
    -0.043526     1.942941
    -0.041852     1.940622
    -0.040178     1.938389
    -0.038504     1.936244
    -0.036829     1.934187
    -0.035155     1.932218
    -0.033481     1.930337
    -0.031807     1.928546
    -0.030133     1.926844
    -0.028459     1.925232
    -0.026785     1.923709
    -0.025111     1.922277
    -0.023437     1.920936
    -0.021763     1.919686
    -0.020089     1.918527
    -0.018415     1.917459
    -0.016741     1.916484
    -0.015067     1.915601
    -0.013393     1.914810
    -0.011718     1.914112
    -0.010044     1.913507
    -0.008370     1.912994
    -0.006696     1.912575
    -0.005022     1.912249
    -0.003348     1.912017
    -0.001674     1.911877
     0.000000     1.911831
     0.002900     1.911962
     0.005799     1.912375
     0.008699     1.913073
     0.011598     1.914058
     0.014498     1.915324
     0.017397     1.916851
     0.020297     1.918629
     0.023197     1.920661
     0.026096     1.922946
     0.028996     1.925482
     0.031895     1.928266
     0.034795     1.931295
     0.037694     1.934566
     0.040594     1.938074
     0.043494     1.941818
     0.046393     1.945794
     0.049293     1.949997
     0.052192     1.954426
     0.055092     1.959077
     0.057991     1.963947
     0.060891     1.969031
     0.063791     1.974328
     0.066690     1.979833
     0.069590     1.985544
     0.072489     1.991457
     0.075389     1.997569
     0.078288     2.003877
     0.081188     2.010377
     0.084088     2.017066
     0.086987     2.023940
     0.089887     2.030997
     0.092786     2.038232
     0.095686     2.045643
     0.098585     2.053226
     0.101485     2.060977
     0.104385     2.068894
     0.107284     2.076972
     0.110184     2.085208
     0.113083     2.093598
     0.115983     2.102140
     0.118882     2.110829
     0.121782     2.119661
     0.124681     2.128634
     0.127581     2.137744
     0.130481     2.146987
     0.133380     2.156359
     0.136280     2.165858
     0.139179     2.175479
     0.142079     2.185219
     0.144978     2.195075
     0.147878     2.205044
     0.150778     2.215121
     0.153677     2.225305
     0.156577     2.235590
     0.159476     2.245976
     0.162376     2.256458
     0.165275     2.267033
     0.168175     2.277700
     0.171075     2.288454
     0.173974     2.299294
     0.176874     2.310218
     0.179773     2.321222
     0.182673     2.332305
     0.185572     2.343465
     0.188472     2.354700
     0.191372     2.366009
     0.194271     2.377388
     0.197171     2.388838
     0.200070     2.400357
     0.202970     2.411942
     0.205869     2.423593
     0.208769     2.435308
     0.211669     2.447085
     0.214568     2.458923
     0.217468     2.470818
     0.220367     2.482768
     0.223267     2.494769
     0.226166     2.506818
     0.229066     2.518909
     0.231966     2.531037
     0.234865     2.543194
     0.237765     2.555372
     0.240664     2.567562
     0.243564     2.579752
     0.246463     2.591931
     0.249363     2.604083
     0.252263     2.616194
     0.255162     2.628247
     0.258062     2.640223
     0.260961     2.652102
     0.263861     2.663866
     0.266760     2.675492
     0.269660     2.686959
     0.272560     2.698245
     0.275459     2.709331
     0.278359     2.720197
     0.281258     2.730825
     0.284158     2.741200
     0.287057     2.751309
     0.289957     2.761143


    -0.167407     2.339501
    -0.165733     2.332225
    -0.164059     2.324971
    -0.162385     2.317740
    -0.160710     2.310534
    -0.159036     2.303353
    -0.157362     2.296200
    -0.155688     2.289076
    -0.154014     2.281983
    -0.152340     2.274921
    -0.150666     2.267893
    -0.148992     2.260899
    -0.147318     2.253942
    -0.145644     2.247022
    -0.143970     2.240141
    -0.142296     2.233301
    -0.140622     2.226503
    -0.138948     2.219748
    -0.137274     2.213038
    -0.135599     2.206374
    -0.133925     2.199757
    -0.132251     2.193190
    -0.130577     2.186672
    -0.128903     2.180205
    -0.127229     2.173792
    -0.125555     2.167432
    -0.123881     2.161128
    -0.122207     2.154881
    -0.120533     2.148691
    -0.118859     2.142560
    -0.117185     2.136490
    -0.115511     2.130481
    -0.113837     2.124535
    -0.112163     2.118653
    -0.110488     2.112836
    -0.108814     2.107085
    -0.107140     2.101401
    -0.105466     2.095785
    -0.103792     2.090239
    -0.102118     2.084763
    -0.100444     2.079359
    -0.098770     2.074028
    -0.097096     2.068770
    -0.095422     2.063586
    -0.093748     2.058478
    -0.092074     2.053446
    -0.090400     2.048491
    -0.088726     2.043615
    -0.087052     2.038817
    -0.085377     2.034099
    -0.083703     2.029462
    -0.082029     2.024907
    -0.080355     2.020433
    -0.078681     2.016043
    -0.077007     2.011736
    -0.075333     2.007513
    -0.073659     2.003376
    -0.071985     1.999324
    -0.070311     1.995358
    -0.068637     1.991480
    -0.066963     1.987689
    -0.065289     1.983985
    -0.063615     1.980371
    -0.061940     1.976846
    -0.060266     1.973410
    -0.058592     1.970064
    -0.056918     1.966809
    -0.055244     1.963645
    -0.053570     1.960572
    -0.051896     1.957591
    -0.050222     1.954701
    -0.048548     1.951905
    -0.046874     1.949201
    -0.045200     1.946590
    -0.043526     1.944073
    -0.041852     1.941649
    -0.040178     1.939319
    -0.038504     1.937083
    -0.036829     1.934941
    -0.035155     1.932893
    -0.033481     1.930941
    -0.031807     1.929083
    -0.030133     1.927320
    -0.028459     1.925652
    -0.026785     1.924078
    -0.025111     1.922601
    -0.023437     1.921218
    -0.021763     1.919931
    -0.020089     1.918739
    -0.018415     1.917642
    -0.016741     1.916640
    -0.015067     1.915734
    -0.013393     1.914923
    -0.011718     1.914208
    -0.010044     1.913588
    -0.008370     1.913063
    -0.006696     1.912633
    -0.005022     1.912298
    -0.003348     1.912060
    -0.001674     1.911916
     0.000000     1.911868
     0.002900     1.912017
     0.005799     1.912446
     0.008699     1.913152
     0.011598     1.914132
     0.014498     1.915391
     0.017397     1.916947
     0.020297     1.918812
     0.023197     1.920980
     0.026096     1.923449
     0.028996     1.926220
     0.031895     1.929294
     0.034795     1.932671
     0.037694     1.936351
     0.040594     1.940335
     0.043494     1.944622
     0.046393     1.949211
     0.049293     1.954101
     0.052192     1.959289
     0.055092     1.964775
     0.057991     1.970554
     0.060891     1.976624
     0.063791     1.982981
     0.066690     1.989621
     0.069590     1.996539
     0.072489     2.003732
     0.075389     2.011192
     0.078288     2.018915
     0.081188     2.026894
     0.084088     2.035124
     0.086987     2.043596
     0.089887     2.052304
     0.092786     2.061241
     0.095686     2.070399
     0.098585     2.079771
     0.101485     2.089348
     0.104385     2.099122
     0.107284     2.109086
     0.110184     2.119231
     0.113083     2.129549
     0.115983     2.140031
     0.118882     2.150669
     0.121782     2.161455
     0.124681     2.172381
     0.127581     2.183438
     0.130481     2.194617
     0.133380     2.205912
     0.136280     2.217314
     0.139179     2.228814
     0.142079     2.240406
     0.144978     2.252080
     0.147878     2.263830
     0.150778     2.275649
     0.153677     2.287528
     0.156577     2.299460
     0.159476     2.311439
     0.162376     2.323457
     0.165275     2.335507
     0.168175     2.347584
     0.171075     2.359679
     0.173974     2.371788
     0.176874     2.383903
     0.179773     2.396019
     0.182673     2.408129
     0.185572     2.420229
     0.188472     2.432312
     0.191372     2.444373
     0.194271     2.456407
     0.197171     2.468408
     0.200070     2.480373
     0.202970     2.492297
     0.205869     2.504174
     0.208769     2.516002
     0.211669     2.527776
     0.214568     2.539492
     0.217468     2.551148
     0.220367     2.562741
     0.223267     2.574267
     0.226166     2.585725
     0.229066     2.597112
     0.231966     2.608428
     0.234865     2.619672
     0.237765     2.630843
     0.240664     2.641941
     0.243564     2.652967
     0.246463     2.663923
     0.249363     2.674811
     0.252263     2.685634
     0.255162     2.696396
     0.258062     2.707102
     0.260961     2.717756
     0.263861     2.728364
     0.266760     2.738934
     0.269660     2.749470
     0.272560     2.759980
     0.275459     2.770469
     0.278359     2.780942
     0.281258     2.791402
     0.284158     2.801850
     0.287057     2.812286
     0.289957     2.822705


