    -0.167407    -3.449853
    -0.165733    -3.449552
    -0.164059    -3.449257
    -0.162385    -3.448968
    -0.160710    -3.448685
    -0.159036    -3.448407
    -0.157362    -3.448134
    -0.155688    -3.447866
    -0.154014    -3.447603
    -0.152340    -3.447344
    -0.150666    -3.447089
    -0.148992    -3.446839
    -0.147318    -3.446592
    -0.145644    -3.446349
    -0.143970    -3.446109
    -0.142296    -3.445872
    -0.140622    -3.445638
    -0.138948    -3.445407
    -0.137274    -3.445179
    -0.135599    -3.444953
    -0.133925    -3.444729
    -0.132251    -3.444507
    -0.130577    -3.444287
    -0.128903    -3.444069
    -0.127229    -3.443852
    -0.125555    -3.443637
    -0.123881    -3.443422
    -0.122207    -3.443209
    -0.120533    -3.442996
    -0.118859    -3.442784
    -0.117185    -3.442573
    -0.115511    -3.442362
    -0.113837    -3.442150
    -0.112163    -3.441939
    -0.110488    -3.441728
    -0.108814    -3.441516
    -0.107140    -3.441304
    -0.105466    -3.441092
    -0.103792    -3.440878
    -0.102118    -3.440664
    -0.100444    -3.440448
    -0.098770    -3.440232
    -0.097096    -3.440014
    -0.095422    -3.439795
    -0.093748    -3.439574
    -0.092074    -3.439351
    -0.090400    -3.439127
    -0.088726    -3.438900
    -0.087052    -3.438672
    -0.085377    -3.438441
    -0.083703    -3.438208
    -0.082029    -3.437973
    -0.080355    -3.437735
    -0.078681    -3.437494
    -0.077007    -3.437251
    -0.075333    -3.437005
    -0.073659    -3.436755
    -0.071985    -3.436503
    -0.070311    -3.436247
    -0.068637    -3.435988
    -0.066963    -3.435726
    -0.065289    -3.435460
    -0.063615    -3.435191
    -0.061940    -3.434918
    -0.060266    -3.434641
    -0.058592    -3.434360
    -0.056918    -3.434075
    -0.055244    -3.433786
    -0.053570    -3.433494
    -0.051896    -3.433196
    -0.050222    -3.432895
    -0.048548    -3.432589
    -0.046874    -3.432278
    -0.045200    -3.431963
    -0.043526    -3.431644
    -0.041852    -3.431320
    -0.040178    -3.430990
    -0.038504    -3.430656
    -0.036829    -3.430318
    -0.035155    -3.429974
    -0.033481    -3.429625
    -0.031807    -3.429271
    -0.030133    -3.428911
    -0.028459    -3.428547
    -0.026785    -3.428177
    -0.025111    -3.427802
    -0.023437    -3.427421
    -0.021763    -3.427035
    -0.020089    -3.426644
    -0.018415    -3.426246
    -0.016741    -3.425843
    -0.015067    -3.425435
    -0.013393    -3.425020
    -0.011718    -3.424600
    -0.010044    -3.424174
    -0.008370    -3.423742
    -0.006696    -3.423305
    -0.005022    -3.422861
    -0.003348    -3.422411
    -0.001674    -3.421955
     0.000000    -3.421494
     0.001674    -3.421941
     0.003348    -3.422396
     0.005022    -3.422845
     0.006696    -3.423288
     0.008370    -3.423726
     0.010044    -3.424158
     0.011718    -3.424584
     0.013393    -3.425005
     0.015067    -3.425420
     0.016741    -3.425830
     0.018415    -3.426234
     0.020089    -3.426632
     0.021763    -3.427026
     0.023437    -3.427414
     0.025111    -3.427797
     0.026785    -3.428174
     0.028459    -3.428546
     0.030133    -3.428914
     0.031807    -3.429276
     0.033481    -3.429633
     0.035155    -3.429985
     0.036829    -3.430333
     0.038504    -3.430675
     0.040178    -3.431013
     0.041852    -3.431346
     0.043526    -3.431674
     0.045200    -3.431998
     0.046874    -3.432317
     0.048548    -3.432631
     0.050222    -3.432942
     0.051896    -3.433248
     0.053570    -3.433549
     0.055244    -3.433847
     0.056918    -3.434140
     0.058592    -3.434430
     0.060266    -3.434715
     0.061940    -3.434997
     0.063615    -3.435274
     0.065289    -3.435548
     0.066963    -3.435819
     0.068637    -3.436086
     0.070311    -3.436349
     0.071985    -3.436609
     0.073659    -3.436866
     0.075333    -3.437119
     0.077007    -3.437370
     0.078681    -3.437617
     0.080355    -3.437862
     0.082029    -3.438103
     0.083703    -3.438342
     0.085377    -3.438579
     0.087051    -3.438813
     0.088726    -3.439044
     0.090400    -3.439273
     0.092074    -3.439500
     0.093748    -3.439726
     0.095422    -3.439949
     0.097096    -3.440170
     0.098770    -3.440390
     0.100444    -3.440608
     0.102118    -3.440824
     0.103792    -3.441040
     0.105466    -3.441254
     0.107140    -3.441467
     0.108814    -3.441679
     0.110488    -3.441890
     0.112163    -3.442101
     0.113837    -3.442312
     0.115511    -3.442522
     0.117185    -3.442732
     0.118859    -3.442941
     0.120533    -3.443151
     0.122207    -3.443362
     0.123881    -3.443572
     0.125555    -3.443784
     0.127229    -3.443996
     0.128903    -3.444209
     0.130577    -3.444423
     0.132251    -3.444639
     0.133925    -3.444856
     0.135599    -3.445075
     0.137274    -3.445295
     0.138948    -3.445518
     0.140622    -3.445743
     0.142296    -3.445971
     0.143970    -3.446201
     0.145644    -3.446434
     0.147318    -3.446670
     0.148992    -3.446909
     0.150666    -3.447152
     0.152340    -3.447398
     0.154014    -3.447649
     0.155688    -3.447903
     0.157362    -3.448163
     0.159036    -3.448426
     0.160710    -3.448695
     0.162385    -3.448969
     0.164059    -3.449248
     0.165733    -3.449532
     0.167407    -3.449823


    -0.167407    -3.344071
    -0.165733    -3.345103
    -0.164059    -3.346132
    -0.162385    -3.347157
    -0.160710    -3.348180
    -0.159036    -3.349198
    -0.157362    -3.350213
    -0.155688    -3.351225
    -0.154014    -3.352233
    -0.152340    -3.353237
    -0.150666    -3.354237
    -0.148992    -3.355233
    -0.147318    -3.356225
    -0.145644    -3.357212
    -0.143970    -3.358196
    -0.142296    -3.359175
    -0.140622    -3.360150
    -0.138948    -3.361120
    -0.137274    -3.362086
    -0.135599    -3.363047
    -0.133925    -3.364004
    -0.132251    -3.364955
    -0.130577    -3.365902
    -0.128903    -3.366844
    -0.127229    -3.367781
    -0.125555    -3.368713
    -0.123881    -3.369640
    -0.122207    -3.370562
    -0.120533    -3.371478
    -0.118859    -3.372390
    -0.117185    -3.373296
    -0.115511    -3.374196
    -0.113837    -3.375091
    -0.112163    -3.375981
    -0.110488    -3.376865
    -0.108814    -3.377744
    -0.107140    -3.378617
    -0.105466    -3.379484
    -0.103792    -3.380345
    -0.102118    -3.381201
    -0.100444    -3.382051
    -0.098770    -3.382895
    -0.097096    -3.383733
    -0.095422    -3.384565
    -0.093748    -3.385391
    -0.092074    -3.386212
    -0.090400    -3.387026
    -0.088726    -3.387834
    -0.087052    -3.388636
    -0.085377    -3.389431
    -0.083703    -3.390221
    -0.082029    -3.391004
    -0.080355    -3.391781
    -0.078681    -3.392552
    -0.077007    -3.393316
    -0.075333    -3.394074
    -0.073659    -3.394826
    -0.071985    -3.395571
    -0.070311    -3.396310
    -0.068637    -3.397043
    -0.066963    -3.397769
    -0.065289    -3.398489
    -0.063615    -3.399202
    -0.061940    -3.399909
    -0.060266    -3.400609
    -0.058592    -3.401302
    -0.056918    -3.401990
    -0.055244    -3.402670
    -0.053570    -3.403344
    -0.051896    -3.404012
    -0.050222    -3.404673
    -0.048548    -3.405327
    -0.046874    -3.405975
    -0.045200    -3.406616
    -0.043526    -3.407251
    -0.041852    -3.407879
    -0.040178    -3.408500
    -0.038504    -3.409115
    -0.036829    -3.409723
    -0.035155    -3.410325
    -0.033481    -3.410920
    -0.031807    -3.411509
    -0.030133    -3.412091
    -0.028459    -3.412667
    -0.026785    -3.413236
    -0.025111    -3.413799
    -0.023437    -3.414355
    -0.021763    -3.414904
    -0.020089    -3.415447
    -0.018415    -3.415984
    -0.016741    -3.416515
    -0.015067    -3.417038
    -0.013393    -3.417556
    -0.011718    -3.418067
    -0.010044    -3.418572
    -0.008370    -3.419071
    -0.006696    -3.419563
    -0.005022    -3.420049
    -0.003348    -3.420529
    -0.001674    -3.421002
     0.000000    -3.421469
     0.001674    -3.421017
     0.003348    -3.420544
     0.005022    -3.420066
     0.006696    -3.419581
     0.008370    -3.419091
     0.010044    -3.418594
     0.011718    -3.418091
     0.013393    -3.417582
     0.015067    -3.417067
     0.016741    -3.416546
     0.018415    -3.416019
     0.020089    -3.415485
     0.021763    -3.414945
     0.023437    -3.414399
     0.025111    -3.413847
     0.026785    -3.413288
     0.028459    -3.412723
     0.030133    -3.412151
     0.031807    -3.411574
     0.033481    -3.410989
     0.035155    -3.410399
     0.036829    -3.409801
     0.038504    -3.409198
     0.040178    -3.408588
     0.041852    -3.407971
     0.043526    -3.407348
     0.045200    -3.406718
     0.046874    -3.406082
     0.048548    -3.405439
     0.050222    -3.404790
     0.051896    -3.404134
     0.053570    -3.403472
     0.055244    -3.402803
     0.056918    -3.402127
     0.058592    -3.401445
     0.060266    -3.400756
     0.061940    -3.400061
     0.063615    -3.399359
     0.065289    -3.398651
     0.066963    -3.397936
     0.068637    -3.397214
     0.070311    -3.396486
     0.071985    -3.395751
     0.073659    -3.395010
     0.075333    -3.394262
     0.077007    -3.393508
     0.078681    -3.392747
     0.080355    -3.391980
     0.082029    -3.391206
     0.083703    -3.390426
     0.085377    -3.389639
     0.087051    -3.388846
     0.088726    -3.388046
     0.090400    -3.387240
     0.092074    -3.386428
     0.093748    -3.385610
     0.095422    -3.384785
     0.097096    -3.383954
     0.098770    -3.383116
     0.100444    -3.382273
     0.102118    -3.381423
     0.103792    -3.380568
     0.105466    -3.379706
     0.107140    -3.378838
     0.108814    -3.377964
     0.110488    -3.377084
     0.112163    -3.376198
     0.113837    -3.375307
     0.115511    -3.374410
     0.117185    -3.373507
     0.118859    -3.372598
     0.120533    -3.371683
     0.122207    -3.370763
     0.123881    -3.369838
     0.125555    -3.368907
     0.127229    -3.367970
     0.128903    -3.367029
     0.130577    -3.366082
     0.132251    -3.365130
     0.133925    -3.364172
     0.135599    -3.363210
     0.137274    -3.362243
     0.138948    -3.361271
     0.140622    -3.360294
     0.142296    -3.359312
     0.143970    -3.358325
     0.145644    -3.357334
     0.147318    -3.356339
     0.148992    -3.355339
     0.150666    -3.354335
     0.152340    -3.353326
     0.154014    -3.352314
     0.155688    -3.351297
     0.157362    -3.350276
     0.159036    -3.349252
     0.160710    -3.348224
     0.162385    -3.347192
     0.164059    -3.346157
     0.165733    -3.345118
     0.167407    -3.344076


    -0.167407    -2.293910
    -0.165733    -2.288225
    -0.164059    -2.282645
    -0.162385    -2.277169
    -0.160710    -2.271796
    -0.159036    -2.266525
    -0.157362    -2.261355
    -0.155688    -2.256286
    -0.154014    -2.251315
    -0.152340    -2.246442
    -0.150666    -2.241665
    -0.148992    -2.236983
    -0.147318    -2.232395
    -0.145644    -2.227898
    -0.143970    -2.223491
    -0.142296    -2.219172
    -0.140622    -2.214941
    -0.138948    -2.210794
    -0.137274    -2.206731
    -0.135599    -2.202749
    -0.133925    -2.198847
    -0.132251    -2.195024
    -0.130577    -2.191277
    -0.128903    -2.187605
    -0.127229    -2.184006
    -0.125555    -2.180479
    -0.123881    -2.177022
    -0.122207    -2.173634
    -0.120533    -2.170312
    -0.118859    -2.167057
    -0.117185    -2.163865
    -0.115511    -2.160737
    -0.113837    -2.157670
    -0.112163    -2.154663
    -0.110488    -2.151715
    -0.108814    -2.148825
    -0.107140    -2.145991
    -0.105466    -2.143213
    -0.103792    -2.140489
    -0.102118    -2.137819
    -0.100444    -2.135201
    -0.098770    -2.132634
    -0.097096    -2.130118
    -0.095422    -2.127651
    -0.093748    -2.125234
    -0.092074    -2.122864
    -0.090400    -2.120541
    -0.088726    -2.118264
    -0.087052    -2.116034
    -0.085377    -2.113848
    -0.083703    -2.111706
    -0.082029    -2.109609
    -0.080355    -2.107554
    -0.078681    -2.105542
    -0.077007    -2.103572
    -0.075333    -2.101643
    -0.073659    -2.099756
    -0.071985    -2.097908
    -0.070311    -2.096101
    -0.068637    -2.094333
    -0.066963    -2.092605
    -0.065289    -2.090915
    -0.063615    -2.089263
    -0.061940    -2.087650
    -0.060266    -2.086074
    -0.058592    -2.084535
    -0.056918    -2.083034
    -0.055244    -2.081569
    -0.053570    -2.080140
    -0.051896    -2.078747
    -0.050222    -2.077390
    -0.048548    -2.076069
    -0.046874    -2.074783
    -0.045200    -2.073531
    -0.043526    -2.072315
    -0.041852    -2.071133
    -0.040178    -2.069985
    -0.038504    -2.068872
    -0.036829    -2.067792
    -0.035155    -2.066746
    -0.033481    -2.065733
    -0.031807    -2.064754
    -0.030133    -2.063808
    -0.028459    -2.062895
    -0.026785    -2.062015
    -0.025111    -2.061167
    -0.023437    -2.060352
    -0.021763    -2.059569
    -0.020089    -2.058818
    -0.018415    -2.058100
    -0.016741    -2.057413
    -0.015067    -2.056758
    -0.013393    -2.056135
    -0.011718    -2.055543
    -0.010044    -2.054983
    -0.008370    -2.054454
    -0.006696    -2.053956
    -0.005022    -2.053489
    -0.003348    -2.053054
    -0.001674    -2.052649
     0.000000    -2.052282
     0.001674    -2.052647
     0.003348    -2.053054
     0.005022    -2.053493
     0.006696    -2.053963
     0.008370    -2.054465
     0.010044    -2.054999
     0.011718    -2.055565
     0.013393    -2.056164
     0.015067    -2.056794
     0.016741    -2.057457
     0.018415    -2.058153
     0.020089    -2.058880
     0.021763    -2.059641
     0.023437    -2.060435
     0.025111    -2.061261
     0.026785    -2.062120
     0.028459    -2.063013
     0.030133    -2.063939
     0.031807    -2.064899
     0.033481    -2.065892
     0.035155    -2.066919
     0.036829    -2.067979
     0.038504    -2.069074
     0.040178    -2.070203
     0.041852    -2.071367
     0.043526    -2.072565
     0.045200    -2.073798
     0.046874    -2.075065
     0.048548    -2.076368
     0.050222    -2.077707
     0.051896    -2.079080
     0.053570    -2.080490
     0.055244    -2.081936
     0.056918    -2.083418
     0.058592    -2.084936
     0.060266    -2.086492
     0.061940    -2.088084
     0.063615    -2.089714
     0.065289    -2.091381
     0.066963    -2.093087
     0.068637    -2.094831
     0.070311    -2.096614
     0.071985    -2.098435
     0.073659    -2.100297
     0.075333    -2.102198
     0.077007    -2.104140
     0.078681    -2.106122
     0.080355    -2.108146
     0.082029    -2.110212
     0.083703    -2.112320
     0.085377    -2.114471
     0.087051    -2.116665
     0.088726    -2.118904
     0.090400    -2.121188
     0.092074    -2.123517
     0.093748    -2.125892
     0.095422    -2.128314
     0.097096    -2.130784
     0.098770    -2.133302
     0.100444    -2.135870
     0.102118    -2.138488
     0.103792    -2.141157
     0.105466    -2.143878
     0.107140    -2.146653
     0.108814    -2.149482
     0.110488    -2.152367
     0.112163    -2.155308
     0.113837    -2.158306
     0.115511    -2.161364
     0.117185    -2.164482
     0.118859    -2.167662
     0.120533    -2.170905
     0.122207    -2.174213
     0.123881    -2.177586
     0.125555    -2.181027
     0.127229    -2.184537
     0.128903    -2.188118
     0.130577    -2.191771
     0.132251    -2.195498
     0.133925    -2.199301
     0.135599    -2.203181
     0.137274    -2.207140
     0.138948    -2.211181
     0.140622    -2.215304
     0.142296    -2.219512
     0.143970    -2.223806
     0.145644    -2.228189
     0.147318    -2.232661
     0.148992    -2.237225
     0.150666    -2.241882
     0.152340    -2.246634
     0.154014    -2.251483
     0.155688    -2.256430
     0.157362    -2.261476
     0.159036    -2.266623
     0.160710    -2.271872
     0.162385    -2.277224
     0.164059    -2.282680
     0.165733    -2.288241
     0.167407    -2.293908


    -0.167407    -2.194937
    -0.165733    -2.189960
    -0.164059    -2.185156
    -0.162385    -2.180524
    -0.160710    -2.176058
    -0.159036    -2.171754
    -0.157362    -2.167608
    -0.155688    -2.163613
    -0.154014    -2.159764
    -0.152340    -2.156055
    -0.150666    -2.152479
    -0.148992    -2.149032
    -0.147318    -2.145706
    -0.145644    -2.142497
    -0.143970    -2.139397
    -0.142296    -2.136402
    -0.140622    -2.133507
    -0.138948    -2.130706
    -0.137274    -2.127994
    -0.135599    -2.125368
    -0.133925    -2.122823
    -0.132251    -2.120354
    -0.130577    -2.117958
    -0.128903    -2.115633
    -0.127229    -2.113373
    -0.125555    -2.111177
    -0.123881    -2.109042
    -0.122207    -2.106964
    -0.120533    -2.104942
    -0.118859    -2.102974
    -0.117185    -2.101057
    -0.115511    -2.099190
    -0.113837    -2.097370
    -0.112163    -2.095596
    -0.110488    -2.093867
    -0.108814    -2.092182
    -0.107140    -2.090538
    -0.105466    -2.088935
    -0.103792    -2.087372
    -0.102118    -2.085848
    -0.100444    -2.084362
    -0.098770    -2.082913
    -0.097096    -2.081500
    -0.095422    -2.080123
    -0.093748    -2.078781
    -0.092074    -2.077473
    -0.090400    -2.076199
    -0.088726    -2.074958
    -0.087052    -2.073750
    -0.085377    -2.072575
    -0.083703    -2.071432
    -0.082029    -2.070320
    -0.080355    -2.069240
    -0.078681    -2.068192
    -0.077007    -2.067174
    -0.075333    -2.066186
    -0.073659    -2.065229
    -0.071985    -2.064303
    -0.070311    -2.063406
    -0.068637    -2.062539
    -0.066963    -2.061702
    -0.065289    -2.060895
    -0.063615    -2.060117
    -0.061940    -2.059369
    -0.060266    -2.058650
    -0.058592    -2.057960
    -0.056918    -2.057300
    -0.055244    -2.056668
    -0.053570    -2.056066
    -0.051896    -2.055493
    -0.050222    -2.054949
    -0.048548    -2.054435
    -0.046874    -2.053949
    -0.045200    -2.053492
    -0.043526    -2.053064
    -0.041852    -2.052666
    -0.040178    -2.052296
    -0.038504    -2.051956
    -0.036829    -2.051644
    -0.035155    -2.051362
    -0.033481    -2.051109
    -0.031807    -2.050886
    -0.030133    -2.050691
    -0.028459    -2.050526
    -0.026785    -2.050390
    -0.025111    -2.050284
    -0.023437    -2.050207
    -0.021763    -2.050160
    -0.020089    -2.050142
    -0.018415    -2.050154
    -0.016741    -2.050196
    -0.015067    -2.050268
    -0.013393    -2.050369
    -0.011718    -2.050500
    -0.010044    -2.050662
    -0.008370    -2.050853
    -0.006696    -2.051075
    -0.005022    -2.051327
    -0.003348    -2.051609
    -0.001674    -2.051922
     0.000000    -2.052258
     0.001674    -2.051925
     0.003348    -2.051612
     0.005022    -2.051331
     0.006696    -2.051080
     0.008370    -2.050861
     0.010044    -2.050672
     0.011718    -2.050515
     0.013393    -2.050388
     0.015067    -2.050292
     0.016741    -2.050226
     0.018415    -2.050191
     0.020089    -2.050186
     0.021763    -2.050212
     0.023437    -2.050268
     0.025111    -2.050353
     0.026785    -2.050469
     0.028459    -2.050615
     0.030133    -2.050791
     0.031807    -2.050997
     0.033481    -2.051232
     0.035155    -2.051497
     0.036829    -2.051791
     0.038504    -2.052116
     0.040178    -2.052469
     0.041852    -2.052852
     0.043526    -2.053264
     0.045200    -2.053706
     0.046874    -2.054177
     0.048548    -2.054677
     0.050222    -2.055206
     0.051896    -2.055765
     0.053570    -2.056352
     0.055244    -2.056969
     0.056918    -2.057614
     0.058592    -2.058289
     0.060266    -2.058993
     0.061940    -2.059726
     0.063615    -2.060488
     0.065289    -2.061280
     0.066963    -2.062100
     0.068637    -2.062950
     0.070311    -2.063830
     0.071985    -2.064739
     0.073659    -2.065677
     0.075333    -2.066646
     0.077007    -2.067644
     0.078681    -2.068672
     0.080355    -2.069731
     0.082029    -2.070820
     0.083703    -2.071940
     0.085377    -2.073091
     0.087051    -2.074273
     0.088726    -2.075487
     0.090400    -2.076733
     0.092074    -2.078012
     0.093748    -2.079323
     0.095422    -2.080668
     0.097096    -2.082048
     0.098770    -2.083461
     0.100444    -2.084911
     0.102118    -2.086396
     0.103792    -2.087918
     0.105466    -2.089478
     0.107140    -2.091077
     0.108814    -2.092716
     0.110488    -2.094396
     0.112163    -2.096118
     0.113837    -2.097883
     0.115511    -2.099694
     0.117185    -2.101551
     0.118859    -2.103457
     0.120533    -2.105414
     0.122207    -2.107422
     0.123881    -2.109486
     0.125555    -2.111606
     0.127229    -2.113786
     0.128903    -2.116029
     0.130577    -2.118337
     0.132251    -2.120714
     0.133925    -2.123164
     0.135599    -2.125690
     0.137274    -2.128296
     0.138948    -2.130986
     0.140622    -2.133766
     0.142296    -2.136640
     0.143970    -2.139614
     0.145644    -2.142692
     0.147318    -2.145881
     0.148992    -2.149186
     0.150666    -2.152613
     0.152340    -2.156169
     0.154014    -2.159860
     0.155688    -2.163692
     0.157362    -2.167672
     0.159036    -2.171805
     0.160710    -2.176097
     0.162385    -2.180553
     0.164059    -2.185178
     0.165733    -2.189977
     0.167407    -2.194953


    -0.167407    -2.015354
    -0.165733    -2.009783
    -0.164059    -2.004080
    -0.162385    -1.998249
    -0.160710    -1.992297
    -0.159036    -1.986230
    -0.157362    -1.980053
    -0.155688    -1.973774
    -0.154014    -1.967401
    -0.152340    -1.960940
    -0.150666    -1.954400
    -0.148992    -1.947787
    -0.147318    -1.941110
    -0.145644    -1.934375
    -0.143970    -1.927591
    -0.142296    -1.920763
    -0.140622    -1.913899
    -0.138948    -1.907005
    -0.137274    -1.900088
    -0.135599    -1.893154
    -0.133925    -1.886208
    -0.132251    -1.879255
    -0.130577    -1.872302
    -0.128903    -1.865352
    -0.127229    -1.858411
    -0.125555    -1.851482
    -0.123881    -1.844571
    -0.122207    -1.837680
    -0.120533    -1.830815
    -0.118859    -1.823977
    -0.117185    -1.817174
    -0.115511    -1.810702
    -0.113837    -1.804587
    -0.112163    -1.798495
    -0.110488    -1.792428
    -0.108814    -1.786387
    -0.107140    -1.780373
    -0.105466    -1.774389
    -0.103792    -1.768437
    -0.102118    -1.762518
    -0.100444    -1.756633
    -0.098770    -1.750786
    -0.097096    -1.744977
    -0.095422    -1.739208
    -0.093748    -1.733480
    -0.092074    -1.727796
    -0.090400    -1.722156
    -0.088726    -1.716562
    -0.087052    -1.711016
    -0.085377    -1.705519
    -0.083703    -1.700072
    -0.082029    -1.694678
    -0.080355    -1.689336
    -0.078681    -1.684050
    -0.077007    -1.678819
    -0.075333    -1.673646
    -0.073659    -1.668531
    -0.071985    -1.663476
    -0.070311    -1.658484
    -0.068637    -1.653553
    -0.066963    -1.648688
    -0.065289    -1.643888
    -0.063615    -1.639155
    -0.061940    -1.634491
    -0.060266    -1.629897
    -0.058592    -1.625374
    -0.056918    -1.620926
    -0.055244    -1.616552
    -0.053570    -1.612255
    -0.051896    -1.608036
    -0.050222    -1.603898
    -0.048548    -1.599843
    -0.046874    -1.595872
    -0.045200    -1.591988
    -0.043526    -1.588193
    -0.041852    -1.584489
    -0.040178    -1.580879
    -0.038504    -1.577366
    -0.036829    -1.573952
    -0.035155    -1.570641
    -0.033481    -1.567435
    -0.031807    -1.564338
    -0.030133    -1.561353
    -0.028459    -1.558484
    -0.026785    -1.555734
    -0.025111    -1.553108
    -0.023437    -1.550610
    -0.021763    -1.548243
    -0.020089    -1.546013
    -0.018415    -1.543923
    -0.016741    -1.541978
    -0.015067    -1.540181
    -0.013393    -1.538538
    -0.011718    -1.537053
    -0.010044    -1.535729
    -0.008370    -1.534570
    -0.006696    -1.533580
    -0.005022    -1.532761
    -0.003348    -1.532116
    -0.001674    -1.531647
     0.000000    -1.531362
     0.001674    -1.531652
     0.003348    -1.532121
     0.005022    -1.532765
     0.006696    -1.533582
     0.008370    -1.534570
     0.010044    -1.535726
     0.011718    -1.537047
     0.013393    -1.538528
     0.015067    -1.540167
     0.016741    -1.541958
     0.018415    -1.543898
     0.020089    -1.545983
     0.021763    -1.548207
     0.023437    -1.550567
     0.025111    -1.553058
     0.026785    -1.555676
     0.028459    -1.558418
     0.030133    -1.561279
     0.031807    -1.564255
     0.033481    -1.567343
     0.035155    -1.570539
     0.036829    -1.573841
     0.038504    -1.577245
     0.040178    -1.580747
     0.041852    -1.584346
     0.043526    -1.588039
     0.045200    -1.591822
     0.046874    -1.595694
     0.048548    -1.599653
     0.050222    -1.603696
     0.051896    -1.607821
     0.053570    -1.612026
     0.055244    -1.616310
     0.056918    -1.620670
     0.058592    -1.625105
     0.060266    -1.629613
     0.061940    -1.634193
     0.063615    -1.638843
     0.065289    -1.643561
     0.066963    -1.648346
     0.068637    -1.653197
     0.070311    -1.658113
     0.071985    -1.663091
     0.073659    -1.668131
     0.075333    -1.673231
     0.077007    -1.678390
     0.078681    -1.683607
     0.080355    -1.688879
     0.082029    -1.694207
     0.083703    -1.699588
     0.085377    -1.705022
     0.087051    -1.710506
     0.088726    -1.716040
     0.090400    -1.721623
     0.092074    -1.727251
     0.093748    -1.732925
     0.095422    -1.738643
     0.097096    -1.744404
     0.098770    -1.750205
     0.100444    -1.756045
     0.102118    -1.761923
     0.103792    -1.767836
     0.105466    -1.773784
     0.107140    -1.779765
     0.108814    -1.785776
     0.110488    -1.791816
     0.112163    -1.797883
     0.113837    -1.803975
     0.115511    -1.810092
     0.117185    -1.816647
     0.118859    -1.823461
     0.120533    -1.830309
     0.122207    -1.837186
     0.123881    -1.844089
     0.125555    -1.851014
     0.127229    -1.857957
     0.128903    -1.864914
     0.130577    -1.871880
     0.132251    -1.878851
     0.133925    -1.885822
     0.135599    -1.892788
     0.137274    -1.899742
     0.138948    -1.906680
     0.140622    -1.913595
     0.142296    -1.920481
     0.143970    -1.927331
     0.145644    -1.934138
     0.147318    -1.940895
     0.148992    -1.947595
     0.150666    -1.954230
     0.152340    -1.960793
     0.154014    -1.967275
     0.155688    -1.973669
     0.157362    -1.979966
     0.159036    -1.986161
     0.160710    -1.992245
     0.162385    -1.998211
     0.164059    -2.004054
     0.165733    -2.009767
     0.167407    -2.015346


    -0.167407    -1.998106
    -0.165733    -1.992502
    -0.164059    -1.986847
    -0.162385    -1.981143
    -0.160710    -1.975392
    -0.159036    -1.969596
    -0.157362    -1.963756
    -0.155688    -1.957874
    -0.154014    -1.951954
    -0.152340    -1.945997
    -0.150666    -1.940005
    -0.148992    -1.933981
    -0.147318    -1.927928
    -0.145644    -1.921847
    -0.143970    -1.915742
    -0.142296    -1.909615
    -0.140622    -1.903468
    -0.138948    -1.897305
    -0.137274    -1.891128
    -0.135599    -1.884939
    -0.133925    -1.878741
    -0.132251    -1.872538
    -0.130577    -1.866330
    -0.128903    -1.860121
    -0.127229    -1.853913
    -0.125555    -1.847709
    -0.123881    -1.841512
    -0.122207    -1.835322
    -0.120533    -1.829144
    -0.118859    -1.822978
    -0.117185    -1.816825
    -0.115511    -1.810394
    -0.113837    -1.803663
    -0.112163    -1.796971
    -0.110488    -1.790322
    -0.108814    -1.783718
    -0.107140    -1.777162
    -0.105466    -1.770658
    -0.103792    -1.764206
    -0.102118    -1.757808
    -0.100444    -1.751468
    -0.098770    -1.745186
    -0.097096    -1.738965
    -0.095422    -1.732806
    -0.093748    -1.726711
    -0.092074    -1.720681
    -0.090400    -1.714719
    -0.088726    -1.708824
    -0.087052    -1.702999
    -0.085377    -1.697245
    -0.083703    -1.691563
    -0.082029    -1.685954
    -0.080355    -1.680420
    -0.078681    -1.674962
    -0.077007    -1.669580
    -0.075333    -1.664276
    -0.073659    -1.659052
    -0.071985    -1.653907
    -0.070311    -1.648843
    -0.068637    -1.643861
    -0.066963    -1.638962
    -0.065289    -1.634147
    -0.063615    -1.629418
    -0.061940    -1.624774
    -0.060266    -1.620219
    -0.058592    -1.615751
    -0.056918    -1.611374
    -0.055244    -1.607087
    -0.053570    -1.602893
    -0.051896    -1.598793
    -0.050222    -1.594788
    -0.048548    -1.590880
    -0.046874    -1.587070
    -0.045200    -1.583361
    -0.043526    -1.579754
    -0.041852    -1.576252
    -0.040178    -1.572855
    -0.038504    -1.569568
    -0.036829    -1.566392
    -0.035155    -1.563330
    -0.033481    -1.560385
    -0.031807    -1.557559
    -0.030133    -1.554856
    -0.028459    -1.552280
    -0.026785    -1.549833
    -0.025111    -1.547520
    -0.023437    -1.545344
    -0.021763    -1.543309
    -0.020089    -1.541419
    -0.018415    -1.539678
    -0.016741    -1.538090
    -0.015067    -1.536659
    -0.013393    -1.535388
    -0.011718    -1.534282
    -0.010044    -1.533343
    -0.008370    -1.532574
    -0.006696    -1.531979
    -0.005022    -1.531559
    -0.003348    -1.531315
    -0.001674    -1.531250
     0.000000    -1.531355
     0.001674    -1.531242
     0.003348    -1.531303
     0.005022    -1.531543
     0.006696    -1.531958
     0.008370    -1.532548
     0.010044    -1.533310
     0.011718    -1.534243
     0.013393    -1.535342
     0.015067    -1.536605
     0.016741    -1.538029
     0.018415    -1.539609
     0.020089    -1.541341
     0.021763    -1.543222
     0.023437    -1.545247
     0.025111    -1.547414
     0.026785    -1.549717
     0.028459    -1.552153
     0.030133    -1.554719
     0.031807    -1.557411
     0.033481    -1.560226
     0.035155    -1.563160
     0.036829    -1.566210
     0.038504    -1.569375
     0.040178    -1.572651
     0.041852    -1.576035
     0.043526    -1.579526
     0.045200    -1.583121
     0.046874    -1.586818
     0.048548    -1.590615
     0.050222    -1.594511
     0.051896    -1.598504
     0.053570    -1.602591
     0.055244    -1.606773
     0.056918    -1.611047
     0.058592    -1.615412
     0.060266    -1.619867
     0.061940    -1.624411
     0.063615    -1.629042
     0.065289    -1.633760
     0.066963    -1.638563
     0.068637    -1.643450
     0.070311    -1.648420
     0.071985    -1.653473
     0.073659    -1.658607
     0.075333    -1.663821
     0.077007    -1.669115
     0.078681    -1.674486
     0.080355    -1.679935
     0.082029    -1.685460
     0.083703    -1.691060
     0.085377    -1.696734
     0.087051    -1.702480
     0.088726    -1.708298
     0.090400    -1.714186
     0.092074    -1.720143
     0.093748    -1.726168
     0.095422    -1.732259
     0.097096    -1.738414
     0.098770    -1.744632
     0.100444    -1.750912
     0.102118    -1.757251
     0.103792    -1.763648
     0.105466    -1.770101
     0.107140    -1.776607
     0.108814    -1.783165
     0.110488    -1.789773
     0.112163    -1.796427
     0.113837    -1.803125
     0.115511    -1.809864
     0.117185    -1.816224
     0.118859    -1.822379
     0.120533    -1.828551
     0.122207    -1.834737
     0.123881    -1.840935
     0.125555    -1.847143
     0.127229    -1.853358
     0.128903    -1.859579
     0.130577    -1.865802
     0.132251    -1.872025
     0.133925    -1.878245
     0.135599    -1.884461
     0.137274    -1.890669
     0.138948    -1.896866
     0.140622    -1.903050
     0.142296    -1.909219
     0.143970    -1.915369
     0.145644    -1.921499
     0.147318    -1.927604
     0.148992    -1.933683
     0.150666    -1.939733
     0.152340    -1.945751
     0.154014    -1.951735
     0.155688    -1.957683
     0.157362    -1.963591
     0.159036    -1.969458
     0.160710    -1.975282
     0.162385    -1.981059
     0.164059    -1.986790
     0.165733    -1.992470
     0.167407    -1.998099


    -0.167407    -1.511244
    -0.165733    -1.507851
    -0.164059    -1.504487
    -0.162385    -1.501153
    -0.160710    -1.497849
    -0.159036    -1.494577
    -0.157362    -1.491338
    -0.155688    -1.488132
    -0.154014    -1.484962
    -0.152340    -1.481828
    -0.150666    -1.478731
    -0.148992    -1.475673
    -0.147318    -1.472654
    -0.145644    -1.469677
    -0.143970    -1.466741
    -0.142296    -1.463848
    -0.140622    -1.460999
    -0.138948    -1.458195
    -0.137274    -1.455437
    -0.135599    -1.452727
    -0.133925    -1.450065
    -0.132251    -1.447453
    -0.130577    -1.444891
    -0.128903    -1.442381
    -0.127229    -1.439923
    -0.125555    -1.437518
    -0.123881    -1.435167
    -0.122207    -1.432871
    -0.120533    -1.430632
    -0.118859    -1.428448
    -0.117185    -1.426323
    -0.115511    -1.424255
    -0.113837    -1.422246
    -0.112163    -1.420296
    -0.110488    -1.418406
    -0.108814    -1.416577
    -0.107140    -1.414808
    -0.105466    -1.413101
    -0.103792    -1.411455
    -0.102118    -1.409872
    -0.100444    -1.408350
    -0.098770    -1.406892
    -0.097096    -1.405496
    -0.095422    -1.404162
    -0.093748    -1.402892
    -0.092074    -1.401685
    -0.090400    -1.400540
    -0.088726    -1.399458
    -0.087052    -1.398439
    -0.085377    -1.397482
    -0.083703    -1.396587
    -0.082029    -1.395754
    -0.080355    -1.394983
    -0.078681    -1.394273
    -0.077007    -1.393623
    -0.075333    -1.393034
    -0.073659    -1.392504
    -0.071985    -1.392032
    -0.070311    -1.391619
    -0.068637    -1.391263
    -0.066963    -1.390964
    -0.065289    -1.390720
    -0.063615    -1.390531
    -0.061940    -1.390395
    -0.060266    -1.390311
    -0.058592    -1.390279
    -0.056918    -1.390296
    -0.055244    -1.390362
    -0.053570    -1.390474
    -0.051896    -1.390631
    -0.050222    -1.390832
    -0.048548    -1.391074
    -0.046874    -1.391356
    -0.045200    -1.391675
    -0.043526    -1.392030
    -0.041852    -1.392417
    -0.040178    -1.392834
    -0.038504    -1.393278
    -0.036829    -1.393747
    -0.035155    -1.394237
    -0.033481    -1.394745
    -0.031807    -1.395268
    -0.030133    -1.395801
    -0.028459    -1.396342
    -0.026785    -1.396885
    -0.025111    -1.397425
    -0.023437    -1.397960
    -0.021763    -1.398483
    -0.020089    -1.398991
    -0.018415    -1.399479
    -0.016741    -1.399942
    -0.015067    -1.400376
    -0.013393    -1.400776
    -0.011718    -1.401140
    -0.010044    -1.401463
    -0.008370    -1.401742
    -0.006696    -1.401974
    -0.005022    -1.402156
    -0.003348    -1.402287
    -0.001674    -1.402365
     0.000000    -1.402390
     0.001674    -1.402362
     0.003348    -1.402281
     0.005022    -1.402148
     0.006696    -1.401964
     0.008370    -1.401730
     0.010044    -1.401451
     0.011718    -1.401128
     0.013393    -1.400764
     0.015067    -1.400364
     0.016741    -1.399930
     0.018415    -1.399467
     0.020089    -1.398980
     0.021763    -1.398473
     0.023437    -1.397951
     0.025111    -1.397420
     0.026785    -1.396884
     0.028459    -1.396347
     0.030133    -1.395814
     0.031807    -1.395289
     0.033481    -1.394775
     0.035155    -1.394276
     0.036829    -1.393794
     0.038504    -1.393335
     0.040178    -1.392899
     0.041852    -1.392491
     0.043526    -1.392113
     0.045200    -1.391767
     0.046874    -1.391457
     0.048548    -1.391184
     0.050222    -1.390951
     0.051896    -1.390759
     0.053570    -1.390610
     0.055244    -1.390507
     0.056918    -1.390450
     0.058592    -1.390442
     0.060266    -1.390484
     0.061940    -1.390576
     0.063615    -1.390721
     0.065289    -1.390919
     0.066963    -1.391172
     0.068637    -1.391480
     0.070311    -1.391845
     0.071985    -1.392267
     0.073659    -1.392747
     0.075333    -1.393285
     0.077007    -1.393883
     0.078681    -1.394541
     0.080355    -1.395259
     0.082029    -1.396038
     0.083703    -1.396878
     0.085377    -1.397780
     0.087051    -1.398743
     0.088726    -1.399769
     0.090400    -1.400857
     0.092074    -1.402008
     0.093748    -1.403221
     0.095422    -1.404496
     0.097096    -1.405834
     0.098770    -1.407234
     0.100444    -1.408697
     0.102118    -1.410221
     0.103792    -1.411807
     0.105466    -1.413455
     0.107140    -1.415164
     0.108814    -1.416933
     0.110488    -1.418763
     0.112163    -1.420653
     0.113837    -1.422602
     0.115511    -1.424610
     0.117185    -1.426676
     0.118859    -1.428799
     0.120533    -1.430979
     0.122207    -1.433215
     0.123881    -1.435506
     0.125555    -1.437851
     0.127229    -1.440250
     0.128903    -1.442701
     0.130577    -1.445205
     0.132251    -1.447758
     0.133925    -1.450362
     0.135599    -1.453015
     0.137274    -1.455715
     0.138948    -1.458462
     0.140622    -1.461254
     0.142296    -1.464091
     0.143970    -1.466972
     0.145644    -1.469895
     0.147318    -1.472859
     0.148992    -1.475863
     0.150666    -1.478907
     0.152340    -1.481988
     0.154014    -1.485106
     0.155688    -1.488260
     0.157362    -1.491449
     0.159036    -1.494671
     0.160710    -1.497925
     0.162385    -1.501211
     0.164059    -1.504527
     0.165733    -1.507872
     0.167407    -1.511245


    -0.167407    -1.472026
    -0.165733    -1.469040
    -0.164059    -1.466105
    -0.162385    -1.463221
    -0.160710    -1.460389
    -0.159036    -1.457609
    -0.157362    -1.454882
    -0.155688    -1.452208
    -0.154014    -1.449588
    -0.152340    -1.447022
    -0.150666    -1.444510
    -0.148992    -1.442053
    -0.147318    -1.439652
    -0.145644    -1.437305
    -0.143970    -1.435014
    -0.142296    -1.432779
    -0.140622    -1.430599
    -0.138948    -1.428475
    -0.137274    -1.426407
    -0.135599    -1.424395
    -0.133925    -1.422439
    -0.132251    -1.420538
    -0.130577    -1.418694
    -0.128903    -1.416905
    -0.127229    -1.415171
    -0.125555    -1.413493
    -0.123881    -1.411870
    -0.122207    -1.410302
    -0.120533    -1.408788
    -0.118859    -1.407329
    -0.117185    -1.405924
    -0.115511    -1.404573
    -0.113837    -1.403276
    -0.112163    -1.402032
    -0.110488    -1.400841
    -0.108814    -1.399702
    -0.107140    -1.398616
    -0.105466    -1.397582
    -0.103792    -1.396599
    -0.102118    -1.395668
    -0.100444    -1.394787
    -0.098770    -1.393957
    -0.097096    -1.393177
    -0.095422    -1.392446
    -0.093748    -1.391764
    -0.092074    -1.391131
    -0.090400    -1.390546
    -0.088726    -1.390009
    -0.087052    -1.389520
    -0.085377    -1.389077
    -0.083703    -1.388680
    -0.082029    -1.388329
    -0.080355    -1.388022
    -0.078681    -1.387761
    -0.077007    -1.387544
    -0.075333    -1.387370
    -0.073659    -1.387238
    -0.071985    -1.387149
    -0.070311    -1.387101
    -0.068637    -1.387093
    -0.066963    -1.387126
    -0.065289    -1.387197
    -0.063615    -1.387307
    -0.061940    -1.387454
    -0.060266    -1.387637
    -0.058592    -1.387855
    -0.056918    -1.388108
    -0.055244    -1.388393
    -0.053570    -1.388710
    -0.051896    -1.389058
    -0.050222    -1.389434
    -0.048548    -1.389838
    -0.046874    -1.390268
    -0.045200    -1.390722
    -0.043526    -1.391198
    -0.041852    -1.391695
    -0.040178    -1.392209
    -0.038504    -1.392740
    -0.036829    -1.393284
    -0.035155    -1.393839
    -0.033481    -1.394402
    -0.031807    -1.394971
    -0.030133    -1.395542
    -0.028459    -1.396113
    -0.026785    -1.396680
    -0.025111    -1.397240
    -0.023437    -1.397790
    -0.021763    -1.398326
    -0.020089    -1.398845
    -0.018415    -1.399342
    -0.016741    -1.399815
    -0.015067    -1.400257
    -0.013393    -1.400667
    -0.011718    -1.401040
    -0.010044    -1.401372
    -0.008370    -1.401659
    -0.006696    -1.401900
    -0.005022    -1.402091
    -0.003348    -1.402229
    -0.001674    -1.402314
     0.000000    -1.402345
     0.001674    -1.402319
     0.003348    -1.402240
     0.005022    -1.402107
     0.006696    -1.401923
     0.008370    -1.401689
     0.010044    -1.401408
     0.011718    -1.401083
     0.013393    -1.400718
     0.015067    -1.400316
     0.016741    -1.399881
     0.018415    -1.399418
     0.020089    -1.398930
     0.021763    -1.398421
     0.023437    -1.397894
     0.025111    -1.397352
     0.026785    -1.396799
     0.028459    -1.396237
     0.030133    -1.395671
     0.031807    -1.395104
     0.033481    -1.394539
     0.035155    -1.393980
     0.036829    -1.393429
     0.038504    -1.392890
     0.040178    -1.392364
     0.041852    -1.391854
     0.043526    -1.391363
     0.045200    -1.390892
     0.046874    -1.390443
     0.048548    -1.390019
     0.050222    -1.389620
     0.051896    -1.389249
     0.053570    -1.388907
     0.055244    -1.388596
     0.056918    -1.388316
     0.058592    -1.388069
     0.060266    -1.387856
     0.061940    -1.387679
     0.063615    -1.387537
     0.065289    -1.387433
     0.066963    -1.387367
     0.068637    -1.387340
     0.070311    -1.387353
     0.071985    -1.387406
     0.073659    -1.387500
     0.075333    -1.387637
     0.077007    -1.387815
     0.078681    -1.388038
     0.080355    -1.388304
     0.082029    -1.388614
     0.083703    -1.388969
     0.085377    -1.389370
     0.087051    -1.389817
     0.088726    -1.390311
     0.090400    -1.390851
     0.092074    -1.391439
     0.093748    -1.392075
     0.095422    -1.392760
     0.097096    -1.393493
     0.098770    -1.394276
     0.100444    -1.395108
     0.102118    -1.395991
     0.103792    -1.396923
     0.105466    -1.397907
     0.107140    -1.398942
     0.108814    -1.400029
     0.110488    -1.401167
     0.112163    -1.402358
     0.113837    -1.403601
     0.115511    -1.404897
     0.117185    -1.406246
     0.118859    -1.407649
     0.120533    -1.409106
     0.122207    -1.410616
     0.123881    -1.412181
     0.125555    -1.413800
     0.127229    -1.415473
     0.128903    -1.417202
     0.130577    -1.418985
     0.132251    -1.420823
     0.133925    -1.422717
     0.135599    -1.424665
     0.137274    -1.426669
     0.138948    -1.428728
     0.140622    -1.430843
     0.142296    -1.433012
     0.143970    -1.435236
     0.145644    -1.437516
     0.147318    -1.439850
     0.148992    -1.442239
     0.150666    -1.444682
     0.152340    -1.447179
     0.154014    -1.449730
     0.155688    -1.452335
     0.157362    -1.454992
     0.159036    -1.457702
     0.160710    -1.460464
     0.162385    -1.463277
     0.164059    -1.466142
     0.165733    -1.469057
     0.167407    -1.472021


    -0.167407    -1.140905
    -0.165733    -1.136624
    -0.164059    -1.132290
    -0.162385    -1.127902
    -0.160710    -1.123752
    -0.159036    -1.120247
    -0.157362    -1.116701
    -0.155688    -1.113112
    -0.154014    -1.109479
    -0.152340    -1.105800
    -0.150666    -1.102075
    -0.148992    -1.098302
    -0.147318    -1.094480
    -0.145644    -1.090607
    -0.143970    -1.086684
    -0.142296    -1.082707
    -0.140622    -1.078677
    -0.138948    -1.074592
    -0.137274    -1.070452
    -0.135599    -1.066254
    -0.133925    -1.061998
    -0.132251    -1.057684
    -0.130577    -1.053310
    -0.128903    -1.048875
    -0.127229    -1.044379
    -0.125555    -1.039821
    -0.123881    -1.035200
    -0.122207    -1.030515
    -0.120533    -1.025767
    -0.118859    -1.020954
    -0.117185    -1.016077
    -0.115511    -1.011135
    -0.113837    -1.006127
    -0.112163    -1.001054
    -0.110488    -0.995916
    -0.108814    -0.990713
    -0.107140    -0.985445
    -0.105466    -0.980112
    -0.103792    -0.974715
    -0.102118    -0.969254
    -0.100444    -0.963730
    -0.098770    -0.958144
    -0.097096    -0.952497
    -0.095422    -0.946789
    -0.093748    -0.941023
    -0.092074    -0.935198
    -0.090400    -0.929317
    -0.088726    -0.923381
    -0.087052    -0.917393
    -0.085377    -0.911353
    -0.083703    -0.905264
    -0.082029    -0.899128
    -0.080355    -0.892948
    -0.078681    -0.886726
    -0.077007    -0.880465
    -0.075333    -0.874168
    -0.073659    -0.867837
    -0.071985    -0.861478
    -0.070311    -0.855092
    -0.068637    -0.848683
    -0.066963    -0.842257
    -0.065289    -0.835817
    -0.063615    -0.829368
    -0.061940    -0.822915
    -0.060266    -0.816463
    -0.058592    -0.810017
    -0.056918    -0.803584
    -0.055244    -0.797170
    -0.053570    -0.790781
    -0.051896    -0.784425
    -0.050222    -0.778109
    -0.048548    -0.771841
    -0.046874    -0.765630
    -0.045200    -0.759485
    -0.043526    -0.753415
    -0.041852    -0.747430
    -0.040178    -0.741540
    -0.038504    -0.735758
    -0.036829    -0.730094
    -0.035155    -0.724560
    -0.033481    -0.719170
    -0.031807    -0.713936
    -0.030133    -0.708872
    -0.028459    -0.703991
    -0.026785    -0.699308
    -0.025111    -0.694835
    -0.023437    -0.690587
    -0.021763    -0.686577
    -0.020089    -0.682819
    -0.018415    -0.679324
    -0.016741    -0.676103
    -0.015067    -0.673168
    -0.013393    -0.670528
    -0.011718    -0.668189
    -0.010044    -0.666158
    -0.008370    -0.664440
    -0.006696    -0.663037
    -0.005022    -0.661950
    -0.003348    -0.661177
    -0.001674    -0.660715
     0.000000    -0.660558
     0.001674    -0.660708
     0.003348    -0.661164
     0.005022    -0.661933
     0.006696    -0.663017
     0.008370    -0.664417
     0.010044    -0.666131
     0.011718    -0.668156
     0.013393    -0.670489
     0.015067    -0.673123
     0.016741    -0.676050
     0.018415    -0.679263
     0.020089    -0.682749
     0.021763    -0.686499
     0.023437    -0.690499
     0.025111    -0.694737
     0.026785    -0.699199
     0.028459    -0.703872
     0.030133    -0.708742
     0.031807    -0.713795
     0.033481    -0.719017
     0.035155    -0.724396
     0.036829    -0.729917
     0.038504    -0.735569
     0.040178    -0.741339
     0.041852    -0.747217
     0.043526    -0.753190
     0.045200    -0.759248
     0.046874    -0.765381
     0.048548    -0.771580
     0.050222    -0.777836
     0.051896    -0.784140
     0.053570    -0.790484
     0.055244    -0.796861
     0.056918    -0.803264
     0.058592    -0.809686
     0.060266    -0.816121
     0.061940    -0.822563
     0.063615    -0.829006
     0.065289    -0.835445
     0.066963    -0.841876
     0.068637    -0.848293
     0.070311    -0.854693
     0.071985    -0.861071
     0.073659    -0.867423
     0.075333    -0.873747
     0.077007    -0.880038
     0.078681    -0.886293
     0.080355    -0.892510
     0.082029    -0.898685
     0.083703    -0.904817
     0.085377    -0.910902
     0.087051    -0.916939
     0.088726    -0.922925
     0.090400    -0.928859
     0.092074    -0.934739
     0.093748    -0.940563
     0.095422    -0.946330
     0.097096    -0.952038
     0.098770    -0.957687
     0.100444    -0.963275
     0.102118    -0.968802
     0.103792    -0.974266
     0.105466    -0.979667
     0.107140    -0.985005
     0.108814    -0.990278
     0.110488    -0.995487
     0.112163    -1.000632
     0.113837    -1.005712
     0.115511    -1.010727
     0.117185    -1.015677
     0.118859    -1.020563
     0.120533    -1.025385
     0.122207    -1.030143
     0.123881    -1.034837
     0.125555    -1.039469
     0.127229    -1.044038
     0.128903    -1.048546
     0.130577    -1.052992
     0.132251    -1.057378
     0.133925    -1.061705
     0.135599    -1.065974
     0.137274    -1.070184
     0.138948    -1.074338
     0.140622    -1.078437
     0.142296    -1.082481
     0.143970    -1.086471
     0.145644    -1.090409
     0.147318    -1.094296
     0.148992    -1.098133
     0.150666    -1.101920
     0.152340    -1.105660
     0.154014    -1.109354
     0.155688    -1.113002
     0.157362    -1.116606
     0.159036    -1.120167
     0.160710    -1.123686
     0.162385    -1.127866
     0.164059    -1.132265
     0.165733    -1.136611
     0.167407    -1.140904


    -0.167407    -1.137375
    -0.165733    -1.134026
    -0.164059    -1.130640
    -0.162385    -1.127215
    -0.160710    -1.123460
    -0.159036    -1.118965
    -0.157362    -1.114417
    -0.155688    -1.109815
    -0.154014    -1.105160
    -0.152340    -1.100451
    -0.150666    -1.095690
    -0.148992    -1.090875
    -0.147318    -1.086009
    -0.145644    -1.081091
    -0.143970    -1.076122
    -0.142296    -1.071102
    -0.140622    -1.066032
    -0.138948    -1.060912
    -0.137274    -1.055744
    -0.135599    -1.050529
    -0.133925    -1.045266
    -0.132251    -1.039958
    -0.130577    -1.034604
    -0.128903    -1.029207
    -0.127229    -1.023767
    -0.125555    -1.018286
    -0.123881    -1.012764
    -0.122207    -1.007203
    -0.120533    -1.001604
    -0.118859    -0.995970
    -0.117185    -0.990300
    -0.115511    -0.984597
    -0.113837    -0.978861
    -0.112163    -0.973096
    -0.110488    -0.967302
    -0.108814    -0.961481
    -0.107140    -0.955635
    -0.105466    -0.949765
    -0.103792    -0.943874
    -0.102118    -0.937963
    -0.100444    -0.932034
    -0.098770    -0.926089
    -0.097096    -0.920130
    -0.095422    -0.914160
    -0.093748    -0.908180
    -0.092074    -0.902192
    -0.090400    -0.896199
    -0.088726    -0.890203
    -0.087052    -0.884207
    -0.085377    -0.878212
    -0.083703    -0.872221
    -0.082029    -0.866237
    -0.080355    -0.860262
    -0.078681    -0.854298
    -0.077007    -0.848349
    -0.075333    -0.842417
    -0.073659    -0.836505
    -0.071985    -0.830616
    -0.070311    -0.824752
    -0.068637    -0.818917
    -0.066963    -0.813114
    -0.065289    -0.807346
    -0.063615    -0.801616
    -0.061940    -0.795928
    -0.060266    -0.790285
    -0.058592    -0.784690
    -0.056918    -0.779148
    -0.055244    -0.773662
    -0.053570    -0.768236
    -0.051896    -0.762874
    -0.050222    -0.757580
    -0.048548    -0.752360
    -0.046874    -0.747216
    -0.045200    -0.742154
    -0.043526    -0.737179
    -0.041852    -0.732296
    -0.040178    -0.727510
    -0.038504    -0.722827
    -0.036829    -0.718253
    -0.035155    -0.713793
    -0.033481    -0.709455
    -0.031807    -0.705244
    -0.030133    -0.701167
    -0.028459    -0.697233
    -0.026785    -0.693448
    -0.025111    -0.689821
    -0.023437    -0.686359
    -0.021763    -0.683071
    -0.020089    -0.679967
    -0.018415    -0.677055
    -0.016741    -0.674345
    -0.015067    -0.671847
    -0.013393    -0.669570
    -0.011718    -0.667525
    -0.010044    -0.665722
    -0.008370    -0.664171
    -0.006696    -0.662881
    -0.005022    -0.661863
    -0.003348    -0.661125
    -0.001674    -0.660679
     0.000000    -0.660532
     0.001674    -0.660684
     0.003348    -0.661134
     0.005022    -0.661871
     0.006696    -0.662887
     0.008370    -0.664174
     0.010044    -0.665722
     0.011718    -0.667521
     0.013393    -0.669562
     0.015067    -0.671834
     0.016741    -0.674328
     0.018415    -0.677033
     0.020089    -0.679939
     0.021763    -0.683037
     0.023437    -0.686318
     0.025111    -0.689773
     0.026785    -0.693394
     0.028459    -0.697171
     0.030133    -0.701098
     0.031807    -0.705166
     0.033481    -0.709368
     0.035155    -0.713698
     0.036829    -0.718149
     0.038504    -0.722715
     0.040178    -0.727389
     0.041852    -0.732165
     0.043526    -0.737039
     0.045200    -0.742005
     0.046874    -0.747057
     0.048548    -0.752192
     0.050222    -0.757403
     0.051896    -0.762688
     0.053570    -0.768041
     0.055244    -0.773458
     0.056918    -0.778935
     0.058592    -0.784469
     0.060266    -0.790055
     0.061940    -0.795690
     0.063615    -0.801370
     0.065289    -0.807093
     0.066963    -0.812854
     0.068637    -0.818650
     0.070311    -0.824478
     0.071985    -0.830336
     0.073659    -0.836219
     0.075333    -0.842126
     0.077007    -0.848053
     0.078681    -0.853998
     0.080355    -0.859957
     0.082029    -0.865929
     0.083703    -0.871910
     0.085377    -0.877898
     0.087051    -0.883891
     0.088726    -0.889886
     0.090400    -0.895881
     0.092074    -0.901873
     0.093748    -0.907860
     0.095422    -0.913840
     0.097096    -0.919811
     0.098770    -0.925771
     0.100444    -0.931718
     0.102118    -0.937649
     0.103792    -0.943562
     0.105466    -0.949456
     0.107140    -0.955329
     0.108814    -0.961179
     0.110488    -0.967004
     0.112163    -0.972803
     0.113837    -0.978573
     0.115511    -0.984313
     0.117185    -0.990022
     0.118859    -0.995698
     0.120533    -1.001339
     0.122207    -1.006944
     0.123881    -1.012512
     0.125555    -1.018041
     0.127229    -1.023529
     0.128903    -1.028977
     0.130577    -1.034382
     0.132251    -1.039743
     0.133925    -1.045060
     0.135599    -1.050331
     0.137274    -1.055556
     0.138948    -1.060733
     0.140622    -1.065861
     0.142296    -1.070941
     0.143970    -1.075970
     0.145644    -1.080949
     0.147318    -1.085877
     0.148992    -1.090754
     0.150666    -1.095578
     0.152340    -1.100350
     0.154014    -1.105069
     0.155688    -1.109735
     0.157362    -1.114348
     0.159036    -1.118907
     0.160710    -1.123413
     0.162385    -1.127164
     0.164059    -1.130603
     0.165733    -1.134004
     0.167407    -1.137368


    -0.167407    -0.432274
    -0.165733    -0.429739
    -0.164059    -0.427250
    -0.162385    -0.424806
    -0.160710    -0.422407
    -0.159036    -0.420055
    -0.157362    -0.417749
    -0.155688    -0.415490
    -0.154014    -0.413279
    -0.152340    -0.411115
    -0.150666    -0.409000
    -0.148992    -0.406934
    -0.147318    -0.404916
    -0.145644    -0.402948
    -0.143970    -0.401030
    -0.142296    -0.399162
    -0.140622    -0.397345
    -0.138948    -0.395578
    -0.137274    -0.393863
    -0.135599    -0.392199
    -0.133925    -0.390587
    -0.132251    -0.389027
    -0.130577    -0.387520
    -0.128903    -0.386065
    -0.127229    -0.384663
    -0.125555    -0.383314
    -0.123881    -0.382018
    -0.122207    -0.380775
    -0.120533    -0.379586
    -0.118859    -0.378451
    -0.117185    -0.377370
    -0.115511    -0.376342
    -0.113837    -0.375369
    -0.112163    -0.374449
    -0.110488    -0.373583
    -0.108814    -0.372771
    -0.107140    -0.372013
    -0.105466    -0.371308
    -0.103792    -0.370656
    -0.102118    -0.370058
    -0.100444    -0.369513
    -0.098770    -0.369020
    -0.097096    -0.368579
    -0.095422    -0.368190
    -0.093748    -0.367852
    -0.092074    -0.367565
    -0.090400    -0.367328
    -0.088726    -0.367140
    -0.087052    -0.367001
    -0.085377    -0.366909
    -0.083703    -0.366863
    -0.082029    -0.366863
    -0.080355    -0.366907
    -0.078681    -0.366994
    -0.077007    -0.367122
    -0.075333    -0.367289
    -0.073659    -0.367495
    -0.071985    -0.367736
    -0.070311    -0.368011
    -0.068637    -0.368317
    -0.066963    -0.368653
    -0.065289    -0.369014
    -0.063615    -0.369398
    -0.061940    -0.369802
    -0.060266    -0.370222
    -0.058592    -0.370655
    -0.056918    -0.371095
    -0.055244    -0.371539
    -0.053570    -0.371981
    -0.051896    -0.372416
    -0.050222    -0.372839
    -0.048548    -0.373243
    -0.046874    -0.373622
    -0.045200    -0.373968
    -0.043526    -0.374274
    -0.041852    -0.374531
    -0.040178    -0.374730
    -0.038504    -0.374864
    -0.036829    -0.374920
    -0.035155    -0.374891
    -0.033481    -0.374763
    -0.031807    -0.374528
    -0.030133    -0.374172
    -0.028459    -0.373684
    -0.026785    -0.373052
    -0.025111    -0.372264
    -0.023437    -0.371309
    -0.021763    -0.370174
    -0.020089    -0.368849
    -0.018415    -0.367323
    -0.016741    -0.365587
    -0.015067    -0.363633
    -0.013393    -0.361453
    -0.011718    -0.359041
    -0.010044    -0.356395
    -0.008370    -0.353511
    -0.006696    -0.350389
    -0.005022    -0.347031
    -0.003348    -0.343439
    -0.001674    -0.339619
     0.000000    -0.335592
     0.001674    -0.339631
     0.003348    -0.343449
     0.005022    -0.347038
     0.006696    -0.350393
     0.008370    -0.353511
     0.010044    -0.356391
     0.011718    -0.359033
     0.013393    -0.361439
     0.015067    -0.363614
     0.016741    -0.365562
     0.018415    -0.367292
     0.020089    -0.368811
     0.021763    -0.370128
     0.023437    -0.371255
     0.025111    -0.372203
     0.026785    -0.372982
     0.028459    -0.373605
     0.030133    -0.374084
     0.031807    -0.374431
     0.033481    -0.374657
     0.035155    -0.374775
     0.036829    -0.374795
     0.038504    -0.374728
     0.040178    -0.374584
     0.041852    -0.374374
     0.043526    -0.374107
     0.045200    -0.373791
     0.046874    -0.373435
     0.048548    -0.373046
     0.050222    -0.372631
     0.051896    -0.372198
     0.053570    -0.371752
     0.055244    -0.371300
     0.056918    -0.370846
     0.058592    -0.370396
     0.060266    -0.369955
     0.061940    -0.369525
     0.063615    -0.369112
     0.065289    -0.368720
     0.066963    -0.368350
     0.068637    -0.368007
     0.070311    -0.367693
     0.071985    -0.367411
     0.073659    -0.367163
     0.075333    -0.366951
     0.077007    -0.366777
     0.078681    -0.366644
     0.080355    -0.366552
     0.082029    -0.366504
     0.083703    -0.366500
     0.085377    -0.366542
     0.087051    -0.366631
     0.088726    -0.366768
     0.090400    -0.366955
     0.092074    -0.367190
     0.093748    -0.367477
     0.095422    -0.367814
     0.097096    -0.368204
     0.098770    -0.368645
     0.100444    -0.369140
     0.102118    -0.369687
     0.103792    -0.370288
     0.105466    -0.370943
     0.107140    -0.371651
     0.108814    -0.372414
     0.110488    -0.373231
     0.112163    -0.374102
     0.113837    -0.375027
     0.115511    -0.376007
     0.117185    -0.377042
     0.118859    -0.378130
     0.120533    -0.379273
     0.122207    -0.380470
     0.123881    -0.381721
     0.125555    -0.383025
     0.127229    -0.384384
     0.128903    -0.385795
     0.130577    -0.387260
     0.132251    -0.388778
     0.133925    -0.390348
     0.135599    -0.391971
     0.137274    -0.393646
     0.138948    -0.395373
     0.140622    -0.397151
     0.142296    -0.398980
     0.143970    -0.400860
     0.145644    -0.402790
     0.147318    -0.404770
     0.148992    -0.406800
     0.150666    -0.408879
     0.152340    -0.411006
     0.154014    -0.413182
     0.155688    -0.415406
     0.157362    -0.417677
     0.159036    -0.419996
     0.160710    -0.422361
     0.162385    -0.424771
     0.164059    -0.427228
     0.165733    -0.429730
     0.167407    -0.432276


    -0.167407    -0.349906
    -0.165733    -0.345202
    -0.164059    -0.340511
    -0.162385    -0.335832
    -0.160710    -0.331166
    -0.159036    -0.326514
    -0.157362    -0.321876
    -0.155688    -0.317253
    -0.154014    -0.312645
    -0.152340    -0.308053
    -0.150666    -0.303477
    -0.148992    -0.298919
    -0.147318    -0.294377
    -0.145644    -0.289855
    -0.143970    -0.285351
    -0.142296    -0.280868
    -0.140622    -0.276405
    -0.138948    -0.271965
    -0.137274    -0.267547
    -0.135599    -0.263154
    -0.133925    -0.258786
    -0.132251    -0.254444
    -0.130577    -0.250131
    -0.128903    -0.245848
    -0.127229    -0.241597
    -0.125555    -0.237378
    -0.123881    -0.233196
    -0.122207    -0.229051
    -0.120533    -0.224945
    -0.118859    -0.220883
    -0.117185    -0.216866
    -0.115511    -0.212898
    -0.113837    -0.208981
    -0.112163    -0.205121
    -0.110488    -0.201320
    -0.108814    -0.197583
    -0.107140    -0.193915
    -0.105466    -0.190321
    -0.103792    -0.186807
    -0.102118    -0.183379
    -0.100444    -0.180044
    -0.098770    -0.176808
    -0.097096    -0.173681
    -0.095422    -0.170670
    -0.093748    -0.167785
    -0.092074    -0.165036
    -0.090400    -0.162433
    -0.088726    -0.159989
    -0.087052    -0.157714
    -0.085377    -0.155623
    -0.083703    -0.153728
    -0.082029    -0.152044
    -0.080355    -0.150584
    -0.078681    -0.149364
    -0.077007    -0.148398
    -0.075333    -0.147701
    -0.073659    -0.147287
    -0.071985    -0.147168
    -0.070311    -0.147357
    -0.068637    -0.147864
    -0.066963    -0.148697
    -0.065289    -0.149863
    -0.063615    -0.151366
    -0.061940    -0.153206
    -0.060266    -0.155383
    -0.058592    -0.157892
    -0.056918    -0.160725
    -0.055244    -0.163874
    -0.053570    -0.167327
    -0.051896    -0.171069
    -0.050222    -0.175086
    -0.048548    -0.179360
    -0.046874    -0.183874
    -0.045200    -0.188610
    -0.043526    -0.193548
    -0.041852    -0.198670
    -0.040178    -0.203956
    -0.038504    -0.209388
    -0.036829    -0.214946
    -0.035155    -0.220613
    -0.033481    -0.226370
    -0.031807    -0.232201
    -0.030133    -0.238087
    -0.028459    -0.244011
    -0.026785    -0.249958
    -0.025111    -0.255911
    -0.023437    -0.261854
    -0.021763    -0.267771
    -0.020089    -0.273647
    -0.018415    -0.279467
    -0.016741    -0.285215
    -0.015067    -0.290876
    -0.013393    -0.296436
    -0.011718    -0.301879
    -0.010044    -0.307193
    -0.008370    -0.312362
    -0.006696    -0.317373
    -0.005022    -0.322213
    -0.003348    -0.326870
    -0.001674    -0.331333
     0.000000    -0.335574
     0.001674    -0.331322
     0.003348    -0.326861
     0.005022    -0.322205
     0.006696    -0.317365
     0.008370    -0.312354
     0.010044    -0.307184
     0.011718    -0.301869
     0.013393    -0.296423
     0.015067    -0.290860
     0.016741    -0.285196
     0.018415    -0.279443
     0.020089    -0.273619
     0.021763    -0.267737
     0.023437    -0.261813
     0.025111    -0.255863
     0.026785    -0.249902
     0.028459    -0.243946
     0.030133    -0.238012
     0.031807    -0.232116
     0.033481    -0.226275
     0.035155    -0.220506
     0.036829    -0.214827
     0.038504    -0.209255
     0.040178    -0.203810
     0.041852    -0.198510
     0.043526    -0.193373
     0.045200    -0.188420
     0.046874    -0.183668
     0.048548    -0.179138
     0.050222    -0.174848
     0.051896    -0.170815
     0.053570    -0.167056
     0.055244    -0.163587
     0.056918    -0.160422
     0.058592    -0.157573
     0.060266    -0.155049
     0.061940    -0.152857
     0.063615    -0.151003
     0.065289    -0.149487
     0.066963    -0.148309
     0.068637    -0.147464
     0.070311    -0.146947
     0.071985    -0.146749
     0.073659    -0.146860
     0.075333    -0.147268
     0.077007    -0.147959
     0.078681    -0.148920
     0.080355    -0.150137
     0.082029    -0.151594
     0.083703    -0.153277
     0.085377    -0.155171
     0.087051    -0.157263
     0.088726    -0.159539
     0.090400    -0.161985
     0.092074    -0.164591
     0.093748    -0.167343
     0.095422    -0.170233
     0.097096    -0.173248
     0.098770    -0.176381
     0.100444    -0.179622
     0.102118    -0.182964
     0.103792    -0.186399
     0.105466    -0.189920
     0.107140    -0.193522
     0.108814    -0.197198
     0.110488    -0.200943
     0.112163    -0.204753
     0.113837    -0.208623
     0.115511    -0.212549
     0.117185    -0.216527
     0.118859    -0.220554
     0.120533    -0.224627
     0.122207    -0.228743
     0.123881    -0.232899
     0.125555    -0.237093
     0.127229    -0.241322
     0.128903    -0.245586
     0.130577    -0.249880
     0.132251    -0.254205
     0.133925    -0.258558
     0.135599    -0.262938
     0.137274    -0.267343
     0.138948    -0.271773
     0.140622    -0.276226
     0.142296    -0.280701
     0.143970    -0.285197
     0.145644    -0.289713
     0.147318    -0.294248
     0.148992    -0.298801
     0.150666    -0.303372
     0.152340    -0.307961
     0.154014    -0.312565
     0.155688    -0.317185
     0.157362    -0.321820
     0.159036    -0.326470
     0.160710    -0.331134
     0.162385    -0.335812
     0.164059    -0.340502
     0.165733    -0.345206
     0.167407    -0.349921


    -0.167407     0.594190
    -0.165733     0.585932
    -0.164059     0.577661
    -0.162385     0.569377
    -0.160710     0.561082
    -0.159036     0.552777
    -0.157362     0.544461
    -0.155688     0.536137
    -0.154014     0.527805
    -0.152340     0.519465
    -0.150666     0.511120
    -0.148992     0.502770
    -0.147318     0.494417
    -0.145644     0.486062
    -0.143970     0.477705
    -0.142296     0.469349
    -0.140622     0.460995
    -0.138948     0.452645
    -0.137274     0.444300
    -0.135599     0.435962
    -0.133925     0.427633
    -0.132251     0.419316
    -0.130577     0.411011
    -0.128903     0.402722
    -0.127229     0.394451
    -0.125555     0.386200
    -0.123881     0.377973
    -0.122207     0.369773
    -0.120533     0.361602
    -0.118859     0.353464
    -0.117185     0.345364
    -0.115511     0.337304
    -0.113837     0.329290
    -0.112163     0.321326
    -0.110488     0.313417
    -0.108814     0.305569
    -0.107140     0.297787
    -0.105466     0.290078
    -0.103792     0.282448
    -0.102118     0.274905
    -0.100444     0.267457
    -0.098770     0.260113
    -0.097096     0.252881
    -0.095422     0.245772
    -0.093748     0.238796
    -0.092074     0.231965
    -0.090400     0.225291
    -0.088726     0.218786
    -0.087052     0.212465
    -0.085377     0.206342
    -0.083703     0.200432
    -0.082029     0.194751
    -0.080355     0.189314
    -0.078681     0.184139
    -0.077007     0.179242
    -0.075333     0.174639
    -0.073659     0.170347
    -0.071985     0.166380
    -0.070311     0.162752
    -0.068637     0.159476
    -0.066963     0.156564
    -0.065289     0.154022
    -0.063615     0.151859
    -0.061940     0.150077
    -0.060266     0.148678
    -0.058592     0.147660
    -0.056918     0.147019
    -0.055244     0.146749
    -0.053570     0.146841
    -0.051896     0.147284
    -0.050222     0.148067
    -0.048548     0.149177
    -0.046874     0.150599
    -0.045200     0.152318
    -0.043526     0.154321
    -0.041852     0.156593
    -0.040178     0.159119
    -0.038504     0.161885
    -0.036829     0.164878
    -0.035155     0.168084
    -0.033481     0.171492
    -0.031807     0.175089
    -0.030133     0.178865
    -0.028459     0.182809
    -0.026785     0.186912
    -0.025111     0.191166
    -0.023437     0.195561
    -0.021763     0.200090
    -0.020089     0.204746
    -0.018415     0.209522
    -0.016741     0.214413
    -0.015067     0.219412
    -0.013393     0.224513
    -0.011718     0.229713
    -0.010044     0.235006
    -0.008370     0.240388
    -0.006696     0.245855
    -0.005022     0.251403
    -0.003348     0.257029
    -0.001674     0.262728
     0.000000     0.268495
     0.001674     0.262745
     0.003348     0.257051
     0.005022     0.251431
     0.006696     0.245889
     0.008370     0.240428
     0.010044     0.235051
     0.011718     0.229764
     0.013393     0.224569
     0.015067     0.219473
     0.016741     0.214479
     0.018415     0.209593
     0.020089     0.204822
     0.021763     0.200170
     0.023437     0.195644
     0.025111     0.191253
     0.026785     0.187002
     0.028459     0.182902
     0.030133     0.178959
     0.031807     0.175185
     0.033481     0.171589
     0.035155     0.168182
     0.036829     0.164976
     0.038504     0.161983
     0.040178     0.159216
     0.041852     0.156688
     0.043526     0.154414
     0.045200     0.152408
     0.046874     0.150685
     0.048548     0.149260
     0.050222     0.148147
     0.051896     0.147359
     0.053570     0.146911
     0.055244     0.146815
     0.056918     0.147080
     0.058592     0.147716
     0.060266     0.148729
     0.061940     0.150124
     0.063615     0.151902
     0.065289     0.154062
     0.066963     0.156600
     0.068637     0.159510
     0.070311     0.162784
     0.071985     0.166410
     0.073659     0.170376
     0.075333     0.174669
     0.077007     0.179272
     0.078681     0.184170
     0.080355     0.189346
     0.082029     0.194784
     0.083703     0.200468
     0.085377     0.206381
     0.087051     0.212506
     0.088726     0.218830
     0.090400     0.225338
     0.092074     0.232016
     0.093748     0.238850
     0.095422     0.245829
     0.097096     0.252941
     0.098770     0.260176
     0.100444     0.267523
     0.102118     0.274974
     0.103792     0.282519
     0.105466     0.290151
     0.107140     0.297863
     0.108814     0.305647
     0.110488     0.313497
     0.112163     0.321407
     0.113837     0.329372
     0.115511     0.337387
     0.117185     0.345447
     0.118859     0.353548
     0.120533     0.361685
     0.122207     0.369856
     0.123881     0.378055
     0.125555     0.386282
     0.127229     0.394531
     0.128903     0.402800
     0.130577     0.411088
     0.132251     0.419390
     0.133925     0.427706
     0.135599     0.436032
     0.137274     0.444367
     0.138948     0.452709
     0.140622     0.461056
     0.142296     0.469406
     0.143970     0.477758
     0.145644     0.486111
     0.147318     0.494462
     0.148992     0.502811
     0.150666     0.511156
     0.152340     0.519497
     0.154014     0.527831
     0.155688     0.536159
     0.157362     0.544478
     0.159036     0.552789
     0.160710     0.561089
     0.162385     0.569379
     0.164059     0.577657
     0.165733     0.585923
     0.167407     0.594176


    -0.167407     0.892858
    -0.165733     0.887641
    -0.164059     0.882400
    -0.162385     0.877136
    -0.160710     0.871847
    -0.159036     0.866534
    -0.157362     0.861197
    -0.155688     0.855834
    -0.154014     0.850445
    -0.152340     0.845030
    -0.150666     0.839588
    -0.148992     0.834119
    -0.147318     0.828623
    -0.145644     0.823099
    -0.143970     0.817547
    -0.142296     0.811966
    -0.140622     0.806356
    -0.138948     0.800717
    -0.137274     0.795048
    -0.135599     0.789349
    -0.133925     0.783620
    -0.132251     0.777861
    -0.130577     0.772070
    -0.128903     0.766249
    -0.127229     0.760396
    -0.125555     0.754512
    -0.123881     0.748597
    -0.122207     0.742650
    -0.120533     0.736671
    -0.118859     0.730661
    -0.117185     0.724619
    -0.115511     0.718546
    -0.113837     0.712440
    -0.112163     0.706304
    -0.110488     0.700136
    -0.108814     0.693937
    -0.107140     0.687707
    -0.105466     0.681447
    -0.103792     0.675157
    -0.102118     0.668837
    -0.100444     0.662487
    -0.098770     0.656108
    -0.097096     0.649701
    -0.095422     0.643266
    -0.093748     0.636804
    -0.092074     0.630316
    -0.090400     0.623801
    -0.088726     0.617261
    -0.087052     0.610697
    -0.085377     0.604110
    -0.083703     0.597500
    -0.082029     0.590868
    -0.080355     0.584216
    -0.078681     0.577544
    -0.077007     0.570853
    -0.075333     0.564145
    -0.073659     0.557420
    -0.071985     0.550681
    -0.070311     0.543927
    -0.068637     0.537161
    -0.066963     0.530383
    -0.065289     0.523596
    -0.063615     0.516800
    -0.061940     0.509997
    -0.060266     0.503187
    -0.058592     0.496374
    -0.056918     0.489558
    -0.055244     0.482741
    -0.053570     0.475924
    -0.051896     0.469108
    -0.050222     0.462297
    -0.048548     0.455490
    -0.046874     0.448691
    -0.045200     0.441899
    -0.043526     0.435118
    -0.041852     0.428349
    -0.040178     0.421594
    -0.038504     0.414854
    -0.036829     0.408131
    -0.035155     0.401427
    -0.033481     0.394745
    -0.031807     0.388084
    -0.030133     0.381449
    -0.028459     0.374840
    -0.026785     0.368259
    -0.025111     0.361708
    -0.023437     0.355190
    -0.021763     0.348706
    -0.020089     0.342258
    -0.018415     0.335849
    -0.016741     0.329480
    -0.015067     0.323153
    -0.013393     0.316872
    -0.011718     0.310637
    -0.010044     0.304451
    -0.008370     0.298317
    -0.006696     0.292237
    -0.005022     0.286214
    -0.003348     0.280249
    -0.001674     0.274347
     0.000000     0.268512
     0.001674     0.274331
     0.003348     0.280228
     0.005022     0.286187
     0.006696     0.292205
     0.008370     0.298280
     0.010044     0.304410
     0.011718     0.310591
     0.013393     0.316822
     0.015067     0.323099
     0.016741     0.329422
     0.018415     0.335788
     0.020089     0.342194
     0.021763     0.348639
     0.023437     0.355121
     0.025111     0.361637
     0.026785     0.368185
     0.028459     0.374765
     0.030133     0.381373
     0.031807     0.388008
     0.033481     0.394667
     0.035155     0.401350
     0.036829     0.408054
     0.038504     0.414777
     0.040178     0.421518
     0.041852     0.428275
     0.043526     0.435045
     0.045200     0.441828
     0.046874     0.448622
     0.048548     0.455424
     0.050222     0.462233
     0.051896     0.469048
     0.053570     0.475866
     0.055244     0.482687
     0.056918     0.489508
     0.058592     0.496328
     0.060266     0.503145
     0.061940     0.509958
     0.063615     0.516766
     0.065289     0.523567
     0.066963     0.530359
     0.068637     0.537141
     0.070311     0.543912
     0.071985     0.550670
     0.073659     0.557415
     0.075333     0.564144
     0.077007     0.570857
     0.078681     0.577552
     0.080355     0.584229
     0.082029     0.590886
     0.083703     0.597522
     0.085377     0.604137
     0.087051     0.610729
     0.088726     0.617297
     0.090400     0.623841
     0.092074     0.630359
     0.093748     0.636851
     0.095422     0.643317
     0.097096     0.649755
     0.098770     0.656165
     0.100444     0.662547
     0.102118     0.668899
     0.103792     0.675222
     0.105466     0.681514
     0.107140     0.687776
     0.108814     0.694008
     0.110488     0.700208
     0.112163     0.706377
     0.113837     0.712514
     0.115511     0.718620
     0.117185     0.724694
     0.118859     0.730736
     0.120533     0.736746
     0.122207     0.742725
     0.123881     0.748671
     0.125555     0.754586
     0.127229     0.760469
     0.128903     0.766320
     0.130577     0.772140
     0.132251     0.777928
     0.133925     0.783686
     0.135599     0.789413
     0.137274     0.795110
     0.138948     0.800776
     0.140622     0.806413
     0.142296     0.812020
     0.143970     0.817598
     0.145644     0.823147
     0.147318     0.828668
     0.148992     0.834161
     0.150666     0.839626
     0.152340     0.845064
     0.154014     0.850476
     0.155688     0.855861
     0.157362     0.861220
     0.159036     0.866554
     0.160710     0.871863
     0.162385     0.877148
     0.164059     0.882408
     0.165733     0.887645
     0.167407     0.892859


    -0.167407     1.812119
    -0.165733     1.805220
    -0.164059     1.798357
    -0.162385     1.791532
    -0.160710     1.784747
    -0.159036     1.778003
    -0.157362     1.771302
    -0.155688     1.764647
    -0.154014     1.758039
    -0.152340     1.751481
    -0.150666     1.744973
    -0.148992     1.738519
    -0.147318     1.732120
    -0.145644     1.725777
    -0.143970     1.719493
    -0.142296     1.713270
    -0.140622     1.707109
    -0.138948     1.701012
    -0.137274     1.694982
    -0.135599     1.689020
    -0.133925     1.683127
    -0.132251     1.677306
    -0.130577     1.671557
    -0.128903     1.665884
    -0.127229     1.660288
    -0.125555     1.654769
    -0.123881     1.649331
    -0.122207     1.643974
    -0.120533     1.638699
    -0.118859     1.633510
    -0.117185     1.628406
    -0.115511     1.623389
    -0.113837     1.618461
    -0.112163     1.613623
    -0.110488     1.608877
    -0.108814     1.604223
    -0.107140     1.599662
    -0.105466     1.595196
    -0.103792     1.590827
    -0.102118     1.586554
    -0.100444     1.582379
    -0.098770     1.578303
    -0.097096     1.574327
    -0.095422     1.570451
    -0.093748     1.566676
    -0.092074     1.563004
    -0.090400     1.559434
    -0.088726     1.555968
    -0.087052     1.552605
    -0.085377     1.549347
    -0.083703     1.546193
    -0.082029     1.543145
    -0.080355     1.540202
    -0.078681     1.537366
    -0.077007     1.534635
    -0.075333     1.532010
    -0.073659     1.529493
    -0.071985     1.527081
    -0.070311     1.524776
    -0.068637     1.522578
    -0.066963     1.520487
    -0.065289     1.518502
    -0.063615     1.516624
    -0.061940     1.514852
    -0.060266     1.513185
    -0.058592     1.511625
    -0.056918     1.510171
    -0.055244     1.508822
    -0.053570     1.507577
    -0.051896     1.506438
    -0.050222     1.505403
    -0.048548     1.504471
    -0.046874     1.503643
    -0.045200     1.502918
    -0.043526     1.502295
    -0.041852     1.501774
    -0.040178     1.501355
    -0.038504     1.501036
    -0.036829     1.500817
    -0.035155     1.500699
    -0.033481     1.500679
    -0.031807     1.500757
    -0.030133     1.500933
    -0.028459     1.501206
    -0.026785     1.501576
    -0.025111     1.502041
    -0.023437     1.502600
    -0.021763     1.503255
    -0.020089     1.504002
    -0.018415     1.504843
    -0.016741     1.505775
    -0.015067     1.506798
    -0.013393     1.507913
    -0.011718     1.509116
    -0.010044     1.510409
    -0.008370     1.511790
    -0.006696     1.513258
    -0.005022     1.514813
    -0.003348     1.516453
    -0.001674     1.518179
     0.000000     1.519984
     0.001674     1.518200
     0.003348     1.516474
     0.005022     1.514832
     0.006696     1.513277
     0.008370     1.511807
     0.010044     1.510425
     0.011718     1.509130
     0.013393     1.507924
     0.015067     1.506808
     0.016741     1.505782
     0.018415     1.504847
     0.020089     1.504004
     0.021763     1.503254
     0.023437     1.502597
     0.025111     1.502034
     0.026785     1.501565
     0.028459     1.501193
     0.030133     1.500916
     0.031807     1.500736
     0.033481     1.500654
     0.035155     1.500671
     0.036829     1.500786
     0.038504     1.501000
     0.040178     1.501315
     0.041852     1.501731
     0.043526     1.502248
     0.045200     1.502867
     0.046874     1.503588
     0.048548     1.504413
     0.050222     1.505341
     0.051896     1.506372
     0.053570     1.507508
     0.055244     1.508749
     0.056918     1.510095
     0.058592     1.511547
     0.060266     1.513104
     0.061940     1.514767
     0.063615     1.516537
     0.065289     1.518413
     0.066963     1.520396
     0.068637     1.522485
     0.070311     1.524682
     0.071985     1.526985
     0.073659     1.529395
     0.075333     1.531912
     0.077007     1.534535
     0.078681     1.537265
     0.080355     1.540102
     0.082029     1.543045
     0.083703     1.546093
     0.085377     1.549247
     0.087051     1.552506
     0.088726     1.555869
     0.090400     1.559337
     0.092074     1.562908
     0.093748     1.566582
     0.095422     1.570358
     0.097096     1.574236
     0.098770     1.578214
     0.100444     1.582293
     0.102118     1.586470
     0.103792     1.590746
     0.105466     1.595118
     0.107140     1.599587
     0.108814     1.604150
     0.110488     1.608808
     0.112163     1.613557
     0.113837     1.618399
     0.115511     1.623330
     0.117185     1.628350
     0.118859     1.633457
     0.120533     1.638650
     0.122207     1.643928
     0.123881     1.649288
     0.125555     1.654730
     0.127229     1.660252
     0.128903     1.665851
     0.130577     1.671527
     0.132251     1.677278
     0.133925     1.683103
     0.135599     1.688998
     0.137274     1.694963
     0.138948     1.700996
     0.140622     1.707095
     0.142296     1.713258
     0.143970     1.719483
     0.145644     1.725769
     0.147318     1.732113
     0.148992     1.738514
     0.150666     1.744969
     0.152340     1.751478
     0.154014     1.758037
     0.155688     1.764646
     0.157362     1.771302
     0.159036     1.778003
     0.160710     1.784747
     0.162385     1.791532
     0.164059     1.798358
     0.165733     1.805220
     0.167407     1.812119


    -0.167407     1.981739
    -0.165733     1.975787
    -0.164059     1.969835
    -0.162385     1.963884
    -0.160710     1.957936
    -0.159036     1.951989
    -0.157362     1.946046
    -0.155688     1.940106
    -0.154014     1.934171
    -0.152340     1.928241
    -0.150666     1.922317
    -0.148992     1.916400
    -0.147318     1.910490
    -0.145644     1.904588
    -0.143970     1.898695
    -0.142296     1.892811
    -0.140622     1.886938
    -0.138948     1.881077
    -0.137274     1.875227
    -0.135599     1.869390
    -0.133925     1.863568
    -0.132251     1.857759
    -0.130577     1.851966
    -0.128903     1.846190
    -0.127229     1.840430
    -0.125555     1.834688
    -0.123881     1.828966
    -0.122207     1.823263
    -0.120533     1.817580
    -0.118859     1.811919
    -0.117185     1.806281
    -0.115511     1.800665
    -0.113837     1.795074
    -0.112163     1.789508
    -0.110488     1.783968
    -0.108814     1.778455
    -0.107140     1.772969
    -0.105466     1.767513
    -0.103792     1.762085
    -0.102118     1.756689
    -0.100444     1.751323
    -0.098770     1.745990
    -0.097096     1.740690
    -0.095422     1.735424
    -0.093748     1.730193
    -0.092074     1.724998
    -0.090400     1.719840
    -0.088726     1.714720
    -0.087052     1.709638
    -0.085377     1.704595
    -0.083703     1.699593
    -0.082029     1.694632
    -0.080355     1.689714
    -0.078681     1.684838
    -0.077007     1.680006
    -0.075333     1.675219
    -0.073659     1.670478
    -0.071985     1.665783
    -0.070311     1.661136
    -0.068637     1.656537
    -0.066963     1.651987
    -0.065289     1.647487
    -0.063615     1.643038
    -0.061940     1.638641
    -0.060266     1.634297
    -0.058592     1.630005
    -0.056918     1.625769
    -0.055244     1.621587
    -0.053570     1.617461
    -0.051896     1.613392
    -0.050222     1.609381
    -0.048548     1.605429
    -0.046874     1.601536
    -0.045200     1.597703
    -0.043526     1.593931
    -0.041852     1.590221
    -0.040178     1.586574
    -0.038504     1.582991
    -0.036829     1.579471
    -0.035155     1.576017
    -0.033481     1.572630
    -0.031807     1.569309
    -0.030133     1.566056
    -0.028459     1.562871
    -0.026785     1.559756
    -0.025111     1.556711
    -0.023437     1.553737
    -0.021763     1.550835
    -0.020089     1.548005
    -0.018415     1.545250
    -0.016741     1.542568
    -0.015067     1.539962
    -0.013393     1.537432
    -0.011718     1.534978
    -0.010044     1.532602
    -0.008370     1.530305
    -0.006696     1.528087
    -0.005022     1.525949
    -0.003348     1.523892
    -0.001674     1.521916
     0.000000     1.520028
     0.001674     1.521895
     0.003348     1.523871
     0.005022     1.525929
     0.006696     1.528067
     0.008370     1.530286
     0.010044     1.532583
     0.011718     1.534959
     0.013393     1.537412
     0.015067     1.539942
     0.016741     1.542548
     0.018415     1.545229
     0.020089     1.547984
     0.021763     1.550812
     0.023437     1.553713
     0.025111     1.556686
     0.026785     1.559730
     0.028459     1.562844
     0.030133     1.566027
     0.031807     1.569279
     0.033481     1.572598
     0.035155     1.575985
     0.036829     1.579437
     0.038504     1.582955
     0.040178     1.586537
     0.041852     1.590183
     0.043526     1.593891
     0.045200     1.597661
     0.046874     1.601493
     0.048548     1.605384
     0.050222     1.609336
     0.051896     1.613345
     0.053570     1.617413
     0.055244     1.621537
     0.056918     1.625718
     0.058592     1.629954
     0.060266     1.634244
     0.061940     1.638588
     0.063615     1.642984
     0.065289     1.647433
     0.066963     1.651932
     0.068637     1.656482
     0.070311     1.661080
     0.071985     1.665728
     0.073659     1.670422
     0.075333     1.675164
     0.077007     1.679951
     0.078681     1.684783
     0.080355     1.689659
     0.082029     1.694579
     0.083703     1.699541
     0.085377     1.704544
     0.087051     1.709587
     0.088726     1.714670
     0.090400     1.719792
     0.092074     1.724952
     0.093748     1.730149
     0.095422     1.735381
     0.097096     1.740649
     0.098770     1.745951
     0.100444     1.751286
     0.102118     1.756653
     0.103792     1.762052
     0.105466     1.767482
     0.107140     1.772941
     0.108814     1.778429
     0.110488     1.783945
     0.112163     1.789487
     0.113837     1.795056
     0.115511     1.800649
     0.117185     1.806267
     0.118859     1.811908
     0.120533     1.817572
     0.122207     1.823257
     0.123881     1.828962
     0.125555     1.834688
     0.127229     1.840432
     0.128903     1.846194
     0.130577     1.851973
     0.132251     1.857769
     0.133925     1.863579
     0.135599     1.869405
     0.137274     1.875244
     0.138948     1.881096
     0.140622     1.886959
     0.142296     1.892834
     0.143970     1.898720
     0.145644     1.904615
     0.147318     1.910519
     0.148992     1.916431
     0.150666     1.922350
     0.152340     1.928276
     0.154014     1.934208
     0.155688     1.940144
     0.157362     1.946085
     0.159036     1.952030
     0.160710     1.957978
     0.162385     1.963928
     0.164059     1.969880
     0.165733     1.975832
     0.167407     1.981785


    -0.167407     2.329183
    -0.165733     2.323456
    -0.164059     2.317772
    -0.162385     2.312133
    -0.160710     2.306538
    -0.159036     2.300988
    -0.157362     2.295484
    -0.155688     2.290026
    -0.154014     2.284615
    -0.152340     2.279251
    -0.150666     2.273935
    -0.148992     2.268667
    -0.147318     2.263447
    -0.145644     2.258277
    -0.143970     2.253156
    -0.142296     2.248085
    -0.140622     2.243064
    -0.138948     2.238093
    -0.137274     2.233174
    -0.135599     2.228306
    -0.133925     2.223490
    -0.132251     2.218726
    -0.130577     2.214015
    -0.128903     2.209356
    -0.127229     2.204750
    -0.125555     2.200198
    -0.123881     2.195700
    -0.122207     2.191255
    -0.120533     2.186865
    -0.118859     2.182529
    -0.117185     2.178249
    -0.115511     2.174023
    -0.113837     2.169853
    -0.112163     2.165739
    -0.110488     2.161680
    -0.108814     2.157678
    -0.107140     2.153732
    -0.105466     2.149842
    -0.103792     2.146010
    -0.102118     2.142235
    -0.100444     2.138517
    -0.098770     2.134856
    -0.097096     2.131253
    -0.095422     2.127709
    -0.093748     2.124222
    -0.092074     2.120794
    -0.090400     2.117424
    -0.088726     2.114113
    -0.087052     2.110861
    -0.085377     2.107668
    -0.083703     2.104534
    -0.082029     2.101460
    -0.080355     2.098446
    -0.078681     2.095491
    -0.077007     2.092597
    -0.075333     2.089762
    -0.073659     2.086989
    -0.071985     2.084275
    -0.070311     2.081623
    -0.068637     2.079031
    -0.066963     2.076500
    -0.065289     2.074030
    -0.063615     2.071621
    -0.061940     2.069274
    -0.060266     2.066988
    -0.058592     2.064763
    -0.056918     2.062600
    -0.055244     2.060499
    -0.053570     2.058460
    -0.051896     2.056482
    -0.050222     2.054567
    -0.048548     2.052713
    -0.046874     2.050921
    -0.045200     2.049192
    -0.043526     2.047525
    -0.041852     2.045920
    -0.040178     2.044377
    -0.038504     2.042897
    -0.036829     2.041480
    -0.035155     2.040125
    -0.033481     2.038833
    -0.031807     2.037603
    -0.030133     2.036436
    -0.028459     2.035332
    -0.026785     2.034291
    -0.025111     2.033313
    -0.023437     2.032397
    -0.021763     2.031545
    -0.020089     2.030756
    -0.018415     2.030029
    -0.016741     2.029366
    -0.015067     2.028766
    -0.013393     2.028229
    -0.011718     2.027755
    -0.010044     2.027344
    -0.008370     2.026996
    -0.006696     2.026712
    -0.005022     2.026491
    -0.003348     2.026333
    -0.001674     2.026238
     0.000000     2.026206
     0.001674     2.026235
     0.003348     2.026327
     0.005022     2.026482
     0.006696     2.026700
     0.008370     2.026981
     0.010044     2.027325
     0.011718     2.027732
     0.013393     2.028202
     0.015067     2.028735
     0.016741     2.029331
     0.018415     2.029990
     0.020089     2.030712
     0.021763     2.031497
     0.023437     2.032345
     0.025111     2.033255
     0.026785     2.034229
     0.028459     2.035265
     0.030133     2.036364
     0.031807     2.037526
     0.033481     2.038751
     0.035155     2.040038
     0.036829     2.041388
     0.038504     2.042801
     0.040178     2.044276
     0.041852     2.045813
     0.043526     2.047413
     0.045200     2.049076
     0.046874     2.050800
     0.048548     2.052587
     0.050222     2.054436
     0.051896     2.056348
     0.053570     2.058321
     0.055244     2.060356
     0.056918     2.062453
     0.058592     2.064612
     0.060266     2.066833
     0.061940     2.069116
     0.063615     2.071460
     0.065289     2.073865
     0.066963     2.076332
     0.068637     2.078860
     0.070311     2.081449
     0.071985     2.084099
     0.073659     2.086810
     0.075333     2.089582
     0.077007     2.092414
     0.078681     2.095307
     0.080355     2.098260
     0.082029     2.101274
     0.083703     2.104347
     0.085377     2.107481
     0.087051     2.110674
     0.088726     2.113926
     0.090400     2.117238
     0.092074     2.120609
     0.093748     2.124039
     0.095422     2.127527
     0.097096     2.131074
     0.098770     2.134679
     0.100444     2.138342
     0.102118     2.142063
     0.103792     2.145842
     0.105466     2.149678
     0.107140     2.153570
     0.108814     2.157520
     0.110488     2.161526
     0.112163     2.165589
     0.113837     2.169708
     0.115511     2.173883
     0.117185     2.178113
     0.118859     2.182398
     0.120533     2.186738
     0.122207     2.191134
     0.123881     2.195583
     0.125555     2.200087
     0.127229     2.204644
     0.128903     2.209255
     0.130577     2.213919
     0.132251     2.218636
     0.133925     2.223406
     0.135599     2.228227
     0.137274     2.233100
     0.138948     2.238025
     0.140622     2.243001
     0.142296     2.248027
     0.143970     2.253103
     0.145644     2.258229
     0.147318     2.263405
     0.148992     2.268629
     0.150666     2.273902
     0.152340     2.279223
     0.154014     2.284591
     0.155688     2.290006
     0.157362     2.295468
     0.159036     2.300975
     0.160710     2.306528
     0.162385     2.312126
     0.164059     2.317768
     0.165733     2.323454
     0.167407     2.329183


    -0.167407     2.331385
    -0.165733     2.325603
    -0.164059     2.319863
    -0.162385     2.314165
    -0.160710     2.308510
    -0.159036     2.302900
    -0.157362     2.297334
    -0.155688     2.291814
    -0.154014     2.286340
    -0.152340     2.280913
    -0.150666     2.275534
    -0.148992     2.270203
    -0.147318     2.264921
    -0.145644     2.259689
    -0.143970     2.254506
    -0.142296     2.249375
    -0.140622     2.244294
    -0.138948     2.239265
    -0.137274     2.234288
    -0.135599     2.229364
    -0.133925     2.224493
    -0.132251     2.219675
    -0.130577     2.214911
    -0.128903     2.210202
    -0.127229     2.205547
    -0.125555     2.200948
    -0.123881     2.196403
    -0.122207     2.191915
    -0.120533     2.187483
    -0.118859     2.183107
    -0.117185     2.178787
    -0.115511     2.174525
    -0.113837     2.170320
    -0.112163     2.166172
    -0.110488     2.162082
    -0.108814     2.158050
    -0.107140     2.154076
    -0.105466     2.150161
    -0.103792     2.146304
    -0.102118     2.142506
    -0.100444     2.138767
    -0.098770     2.135087
    -0.097096     2.131466
    -0.095422     2.127904
    -0.093748     2.124403
    -0.092074     2.120960
    -0.090400     2.117578
    -0.088726     2.114256
    -0.087052     2.110994
    -0.085377     2.107792
    -0.083703     2.104650
    -0.082029     2.101569
    -0.080355     2.098549
    -0.078681     2.095589
    -0.077007     2.092689
    -0.075333     2.089851
    -0.073659     2.087073
    -0.071985     2.084356
    -0.070311     2.081700
    -0.068637     2.079105
    -0.066963     2.076572
    -0.065289     2.074100
    -0.063615     2.071689
    -0.061940     2.069339
    -0.060266     2.067052
    -0.058592     2.064825
    -0.056918     2.062661
    -0.055244     2.060558
    -0.053570     2.058518
    -0.051896     2.056539
    -0.050222     2.054622
    -0.048548     2.052768
    -0.046874     2.050976
    -0.045200     2.049246
    -0.043526     2.047578
    -0.041852     2.045973
    -0.040178     2.044430
    -0.038504     2.042950
    -0.036829     2.041532
    -0.035155     2.040177
    -0.033481     2.038885
    -0.031807     2.037655
    -0.030133     2.036488
    -0.028459     2.035384
    -0.026785     2.034343
    -0.025111     2.033365
    -0.023437     2.032449
    -0.021763     2.031597
    -0.020089     2.030808
    -0.018415     2.030081
    -0.016741     2.029418
    -0.015067     2.028818
    -0.013393     2.028281
    -0.011718     2.027807
    -0.010044     2.027396
    -0.008370     2.027049
    -0.006696     2.026764
    -0.005022     2.026543
    -0.003348     2.026385
    -0.001674     2.026291
     0.000000     2.026260
     0.001674     2.026293
     0.003348     2.026390
     0.005022     2.026550
     0.006696     2.026773
     0.008370     2.027059
     0.010044     2.027408
     0.011718     2.027820
     0.013393     2.028295
     0.015067     2.028832
     0.016741     2.029433
     0.018415     2.030097
     0.020089     2.030823
     0.021763     2.031613
     0.023437     2.032465
     0.025111     2.033380
     0.026785     2.034357
     0.028459     2.035398
     0.030133     2.036501
     0.031807     2.037666
     0.033481     2.038895
     0.035155     2.040186
     0.036829     2.041539
     0.038504     2.042955
     0.040178     2.044433
     0.041852     2.045974
     0.043526     2.047577
     0.045200     2.049242
     0.046874     2.050970
     0.048548     2.052759
     0.050222     2.054611
     0.051896     2.056525
     0.053570     2.058501
     0.055244     2.060539
     0.056918     2.062639
     0.058592     2.064800
     0.060266     2.067023
     0.061940     2.069308
     0.063615     2.071655
     0.065289     2.074063
     0.066963     2.076532
     0.068637     2.079063
     0.070311     2.081655
     0.071985     2.084309
     0.073659     2.087023
     0.075333     2.089798
     0.077007     2.092634
     0.078681     2.095532
     0.080355     2.098489
     0.082029     2.101508
     0.083703     2.104587
     0.085377     2.107726
     0.087051     2.110926
     0.088726     2.114187
     0.090400     2.117507
     0.092074     2.120887
     0.093748     2.124328
     0.095422     2.127828
     0.097096     2.131388
     0.098770     2.135007
     0.100444     2.138686
     0.102118     2.142425
     0.103792     2.146222
     0.105466     2.150078
     0.107140     2.153994
     0.108814     2.157967
     0.110488     2.162000
     0.112163     2.166090
     0.113837     2.170238
     0.115511     2.174444
     0.117185     2.178707
     0.118859     2.183028
     0.120533     2.187405
     0.122207     2.191839
     0.123881     2.196329
     0.125555     2.200875
     0.127229     2.205477
     0.128903     2.210134
     0.130577     2.214845
     0.132251     2.219612
     0.133925     2.224432
     0.135599     2.229306
     0.137274     2.234233
     0.138948     2.239212
     0.140622     2.244244
     0.142296     2.249328
     0.143970     2.254463
     0.145644     2.259648
     0.147318     2.264884
     0.148992     2.270169
     0.150666     2.275502
     0.152340     2.280884
     0.154014     2.286314
     0.155688     2.291791
     0.157362     2.297313
     0.159036     2.302881
     0.160710     2.308494
     0.162385     2.314151
     0.164059     2.319851
     0.165733     2.325593
     0.167407     2.331377


