    -0.167407    -4.045975
    -0.165733    -4.046547
    -0.164059    -4.047116
    -0.162385    -4.047683
    -0.160710    -4.048246
    -0.159036    -4.048806
    -0.157362    -4.049362
    -0.155688    -4.049915
    -0.154014    -4.050464
    -0.152340    -4.051009
    -0.150666    -4.051549
    -0.148992    -4.052086
    -0.147318    -4.052617
    -0.145644    -4.053145
    -0.143970    -4.053667
    -0.142296    -4.054185
    -0.140622    -4.054697
    -0.138948    -4.055204
    -0.137274    -4.055705
    -0.135599    -4.056202
    -0.133925    -4.056692
    -0.132251    -4.057176
    -0.130577    -4.057655
    -0.128903    -4.058127
    -0.127229    -4.058593
    -0.125555    -4.059053
    -0.123881    -4.059506
    -0.122207    -4.059952
    -0.120533    -4.060392
    -0.118859    -4.060825
    -0.117185    -4.061251
    -0.115511    -4.061669
    -0.113837    -4.062081
    -0.112163    -4.062485
    -0.110488    -4.062881
    -0.108814    -4.063270
    -0.107140    -4.063652
    -0.105466    -4.064025
    -0.103792    -4.064391
    -0.102118    -4.064748
    -0.100444    -4.065098
    -0.098770    -4.065439
    -0.097096    -4.065772
    -0.095422    -4.066097
    -0.093748    -4.066413
    -0.092074    -4.066720
    -0.090400    -4.067019
    -0.088726    -4.067309
    -0.087052    -4.067591
    -0.085377    -4.067863
    -0.083703    -4.068126
    -0.082029    -4.068381
    -0.080355    -4.068626
    -0.078681    -4.068862
    -0.077007    -4.069088
    -0.075333    -4.069305
    -0.073659    -4.069513
    -0.071985    -4.069711
    -0.070311    -4.069900
    -0.068637    -4.070079
    -0.066963    -4.070248
    -0.065289    -4.070408
    -0.063615    -4.070557
    -0.061940    -4.070697
    -0.060266    -4.070827
    -0.058592    -4.070947
    -0.056918    -4.071056
    -0.055244    -4.071156
    -0.053570    -4.071245
    -0.051896    -4.071324
    -0.050222    -4.071393
    -0.048548    -4.071452
    -0.046874    -4.071500
    -0.045200    -4.071538
    -0.043526    -4.071565
    -0.041852    -4.071582
    -0.040178    -4.071588
    -0.038504    -4.071583
    -0.036829    -4.071568
    -0.035155    -4.071543
    -0.033481    -4.071506
    -0.031807    -4.071459
    -0.030133    -4.071401
    -0.028459    -4.071332
    -0.026785    -4.071252
    -0.025111    -4.071162
    -0.023437    -4.071060
    -0.021763    -4.070948
    -0.020089    -4.070825
    -0.018415    -4.070690
    -0.016741    -4.070545
    -0.015067    -4.070388
    -0.013393    -4.070221
    -0.011718    -4.070042
    -0.010044    -4.069853
    -0.008370    -4.069652
    -0.006696    -4.069440
    -0.005022    -4.069217
    -0.003348    -4.068982
    -0.001674    -4.068737
     0.000000    -4.068485
     0.002900    -4.068917
     0.005799    -4.069318
     0.008699    -4.069685
     0.011598    -4.070019
     0.014498    -4.070320
     0.017397    -4.070588
     0.020297    -4.070823
     0.023197    -4.071026
     0.026096    -4.071197
     0.028996    -4.071335
     0.031895    -4.071441
     0.034795    -4.071515
     0.037694    -4.071557
     0.040594    -4.071568
     0.043494    -4.071547
     0.046393    -4.071496
     0.049293    -4.071413
     0.052192    -4.071300
     0.055092    -4.071156
     0.057991    -4.070983
     0.060891    -4.070779
     0.063791    -4.070546
     0.066690    -4.070284
     0.069590    -4.069992
     0.072489    -4.069672
     0.075389    -4.069324
     0.078288    -4.068947
     0.081188    -4.068543
     0.084088    -4.068112
     0.086987    -4.067653
     0.089887    -4.067168
     0.092786    -4.066657
     0.095686    -4.066120
     0.098585    -4.065558
     0.101485    -4.064971
     0.104385    -4.064359
     0.107284    -4.063723
     0.110184    -4.063064
     0.113083    -4.062382
     0.115983    -4.061678
     0.118882    -4.060951
     0.121782    -4.060203
     0.124681    -4.059434
     0.127581    -4.058645
     0.130481    -4.057836
     0.133380    -4.057008
     0.136280    -4.056161
     0.139179    -4.055297
     0.142079    -4.054415
     0.144978    -4.053517
     0.147878    -4.052603
     0.150778    -4.051674
     0.153677    -4.050731
     0.156577    -4.049774
     0.159476    -4.048804
     0.162376    -4.047823
     0.165275    -4.046830
     0.168175    -4.045826
     0.171075    -4.044814
     0.173974    -4.043792
     0.176874    -4.042763
     0.179773    -4.041728
     0.182673    -4.040686
     0.185572    -4.039640
     0.188472    -4.038590
     0.191372    -4.037537
     0.194271    -4.036482
     0.197171    -4.035427
     0.200070    -4.034372
     0.202970    -4.033319
     0.205869    -4.032269
     0.208769    -4.031223
     0.211669    -4.030182
     0.214568    -4.029147
     0.217468    -4.028120
     0.220367    -4.027102
     0.223267    -4.026095
     0.226166    -4.025099
     0.229066    -4.024116
     0.231966    -4.023148
     0.234865    -4.022196
     0.237765    -4.021262
     0.240664    -4.020346
     0.243564    -4.019452
     0.246463    -4.018579
     0.249363    -4.017730
     0.252263    -4.016907
     0.255162    -4.016111
     0.258062    -4.015344
     0.260961    -4.014608
     0.263861    -4.013904
     0.266760    -4.013234
     0.269660    -4.012601
     0.272560    -4.012006
     0.275459    -4.011450
     0.278359    -4.010937
     0.281258    -4.010468
     0.284158    -4.010046
     0.287057    -4.009671
     0.289957    -4.009347


    -0.167407    -3.987676
    -0.165733    -3.988968
    -0.164059    -3.990253
    -0.162385    -3.991530
    -0.160710    -3.992799
    -0.159036    -3.994060
    -0.157362    -3.995313
    -0.155688    -3.996557
    -0.154014    -3.997794
    -0.152340    -3.999021
    -0.150666    -4.000241
    -0.148992    -4.001451
    -0.147318    -4.002653
    -0.145644    -4.003847
    -0.143970    -4.005031
    -0.142296    -4.006207
    -0.140622    -4.007374
    -0.138948    -4.008532
    -0.137274    -4.009680
    -0.135599    -4.010820
    -0.133925    -4.011950
    -0.132251    -4.013071
    -0.130577    -4.014183
    -0.128903    -4.015285
    -0.127229    -4.016378
    -0.125555    -4.017461
    -0.123881    -4.018535
    -0.122207    -4.019599
    -0.120533    -4.020653
    -0.118859    -4.021697
    -0.117185    -4.022732
    -0.115511    -4.023756
    -0.113837    -4.024771
    -0.112163    -4.025776
    -0.110488    -4.026770
    -0.108814    -4.027755
    -0.107140    -4.028729
    -0.105466    -4.029694
    -0.103792    -4.030648
    -0.102118    -4.031591
    -0.100444    -4.032524
    -0.098770    -4.033447
    -0.097096    -4.034360
    -0.095422    -4.035262
    -0.093748    -4.036153
    -0.092074    -4.037034
    -0.090400    -4.037905
    -0.088726    -4.038764
    -0.087052    -4.039613
    -0.085377    -4.040451
    -0.083703    -4.041279
    -0.082029    -4.042096
    -0.080355    -4.042902
    -0.078681    -4.043697
    -0.077007    -4.044481
    -0.075333    -4.045255
    -0.073659    -4.046017
    -0.071985    -4.046768
    -0.070311    -4.047509
    -0.068637    -4.048238
    -0.066963    -4.048957
    -0.065289    -4.049664
    -0.063615    -4.050361
    -0.061940    -4.051046
    -0.060266    -4.051720
    -0.058592    -4.052383
    -0.056918    -4.053035
    -0.055244    -4.053675
    -0.053570    -4.054305
    -0.051896    -4.054923
    -0.050222    -4.055530
    -0.048548    -4.056126
    -0.046874    -4.056710
    -0.045200    -4.057283
    -0.043526    -4.057845
    -0.041852    -4.058396
    -0.040178    -4.058935
    -0.038504    -4.059463
    -0.036829    -4.059980
    -0.035155    -4.060485
    -0.033481    -4.060980
    -0.031807    -4.061462
    -0.030133    -4.061934
    -0.028459    -4.062394
    -0.026785    -4.062843
    -0.025111    -4.063280
    -0.023437    -4.063706
    -0.021763    -4.064121
    -0.020089    -4.064524
    -0.018415    -4.064916
    -0.016741    -4.065297
    -0.015067    -4.065666
    -0.013393    -4.066024
    -0.011718    -4.066371
    -0.010044    -4.066707
    -0.008370    -4.067031
    -0.006696    -4.067344
    -0.005022    -4.067645
    -0.003348    -4.067935
    -0.001674    -4.068214
     0.000000    -4.068477
     0.002900    -4.068012
     0.005799    -4.067512
     0.008699    -4.066978
     0.011598    -4.066411
     0.014498    -4.065810
     0.017397    -4.065175
     0.020297    -4.064506
     0.023197    -4.063804
     0.026096    -4.063067
     0.028996    -4.062297
     0.031895    -4.061492
     0.034795    -4.060654
     0.037694    -4.059782
     0.040594    -4.058876
     0.043494    -4.057936
     0.046393    -4.056962
     0.049293    -4.055954
     0.052192    -4.054913
     0.055092    -4.053838
     0.057991    -4.052729
     0.060891    -4.051587
     0.063791    -4.050411
     0.066690    -4.049202
     0.069590    -4.047960
     0.072489    -4.046684
     0.075389    -4.045376
     0.078288    -4.044034
     0.081188    -4.042660
     0.084088    -4.041254
     0.086987    -4.039815
     0.089887    -4.038344
     0.092786    -4.036841
     0.095686    -4.035307
     0.098585    -4.033741
     0.101485    -4.032143
     0.104385    -4.030515
     0.107284    -4.028856
     0.110184    -4.027166
     0.113083    -4.025446
     0.115983    -4.023697
     0.118882    -4.021917
     0.121782    -4.020109
     0.124681    -4.018272
     0.127581    -4.016406
     0.130481    -4.014512
     0.133380    -4.012591
     0.136280    -4.010642
     0.139179    -4.008666
     0.142079    -4.006664
     0.144978    -4.004636
     0.147878    -4.002582
     0.150778    -4.000503
     0.153677    -3.998400
     0.156577    -3.996273
     0.159476    -3.994122
     0.162376    -3.991949
     0.165275    -3.989754
     0.168175    -3.987536
     0.171075    -3.985298
     0.173974    -3.983040
     0.176874    -3.980762
     0.179773    -3.978465
     0.182673    -3.976150
     0.185572    -3.973817
     0.188472    -3.971468
     0.191372    -3.969102
     0.194271    -3.966722
     0.197171    -3.964328
     0.200070    -3.961920
     0.202970    -3.959500
     0.205869    -3.957068
     0.208769    -3.954627
     0.211669    -3.952175
     0.214568    -3.949715
     0.217468    -3.947249
     0.220367    -3.944775
     0.223267    -3.942297
     0.226166    -3.939815
     0.229066    -3.937331
     0.231966    -3.934846
     0.234865    -3.932360
     0.237765    -3.929876
     0.240664    -3.927396
     0.243564    -3.924919
     0.246463    -3.922449
     0.249363    -3.919987
     0.252263    -3.917534
     0.255162    -3.915092
     0.258062    -3.912664
     0.260961    -3.910250
     0.263861    -3.907854
     0.266760    -3.905476
     0.269660    -3.903120
     0.272560    -3.900788
     0.275459    -3.898482
     0.278359    -3.896205
     0.281258    -3.893960
     0.284158    -3.891748
     0.287057    -3.889574
     0.289957    -3.887441


    -0.167407    -2.500073
    -0.165733    -2.496152
    -0.164059    -2.492335
    -0.162385    -2.488620
    -0.160710    -2.485001
    -0.159036    -2.481475
    -0.157362    -2.478038
    -0.155688    -2.474686
    -0.154014    -2.471415
    -0.152340    -2.468223
    -0.150666    -2.465106
    -0.148992    -2.462061
    -0.147318    -2.459086
    -0.145644    -2.456177
    -0.143970    -2.453333
    -0.142296    -2.450550
    -0.140622    -2.447827
    -0.138948    -2.445162
    -0.137274    -2.442552
    -0.135599    -2.439997
    -0.133925    -2.437493
    -0.132251    -2.435039
    -0.130577    -2.432635
    -0.128903    -2.430277
    -0.127229    -2.427966
    -0.125555    -2.425700
    -0.123881    -2.423477
    -0.122207    -2.421297
    -0.120533    -2.419158
    -0.118859    -2.417060
    -0.117185    -2.415001
    -0.115511    -2.412980
    -0.113837    -2.410998
    -0.112163    -2.409052
    -0.110488    -2.407143
    -0.108814    -2.405270
    -0.107140    -2.403431
    -0.105466    -2.401627
    -0.103792    -2.399857
    -0.102118    -2.398120
    -0.100444    -2.396416
    -0.098770    -2.394744
    -0.097096    -2.393104
    -0.095422    -2.391495
    -0.093748    -2.389918
    -0.092074    -2.388371
    -0.090400    -2.386855
    -0.088726    -2.385369
    -0.087052    -2.383912
    -0.085377    -2.382485
    -0.083703    -2.381087
    -0.082029    -2.379718
    -0.080355    -2.378377
    -0.078681    -2.377065
    -0.077007    -2.375781
    -0.075333    -2.374526
    -0.073659    -2.373298
    -0.071985    -2.372097
    -0.070311    -2.370924
    -0.068637    -2.369778
    -0.066963    -2.368660
    -0.065289    -2.367568
    -0.063615    -2.366503
    -0.061940    -2.365465
    -0.060266    -2.364454
    -0.058592    -2.363469
    -0.056918    -2.362510
    -0.055244    -2.361578
    -0.053570    -2.360671
    -0.051896    -2.359791
    -0.050222    -2.358936
    -0.048548    -2.358108
    -0.046874    -2.357305
    -0.045200    -2.356528
    -0.043526    -2.355776
    -0.041852    -2.355050
    -0.040178    -2.354349
    -0.038504    -2.353674
    -0.036829    -2.353024
    -0.035155    -2.352399
    -0.033481    -2.351800
    -0.031807    -2.351225
    -0.030133    -2.350676
    -0.028459    -2.350152
    -0.026785    -2.349652
    -0.025111    -2.349178
    -0.023437    -2.348728
    -0.021763    -2.348303
    -0.020089    -2.347903
    -0.018415    -2.347528
    -0.016741    -2.347177
    -0.015067    -2.346851
    -0.013393    -2.346550
    -0.011718    -2.346273
    -0.010044    -2.346020
    -0.008370    -2.345793
    -0.006696    -2.345589
    -0.005022    -2.345410
    -0.003348    -2.345255
    -0.001674    -2.345125
     0.000000    -2.345036
     0.002900    -2.345234
     0.005799    -2.345511
     0.008699    -2.345862
     0.011598    -2.346287
     0.014498    -2.346786
     0.017397    -2.347360
     0.020297    -2.348008
     0.023197    -2.348732
     0.026096    -2.349530
     0.028996    -2.350404
     0.031895    -2.351353
     0.034795    -2.352378
     0.037694    -2.353478
     0.040594    -2.354655
     0.043494    -2.355908
     0.046393    -2.357237
     0.049293    -2.358643
     0.052192    -2.360126
     0.055092    -2.361686
     0.057991    -2.363324
     0.060891    -2.365040
     0.063791    -2.366833
     0.066690    -2.368705
     0.069590    -2.370655
     0.072489    -2.372685
     0.075389    -2.374794
     0.078288    -2.376982
     0.081188    -2.379251
     0.084088    -2.381600
     0.086987    -2.384030
     0.089887    -2.386541
     0.092786    -2.389135
     0.095686    -2.391810
     0.098585    -2.394569
     0.101485    -2.397411
     0.104385    -2.400337
     0.107284    -2.403348
     0.110184    -2.406445
     0.113083    -2.409627
     0.115983    -2.412897
     0.118882    -2.416256
     0.121782    -2.419703
     0.124681    -2.423241
     0.127581    -2.426870
     0.130481    -2.430592
     0.133380    -2.434409
     0.136280    -2.438323
     0.139179    -2.442334
     0.142079    -2.446447
     0.144978    -2.450662
     0.147878    -2.454984
     0.150778    -2.459417
     0.153677    -2.463963
     0.156577    -2.468629
     0.159476    -2.473420
     0.162376    -2.478344
     0.165275    -2.483409
     0.168175    -2.488628
     0.171075    -2.494014
     0.173974    -2.499585
     0.176874    -2.505363
     0.179773    -2.511378
     0.182673    -2.517666
     0.185572    -2.524276
     0.188472    -2.531267
     0.191372    -2.538709
     0.194271    -2.546685
     0.197171    -2.555281
     0.200070    -2.564576
     0.202970    -2.574631
     0.205869    -2.585480
     0.208769    -2.597126
     0.211669    -2.609545
     0.214568    -2.622691
     0.217468    -2.636506
     0.220367    -2.650927
     0.223267    -2.665888
     0.226166    -2.681328
     0.229066    -2.697188
     0.231966    -2.713414
     0.234865    -2.729959
     0.237765    -2.746780
     0.240664    -2.763839
     0.243564    -2.781104
     0.246463    -2.798543
     0.249363    -2.816133
     0.252263    -2.833849
     0.255162    -2.851671
     0.258062    -2.869583
     0.260961    -2.887567
     0.263861    -2.905610
     0.266760    -2.923699
     0.269660    -2.941821
     0.272560    -2.959967
     0.275459    -2.978127
     0.278359    -2.996290
     0.281258    -3.014450
     0.284158    -3.032599
     0.287057    -3.050728
     0.289957    -3.068830


    -0.167407    -2.463514
    -0.165733    -2.460293
    -0.164059    -2.457184
    -0.162385    -2.454180
    -0.160710    -2.451275
    -0.159036    -2.448461
    -0.157362    -2.445733
    -0.155688    -2.443084
    -0.154014    -2.440510
    -0.152340    -2.438006
    -0.150666    -2.435569
    -0.148992    -2.433193
    -0.147318    -2.430876
    -0.145644    -2.428615
    -0.143970    -2.426406
    -0.142296    -2.424246
    -0.140622    -2.422135
    -0.138948    -2.420069
    -0.137274    -2.418045
    -0.135599    -2.416064
    -0.133925    -2.414122
    -0.132251    -2.412219
    -0.130577    -2.410352
    -0.128903    -2.408521
    -0.127229    -2.406725
    -0.125555    -2.404962
    -0.123881    -2.403232
    -0.122207    -2.401533
    -0.120533    -2.399865
    -0.118859    -2.398227
    -0.117185    -2.396619
    -0.115511    -2.395039
    -0.113837    -2.393488
    -0.112163    -2.391964
    -0.110488    -2.390468
    -0.108814    -2.388999
    -0.107140    -2.387556
    -0.105466    -2.386139
    -0.103792    -2.384749
    -0.102118    -2.383383
    -0.100444    -2.382043
    -0.098770    -2.380728
    -0.097096    -2.379438
    -0.095422    -2.378173
    -0.093748    -2.376932
    -0.092074    -2.375715
    -0.090400    -2.374523
    -0.088726    -2.373354
    -0.087052    -2.372210
    -0.085377    -2.371089
    -0.083703    -2.369992
    -0.082029    -2.368919
    -0.080355    -2.367869
    -0.078681    -2.366843
    -0.077007    -2.365840
    -0.075333    -2.364861
    -0.073659    -2.363905
    -0.071985    -2.362972
    -0.070311    -2.362063
    -0.068637    -2.361177
    -0.066963    -2.360314
    -0.065289    -2.359475
    -0.063615    -2.358659
    -0.061940    -2.357866
    -0.060266    -2.357096
    -0.058592    -2.356350
    -0.056918    -2.355627
    -0.055244    -2.354927
    -0.053570    -2.354251
    -0.051896    -2.353597
    -0.050222    -2.352967
    -0.048548    -2.352361
    -0.046874    -2.351778
    -0.045200    -2.351218
    -0.043526    -2.350681
    -0.041852    -2.350168
    -0.040178    -2.349679
    -0.038504    -2.349213
    -0.036829    -2.348770
    -0.035155    -2.348351
    -0.033481    -2.347955
    -0.031807    -2.347583
    -0.030133    -2.347235
    -0.028459    -2.346910
    -0.026785    -2.346609
    -0.025111    -2.346332
    -0.023437    -2.346078
    -0.021763    -2.345848
    -0.020089    -2.345642
    -0.018415    -2.345460
    -0.016741    -2.345301
    -0.015067    -2.345167
    -0.013393    -2.345056
    -0.011718    -2.344970
    -0.010044    -2.344907
    -0.008370    -2.344868
    -0.006696    -2.344853
    -0.005022    -2.344863
    -0.003348    -2.344896
    -0.001674    -2.344954
     0.000000    -2.345018
     0.002900    -2.344895
     0.005799    -2.344839
     0.008699    -2.344857
     0.011598    -2.344948
     0.014498    -2.345112
     0.017397    -2.345348
     0.020297    -2.345657
     0.023197    -2.346039
     0.026096    -2.346493
     0.028996    -2.347018
     0.031895    -2.347616
     0.034795    -2.348285
     0.037694    -2.349026
     0.040594    -2.349837
     0.043494    -2.350720
     0.046393    -2.351674
     0.049293    -2.352698
     0.052192    -2.353793
     0.055092    -2.354958
     0.057991    -2.356193
     0.060891    -2.357498
     0.063791    -2.358873
     0.066690    -2.360318
     0.069590    -2.361832
     0.072489    -2.363416
     0.075389    -2.365070
     0.078288    -2.366793
     0.081188    -2.368586
     0.084088    -2.370448
     0.086987    -2.372380
     0.089887    -2.374383
     0.092786    -2.376456
     0.095686    -2.378600
     0.098585    -2.380815
     0.101485    -2.383102
     0.104385    -2.385462
     0.107284    -2.387896
     0.110184    -2.390404
     0.113083    -2.392988
     0.115983    -2.395650
     0.118882    -2.398391
     0.121782    -2.401214
     0.124681    -2.404120
     0.127581    -2.407112
     0.130481    -2.410195
     0.133380    -2.413370
     0.136280    -2.416643
     0.139179    -2.420019
     0.142079    -2.423502
     0.144978    -2.427100
     0.147878    -2.430820
     0.150778    -2.434670
     0.153677    -2.438659
     0.156577    -2.442799
     0.159476    -2.447101
     0.162376    -2.451578
     0.165275    -2.456247
     0.168175    -2.461122
     0.171075    -2.466220
     0.173974    -2.471558
     0.176874    -2.477153
     0.179773    -2.483018
     0.182673    -2.489162
     0.185572    -2.495587
     0.188472    -2.502283
     0.191372    -2.509228
     0.194271    -2.516388
     0.197171    -2.523715
     0.200070    -2.531162
     0.202970    -2.538688
     0.205869    -2.546270
     0.208769    -2.553903
     0.211669    -2.561605
     0.214568    -2.569406
     0.217468    -2.577356
     0.220367    -2.585517
     0.223267    -2.593966
     0.226166    -2.602809
     0.229066    -2.612178
     0.231966    -2.622241
     0.234865    -2.633185
     0.237765    -2.645181
     0.240664    -2.658317
     0.243564    -2.672556
     0.246463    -2.687756
     0.249363    -2.703724
     0.252263    -2.720279
     0.255162    -2.737270
     0.258062    -2.754586
     0.260961    -2.772144
     0.263861    -2.789885
     0.266760    -2.807765
     0.269660    -2.825751
     0.272560    -2.843817
     0.275459    -2.861945
     0.278359    -2.880120
     0.281258    -2.898328
     0.284158    -2.916560
     0.287057    -2.934807
     0.289957    -2.953061


    -0.167407    -2.222015
    -0.165733    -2.212866
    -0.164059    -2.203668
    -0.162385    -2.194428
    -0.160710    -2.185157
    -0.159036    -2.175863
    -0.157362    -2.166554
    -0.155688    -2.157237
    -0.154014    -2.147920
    -0.152340    -2.138610
    -0.150666    -2.129311
    -0.148992    -2.120031
    -0.147318    -2.110775
    -0.145644    -2.101547
    -0.143970    -2.092354
    -0.142296    -2.083199
    -0.140622    -2.074087
    -0.138948    -2.065022
    -0.137274    -2.056008
    -0.135599    -2.047049
    -0.133925    -2.038149
    -0.132251    -2.029310
    -0.130577    -2.020537
    -0.128903    -2.011833
    -0.127229    -2.003200
    -0.125555    -1.994642
    -0.123881    -1.986161
    -0.122207    -1.977760
    -0.120533    -1.969441
    -0.118859    -1.961208
    -0.117185    -1.953062
    -0.115511    -1.945006
    -0.113837    -1.937042
    -0.112163    -1.929172
    -0.110488    -1.921398
    -0.108814    -1.913722
    -0.107140    -1.906146
    -0.105466    -1.898672
    -0.103792    -1.891301
    -0.102118    -1.884034
    -0.100444    -1.876874
    -0.098770    -1.869822
    -0.097096    -1.862878
    -0.095422    -1.856046
    -0.093748    -1.849324
    -0.092074    -1.842715
    -0.090400    -1.836220
    -0.088726    -1.829839
    -0.087052    -1.823574
    -0.085377    -1.817425
    -0.083703    -1.811392
    -0.082029    -1.805477
    -0.080355    -1.799681
    -0.078681    -1.794002
    -0.077007    -1.788443
    -0.075333    -1.783003
    -0.073659    -1.777683
    -0.071985    -1.772483
    -0.070311    -1.767403
    -0.068637    -1.762443
    -0.066963    -1.757603
    -0.065289    -1.752884
    -0.063615    -1.748285
    -0.061940    -1.743806
    -0.060266    -1.739448
    -0.058592    -1.735210
    -0.056918    -1.731092
    -0.055244    -1.727094
    -0.053570    -1.723216
    -0.051896    -1.719457
    -0.050222    -1.715817
    -0.048548    -1.712297
    -0.046874    -1.708896
    -0.045200    -1.705614
    -0.043526    -1.702450
    -0.041852    -1.699405
    -0.040178    -1.696479
    -0.038504    -1.693671
    -0.036829    -1.690981
    -0.035155    -1.688410
    -0.033481    -1.685957
    -0.031807    -1.683622
    -0.030133    -1.681406
    -0.028459    -1.679307
    -0.026785    -1.677327
    -0.025111    -1.675465
    -0.023437    -1.673721
    -0.021763    -1.672095
    -0.020089    -1.670586
    -0.018415    -1.669195
    -0.016741    -1.667921
    -0.015067    -1.666766
    -0.013393    -1.665729
    -0.011718    -1.664811
    -0.010044    -1.664012
    -0.008370    -1.663333
    -0.006696    -1.662774
    -0.005022    -1.662337
    -0.003348    -1.662020
    -0.001674    -1.661826
     0.000000    -1.661759
     0.002900    -1.661941
     0.005799    -1.662495
     0.008699    -1.663408
     0.011598    -1.664676
     0.014498    -1.666300
     0.017397    -1.668277
     0.020297    -1.670607
     0.023197    -1.673288
     0.026096    -1.676318
     0.028996    -1.679699
     0.031895    -1.683429
     0.034795    -1.687509
     0.037694    -1.691939
     0.040594    -1.696720
     0.043494    -1.701852
     0.046393    -1.707337
     0.049293    -1.713175
     0.052192    -1.719368
     0.055092    -1.725916
     0.057991    -1.732821
     0.060891    -1.740083
     0.063791    -1.747701
     0.066690    -1.755676
     0.069590    -1.764008
     0.072489    -1.772695
     0.075389    -1.781736
     0.078288    -1.791129
     0.081188    -1.800870
     0.084088    -1.810958
     0.086987    -1.821388
     0.089887    -1.832155
     0.092786    -1.843255
     0.095686    -1.854681
     0.098585    -1.866428
     0.101485    -1.878487
     0.104385    -1.890853
     0.107284    -1.903515
     0.110184    -1.916466
     0.113083    -1.929695
     0.115983    -1.943194
     0.118882    -1.956951
     0.121782    -1.970954
     0.124681    -1.985193
     0.127581    -1.999656
     0.130481    -2.014328
     0.133380    -2.029198
     0.136280    -2.044251
     0.139179    -2.059472
     0.142079    -2.074847
     0.144978    -2.090359
     0.147878    -2.105992
     0.150778    -2.121729
     0.153677    -2.137550
     0.156577    -2.153438
     0.159476    -2.169372
     0.162376    -2.185331
     0.165275    -2.201294
     0.168175    -2.217238
     0.171075    -2.233142
     0.173974    -2.248986
     0.176874    -2.264751
     0.179773    -2.280423
     0.182673    -2.295997
     0.185572    -2.311475
     0.188472    -2.326874
     0.191372    -2.342229
     0.194271    -2.357587
     0.197171    -2.373007
     0.200070    -2.388546
     0.202970    -2.404250
     0.205869    -2.420143
     0.208769    -2.436225
     0.211669    -2.452471
     0.214568    -2.468841
     0.217468    -2.485277
     0.220367    -2.501711
     0.223267    -2.518053
     0.226166    -2.534196
     0.229066    -2.549998
     0.231966    -2.565289
     0.234865    -2.579875
     0.237765    -2.593584
     0.240664    -2.606322
     0.243564    -2.618124
     0.246463    -2.629130
     0.249363    -2.639529
     0.252263    -2.649501
     0.255162    -2.659193
     0.258062    -2.668715
     0.260961    -2.678148
     0.263861    -2.687550
     0.266760    -2.696962
     0.269660    -2.706415
     0.272560    -2.715932
     0.275459    -2.725530
     0.278359    -2.735223
     0.281258    -2.745021
     0.284158    -2.754932
     0.287057    -2.764963
     0.289957    -2.775117


    -0.167407    -2.170638
    -0.165733    -2.162290
    -0.164059    -2.153918
    -0.162385    -2.145528
    -0.160710    -2.137124
    -0.159036    -2.128714
    -0.157362    -2.120303
    -0.155688    -2.111895
    -0.154014    -2.103496
    -0.152340    -2.095110
    -0.150666    -2.086743
    -0.148992    -2.078398
    -0.147318    -2.070081
    -0.145644    -2.061794
    -0.143970    -2.053543
    -0.142296    -2.045330
    -0.140622    -2.037160
    -0.138948    -2.029036
    -0.137274    -2.020960
    -0.135599    -2.012938
    -0.133925    -2.004970
    -0.132251    -1.997060
    -0.130577    -1.989212
    -0.128903    -1.981427
    -0.127229    -1.973707
    -0.125555    -1.966056
    -0.123881    -1.958476
    -0.122207    -1.950968
    -0.120533    -1.943535
    -0.118859    -1.936178
    -0.117185    -1.928900
    -0.115511    -1.921702
    -0.113837    -1.914586
    -0.112163    -1.907553
    -0.110488    -1.900605
    -0.108814    -1.893742
    -0.107140    -1.886968
    -0.105466    -1.880281
    -0.103792    -1.873685
    -0.102118    -1.867179
    -0.100444    -1.860765
    -0.098770    -1.854443
    -0.097096    -1.848216
    -0.095422    -1.842082
    -0.093748    -1.836044
    -0.092074    -1.830101
    -0.090400    -1.824255
    -0.088726    -1.818506
    -0.087052    -1.812854
    -0.085377    -1.807300
    -0.083703    -1.801845
    -0.082029    -1.796489
    -0.080355    -1.791232
    -0.078681    -1.786075
    -0.077007    -1.781018
    -0.075333    -1.776061
    -0.073659    -1.771205
    -0.071985    -1.766450
    -0.070311    -1.761795
    -0.068637    -1.757242
    -0.066963    -1.752791
    -0.065289    -1.748441
    -0.063615    -1.744193
    -0.061940    -1.740048
    -0.060266    -1.736004
    -0.058592    -1.732063
    -0.056918    -1.728224
    -0.055244    -1.724489
    -0.053570    -1.720856
    -0.051896    -1.717327
    -0.050222    -1.713901
    -0.048548    -1.710578
    -0.046874    -1.707360
    -0.045200    -1.704245
    -0.043526    -1.701236
    -0.041852    -1.698330
    -0.040178    -1.695531
    -0.038504    -1.692836
    -0.036829    -1.690248
    -0.035155    -1.687765
    -0.033481    -1.685390
    -0.031807    -1.683122
    -0.030133    -1.680963
    -0.028459    -1.678913
    -0.026785    -1.676972
    -0.025111    -1.675143
    -0.023437    -1.673426
    -0.021763    -1.671823
    -0.020089    -1.670335
    -0.018415    -1.668962
    -0.016741    -1.667706
    -0.015067    -1.666569
    -0.013393    -1.665550
    -0.011718    -1.664651
    -0.010044    -1.663872
    -0.008370    -1.663214
    -0.006696    -1.662678
    -0.005022    -1.662263
    -0.003348    -1.661969
    -0.001674    -1.661797
     0.000000    -1.661742
     0.002900    -1.661918
     0.005799    -1.662437
     0.008699    -1.663312
     0.011598    -1.664541
     0.014498    -1.666121
     0.017397    -1.668050
     0.020297    -1.670324
     0.023197    -1.672939
     0.026096    -1.675892
     0.028996    -1.679179
     0.031895    -1.682797
     0.034795    -1.686742
     0.037694    -1.691011
     0.040594    -1.695602
     0.043494    -1.700512
     0.046393    -1.705740
     0.049293    -1.711282
     0.052192    -1.717139
     0.055092    -1.723307
     0.057991    -1.729787
     0.060891    -1.736576
     0.063791    -1.743673
     0.066690    -1.751076
     0.069590    -1.758786
     0.072489    -1.766799
     0.075389    -1.775115
     0.078288    -1.783731
     0.081188    -1.792646
     0.084088    -1.801859
     0.086987    -1.811366
     0.089887    -1.821166
     0.092786    -1.831255
     0.095686    -1.841631
     0.098585    -1.852291
     0.101485    -1.863232
     0.104385    -1.874448
     0.107284    -1.885938
     0.110184    -1.897696
     0.113083    -1.909717
     0.115983    -1.921998
     0.118882    -1.934532
     0.121782    -1.947315
     0.124681    -1.960340
     0.127581    -1.973601
     0.130481    -1.987092
     0.133380    -2.000806
     0.136280    -2.014735
     0.139179    -2.028872
     0.142079    -2.043210
     0.144978    -2.057738
     0.147878    -2.072448
     0.150778    -2.087330
     0.153677    -2.102374
     0.156577    -2.117566
     0.159476    -2.132895
     0.162376    -2.148345
     0.165275    -2.163900
     0.168175    -2.179539
     0.171075    -2.195240
     0.173974    -2.210975
     0.176874    -2.226709
     0.179773    -2.242401
     0.182673    -2.257997
     0.185572    -2.273434
     0.188472    -2.288631
     0.191372    -2.303495
     0.194271    -2.317921
     0.197171    -2.331799
     0.200070    -2.345030
     0.202970    -2.357537
     0.205869    -2.369277
     0.208769    -2.380243
     0.211669    -2.390458
     0.214568    -2.399968
     0.217468    -2.408833
     0.220367    -2.417117
     0.223267    -2.424886
     0.226166    -2.432202
     0.229066    -2.439124
     0.231966    -2.445704
     0.234865    -2.451990
     0.237765    -2.458023
     0.240664    -2.463841
     0.243564    -2.469477
     0.246463    -2.474958
     0.249363    -2.480311
     0.252263    -2.485557
     0.255162    -2.490717
     0.258062    -2.495809
     0.260961    -2.500849
     0.263861    -2.505853
     0.266760    -2.510834
     0.269660    -2.515805
     0.272560    -2.520779
     0.275459    -2.525768
     0.278359    -2.530784
     0.281258    -2.535837
     0.284158    -2.540939
     0.287057    -2.546100
     0.289957    -2.551333


    -0.167407    -1.757779
    -0.165733    -1.755047
    -0.164059    -1.752332
    -0.162385    -1.749633
    -0.160710    -1.746952
    -0.159036    -1.744288
    -0.157362    -1.741641
    -0.155688    -1.739011
    -0.154014    -1.736400
    -0.152340    -1.733807
    -0.150666    -1.731232
    -0.148992    -1.728676
    -0.147318    -1.726139
    -0.145644    -1.723620
    -0.143970    -1.721121
    -0.142296    -1.718642
    -0.140622    -1.716182
    -0.138948    -1.713742
    -0.137274    -1.711323
    -0.135599    -1.708924
    -0.133925    -1.706546
    -0.132251    -1.704188
    -0.130577    -1.701852
    -0.128903    -1.699538
    -0.127229    -1.697245
    -0.125555    -1.694974
    -0.123881    -1.692726
    -0.122207    -1.690500
    -0.120533    -1.688297
    -0.118859    -1.686117
    -0.117185    -1.683961
    -0.115511    -1.681828
    -0.113837    -1.679719
    -0.112163    -1.677634
    -0.110488    -1.675574
    -0.108814    -1.673538
    -0.107140    -1.671528
    -0.105466    -1.669542
    -0.103792    -1.667583
    -0.102118    -1.665649
    -0.100444    -1.663741
    -0.098770    -1.661860
    -0.097096    -1.660006
    -0.095422    -1.658179
    -0.093748    -1.656379
    -0.092074    -1.654606
    -0.090400    -1.652862
    -0.088726    -1.651146
    -0.087052    -1.649459
    -0.085377    -1.647800
    -0.083703    -1.646171
    -0.082029    -1.644571
    -0.080355    -1.643001
    -0.078681    -1.641461
    -0.077007    -1.639951
    -0.075333    -1.638472
    -0.073659    -1.637024
    -0.071985    -1.635607
    -0.070311    -1.634222
    -0.068637    -1.632869
    -0.066963    -1.631548
    -0.065289    -1.630259
    -0.063615    -1.629003
    -0.061940    -1.627780
    -0.060266    -1.626590
    -0.058592    -1.625433
    -0.056918    -1.624310
    -0.055244    -1.623220
    -0.053570    -1.622165
    -0.051896    -1.621143
    -0.050222    -1.620156
    -0.048548    -1.619203
    -0.046874    -1.618285
    -0.045200    -1.617401
    -0.043526    -1.616551
    -0.041852    -1.615735
    -0.040178    -1.614954
    -0.038504    -1.614207
    -0.036829    -1.613494
    -0.035155    -1.612814
    -0.033481    -1.612168
    -0.031807    -1.611556
    -0.030133    -1.610975
    -0.028459    -1.610427
    -0.026785    -1.609911
    -0.025111    -1.609426
    -0.023437    -1.608972
    -0.021763    -1.608548
    -0.020089    -1.608152
    -0.018415    -1.607786
    -0.016741    -1.607447
    -0.015067    -1.607136
    -0.013393    -1.606851
    -0.011718    -1.606591
    -0.010044    -1.606356
    -0.008370    -1.606146
    -0.006696    -1.605959
    -0.005022    -1.605796
    -0.003348    -1.605655
    -0.001674    -1.605537
     0.000000    -1.605446
     0.002900    -1.605625
     0.005799    -1.605881
     0.008699    -1.606213
     0.011598    -1.606622
     0.014498    -1.607112
     0.017397    -1.607686
     0.020297    -1.608346
     0.023197    -1.609095
     0.026096    -1.609937
     0.028996    -1.610874
     0.031895    -1.611907
     0.034795    -1.613039
     0.037694    -1.614271
     0.040594    -1.615602
     0.043494    -1.617035
     0.046393    -1.618568
     0.049293    -1.620201
     0.052192    -1.621934
     0.055092    -1.623766
     0.057991    -1.625696
     0.060891    -1.627722
     0.063791    -1.629844
     0.066690    -1.632060
     0.069590    -1.634368
     0.072489    -1.636767
     0.075389    -1.639255
     0.078288    -1.641831
     0.081188    -1.644493
     0.084088    -1.647239
     0.086987    -1.650068
     0.089887    -1.652979
     0.092786    -1.655970
     0.095686    -1.659039
     0.098585    -1.662185
     0.101485    -1.665408
     0.104385    -1.668704
     0.107284    -1.672074
     0.110184    -1.675517
     0.113083    -1.679030
     0.115983    -1.682613
     0.118882    -1.686266
     0.121782    -1.689987
     0.124681    -1.693776
     0.127581    -1.697633
     0.130481    -1.701555
     0.133380    -1.705545
     0.136280    -1.709600
     0.139179    -1.713722
     0.142079    -1.717910
     0.144978    -1.722165
     0.147878    -1.726488
     0.150778    -1.730880
     0.153677    -1.735343
     0.156577    -1.739882
     0.159476    -1.744500
     0.162376    -1.749206
     0.165275    -1.754015
     0.168175    -1.758950
     0.171075    -1.764056
     0.173974    -1.769399
     0.176874    -1.775045
     0.179773    -1.781012
     0.182673    -1.787269
     0.185572    -1.793776
     0.188472    -1.800511
     0.191372    -1.807459
     0.194271    -1.814618
     0.197171    -1.821985
     0.200070    -1.829564
     0.202970    -1.837355
     0.205869    -1.845362
     0.208769    -1.853587
     0.211669    -1.862031
     0.214568    -1.870695
     0.217468    -1.879578
     0.220367    -1.888678
     0.223267    -1.897993
     0.226166    -1.907519
     0.229066    -1.917249
     0.231966    -1.927177
     0.234865    -1.937295
     0.237765    -1.947591
     0.240664    -1.958057
     0.243564    -1.968681
     0.246463    -1.979449
     0.249363    -1.990350
     0.252263    -2.001369
     0.255162    -2.012493
     0.258062    -2.023707
     0.260961    -2.034997
     0.263861    -2.046348
     0.266760    -2.057745
     0.269660    -2.069174
     0.272560    -2.080621
     0.275459    -2.092069
     0.278359    -2.103506
     0.281258    -2.114915
     0.284158    -2.126282
     0.287057    -2.137593
     0.289957    -2.148833


    -0.167407    -1.747693
    -0.165733    -1.744766
    -0.164059    -1.741865
    -0.162385    -1.738989
    -0.160710    -1.736140
    -0.159036    -1.733318
    -0.157362    -1.730521
    -0.155688    -1.727752
    -0.154014    -1.725009
    -0.152340    -1.722294
    -0.150666    -1.719606
    -0.148992    -1.716946
    -0.147318    -1.714313
    -0.145644    -1.711708
    -0.143970    -1.709131
    -0.142296    -1.706582
    -0.140622    -1.704062
    -0.138948    -1.701570
    -0.137274    -1.699107
    -0.135599    -1.696673
    -0.133925    -1.694268
    -0.132251    -1.691892
    -0.130577    -1.689546
    -0.128903    -1.687229
    -0.127229    -1.684942
    -0.125555    -1.682685
    -0.123881    -1.680458
    -0.122207    -1.678261
    -0.120533    -1.676095
    -0.118859    -1.673959
    -0.117185    -1.671854
    -0.115511    -1.669779
    -0.113837    -1.667736
    -0.112163    -1.665724
    -0.110488    -1.663743
    -0.108814    -1.661794
    -0.107140    -1.659876
    -0.105466    -1.657991
    -0.103792    -1.656137
    -0.102118    -1.654315
    -0.100444    -1.652525
    -0.098770    -1.650768
    -0.097096    -1.649044
    -0.095422    -1.647352
    -0.093748    -1.645692
    -0.092074    -1.644066
    -0.090400    -1.642473
    -0.088726    -1.640913
    -0.087052    -1.639386
    -0.085377    -1.637893
    -0.083703    -1.636434
    -0.082029    -1.635008
    -0.080355    -1.633616
    -0.078681    -1.632257
    -0.077007    -1.630933
    -0.075333    -1.629643
    -0.073659    -1.628387
    -0.071985    -1.627165
    -0.070311    -1.625978
    -0.068637    -1.624824
    -0.066963    -1.623706
    -0.065289    -1.622622
    -0.063615    -1.621572
    -0.061940    -1.620557
    -0.060266    -1.619576
    -0.058592    -1.618630
    -0.056918    -1.617719
    -0.055244    -1.616842
    -0.053570    -1.615999
    -0.051896    -1.615191
    -0.050222    -1.614416
    -0.048548    -1.613676
    -0.046874    -1.612970
    -0.045200    -1.612298
    -0.043526    -1.611659
    -0.041852    -1.611053
    -0.040178    -1.610481
    -0.038504    -1.609941
    -0.036829    -1.609434
    -0.035155    -1.608959
    -0.033481    -1.608515
    -0.031807    -1.608103
    -0.030133    -1.607721
    -0.028459    -1.607369
    -0.026785    -1.607047
    -0.025111    -1.606755
    -0.023437    -1.606490
    -0.021763    -1.606254
    -0.020089    -1.606045
    -0.018415    -1.605862
    -0.016741    -1.605705
    -0.015067    -1.605574
    -0.013393    -1.605467
    -0.011718    -1.605385
    -0.010044    -1.605325
    -0.008370    -1.605289
    -0.006696    -1.605276
    -0.005022    -1.605285
    -0.003348    -1.605316
    -0.001674    -1.605368
     0.000000    -1.605437
     0.002900    -1.605330
     0.005799    -1.605292
     0.008699    -1.605327
     0.011598    -1.605435
     0.014498    -1.605619
     0.017397    -1.605880
     0.020297    -1.606220
     0.023197    -1.606644
     0.026096    -1.607152
     0.028996    -1.607748
     0.031895    -1.608434
     0.034795    -1.609213
     0.037694    -1.610087
     0.040594    -1.611057
     0.043494    -1.612124
     0.046393    -1.613292
     0.049293    -1.614559
     0.052192    -1.615928
     0.055092    -1.617398
     0.057991    -1.618971
     0.060891    -1.620647
     0.063791    -1.622425
     0.066690    -1.624307
     0.069590    -1.626291
     0.072489    -1.628378
     0.075389    -1.630567
     0.078288    -1.632860
     0.081188    -1.635254
     0.084088    -1.637750
     0.086987    -1.640348
     0.089887    -1.643047
     0.092786    -1.645848
     0.095686    -1.648749
     0.098585    -1.651752
     0.101485    -1.654855
     0.104385    -1.658059
     0.107284    -1.661363
     0.110184    -1.664768
     0.113083    -1.668275
     0.115983    -1.671882
     0.118882    -1.675591
     0.121782    -1.679402
     0.124681    -1.683316
     0.127581    -1.687333
     0.130481    -1.691454
     0.133380    -1.695681
     0.136280    -1.700015
     0.139179    -1.704456
     0.142079    -1.709007
     0.144978    -1.713668
     0.147878    -1.718441
     0.150778    -1.723328
     0.153677    -1.728330
     0.156577    -1.733447
     0.159476    -1.738678
     0.162376    -1.744019
     0.165275    -1.749462
     0.168175    -1.754986
     0.171075    -1.760556
     0.173974    -1.766111
     0.176874    -1.771591
     0.179773    -1.776987
     0.182673    -1.782337
     0.185572    -1.787689
     0.188472    -1.793076
     0.191372    -1.798518
     0.194271    -1.804029
     0.197171    -1.809619
     0.200070    -1.815294
     0.202970    -1.821061
     0.205869    -1.826925
     0.208769    -1.832892
     0.211669    -1.838965
     0.214568    -1.845150
     0.217468    -1.851452
     0.220367    -1.857873
     0.223267    -1.864419
     0.226166    -1.871092
     0.229066    -1.877897
     0.231966    -1.884834
     0.234865    -1.891907
     0.237765    -1.899117
     0.240664    -1.906462
     0.243564    -1.913943
     0.246463    -1.921557
     0.249363    -1.929302
     0.252263    -1.937172
     0.255162    -1.945162
     0.258062    -1.953266
     0.260961    -1.961475
     0.263861    -1.969780
     0.266760    -1.978172
     0.269660    -1.986639
     0.272560    -1.995170
     0.275459    -2.003753
     0.278359    -2.012376
     0.281258    -2.021025
     0.284158    -2.029689
     0.287057    -2.038354
     0.289957    -2.047008


    -0.167407    -1.345751
    -0.165733    -1.339527
    -0.164059    -1.333253
    -0.162385    -1.326929
    -0.160710    -1.320555
    -0.159036    -1.314131
    -0.157362    -1.307658
    -0.155688    -1.301134
    -0.154014    -1.294561
    -0.152340    -1.287938
    -0.150666    -1.281266
    -0.148992    -1.274545
    -0.147318    -1.267775
    -0.145644    -1.260956
    -0.143970    -1.254090
    -0.142296    -1.247176
    -0.140622    -1.240214
    -0.138948    -1.233207
    -0.137274    -1.226153
    -0.135599    -1.219055
    -0.133925    -1.211913
    -0.132251    -1.204729
    -0.130577    -1.197510
    -0.128903    -1.190310
    -0.127229    -1.183493
    -0.125555    -1.176810
    -0.123881    -1.170098
    -0.122207    -1.163344
    -0.120533    -1.156548
    -0.118859    -1.149707
    -0.117185    -1.142823
    -0.115511    -1.135894
    -0.113837    -1.128922
    -0.112163    -1.121906
    -0.110488    -1.114847
    -0.108814    -1.107745
    -0.107140    -1.100602
    -0.105466    -1.093417
    -0.103792    -1.086192
    -0.102118    -1.078927
    -0.100444    -1.071624
    -0.098770    -1.064284
    -0.097096    -1.056907
    -0.095422    -1.049496
    -0.093748    -1.042052
    -0.092074    -1.034576
    -0.090400    -1.027071
    -0.088726    -1.019538
    -0.087052    -1.011980
    -0.085377    -1.004399
    -0.083703    -0.996798
    -0.082029    -0.989179
    -0.080355    -0.981545
    -0.078681    -0.973899
    -0.077007    -0.966244
    -0.075333    -0.958584
    -0.073659    -0.950924
    -0.071985    -0.943265
    -0.070311    -0.935614
    -0.068637    -0.927974
    -0.066963    -0.920350
    -0.065289    -0.912747
    -0.063615    -0.905171
    -0.061940    -0.897626
    -0.060266    -0.890120
    -0.058592    -0.882657
    -0.056918    -0.875246
    -0.055244    -0.867891
    -0.053570    -0.860602
    -0.051896    -0.853386
    -0.050222    -0.846249
    -0.048548    -0.839202
    -0.046874    -0.832253
    -0.045200    -0.825410
    -0.043526    -0.818684
    -0.041852    -0.812083
    -0.040178    -0.805620
    -0.038504    -0.799303
    -0.036829    -0.793145
    -0.035155    -0.787155
    -0.033481    -0.781346
    -0.031807    -0.775729
    -0.030133    -0.770316
    -0.028459    -0.765118
    -0.026785    -0.760147
    -0.025111    -0.755416
    -0.023437    -0.750934
    -0.021763    -0.746713
    -0.020089    -0.742764
    -0.018415    -0.739096
    -0.016741    -0.735719
    -0.015067    -0.732642
    -0.013393    -0.729872
    -0.011718    -0.727417
    -0.010044    -0.725281
    -0.008370    -0.723470
    -0.006696    -0.721987
    -0.005022    -0.720833
    -0.003348    -0.720007
    -0.001674    -0.719509
     0.000000    -0.719338
     0.002900    -0.719833
     0.005799    -0.721318
     0.008699    -0.723796
     0.011598    -0.727254
     0.014498    -0.731673
     0.017397    -0.737022
     0.020297    -0.743261
     0.023197    -0.750343
     0.026096    -0.758216
     0.028996    -0.766821
     0.031895    -0.776101
     0.034795    -0.785994
     0.037694    -0.796442
     0.040594    -0.807387
     0.043494    -0.818773
     0.046393    -0.830549
     0.049293    -0.842665
     0.052192    -0.855076
     0.055092    -0.867742
     0.057991    -0.880623
     0.060891    -0.893686
     0.063791    -0.906901
     0.066690    -0.920240
     0.069590    -0.933680
     0.072489    -0.947199
     0.075389    -0.960779
     0.078288    -0.974406
     0.081188    -0.988067
     0.084088    -1.001754
     0.086987    -1.015460
     0.089887    -1.029182
     0.092786    -1.042921
     0.095686    -1.056682
     0.098585    -1.070472
     0.101485    -1.084305
     0.104385    -1.098193
     0.107284    -1.112154
     0.110184    -1.126201
     0.113083    -1.140343
     0.115983    -1.154583
     0.118882    -1.168916
     0.121782    -1.183329
     0.124681    -1.197809
     0.127581    -1.212339
     0.130481    -1.226903
     0.133380    -1.241487
     0.136280    -1.256078
     0.139179    -1.270662
     0.142079    -1.285230
     0.144978    -1.299770
     0.147878    -1.314274
     0.150778    -1.328732
     0.153677    -1.343136
     0.156577    -1.357477
     0.159476    -1.371747
     0.162376    -1.385938
     0.165275    -1.400041
     0.168175    -1.414048
     0.171075    -1.427950
     0.173974    -1.441739
     0.176874    -1.455405
     0.179773    -1.468940
     0.182673    -1.482335
     0.185572    -1.495581
     0.188472    -1.508668
     0.191372    -1.521586
     0.194271    -1.534328
     0.197171    -1.546883
     0.200070    -1.559244
     0.202970    -1.571402
     0.205869    -1.583349
     0.208769    -1.595078
     0.211669    -1.606583
     0.214568    -1.617857
     0.217468    -1.628898
     0.220367    -1.639700
     0.223267    -1.650261
     0.226166    -1.660580
     0.229066    -1.670656
     0.231966    -1.680489
     0.234865    -1.690081
     0.237765    -1.699433
     0.240664    -1.708548
     0.243564    -1.717430
     0.246463    -1.726083
     0.249363    -1.734510
     0.252263    -1.742717
     0.255162    -1.750709
     0.258062    -1.758491
     0.260961    -1.766069
     0.263861    -1.773448
     0.266760    -1.780635
     0.269660    -1.787634
     0.272560    -1.794454
     0.275459    -1.801098
     0.278359    -1.807574
     0.281258    -1.813887
     0.284158    -1.820043
     0.287057    -1.826049
     0.289957    -1.831908


    -0.167407    -1.330773
    -0.165733    -1.325074
    -0.164059    -1.319341
    -0.162385    -1.313572
    -0.160710    -1.307768
    -0.159036    -1.301928
    -0.157362    -1.296051
    -0.155688    -1.290137
    -0.154014    -1.284186
    -0.152340    -1.278196
    -0.150666    -1.272168
    -0.148992    -1.266100
    -0.147318    -1.259993
    -0.145644    -1.253845
    -0.143970    -1.247657
    -0.142296    -1.241427
    -0.140622    -1.235156
    -0.138948    -1.228842
    -0.137274    -1.222486
    -0.135599    -1.216087
    -0.133925    -1.209643
    -0.132251    -1.203153
    -0.130577    -1.196612
    -0.128903    -1.189966
    -0.127229    -1.182851
    -0.125555    -1.175518
    -0.123881    -1.168130
    -0.122207    -1.160701
    -0.120533    -1.153235
    -0.118859    -1.145732
    -0.117185    -1.138195
    -0.115511    -1.130626
    -0.113837    -1.123026
    -0.112163    -1.115396
    -0.110488    -1.107740
    -0.108814    -1.100058
    -0.107140    -1.092352
    -0.105466    -1.084624
    -0.103792    -1.076878
    -0.102118    -1.069114
    -0.100444    -1.061335
    -0.098770    -1.053543
    -0.097096    -1.045741
    -0.095422    -1.037932
    -0.093748    -1.030117
    -0.092074    -1.022301
    -0.090400    -1.014485
    -0.088726    -1.006673
    -0.087052    -0.998867
    -0.085377    -0.991071
    -0.083703    -0.983288
    -0.082029    -0.975521
    -0.080355    -0.967774
    -0.078681    -0.960050
    -0.077007    -0.952353
    -0.075333    -0.944687
    -0.073659    -0.937055
    -0.071985    -0.929462
    -0.070311    -0.921912
    -0.068637    -0.914408
    -0.066963    -0.906956
    -0.065289    -0.899559
    -0.063615    -0.892223
    -0.061940    -0.884951
    -0.060266    -0.877750
    -0.058592    -0.870624
    -0.056918    -0.863577
    -0.055244    -0.856616
    -0.053570    -0.849746
    -0.051896    -0.842973
    -0.050222    -0.836301
    -0.048548    -0.829738
    -0.046874    -0.823290
    -0.045200    -0.816962
    -0.043526    -0.810761
    -0.041852    -0.804694
    -0.040178    -0.798768
    -0.038504    -0.792990
    -0.036829    -0.787367
    -0.035155    -0.781907
    -0.033481    -0.776617
    -0.031807    -0.771505
    -0.030133    -0.766579
    -0.028459    -0.761847
    -0.026785    -0.757318
    -0.025111    -0.753000
    -0.023437    -0.748902
    -0.021763    -0.745032
    -0.020089    -0.741399
    -0.018415    -0.738012
    -0.016741    -0.734880
    -0.015067    -0.732011
    -0.013393    -0.729413
    -0.011718    -0.727094
    -0.010044    -0.725064
    -0.008370    -0.723328
    -0.006696    -0.721894
    -0.005022    -0.720770
    -0.003348    -0.719964
    -0.001674    -0.719481
     0.000000    -0.719324
     0.002900    -0.719810
     0.005799    -0.721257
     0.008699    -0.723637
     0.011598    -0.726917
     0.014498    -0.731060
     0.017397    -0.736024
     0.020297    -0.741764
     0.023197    -0.748237
     0.026096    -0.755397
     0.028996    -0.763202
     0.031895    -0.771608
     0.034795    -0.780573
     0.037694    -0.790060
     0.040594    -0.800030
     0.043494    -0.810449
     0.046393    -0.821282
     0.049293    -0.832499
     0.052192    -0.844069
     0.055092    -0.855966
     0.057991    -0.868162
     0.060891    -0.880633
     0.063791    -0.893356
     0.066690    -0.906308
     0.069590    -0.919468
     0.072489    -0.932816
     0.075389    -0.946332
     0.078288    -0.959997
     0.081188    -0.973793
     0.084088    -0.987700
     0.086987    -1.001700
     0.089887    -1.015773
     0.092786    -1.029897
     0.095686    -1.044051
     0.098585    -1.058209
     0.101485    -1.072345
     0.104385    -1.086431
     0.107284    -1.100441
     0.110184    -1.114349
     0.113083    -1.128137
     0.115983    -1.141796
     0.118882    -1.155322
     0.121782    -1.168722
     0.124681    -1.182002
     0.127581    -1.195175
     0.130481    -1.208250
     0.133380    -1.221237
     0.136280    -1.234145
     0.139179    -1.246981
     0.142079    -1.259751
     0.144978    -1.272460
     0.147878    -1.285112
     0.150778    -1.297710
     0.153677    -1.310257
     0.156577    -1.322754
     0.159476    -1.335202
     0.162376    -1.347601
     0.165275    -1.359951
     0.168175    -1.372251
     0.171075    -1.384499
     0.173974    -1.396694
     0.176874    -1.408832
     0.179773    -1.420909
     0.182673    -1.432923
     0.185572    -1.444867
     0.188472    -1.456737
     0.191372    -1.468526
     0.194271    -1.480230
     0.197171    -1.491840
     0.200070    -1.503349
     0.202970    -1.514750
     0.205869    -1.526035
     0.208769    -1.537195
     0.211669    -1.548221
     0.214568    -1.559106
     0.217468    -1.569840
     0.220367    -1.580414
     0.223267    -1.590822
     0.226166    -1.601054
     0.229066    -1.611104
     0.231966    -1.620965
     0.234865    -1.630631
     0.237765    -1.640098
     0.240664    -1.649361
     0.243564    -1.658418
     0.246463    -1.667267
     0.249363    -1.675908
     0.252263    -1.684341
     0.255162    -1.692567
     0.258062    -1.700589
     0.260961    -1.708410
     0.263861    -1.716035
     0.266760    -1.723468
     0.269660    -1.730715
     0.272560    -1.737780
     0.275459    -1.744671
     0.278359    -1.751392
     0.281258    -1.757950
     0.284158    -1.764350
     0.287057    -1.770600
     0.289957    -1.776703


    -0.167407    -0.504014
    -0.165733    -0.499149
    -0.164059    -0.494328
    -0.162385    -0.489550
    -0.160710    -0.484817
    -0.159036    -0.480130
    -0.157362    -0.475490
    -0.155688    -0.470898
    -0.154014    -0.466354
    -0.152340    -0.461860
    -0.150666    -0.457416
    -0.148992    -0.453023
    -0.147318    -0.448683
    -0.145644    -0.444396
    -0.143970    -0.440163
    -0.142296    -0.435984
    -0.140622    -0.431862
    -0.138948    -0.427797
    -0.137274    -0.423789
    -0.135599    -0.419840
    -0.133925    -0.415950
    -0.132251    -0.412120
    -0.130577    -0.408352
    -0.128903    -0.404645
    -0.127229    -0.401001
    -0.125555    -0.397420
    -0.123881    -0.393904
    -0.122207    -0.390453
    -0.120533    -0.387067
    -0.118859    -0.383748
    -0.117185    -0.380496
    -0.115511    -0.377312
    -0.113837    -0.374195
    -0.112163    -0.371148
    -0.110488    -0.368170
    -0.108814    -0.365261
    -0.107140    -0.362422
    -0.105466    -0.359654
    -0.103792    -0.356957
    -0.102118    -0.354331
    -0.100444    -0.351775
    -0.098770    -0.349291
    -0.097096    -0.346878
    -0.095422    -0.344536
    -0.093748    -0.342264
    -0.092074    -0.340063
    -0.090400    -0.337933
    -0.088726    -0.335872
    -0.087052    -0.333879
    -0.085377    -0.331955
    -0.083703    -0.330099
    -0.082029    -0.328308
    -0.080355    -0.326583
    -0.078681    -0.324921
    -0.077007    -0.323321
    -0.075333    -0.321782
    -0.073659    -0.320301
    -0.071985    -0.318876
    -0.070311    -0.317505
    -0.068637    -0.316185
    -0.066963    -0.314914
    -0.065289    -0.313688
    -0.063615    -0.312503
    -0.061940    -0.311357
    -0.060266    -0.310245
    -0.058592    -0.309162
    -0.056918    -0.308104
    -0.055244    -0.307066
    -0.053570    -0.306042
    -0.051896    -0.305026
    -0.050222    -0.304013
    -0.048548    -0.302996
    -0.046874    -0.301967
    -0.045200    -0.300919
    -0.043526    -0.299844
    -0.041852    -0.298735
    -0.040178    -0.297581
    -0.038504    -0.296375
    -0.036829    -0.295106
    -0.035155    -0.293765
    -0.033481    -0.292342
    -0.031807    -0.290827
    -0.030133    -0.289209
    -0.028459    -0.287478
    -0.026785    -0.285623
    -0.025111    -0.283633
    -0.023437    -0.281499
    -0.021763    -0.279209
    -0.020089    -0.276755
    -0.018415    -0.274127
    -0.016741    -0.271317
    -0.015067    -0.268316
    -0.013393    -0.265117
    -0.011718    -0.261715
    -0.010044    -0.258104
    -0.008370    -0.254279
    -0.006696    -0.250238
    -0.005022    -0.245978
    -0.003348    -0.241499
    -0.001674    -0.236801
     0.000000    -0.231905
     0.002900    -0.240271
     0.005799    -0.247983
     0.008699    -0.255040
     0.011598    -0.261451
     0.014498    -0.267235
     0.017397    -0.272424
     0.020297    -0.277053
     0.023197    -0.281169
     0.026096    -0.284822
     0.028996    -0.288065
     0.031895    -0.290953
     0.034795    -0.293541
     0.037694    -0.295885
     0.040594    -0.298035
     0.043494    -0.300041
     0.046393    -0.301947
     0.049293    -0.303795
     0.052192    -0.305622
     0.055092    -0.307460
     0.057991    -0.309337
     0.060891    -0.311279
     0.063791    -0.313306
     0.066690    -0.315436
     0.069590    -0.317682
     0.072489    -0.320056
     0.075389    -0.322566
     0.078288    -0.325218
     0.081188    -0.328016
     0.084088    -0.330960
     0.086987    -0.334050
     0.089887    -0.337285
     0.092786    -0.340661
     0.095686    -0.344173
     0.098585    -0.347815
     0.101485    -0.351582
     0.104385    -0.355465
     0.107284    -0.359457
     0.110184    -0.363548
     0.113083    -0.367730
     0.115983    -0.371995
     0.118882    -0.376332
     0.121782    -0.380732
     0.124681    -0.385186
     0.127581    -0.389686
     0.130481    -0.394221
     0.133380    -0.398783
     0.136280    -0.403364
     0.139179    -0.407956
     0.142079    -0.412551
     0.144978    -0.417142
     0.147878    -0.421722
     0.150778    -0.426284
     0.153677    -0.430822
     0.156577    -0.435332
     0.159476    -0.439807
     0.162376    -0.444243
     0.165275    -0.448636
     0.168175    -0.452982
     0.171075    -0.457277
     0.173974    -0.461519
     0.176874    -0.465705
     0.179773    -0.469832
     0.182673    -0.473898
     0.185572    -0.477901
     0.188472    -0.481841
     0.191372    -0.485716
     0.194271    -0.489525
     0.197171    -0.493267
     0.200070    -0.496941
     0.202970    -0.500548
     0.205869    -0.504088
     0.208769    -0.507560
     0.211669    -0.510965
     0.214568    -0.514302
     0.217468    -0.517573
     0.220367    -0.520778
     0.223267    -0.523918
     0.226166    -0.526993
     0.229066    -0.530004
     0.231966    -0.532952
     0.234865    -0.535839
     0.237765    -0.538665
     0.240664    -0.541431
     0.243564    -0.544138
     0.246463    -0.546788
     0.249363    -0.549382
     0.252263    -0.551920
     0.255162    -0.554405
     0.258062    -0.556837
     0.260961    -0.559218
     0.263861    -0.561548
     0.266760    -0.563830
     0.269660    -0.566064
     0.272560    -0.568252
     0.275459    -0.570395
     0.278359    -0.572494
     0.281258    -0.574550
     0.284158    -0.576566
     0.287057    -0.578541
     0.289957    -0.580477


    -0.167407    -0.467970
    -0.165733    -0.461326
    -0.164059    -0.454686
    -0.162385    -0.448048
    -0.160710    -0.441414
    -0.159036    -0.434782
    -0.157362    -0.428154
    -0.155688    -0.421529
    -0.154014    -0.414907
    -0.152340    -0.408289
    -0.150666    -0.401674
    -0.148992    -0.395063
    -0.147318    -0.388456
    -0.145644    -0.381853
    -0.143970    -0.375253
    -0.142296    -0.368658
    -0.140622    -0.362066
    -0.138948    -0.355479
    -0.137274    -0.348895
    -0.135599    -0.342316
    -0.133925    -0.335741
    -0.132251    -0.329171
    -0.130577    -0.322604
    -0.128903    -0.316042
    -0.127229    -0.309485
    -0.125555    -0.302932
    -0.123881    -0.296383
    -0.122207    -0.289839
    -0.120533    -0.283300
    -0.118859    -0.276765
    -0.117185    -0.270235
    -0.115511    -0.263710
    -0.113837    -0.257190
    -0.112163    -0.250674
    -0.110488    -0.244164
    -0.108814    -0.237659
    -0.107140    -0.231160
    -0.105466    -0.224665
    -0.103792    -0.218177
    -0.102118    -0.211695
    -0.100444    -0.205219
    -0.098770    -0.198750
    -0.097096    -0.192288
    -0.095422    -0.185833
    -0.093748    -0.179387
    -0.092074    -0.172950
    -0.090400    -0.166523
    -0.088726    -0.160107
    -0.087052    -0.153704
    -0.085377    -0.147315
    -0.083703    -0.140942
    -0.082029    -0.134588
    -0.080355    -0.128255
    -0.078681    -0.121948
    -0.077007    -0.115670
    -0.075333    -0.109429
    -0.073659    -0.103231
    -0.071985    -0.097085
    -0.070311    -0.091005
    -0.068637    -0.085005
    -0.066963    -0.079106
    -0.065289    -0.073336
    -0.063615    -0.067733
    -0.061940    -0.062348
    -0.060266    -0.057253
    -0.058592    -0.052546
    -0.056918    -0.048364
    -0.055244    -0.044891
    -0.053570    -0.042361
    -0.051896    -0.041035
    -0.050222    -0.041140
    -0.048548    -0.042788
    -0.046874    -0.045914
    -0.045200    -0.050311
    -0.043526    -0.055707
    -0.041852    -0.061846
    -0.040178    -0.068516
    -0.038504    -0.075556
    -0.036829    -0.082848
    -0.035155    -0.090303
    -0.033481    -0.097859
    -0.031807    -0.105465
    -0.030133    -0.113084
    -0.028459    -0.120686
    -0.026785    -0.128246
    -0.025111    -0.135745
    -0.023437    -0.143163
    -0.021763    -0.150486
    -0.020089    -0.157699
    -0.018415    -0.164791
    -0.016741    -0.171748
    -0.015067    -0.178561
    -0.013393    -0.185218
    -0.011718    -0.191712
    -0.010044    -0.198032
    -0.008370    -0.204170
    -0.006696    -0.210119
    -0.005022    -0.215872
    -0.003348    -0.221423
    -0.001674    -0.226767
     0.000000    -0.231879
     0.002900    -0.222869
     0.005799    -0.213231
     0.008699    -0.202995
     0.011598    -0.192195
     0.014498    -0.180871
     0.017397    -0.169068
     0.020297    -0.156835
     0.023197    -0.144225
     0.026096    -0.131296
     0.028996    -0.118115
     0.031895    -0.104763
     0.034795    -0.091341
     0.037694    -0.077996
     0.040594    -0.064960
     0.043494    -0.052647
     0.046393    -0.041838
     0.049293    -0.033951
     0.052192    -0.030747
     0.055092    -0.032645
     0.057991    -0.038155
     0.060891    -0.045641
     0.063791    -0.054132
     0.066690    -0.063133
     0.069590    -0.072389
     0.072489    -0.081762
     0.075389    -0.091168
     0.078288    -0.100559
     0.081188    -0.109901
     0.084088    -0.119173
     0.086987    -0.128360
     0.089887    -0.137452
     0.092786    -0.146441
     0.095686    -0.155321
     0.098585    -0.164089
     0.101485    -0.172743
     0.104385    -0.181280
     0.107284    -0.189699
     0.110184    -0.198001
     0.113083    -0.206184
     0.115983    -0.214250
     0.118882    -0.222199
     0.121782    -0.230032
     0.124681    -0.237749
     0.127581    -0.245351
     0.130481    -0.252841
     0.133380    -0.260218
     0.136280    -0.267484
     0.139179    -0.274641
     0.142079    -0.281688
     0.144978    -0.288628
     0.147878    -0.295462
     0.150778    -0.302189
     0.153677    -0.308813
     0.156577    -0.315332
     0.159476    -0.321749
     0.162376    -0.328064
     0.165275    -0.334277
     0.168175    -0.340391
     0.171075    -0.346404
     0.173974    -0.352319
     0.176874    -0.358137
     0.179773    -0.363856
     0.182673    -0.369480
     0.185572    -0.375008
     0.188472    -0.380440
     0.191372    -0.385779
     0.194271    -0.391025
     0.197171    -0.396178
     0.200070    -0.401240
     0.202970    -0.406211
     0.205869    -0.411093
     0.208769    -0.415886
     0.211669    -0.420592
     0.214568    -0.425212
     0.217468    -0.429746
     0.220367    -0.434196
     0.223267    -0.438563
     0.226166    -0.442848
     0.229066    -0.447052
     0.231966    -0.451178
     0.234865    -0.455225
     0.237765    -0.459195
     0.240664    -0.463091
     0.243564    -0.466912
     0.246463    -0.470660
     0.249363    -0.474337
     0.252263    -0.477944
     0.255162    -0.481483
     0.258062    -0.484955
     0.260961    -0.488360
     0.263861    -0.491702
     0.266760    -0.494981
     0.269660    -0.498198
     0.272560    -0.501356
     0.275459    -0.504455
     0.278359    -0.507496
     0.281258    -0.510483
     0.284158    -0.513414
     0.287057    -0.516293
     0.289957    -0.519121


    -0.167407     0.659295
    -0.165733     0.650504
    -0.164059     0.641686
    -0.162385     0.632842
    -0.160710     0.623971
    -0.159036     0.615075
    -0.157362     0.606152
    -0.155688     0.597204
    -0.154014     0.588231
    -0.152340     0.579233
    -0.150666     0.570210
    -0.148992     0.561163
    -0.147318     0.552093
    -0.145644     0.542998
    -0.143970     0.533881
    -0.142296     0.524740
    -0.140622     0.515577
    -0.138948     0.506392
    -0.137274     0.497186
    -0.135599     0.487959
    -0.133925     0.478710
    -0.132251     0.469442
    -0.130577     0.460154
    -0.128903     0.450847
    -0.127229     0.441522
    -0.125555     0.432179
    -0.123881     0.422818
    -0.122207     0.413441
    -0.120533     0.404048
    -0.118859     0.394639
    -0.117185     0.385217
    -0.115511     0.375780
    -0.113837     0.366331
    -0.112163     0.356870
    -0.110488     0.347398
    -0.108814     0.337916
    -0.107140     0.328426
    -0.105466     0.318928
    -0.103792     0.309423
    -0.102118     0.299913
    -0.100444     0.290400
    -0.098770     0.280885
    -0.097096     0.271369
    -0.095422     0.261855
    -0.093748     0.252344
    -0.092074     0.242838
    -0.090400     0.233341
    -0.088726     0.223854
    -0.087052     0.214380
    -0.085377     0.204924
    -0.083703     0.195488
    -0.082029     0.186076
    -0.080355     0.176695
    -0.078681     0.167349
    -0.077007     0.158045
    -0.075333     0.148791
    -0.073659     0.139597
    -0.071985     0.130474
    -0.070311     0.121438
    -0.068637     0.112505
    -0.066963     0.103701
    -0.065289     0.095055
    -0.063615     0.086607
    -0.061940     0.078413
    -0.060266     0.070546
    -0.058592     0.063110
    -0.056918     0.056243
    -0.055244     0.050134
    -0.053570     0.045021
    -0.051896     0.041167
    -0.050222     0.038805
    -0.048548     0.038049
    -0.046874     0.038841
    -0.045200     0.040977
    -0.043526     0.044191
    -0.041852     0.048231
    -0.040178     0.052890
    -0.038504     0.058012
    -0.036829     0.063486
    -0.035155     0.069229
    -0.033481     0.075183
    -0.031807     0.081305
    -0.030133     0.087564
    -0.028459     0.093936
    -0.026785     0.100404
    -0.025111     0.106953
    -0.023437     0.113574
    -0.021763     0.120257
    -0.020089     0.126997
    -0.018415     0.133787
    -0.016741     0.140624
    -0.015067     0.147503
    -0.013393     0.154421
    -0.011718     0.161376
    -0.010044     0.168366
    -0.008370     0.175387
    -0.006696     0.182440
    -0.005022     0.189521
    -0.003348     0.196629
    -0.001674     0.203764
     0.000000     0.210916
     0.002900     0.198562
     0.005799     0.186280
     0.008699     0.174082
     0.011598     0.161975
     0.014498     0.149967
     0.017397     0.138071
     0.020297     0.126297
     0.023197     0.114663
     0.026096     0.103191
     0.028996     0.091910
     0.031895     0.080866
     0.034795     0.070128
     0.037694     0.059810
     0.040594     0.050117
     0.043494     0.041431
     0.046393     0.034511
     0.049293     0.030747
     0.052192     0.031881
     0.055092     0.038309
     0.057991     0.048522
     0.060891     0.060866
     0.063791     0.074353
     0.066690     0.088472
     0.069590     0.102953
     0.072489     0.117644
     0.075389     0.132448
     0.078288     0.147305
     0.081188     0.162169
     0.084088     0.177008
     0.086987     0.191797
     0.089887     0.206514
     0.092786     0.221144
     0.095686     0.235672
     0.098585     0.250085
     0.101485     0.264373
     0.104385     0.278527
     0.107284     0.292538
     0.110184     0.306401
     0.113083     0.320108
     0.115983     0.333654
     0.118882     0.347034
     0.121782     0.360245
     0.124681     0.373284
     0.127581     0.386147
     0.130481     0.398833
     0.133380     0.411340
     0.136280     0.423667
     0.139179     0.435814
     0.142079     0.447779
     0.144978     0.459564
     0.147878     0.471168
     0.150778     0.482594
     0.153677     0.493841
     0.156577     0.504912
     0.159476     0.515808
     0.162376     0.526531
     0.165275     0.537084
     0.168175     0.547469
     0.171075     0.557689
     0.173974     0.567746
     0.176874     0.577643
     0.179773     0.587383
     0.182673     0.596970
     0.185572     0.606406
     0.188472     0.615695
     0.191372     0.624839
     0.194271     0.633843
     0.197171     0.642709
     0.200070     0.651441
     0.202970     0.660042
     0.205869     0.668515
     0.208769     0.676864
     0.211669     0.685091
     0.214568     0.693200
     0.217468     0.701194
     0.220367     0.709076
     0.223267     0.716849
     0.226166     0.724516
     0.229066     0.732080
     0.231966     0.739544
     0.234865     0.746909
     0.237765     0.754180
     0.240664     0.761358
     0.243564     0.768447
     0.246463     0.775447
     0.249363     0.782363
     0.252263     0.789196
     0.255162     0.795948
     0.258062     0.802621
     0.260961     0.809218
     0.263861     0.815741
     0.266760     0.822191
     0.269660     0.828570
     0.272560     0.834880
     0.275459     0.841123
     0.278359     0.847300
     0.281258     0.853413
     0.284158     0.859463
     0.287057     0.865452
     0.289957     0.871381


    -0.167407     0.883326
    -0.165733     0.877585
    -0.164059     0.871831
    -0.162385     0.866064
    -0.160710     0.860284
    -0.159036     0.854489
    -0.157362     0.848681
    -0.155688     0.842858
    -0.154014     0.837020
    -0.152340     0.831168
    -0.150666     0.825300
    -0.148992     0.819416
    -0.147318     0.813516
    -0.145644     0.807600
    -0.143970     0.801667
    -0.142296     0.795717
    -0.140622     0.789748
    -0.138948     0.783762
    -0.137274     0.777757
    -0.135599     0.771733
    -0.133925     0.765689
    -0.132251     0.759625
    -0.130577     0.753540
    -0.128903     0.747435
    -0.127229     0.741308
    -0.125555     0.735158
    -0.123881     0.728987
    -0.122207     0.722792
    -0.120533     0.716573
    -0.118859     0.710331
    -0.117185     0.704064
    -0.115511     0.697772
    -0.113837     0.691455
    -0.112163     0.685112
    -0.110488     0.678742
    -0.108814     0.672346
    -0.107140     0.665923
    -0.105466     0.659472
    -0.103792     0.652994
    -0.102118     0.646487
    -0.100444     0.639952
    -0.098770     0.633388
    -0.097096     0.626795
    -0.095422     0.620174
    -0.093748     0.613523
    -0.092074     0.606843
    -0.090400     0.600133
    -0.088726     0.593394
    -0.087052     0.586626
    -0.085377     0.579828
    -0.083703     0.573002
    -0.082029     0.566146
    -0.080355     0.559262
    -0.078681     0.552349
    -0.077007     0.545408
    -0.075333     0.538439
    -0.073659     0.531443
    -0.071985     0.524420
    -0.070311     0.517371
    -0.068637     0.510297
    -0.066963     0.503197
    -0.065289     0.496073
    -0.063615     0.488926
    -0.061940     0.481756
    -0.060266     0.474564
    -0.058592     0.467351
    -0.056918     0.460118
    -0.055244     0.452866
    -0.053570     0.445597
    -0.051896     0.438310
    -0.050222     0.431008
    -0.048548     0.423691
    -0.046874     0.416361
    -0.045200     0.409019
    -0.043526     0.401666
    -0.041852     0.394303
    -0.040178     0.386932
    -0.038504     0.379553
    -0.036829     0.372169
    -0.035155     0.364781
    -0.033481     0.357389
    -0.031807     0.349996
    -0.030133     0.342602
    -0.028459     0.335210
    -0.026785     0.327819
    -0.025111     0.320432
    -0.023437     0.313050
    -0.021763     0.305674
    -0.020089     0.298306
    -0.018415     0.290946
    -0.016741     0.283596
    -0.015067     0.276258
    -0.013393     0.268932
    -0.011718     0.261620
    -0.010044     0.254323
    -0.008370     0.247042
    -0.006696     0.239778
    -0.005022     0.232533
    -0.003348     0.225308
    -0.001674     0.218103
     0.000000     0.210927
     0.002900     0.223352
     0.005799     0.235843
     0.008699     0.248392
     0.011598     0.260993
     0.014498     0.273639
     0.017397     0.286326
     0.020297     0.299049
     0.023197     0.311800
     0.026096     0.324575
     0.028996     0.337368
     0.031895     0.350173
     0.034795     0.362985
     0.037694     0.375797
     0.040594     0.388604
     0.043494     0.401399
     0.046393     0.414177
     0.049293     0.426931
     0.052192     0.439656
     0.055092     0.452344
     0.057991     0.464991
     0.060891     0.477589
     0.063791     0.490132
     0.066690     0.502615
     0.069590     0.515032
     0.072489     0.527376
     0.075389     0.539641
     0.078288     0.551823
     0.081188     0.563914
     0.084088     0.575910
     0.086987     0.587804
     0.089887     0.599593
     0.092786     0.611270
     0.095686     0.622831
     0.098585     0.634271
     0.101485     0.645585
     0.104385     0.656770
     0.107284     0.667821
     0.110184     0.678734
     0.113083     0.689506
     0.115983     0.700134
     0.118882     0.710614
     0.121782     0.720943
     0.124681     0.731121
     0.127581     0.741143
     0.130481     0.751009
     0.133380     0.760716
     0.136280     0.770264
     0.139179     0.779652
     0.142079     0.788879
     0.144978     0.797946
     0.147878     0.806851
     0.150778     0.815595
     0.153677     0.824179
     0.156577     0.832605
     0.159476     0.840872
     0.162376     0.848983
     0.165275     0.856939
     0.168175     0.864742
     0.171075     0.872395
     0.173974     0.879899
     0.176874     0.887257
     0.179773     0.894471
     0.182673     0.901546
     0.185572     0.908482
     0.188472     0.915284
     0.191372     0.921954
     0.194271     0.928496
     0.197171     0.934913
     0.200070     0.941208
     0.202970     0.947384
     0.205869     0.953445
     0.208769     0.959393
     0.211669     0.965233
     0.214568     0.970967
     0.217468     0.976599
     0.220367     0.982131
     0.223267     0.987567
     0.226166     0.992910
     0.229066     0.998163
     0.231966     1.003328
     0.234865     1.008409
     0.237765     1.013409
     0.240664     1.018329
     0.243564     1.023173
     0.246463     1.027943
     0.249363     1.032642
     0.252263     1.037271
     0.255162     1.041833
     0.258062     1.046331
     0.260961     1.050766
     0.263861     1.055140
     0.266760     1.059456
     0.269660     1.063714
     0.272560     1.067918
     0.275459     1.072067
     0.278359     1.076165
     0.281258     1.080212
     0.284158     1.084210
     0.287057     1.088161
     0.289957     1.092065


    -0.167407     1.831727
    -0.165733     1.823787
    -0.164059     1.815862
    -0.162385     1.807955
    -0.160710     1.800067
    -0.159036     1.792201
    -0.157362     1.784359
    -0.155688     1.776541
    -0.154014     1.768751
    -0.152340     1.760991
    -0.150666     1.753263
    -0.148992     1.745568
    -0.147318     1.737910
    -0.145644     1.730290
    -0.143970     1.722710
    -0.142296     1.715174
    -0.140622     1.707683
    -0.138948     1.700239
    -0.137274     1.692846
    -0.135599     1.685505
    -0.133925     1.678219
    -0.132251     1.670990
    -0.130577     1.663821
    -0.128903     1.656715
    -0.127229     1.649673
    -0.125555     1.642699
    -0.123881     1.635794
    -0.122207     1.628962
    -0.120533     1.622205
    -0.118859     1.615525
    -0.117185     1.608925
    -0.115511     1.602408
    -0.113837     1.595976
    -0.112163     1.589631
    -0.110488     1.583377
    -0.108814     1.577214
    -0.107140     1.571147
    -0.105466     1.565177
    -0.103792     1.559306
    -0.102118     1.553537
    -0.100444     1.547873
    -0.098770     1.542315
    -0.097096     1.536865
    -0.095422     1.531527
    -0.093748     1.526301
    -0.092074     1.521191
    -0.090400     1.516197
    -0.088726     1.511322
    -0.087052     1.506568
    -0.085377     1.501936
    -0.083703     1.497428
    -0.082029     1.493046
    -0.080355     1.488791
    -0.078681     1.484665
    -0.077007     1.480669
    -0.075333     1.476805
    -0.073659     1.473073
    -0.071985     1.469474
    -0.070311     1.466010
    -0.068637     1.462682
    -0.066963     1.459491
    -0.065289     1.456436
    -0.063615     1.453519
    -0.061940     1.450741
    -0.060266     1.448101
    -0.058592     1.445601
    -0.056918     1.443240
    -0.055244     1.441018
    -0.053570     1.438936
    -0.051896     1.436994
    -0.050222     1.435192
    -0.048548     1.433528
    -0.046874     1.432004
    -0.045200     1.430619
    -0.043526     1.429371
    -0.041852     1.428262
    -0.040178     1.427290
    -0.038504     1.426454
    -0.036829     1.425753
    -0.035155     1.425188
    -0.033481     1.424757
    -0.031807     1.424458
    -0.030133     1.424292
    -0.028459     1.424256
    -0.026785     1.424350
    -0.025111     1.424573
    -0.023437     1.424923
    -0.021763     1.425399
    -0.020089     1.426000
    -0.018415     1.426724
    -0.016741     1.427569
    -0.015067     1.428535
    -0.013393     1.429620
    -0.011718     1.430822
    -0.010044     1.432140
    -0.008370     1.433572
    -0.006696     1.435116
    -0.005022     1.436771
    -0.003348     1.438536
    -0.001674     1.440408
     0.000000     1.442383
     0.002900     1.439041
     0.005799     1.436008
     0.008699     1.433303
     0.011598     1.430935
     0.014498     1.428911
     0.017397     1.427239
     0.020297     1.425927
     0.023197     1.424981
     0.026096     1.424408
     0.028996     1.424212
     0.031895     1.424400
     0.034795     1.424975
     0.037694     1.425940
     0.040594     1.427298
     0.043494     1.429052
     0.046393     1.431201
     0.049293     1.433747
     0.052192     1.436688
     0.055092     1.440024
     0.057991     1.443753
     0.060891     1.447871
     0.063791     1.452375
     0.066690     1.457261
     0.069590     1.462525
     0.072489     1.468160
     0.075389     1.474162
     0.078288     1.480525
     0.081188     1.487242
     0.084088     1.494306
     0.086987     1.501710
     0.089887     1.509449
     0.092786     1.517514
     0.095686     1.525899
     0.098585     1.534596
     0.101485     1.543599
     0.104385     1.552901
     0.107284     1.562496
     0.110184     1.572376
     0.113083     1.582535
     0.115983     1.592968
     0.118882     1.603667
     0.121782     1.614628
     0.124681     1.625844
     0.127581     1.637309
     0.130481     1.649017
     0.133380     1.660964
     0.136280     1.673142
     0.139179     1.685546
     0.142079     1.698170
     0.144978     1.711008
     0.147878     1.724054
     0.150778     1.737301
     0.153677     1.750741
     0.156577     1.764370
     0.159476     1.778178
     0.162376     1.792159
     0.165275     1.806305
     0.168175     1.820609
     0.171075     1.835061
     0.173974     1.849654
     0.176874     1.864379
     0.179773     1.879227
     0.182673     1.894188
     0.185572     1.909255
     0.188472     1.924417
     0.191372     1.939665
     0.194271     1.954989
     0.197171     1.970379
     0.200070     1.985825
     0.202970     2.001318
     0.205869     2.016847
     0.208769     2.032402
     0.211669     2.047974
     0.214568     2.063552
     0.217468     2.079125
     0.220367     2.094684
     0.223267     2.110219
     0.226166     2.125720
     0.229066     2.141177
     0.231966     2.156580
     0.234865     2.171918
     0.237765     2.187184
     0.240664     2.202366
     0.243564     2.217456
     0.246463     2.232444
     0.249363     2.247321
     0.252263     2.262078
     0.255162     2.276707
     0.258062     2.291197
     0.260961     2.305541
     0.263861     2.319731
     0.266760     2.333758
     0.269660     2.347614
     0.272560     2.361291
     0.275459     2.374783
     0.278359     2.388081
     0.281258     2.401178
     0.284158     2.414068
     0.287057     2.426744
     0.289957     2.439199


    -0.167407     1.943246
    -0.165733     1.936676
    -0.164059     1.930118
    -0.162385     1.923573
    -0.160710     1.917042
    -0.159036     1.910525
    -0.157362     1.904023
    -0.155688     1.897536
    -0.154014     1.891065
    -0.152340     1.884611
    -0.150666     1.878174
    -0.148992     1.871754
    -0.147318     1.865352
    -0.145644     1.858969
    -0.143970     1.852605
    -0.142296     1.846261
    -0.140622     1.839937
    -0.138948     1.833634
    -0.137274     1.827352
    -0.135599     1.821092
    -0.133925     1.814855
    -0.132251     1.808640
    -0.130577     1.802448
    -0.128903     1.796280
    -0.127229     1.790136
    -0.125555     1.784017
    -0.123881     1.777923
    -0.122207     1.771854
    -0.120533     1.765812
    -0.118859     1.759796
    -0.117185     1.753807
    -0.115511     1.747845
    -0.113837     1.741912
    -0.112163     1.736006
    -0.110488     1.730130
    -0.108814     1.724282
    -0.107140     1.718465
    -0.105466     1.712678
    -0.103792     1.706921
    -0.102118     1.701195
    -0.100444     1.695502
    -0.098770     1.689840
    -0.097096     1.684211
    -0.095422     1.678615
    -0.093748     1.673053
    -0.092074     1.667526
    -0.090400     1.662033
    -0.088726     1.656575
    -0.087052     1.651154
    -0.085377     1.645769
    -0.083703     1.640422
    -0.082029     1.635112
    -0.080355     1.629841
    -0.078681     1.624609
    -0.077007     1.619418
    -0.075333     1.614267
    -0.073659     1.609158
    -0.071985     1.604091
    -0.070311     1.599067
    -0.068637     1.594087
    -0.066963     1.589152
    -0.065289     1.584263
    -0.063615     1.579421
    -0.061940     1.574626
    -0.060266     1.569881
    -0.058592     1.565185
    -0.056918     1.560539
    -0.055244     1.555946
    -0.053570     1.551406
    -0.051896     1.546920
    -0.050222     1.542489
    -0.048548     1.538115
    -0.046874     1.533799
    -0.045200     1.529542
    -0.043526     1.525346
    -0.041852     1.521211
    -0.040178     1.517140
    -0.038504     1.513133
    -0.036829     1.509192
    -0.035155     1.505319
    -0.033481     1.501515
    -0.031807     1.497781
    -0.030133     1.494119
    -0.028459     1.490531
    -0.026785     1.487019
    -0.025111     1.483583
    -0.023437     1.480225
    -0.021763     1.476948
    -0.020089     1.473752
    -0.018415     1.470639
    -0.016741     1.467612
    -0.015067     1.464672
    -0.013393     1.461820
    -0.011718     1.459058
    -0.010044     1.456389
    -0.008370     1.453813
    -0.006696     1.451332
    -0.005022     1.448949
    -0.003348     1.446664
    -0.001674     1.444480
     0.000000     1.442401
     0.002900     1.446053
     0.005799     1.450018
     0.008699     1.454275
     0.011598     1.458817
     0.014498     1.463633
     0.017397     1.468716
     0.020297     1.474059
     0.023197     1.479653
     0.026096     1.485491
     0.028996     1.491567
     0.031895     1.497874
     0.034795     1.504409
     0.037694     1.511166
     0.040594     1.518141
     0.043494     1.525332
     0.046393     1.532737
     0.049293     1.540355
     0.052192     1.548184
     0.055092     1.556226
     0.057991     1.564481
     0.060891     1.572952
     0.063791     1.581640
     0.066690     1.590548
     0.069590     1.599679
     0.072489     1.609038
     0.075389     1.618628
     0.078288     1.628453
     0.081188     1.638518
     0.084088     1.648825
     0.086987     1.659379
     0.089887     1.670183
     0.092786     1.681240
     0.095686     1.692553
     0.098585     1.704124
     0.101485     1.715953
     0.104385     1.728042
     0.107284     1.740390
     0.110184     1.752996
     0.113083     1.765858
     0.115983     1.778974
     0.118882     1.792339
     0.121782     1.805950
     0.124681     1.819801
     0.127581     1.833886
     0.130481     1.848198
     0.133380     1.862730
     0.136280     1.877473
     0.139179     1.892418
     0.142079     1.907555
     0.144978     1.922875
     0.147878     1.938366
     0.150778     1.954018
     0.153677     1.969818
     0.156577     1.985755
     0.159476     2.001816
     0.162376     2.017988
     0.165275     2.034258
     0.168175     2.050612
     0.171075     2.067037
     0.173974     2.083519
     0.176874     2.100043
     0.179773     2.116595
     0.182673     2.133161
     0.185572     2.149724
     0.188472     2.166271
     0.191372     2.182787
     0.194271     2.199255
     0.197171     2.215660
     0.200070     2.231989
     0.202970     2.248224
     0.205869     2.264351
     0.208769     2.280355
     0.211669     2.296222
     0.214568     2.311936
     0.217468     2.327485
     0.220367     2.342856
     0.223267     2.358036
     0.226166     2.373014
     0.229066     2.387779
     0.231966     2.402323
     0.234865     2.416639
     0.237765     2.430718
     0.240664     2.444557
     0.243564     2.458152
     0.246463     2.471499
     0.249363     2.484599
     0.252263     2.497450
     0.255162     2.510054
     0.258062     2.522413
     0.260961     2.534529
     0.263861     2.546405
     0.266760     2.558046
     0.269660     2.569454
     0.272560     2.580634
     0.275459     2.591590
     0.278359     2.602326
     0.281258     2.612846
     0.284158     2.623154
     0.287057     2.633253
     0.289957     2.643147


    -0.167407     2.317952
    -0.165733     2.310073
    -0.164059     2.302223
    -0.162385     2.294405
    -0.160710     2.286620
    -0.159036     2.278869
    -0.157362     2.271154
    -0.155688     2.263477
    -0.154014     2.255837
    -0.152340     2.248238
    -0.150666     2.240680
    -0.148992     2.233164
    -0.147318     2.225693
    -0.145644     2.218266
    -0.143970     2.210886
    -0.142296     2.203553
    -0.140622     2.196269
    -0.138948     2.189035
    -0.137274     2.181853
    -0.135599     2.174722
    -0.133925     2.167646
    -0.132251     2.160623
    -0.130577     2.153657
    -0.128903     2.146747
    -0.127229     2.139896
    -0.125555     2.133103
    -0.123881     2.126370
    -0.122207     2.119698
    -0.120533     2.113089
    -0.118859     2.106542
    -0.117185     2.100060
    -0.115511     2.093642
    -0.113837     2.087291
    -0.112163     2.081007
    -0.110488     2.074790
    -0.108814     2.068643
    -0.107140     2.062565
    -0.105466     2.056558
    -0.103792     2.050622
    -0.102118     2.044759
    -0.100444     2.038970
    -0.098770     2.033254
    -0.097096     2.027614
    -0.095422     2.022050
    -0.093748     2.016562
    -0.092074     2.011152
    -0.090400     2.005821
    -0.088726     2.000568
    -0.087052     1.995396
    -0.085377     1.990305
    -0.083703     1.985295
    -0.082029     1.980368
    -0.080355     1.975525
    -0.078681     1.970765
    -0.077007     1.966090
    -0.075333     1.961501
    -0.073659     1.956998
    -0.071985     1.952583
    -0.070311     1.948255
    -0.068637     1.944016
    -0.066963     1.939866
    -0.065289     1.935806
    -0.063615     1.931837
    -0.061940     1.927960
    -0.060266     1.924175
    -0.058592     1.920483
    -0.056918     1.916884
    -0.055244     1.913380
    -0.053570     1.909971
    -0.051896     1.906658
    -0.050222     1.903442
    -0.048548     1.900322
    -0.046874     1.897300
    -0.045200     1.894377
    -0.043526     1.891552
    -0.041852     1.888828
    -0.040178     1.886203
    -0.038504     1.883680
    -0.036829     1.881259
    -0.035155     1.878939
    -0.033481     1.876723
    -0.031807     1.874610
    -0.030133     1.872600
    -0.028459     1.870696
    -0.026785     1.868897
    -0.025111     1.867203
    -0.023437     1.865615
    -0.021763     1.864135
    -0.020089     1.862762
    -0.018415     1.861496
    -0.016741     1.860339
    -0.015067     1.859291
    -0.013393     1.858352
    -0.011718     1.857522
    -0.010044     1.856803
    -0.008370     1.856195
    -0.006696     1.855697
    -0.005022     1.855310
    -0.003348     1.855035
    -0.001674     1.854871
     0.000000     1.854817
     0.002900     1.854974
     0.005799     1.855467
     0.008699     1.856303
     0.011598     1.857481
     0.014498     1.858988
     0.017397     1.860791
     0.020297     1.862894
     0.023197     1.865297
     0.026096     1.867998
     0.028996     1.870993
     0.031895     1.874276
     0.034795     1.877843
     0.037694     1.881689
     0.040594     1.885810
     0.043494     1.890202
     0.046393     1.894858
     0.049293     1.899776
     0.052192     1.904950
     0.055092     1.910376
     0.057991     1.916049
     0.060891     1.921965
     0.063791     1.928120
     0.066690     1.934508
     0.069590     1.941125
     0.072489     1.947968
     0.075389     1.955031
     0.078288     1.962309
     0.081188     1.969800
     0.084088     1.977497
     0.086987     1.985396
     0.089887     1.993494
     0.092786     2.001784
     0.095686     2.010264
     0.098585     2.018928
     0.101485     2.027771
     0.104385     2.036789
     0.107284     2.045977
     0.110184     2.055331
     0.113083     2.064847
     0.115983     2.074518
     0.118882     2.084342
     0.121782     2.094312
     0.124681     2.104425
     0.127581     2.114676
     0.130481     2.125060
     0.133380     2.135573
     0.136280     2.146211
     0.139179     2.156969
     0.142079     2.167842
     0.144978     2.178826
     0.147878     2.189918
     0.150778     2.201113
     0.153677     2.212407
     0.156577     2.223797
     0.159476     2.235278
     0.162376     2.246847
     0.165275     2.258501
     0.168175     2.270236
     0.171075     2.282050
     0.173974     2.293940
     0.176874     2.305903
     0.179773     2.317936
     0.182673     2.330038
     0.185572     2.342206
     0.188472     2.354439
     0.191372     2.366735
     0.194271     2.379093
     0.197171     2.391511
     0.200070     2.403988
     0.202970     2.416524
     0.205869     2.429116
     0.208769     2.441763
     0.211669     2.454464
     0.214568     2.467217
     0.217468     2.480019
     0.220367     2.492867
     0.223267     2.505758
     0.226166     2.518686
     0.229066     2.531645
     0.231966     2.544628
     0.234865     2.557626
     0.237765     2.570629
     0.240664     2.583626
     0.243564     2.596602
     0.246463     2.609544
     0.249363     2.622433
     0.252263     2.635252
     0.255162     2.647981
     0.258062     2.660599
     0.260961     2.673085
     0.263861     2.685415
     0.266760     2.697566
     0.269660     2.709516
     0.272560     2.721241
     0.275459     2.732720
     0.278359     2.743933
     0.281258     2.754862
     0.284158     2.765493
     0.287057     2.775814
     0.289957     2.785816


    -0.167407     2.347525
    -0.165733     2.339568
    -0.164059     2.331622
    -0.162385     2.323687
    -0.160710     2.315766
    -0.159036     2.307860
    -0.157362     2.299971
    -0.155688     2.292100
    -0.154014     2.284250
    -0.152340     2.276422
    -0.150666     2.268617
    -0.148992     2.260838
    -0.147318     2.253086
    -0.145644     2.245363
    -0.143970     2.237671
    -0.142296     2.230011
    -0.140622     2.222384
    -0.138948     2.214794
    -0.137274     2.207241
    -0.135599     2.199727
    -0.133925     2.192254
    -0.132251     2.184823
    -0.130577     2.177437
    -0.128903     2.170097
    -0.127229     2.162805
    -0.125555     2.155562
    -0.123881     2.148370
    -0.122207     2.141231
    -0.120533     2.134146
    -0.118859     2.127118
    -0.117185     2.120147
    -0.115511     2.113236
    -0.113837     2.106386
    -0.112163     2.099599
    -0.110488     2.092877
    -0.108814     2.086221
    -0.107140     2.079632
    -0.105466     2.073113
    -0.103792     2.066665
    -0.102118     2.060290
    -0.100444     2.053989
    -0.098770     2.047763
    -0.097096     2.041615
    -0.095422     2.035545
    -0.093748     2.029556
    -0.092074     2.023648
    -0.090400     2.017823
    -0.088726     2.012084
    -0.087052     2.006430
    -0.085377     2.000863
    -0.083703     1.995386
    -0.082029     1.989998
    -0.080355     1.984702
    -0.078681     1.979499
    -0.077007     1.974389
    -0.075333     1.969375
    -0.073659     1.964457
    -0.071985     1.959636
    -0.070311     1.954914
    -0.068637     1.950292
    -0.066963     1.945770
    -0.065289     1.941350
    -0.063615     1.937033
    -0.061940     1.932819
    -0.060266     1.928710
    -0.058592     1.924706
    -0.056918     1.920808
    -0.055244     1.917018
    -0.053570     1.913335
    -0.051896     1.909760
    -0.050222     1.906295
    -0.048548     1.902939
    -0.046874     1.899693
    -0.045200     1.896559
    -0.043526     1.893535
    -0.041852     1.890624
    -0.040178     1.887824
    -0.038504     1.885138
    -0.036829     1.882564
    -0.035155     1.880104
    -0.033481     1.877757
    -0.031807     1.875525
    -0.030133     1.873406
    -0.028459     1.871402
    -0.026785     1.869512
    -0.025111     1.867737
    -0.023437     1.866076
    -0.021763     1.864530
    -0.020089     1.863098
    -0.018415     1.861782
    -0.016741     1.860580
    -0.015067     1.859493
    -0.013393     1.858520
    -0.011718     1.857661
    -0.010044     1.856917
    -0.008370     1.856287
    -0.006696     1.855771
    -0.005022     1.855369
    -0.003348     1.855081
    -0.001674     1.854908
     0.000000     1.854848
     0.002900     1.855026
     0.005799     1.855538
     0.008699     1.856379
     0.011598     1.857546
     0.014498     1.859053
     0.017397     1.860929
     0.020297     1.863172
     0.023197     1.865776
     0.026096     1.868742
     0.028996     1.872071
     0.031895     1.875763
     0.034795     1.879819
     0.037694     1.884239
     0.040594     1.889021
     0.043494     1.894165
     0.046393     1.899666
     0.049293     1.905523
     0.052192     1.911732
     0.055092     1.918289
     0.057991     1.925187
     0.060891     1.932422
     0.063791     1.939987
     0.066690     1.947875
     0.069590     1.956079
     0.072489     1.964590
     0.075389     1.973400
     0.078288     1.982499
     0.081188     1.991880
     0.084088     2.001531
     0.086987     2.011443
     0.089887     2.021606
     0.092786     2.032009
     0.095686     2.042642
     0.098585     2.053495
     0.101485     2.064557
     0.104385     2.075817
     0.107284     2.087265
     0.110184     2.098890
     0.113083     2.110683
     0.115983     2.122632
     0.118882     2.134727
     0.121782     2.146959
     0.124681     2.159318
     0.127581     2.171793
     0.130481     2.184376
     0.133380     2.197057
     0.136280     2.209827
     0.139179     2.222677
     0.142079     2.235597
     0.144978     2.248581
     0.147878     2.261618
     0.150778     2.274701
     0.153677     2.287822
     0.156577     2.300972
     0.159476     2.314145
     0.162376     2.327333
     0.165275     2.340529
     0.168175     2.353725
     0.171075     2.366915
     0.173974     2.380092
     0.176874     2.393249
     0.179773     2.406381
     0.182673     2.419481
     0.185572     2.432543
     0.188472     2.445561
     0.191372     2.458531
     0.194271     2.471446
     0.197171     2.484302
     0.200070     2.497094
     0.202970     2.509817
     0.205869     2.522468
     0.208769     2.535041
     0.211669     2.547534
     0.214568     2.559942
     0.217468     2.572263
     0.220367     2.584494
     0.223267     2.596633
     0.226166     2.608677
     0.229066     2.620625
     0.231966     2.632476
     0.234865     2.644230
     0.237765     2.655887
     0.240664     2.667447
     0.243564     2.678913
     0.246463     2.690285
     0.249363     2.701568
     0.252263     2.712765
     0.255162     2.723880
     0.258062     2.734920
     0.260961     2.745889
     0.263861     2.756796
     0.266760     2.767647
     0.269660     2.778449
     0.272560     2.789210
     0.275459     2.799935
     0.278359     2.810630
     0.281258     2.821298
     0.284158     2.831939
     0.287057     2.842554
     0.289957     2.853136


