    -0.167407    -3.482924
    -0.165733    -3.482685
    -0.164059    -3.482452
    -0.162385    -3.482224
    -0.160710    -3.482000
    -0.159036    -3.481782
    -0.157362    -3.481568
    -0.155688    -3.481359
    -0.154014    -3.481154
    -0.152340    -3.480952
    -0.150666    -3.480754
    -0.148992    -3.480560
    -0.147318    -3.480368
    -0.145644    -3.480180
    -0.143970    -3.479995
    -0.142296    -3.479812
    -0.140622    -3.479632
    -0.138948    -3.479453
    -0.137274    -3.479277
    -0.135599    -3.479103
    -0.133925    -3.478930
    -0.132251    -3.478759
    -0.130577    -3.478589
    -0.128903    -3.478420
    -0.127229    -3.478252
    -0.125555    -3.478085
    -0.123881    -3.477919
    -0.122207    -3.477752
    -0.120533    -3.477587
    -0.118859    -3.477421
    -0.117185    -3.477255
    -0.115511    -3.477089
    -0.113837    -3.476922
    -0.112163    -3.476755
    -0.110488    -3.476588
    -0.108814    -3.476419
    -0.107140    -3.476250
    -0.105466    -3.476079
    -0.103792    -3.475907
    -0.102118    -3.475734
    -0.100444    -3.475559
    -0.098770    -3.475383
    -0.097096    -3.475205
    -0.095422    -3.475025
    -0.093748    -3.474842
    -0.092074    -3.474658
    -0.090400    -3.474471
    -0.088726    -3.474282
    -0.087052    -3.474090
    -0.085377    -3.473896
    -0.083703    -3.473699
    -0.082029    -3.473499
    -0.080355    -3.473296
    -0.078681    -3.473089
    -0.077007    -3.472880
    -0.075333    -3.472667
    -0.073659    -3.472451
    -0.071985    -3.472231
    -0.070311    -3.472008
    -0.068637    -3.471781
    -0.066963    -3.471549
    -0.065289    -3.471314
    -0.063615    -3.471075
    -0.061940    -3.470832
    -0.060266    -3.470585
    -0.058592    -3.470333
    -0.056918    -3.470077
    -0.055244    -3.469816
    -0.053570    -3.469551
    -0.051896    -3.469281
    -0.050222    -3.469007
    -0.048548    -3.468727
    -0.046874    -3.468443
    -0.045200    -3.468154
    -0.043526    -3.467860
    -0.041852    -3.467560
    -0.040178    -3.467256
    -0.038504    -3.466946
    -0.036829    -3.466631
    -0.035155    -3.466310
    -0.033481    -3.465984
    -0.031807    -3.465652
    -0.030133    -3.465315
    -0.028459    -3.464973
    -0.026785    -3.464624
    -0.025111    -3.464270
    -0.023437    -3.463910
    -0.021763    -3.463544
    -0.020089    -3.463172
    -0.018415    -3.462794
    -0.016741    -3.462410
    -0.015067    -3.462021
    -0.013393    -3.461625
    -0.011718    -3.461222
    -0.010044    -3.460814
    -0.008370    -3.460399
    -0.006696    -3.459978
    -0.005022    -3.459551
    -0.003348    -3.459118
    -0.001674    -3.458678
     0.000000    -3.458232
     0.002900    -3.458992
     0.005799    -3.459741
     0.008699    -3.460472
     0.011598    -3.461184
     0.014498    -3.461879
     0.017397    -3.462556
     0.020297    -3.463215
     0.023197    -3.463857
     0.026096    -3.464482
     0.028996    -3.465091
     0.031895    -3.465682
     0.034795    -3.466258
     0.037694    -3.466818
     0.040594    -3.467362
     0.043494    -3.467891
     0.046393    -3.468405
     0.049293    -3.468904
     0.052192    -3.469389
     0.055092    -3.469860
     0.057991    -3.470318
     0.060891    -3.470762
     0.063791    -3.471194
     0.066690    -3.471613
     0.069590    -3.472021
     0.072489    -3.472416
     0.075389    -3.472801
     0.078288    -3.473175
     0.081188    -3.473538
     0.084088    -3.473892
     0.086987    -3.474237
     0.089887    -3.474573
     0.092786    -3.474901
     0.095686    -3.475221
     0.098585    -3.475534
     0.101485    -3.475840
     0.104385    -3.476140
     0.107284    -3.476435
     0.110184    -3.476725
     0.113083    -3.477011
     0.115983    -3.477293
     0.118882    -3.477573
     0.121782    -3.477850
     0.124681    -3.478125
     0.127581    -3.478400
     0.130481    -3.478675
     0.133380    -3.478950
     0.136280    -3.479227
     0.139179    -3.479505
     0.142079    -3.479787
     0.144978    -3.480072
     0.147878    -3.480363
     0.150778    -3.480658
     0.153677    -3.480960
     0.156577    -3.481269
     0.159476    -3.481586
     0.162376    -3.481912
     0.165275    -3.482249
     0.168175    -3.482596
     0.171075    -3.482955
     0.173974    -3.483327
     0.176874    -3.483713
     0.179773    -3.484115
     0.182673    -3.484532
     0.185572    -3.484966
     0.188472    -3.485419
     0.191372    -3.485891
     0.194271    -3.486384
     0.197171    -3.486898
     0.200070    -3.487436
     0.202970    -3.487997
     0.205869    -3.488584
     0.208769    -3.489197
     0.211669    -3.489838
     0.214568    -3.490508
     0.217468    -3.491208
     0.220367    -3.491940
     0.223267    -3.492705
     0.226166    -3.493504
     0.229066    -3.494338
     0.231966    -3.495210
     0.234865    -3.496119
     0.237765    -3.497069
     0.240664    -3.498060
     0.243564    -3.499093
     0.246463    -3.500170
     0.249363    -3.501292
     0.252263    -3.502461
     0.255162    -3.503679
     0.258062    -3.504946
     0.260961    -3.506264
     0.263861    -3.507635
     0.266760    -3.509061
     0.269660    -3.510542
     0.272560    -3.512080
     0.275459    -3.513678
     0.278359    -3.515335
     0.281258    -3.517055
     0.284158    -3.518838
     0.287057    -3.520686
     0.289957    -3.522601


    -0.167407    -3.380689
    -0.165733    -3.381739
    -0.164059    -3.382785
    -0.162385    -3.383827
    -0.160710    -3.384866
    -0.159036    -3.385900
    -0.157362    -3.386931
    -0.155688    -3.387958
    -0.154014    -3.388981
    -0.152340    -3.389999
    -0.150666    -3.391014
    -0.148992    -3.392024
    -0.147318    -3.393029
    -0.145644    -3.394030
    -0.143970    -3.395027
    -0.142296    -3.396019
    -0.140622    -3.397006
    -0.138948    -3.397988
    -0.137274    -3.398965
    -0.135599    -3.399938
    -0.133925    -3.400905
    -0.132251    -3.401868
    -0.130577    -3.402825
    -0.128903    -3.403777
    -0.127229    -3.404724
    -0.125555    -3.405665
    -0.123881    -3.406601
    -0.122207    -3.407531
    -0.120533    -3.408456
    -0.118859    -3.409376
    -0.117185    -3.410289
    -0.115511    -3.411197
    -0.113837    -3.412100
    -0.112163    -3.412996
    -0.110488    -3.413887
    -0.108814    -3.414771
    -0.107140    -3.415650
    -0.105466    -3.416523
    -0.103792    -3.417390
    -0.102118    -3.418250
    -0.100444    -3.419105
    -0.098770    -3.419953
    -0.097096    -3.420795
    -0.095422    -3.421631
    -0.093748    -3.422460
    -0.092074    -3.423283
    -0.090400    -3.424100
    -0.088726    -3.424910
    -0.087052    -3.425714
    -0.085377    -3.426512
    -0.083703    -3.427303
    -0.082029    -3.428087
    -0.080355    -3.428865
    -0.078681    -3.429636
    -0.077007    -3.430400
    -0.075333    -3.431158
    -0.073659    -3.431910
    -0.071985    -3.432654
    -0.070311    -3.433392
    -0.068637    -3.434123
    -0.066963    -3.434847
    -0.065289    -3.435565
    -0.063615    -3.436276
    -0.061940    -3.436979
    -0.060266    -3.437677
    -0.058592    -3.438367
    -0.056918    -3.439050
    -0.055244    -3.439727
    -0.053570    -3.440396
    -0.051896    -3.441059
    -0.050222    -3.441715
    -0.048548    -3.442364
    -0.046874    -3.443006
    -0.045200    -3.443642
    -0.043526    -3.444270
    -0.041852    -3.444891
    -0.040178    -3.445506
    -0.038504    -3.446114
    -0.036829    -3.446714
    -0.035155    -3.447308
    -0.033481    -3.447895
    -0.031807    -3.448475
    -0.030133    -3.449049
    -0.028459    -3.449615
    -0.026785    -3.450174
    -0.025111    -3.450727
    -0.023437    -3.451273
    -0.021763    -3.451812
    -0.020089    -3.452344
    -0.018415    -3.452870
    -0.016741    -3.453389
    -0.015067    -3.453900
    -0.013393    -3.454406
    -0.011718    -3.454904
    -0.010044    -3.455396
    -0.008370    -3.455881
    -0.006696    -3.456360
    -0.005022    -3.456832
    -0.003348    -3.457298
    -0.001674    -3.457757
     0.000000    -3.458208
     0.002900    -3.457430
     0.005799    -3.456625
     0.008699    -3.455801
     0.011598    -3.454957
     0.014498    -3.454095
     0.017397    -3.453212
     0.020297    -3.452310
     0.023197    -3.451388
     0.026096    -3.450446
     0.028996    -3.449484
     0.031895    -3.448502
     0.034795    -3.447500
     0.037694    -3.446478
     0.040594    -3.445435
     0.043494    -3.444372
     0.046393    -3.443288
     0.049293    -3.442184
     0.052192    -3.441059
     0.055092    -3.439914
     0.057991    -3.438748
     0.060891    -3.437562
     0.063791    -3.436356
     0.066690    -3.435129
     0.069590    -3.433882
     0.072489    -3.432615
     0.075389    -3.431328
     0.078288    -3.430020
     0.081188    -3.428693
     0.084088    -3.427346
     0.086987    -3.425979
     0.089887    -3.424593
     0.092786    -3.423188
     0.095686    -3.421763
     0.098585    -3.420320
     0.101485    -3.418858
     0.104385    -3.417377
     0.107284    -3.415879
     0.110184    -3.414362
     0.113083    -3.412828
     0.115983    -3.411277
     0.118882    -3.409709
     0.121782    -3.408124
     0.124681    -3.406523
     0.127581    -3.404907
     0.130481    -3.403275
     0.133380    -3.401628
     0.136280    -3.399966
     0.139179    -3.398291
     0.142079    -3.396602
     0.144978    -3.394900
     0.147878    -3.393186
     0.150778    -3.391460
     0.153677    -3.389723
     0.156577    -3.387976
     0.159476    -3.386218
     0.162376    -3.384451
     0.165275    -3.382676
     0.168175    -3.380894
     0.171075    -3.379104
     0.173974    -3.377308
     0.176874    -3.375507
     0.179773    -3.373702
     0.182673    -3.371893
     0.185572    -3.370082
     0.188472    -3.368270
     0.191372    -3.366457
     0.194271    -3.364645
     0.197171    -3.362835
     0.200070    -3.361028
     0.202970    -3.359225
     0.205869    -3.357429
     0.208769    -3.355639
     0.211669    -3.353858
     0.214568    -3.352087
     0.217468    -3.350327
     0.220367    -3.348581
     0.223267    -3.346850
     0.226166    -3.345136
     0.229066    -3.343441
     0.231966    -3.341766
     0.234865    -3.340115
     0.237765    -3.338489
     0.240664    -3.336890
     0.243564    -3.335322
     0.246463    -3.333787
     0.249363    -3.332287
     0.252263    -3.330826
     0.255162    -3.329407
     0.258062    -3.328033
     0.260961    -3.326708
     0.263861    -3.325436
     0.266760    -3.324221
     0.269660    -3.323068
     0.272560    -3.321981
     0.275459    -3.320965
     0.278359    -3.320027
     0.281258    -3.319171
     0.284158    -3.318405
     0.287057    -3.317735
     0.289957    -3.317169


    -0.167407    -2.305539
    -0.165733    -2.299948
    -0.164059    -2.294464
    -0.162385    -2.289086
    -0.160710    -2.283814
    -0.159036    -2.278645
    -0.157362    -2.273580
    -0.155688    -2.268616
    -0.154014    -2.263752
    -0.152340    -2.258987
    -0.150666    -2.254319
    -0.148992    -2.249746
    -0.147318    -2.245266
    -0.145644    -2.240879
    -0.143970    -2.236581
    -0.142296    -2.232371
    -0.140622    -2.228248
    -0.138948    -2.224209
    -0.137274    -2.220252
    -0.135599    -2.216377
    -0.133925    -2.212580
    -0.132251    -2.208861
    -0.130577    -2.205217
    -0.128903    -2.201647
    -0.127229    -2.198149
    -0.125555    -2.194721
    -0.123881    -2.191362
    -0.122207    -2.188070
    -0.120533    -2.184844
    -0.118859    -2.181682
    -0.117185    -2.178583
    -0.115511    -2.175545
    -0.113837    -2.172567
    -0.112163    -2.169648
    -0.110488    -2.166786
    -0.108814    -2.163980
    -0.107140    -2.161230
    -0.105466    -2.158533
    -0.103792    -2.155890
    -0.102118    -2.153298
    -0.100444    -2.150757
    -0.098770    -2.148266
    -0.097096    -2.145824
    -0.095422    -2.143431
    -0.093748    -2.141085
    -0.092074    -2.138785
    -0.090400    -2.136531
    -0.088726    -2.134323
    -0.087052    -2.132158
    -0.085377    -2.130038
    -0.083703    -2.127960
    -0.082029    -2.125925
    -0.080355    -2.123933
    -0.078681    -2.121981
    -0.077007    -2.120070
    -0.075333    -2.118200
    -0.073659    -2.116369
    -0.071985    -2.114578
    -0.070311    -2.112826
    -0.068637    -2.111112
    -0.066963    -2.109437
    -0.065289    -2.107799
    -0.063615    -2.106199
    -0.061940    -2.104635
    -0.060266    -2.103109
    -0.058592    -2.101618
    -0.056918    -2.100164
    -0.055244    -2.098745
    -0.053570    -2.097362
    -0.051896    -2.096014
    -0.050222    -2.094702
    -0.048548    -2.093423
    -0.046874    -2.092179
    -0.045200    -2.090970
    -0.043526    -2.089794
    -0.041852    -2.088652
    -0.040178    -2.087544
    -0.038504    -2.086469
    -0.036829    -2.085427
    -0.035155    -2.084418
    -0.033481    -2.083442
    -0.031807    -2.082498
    -0.030133    -2.081587
    -0.028459    -2.080708
    -0.026785    -2.079862
    -0.025111    -2.079047
    -0.023437    -2.078264
    -0.021763    -2.077513
    -0.020089    -2.076794
    -0.018415    -2.076106
    -0.016741    -2.075449
    -0.015067    -2.074823
    -0.013393    -2.074229
    -0.011718    -2.073665
    -0.010044    -2.073132
    -0.008370    -2.072630
    -0.006696    -2.072159
    -0.005022    -2.071718
    -0.003348    -2.071307
    -0.001674    -2.070927
     0.000000    -2.070585
     0.002900    -2.071205
     0.005799    -2.071926
     0.008699    -2.072740
     0.011598    -2.073647
     0.014498    -2.074648
     0.017397    -2.075743
     0.020297    -2.076933
     0.023197    -2.078219
     0.026096    -2.079601
     0.028996    -2.081079
     0.031895    -2.082655
     0.034795    -2.084329
     0.037694    -2.086101
     0.040594    -2.087973
     0.043494    -2.089944
     0.046393    -2.092017
     0.049293    -2.094190
     0.052192    -2.096466
     0.055092    -2.098845
     0.057991    -2.101327
     0.060891    -2.103914
     0.063791    -2.106606
     0.066690    -2.109404
     0.069590    -2.112309
     0.072489    -2.115323
     0.075389    -2.118445
     0.078288    -2.121677
     0.081188    -2.125019
     0.084088    -2.128474
     0.086987    -2.132041
     0.089887    -2.135723
     0.092786    -2.139519
     0.095686    -2.143432
     0.098585    -2.147462
     0.101485    -2.151611
     0.104385    -2.155879
     0.107284    -2.160270
     0.110184    -2.164783
     0.113083    -2.169421
     0.115983    -2.174185
     0.118882    -2.179076
     0.121782    -2.184097
     0.124681    -2.189250
     0.127581    -2.194537
     0.130481    -2.199960
     0.133380    -2.205521
     0.136280    -2.211224
     0.139179    -2.217071
     0.142079    -2.223065
     0.144978    -2.229210
     0.147878    -2.235509
     0.150778    -2.241968
     0.153677    -2.248590
     0.156577    -2.255382
     0.159476    -2.262347
     0.162376    -2.269494
     0.165275    -2.276828
     0.168175    -2.284358
     0.171075    -2.292092
     0.173974    -2.300039
     0.176874    -2.308209
     0.179773    -2.316613
     0.182673    -2.325262
     0.185572    -2.334167
     0.188472    -2.343341
     0.191372    -2.352795
     0.194271    -2.362540
     0.197171    -2.372588
     0.200070    -2.382946
     0.202970    -2.393622
     0.205869    -2.404620
     0.208769    -2.415940
     0.211669    -2.427580
     0.214568    -2.439535
     0.217468    -2.451796
     0.220367    -2.464350
     0.223267    -2.477182
     0.226166    -2.490277
     0.229066    -2.503616
     0.231966    -2.517179
     0.234865    -2.530947
     0.237765    -2.544901
     0.240664    -2.559022
     0.243564    -2.573290
     0.246463    -2.587688
     0.249363    -2.602199
     0.252263    -2.616807
     0.255162    -2.631497
     0.258062    -2.646255
     0.260961    -2.661067
     0.263861    -2.675920
     0.266760    -2.690803
     0.269660    -2.705704
     0.272560    -2.720613
     0.275459    -2.735518
     0.278359    -2.750411
     0.281258    -2.765282
     0.284158    -2.780120
     0.287057    -2.794918
     0.289957    -2.809666


    -0.167407    -2.211783
    -0.165733    -2.206916
    -0.164059    -2.202223
    -0.162385    -2.197699
    -0.160710    -2.193339
    -0.159036    -2.189139
    -0.157362    -2.185093
    -0.155688    -2.181195
    -0.154014    -2.177439
    -0.152340    -2.173818
    -0.150666    -2.170327
    -0.148992    -2.166959
    -0.147318    -2.163709
    -0.145644    -2.160570
    -0.143970    -2.157537
    -0.142296    -2.154605
    -0.140622    -2.151768
    -0.138948    -2.149022
    -0.137274    -2.146361
    -0.135599    -2.143782
    -0.133925    -2.141281
    -0.132251    -2.138853
    -0.130577    -2.136495
    -0.128903    -2.134205
    -0.127229    -2.131978
    -0.125555    -2.129812
    -0.123881    -2.127704
    -0.122207    -2.125652
    -0.120533    -2.123654
    -0.118859    -2.121708
    -0.117185    -2.119811
    -0.115511    -2.117962
    -0.113837    -2.116159
    -0.112163    -2.114401
    -0.110488    -2.112686
    -0.108814    -2.111013
    -0.107140    -2.109381
    -0.105466    -2.107788
    -0.103792    -2.106235
    -0.102118    -2.104719
    -0.100444    -2.103240
    -0.098770    -2.101798
    -0.097096    -2.100390
    -0.095422    -2.099018
    -0.093748    -2.097680
    -0.092074    -2.096375
    -0.090400    -2.095104
    -0.088726    -2.093865
    -0.087052    -2.092659
    -0.085377    -2.091484
    -0.083703    -2.090341
    -0.082029    -2.089229
    -0.080355    -2.088147
    -0.078681    -2.087097
    -0.077007    -2.086077
    -0.075333    -2.085087
    -0.073659    -2.084126
    -0.071985    -2.083196
    -0.070311    -2.082295
    -0.068637    -2.081424
    -0.066963    -2.080581
    -0.065289    -2.079769
    -0.063615    -2.078985
    -0.061940    -2.078230
    -0.060266    -2.077504
    -0.058592    -2.076807
    -0.056918    -2.076138
    -0.055244    -2.075499
    -0.053570    -2.074888
    -0.051896    -2.074306
    -0.050222    -2.073752
    -0.048548    -2.073227
    -0.046874    -2.072731
    -0.045200    -2.072263
    -0.043526    -2.071824
    -0.041852    -2.071413
    -0.040178    -2.071032
    -0.038504    -2.070679
    -0.036829    -2.070354
    -0.035155    -2.070058
    -0.033481    -2.069792
    -0.031807    -2.069553
    -0.030133    -2.069344
    -0.028459    -2.069164
    -0.026785    -2.069012
    -0.025111    -2.068890
    -0.023437    -2.068796
    -0.021763    -2.068732
    -0.020089    -2.068696
    -0.018415    -2.068690
    -0.016741    -2.068713
    -0.015067    -2.068766
    -0.013393    -2.068848
    -0.011718    -2.068959
    -0.010044    -2.069100
    -0.008370    -2.069270
    -0.006696    -2.069470
    -0.005022    -2.069700
    -0.003348    -2.069960
    -0.001674    -2.070250
     0.000000    -2.070562
     0.002900    -2.070033
     0.005799    -2.069588
     0.008699    -2.069234
     0.011598    -2.068970
     0.014498    -2.068796
     0.017397    -2.068712
     0.020297    -2.068717
     0.023197    -2.068811
     0.026096    -2.068993
     0.028996    -2.069263
     0.031895    -2.069621
     0.034795    -2.070066
     0.037694    -2.070599
     0.040594    -2.071218
     0.043494    -2.071924
     0.046393    -2.072716
     0.049293    -2.073595
     0.052192    -2.074560
     0.055092    -2.075611
     0.057991    -2.076747
     0.060891    -2.077970
     0.063791    -2.079279
     0.066690    -2.080674
     0.069590    -2.082155
     0.072489    -2.083723
     0.075389    -2.085378
     0.078288    -2.087120
     0.081188    -2.088950
     0.084088    -2.090869
     0.086987    -2.092878
     0.089887    -2.094977
     0.092786    -2.097168
     0.095686    -2.099452
     0.098585    -2.101831
     0.101485    -2.104307
     0.104385    -2.106882
     0.107284    -2.109558
     0.110184    -2.112339
     0.113083    -2.115228
     0.115983    -2.118229
     0.118882    -2.121345
     0.121782    -2.124584
     0.124681    -2.127949
     0.127581    -2.131447
     0.130481    -2.135087
     0.133380    -2.138875
     0.136280    -2.142823
     0.139179    -2.146940
     0.142079    -2.151238
     0.144978    -2.155731
     0.147878    -2.160433
     0.150778    -2.165360
     0.153677    -2.170529
     0.156577    -2.175959
     0.159476    -2.181668
     0.162376    -2.187675
     0.165275    -2.194001
     0.168175    -2.200661
     0.171075    -2.207673
     0.173974    -2.215049
     0.176874    -2.222796
     0.179773    -2.230919
     0.182673    -2.239415
     0.185572    -2.248275
     0.188472    -2.257487
     0.191372    -2.267030
     0.194271    -2.276884
     0.197171    -2.287026
     0.200070    -2.297433
     0.202970    -2.308084
     0.205869    -2.318963
     0.208769    -2.330061
     0.211669    -2.341374
     0.214568    -2.352907
     0.217468    -2.364669
     0.220367    -2.376678
     0.223267    -2.388950
     0.226166    -2.401501
     0.229066    -2.414343
     0.231966    -2.427478
     0.234865    -2.440900
     0.237765    -2.454593
     0.240664    -2.468537
     0.243564    -2.482705
     0.246463    -2.497069
     0.249363    -2.511602
     0.252263    -2.526278
     0.255162    -2.541074
     0.258062    -2.555968
     0.260961    -2.570943
     0.263861    -2.585981
     0.266760    -2.601069
     0.269660    -2.616194
     0.272560    -2.631343
     0.275459    -2.646508
     0.278359    -2.661678
     0.281258    -2.676845
     0.284158    -2.692000
     0.287057    -2.707135
     0.289957    -2.722243


    -0.167407    -2.029229
    -0.165733    -2.023447
    -0.164059    -2.017534
    -0.162385    -2.011496
    -0.160710    -2.005340
    -0.159036    -1.999073
    -0.157362    -1.992701
    -0.155688    -1.986232
    -0.154014    -1.979673
    -0.152340    -1.973033
    -0.150666    -1.966319
    -0.148992    -1.959538
    -0.147318    -1.952698
    -0.145644    -1.945807
    -0.143970    -1.938871
    -0.142296    -1.931897
    -0.140622    -1.924893
    -0.138948    -1.917865
    -0.137274    -1.910818
    -0.135599    -1.903758
    -0.133925    -1.896691
    -0.132251    -1.889623
    -0.130577    -1.882557
    -0.128903    -1.875500
    -0.127229    -1.868455
    -0.125555    -1.861426
    -0.123881    -1.854418
    -0.122207    -1.847435
    -0.120533    -1.840479
    -0.118859    -1.833555
    -0.117185    -1.826667
    -0.115511    -1.819819
    -0.113837    -1.813385
    -0.112163    -1.807205
    -0.110488    -1.801054
    -0.108814    -1.794931
    -0.107140    -1.788839
    -0.105466    -1.782779
    -0.103792    -1.776753
    -0.102118    -1.770763
    -0.100444    -1.764811
    -0.098770    -1.758897
    -0.097096    -1.753025
    -0.095422    -1.747194
    -0.093748    -1.741407
    -0.092074    -1.735666
    -0.090400    -1.729972
    -0.088726    -1.724325
    -0.087052    -1.718728
    -0.085377    -1.713182
    -0.083703    -1.707688
    -0.082029    -1.702248
    -0.080355    -1.696863
    -0.078681    -1.691534
    -0.077007    -1.686263
    -0.075333    -1.681050
    -0.073659    -1.675897
    -0.071985    -1.670806
    -0.070311    -1.665777
    -0.068637    -1.660812
    -0.066963    -1.655913
    -0.065289    -1.651080
    -0.063615    -1.646315
    -0.061940    -1.641619
    -0.060266    -1.636994
    -0.058592    -1.632441
    -0.056918    -1.627962
    -0.055244    -1.623558
    -0.053570    -1.619232
    -0.051896    -1.614983
    -0.050222    -1.610816
    -0.048548    -1.606731
    -0.046874    -1.602730
    -0.045200    -1.598816
    -0.043526    -1.594990
    -0.041852    -1.591255
    -0.040178    -1.587614
    -0.038504    -1.584069
    -0.036829    -1.580623
    -0.035155    -1.577279
    -0.033481    -1.574040
    -0.031807    -1.570909
    -0.030133    -1.567891
    -0.028459    -1.564988
    -0.026785    -1.562204
    -0.025111    -1.559544
    -0.023437    -1.557012
    -0.021763    -1.554613
    -0.020089    -1.552350
    -0.018415    -1.550229
    -0.016741    -1.548254
    -0.015067    -1.546430
    -0.013393    -1.544762
    -0.011718    -1.543255
    -0.010044    -1.541912
    -0.008370    -1.540739
    -0.006696    -1.539738
    -0.005022    -1.538913
    -0.003348    -1.538267
    -0.001674    -1.537802
     0.000000    -1.537526
     0.002900    -1.538126
     0.005799    -1.539272
     0.008699    -1.540947
     0.011598    -1.543136
     0.014498    -1.545818
     0.017397    -1.548971
     0.020297    -1.552571
     0.023197    -1.556593
     0.026096    -1.561015
     0.028996    -1.565813
     0.031895    -1.570969
     0.034795    -1.576462
     0.037694    -1.582275
     0.040594    -1.588393
     0.043494    -1.594803
     0.046393    -1.601492
     0.049293    -1.608449
     0.052192    -1.615664
     0.055092    -1.623129
     0.057991    -1.630835
     0.060891    -1.638775
     0.063791    -1.646944
     0.066690    -1.655336
     0.069590    -1.663945
     0.072489    -1.672768
     0.075389    -1.681799
     0.078288    -1.691035
     0.081188    -1.700473
     0.084088    -1.710111
     0.086987    -1.719945
     0.089887    -1.729973
     0.092786    -1.740195
     0.095686    -1.750608
     0.098585    -1.761213
     0.101485    -1.772008
     0.104385    -1.782993
     0.107284    -1.794169
     0.110184    -1.805536
     0.113083    -1.817093
     0.115983    -1.828840
     0.118882    -1.840775
     0.121782    -1.852896
     0.124681    -1.865200
     0.127581    -1.877682
     0.130481    -1.890336
     0.133380    -1.903155
     0.136280    -1.916133
     0.139179    -1.929262
     0.142079    -1.942532
     0.144978    -1.955936
     0.147878    -1.969466
     0.150778    -1.983113
     0.153677    -1.996869
     0.156577    -2.010726
     0.159476    -2.024677
     0.162376    -2.038713
     0.165275    -2.052827
     0.168175    -2.067012
     0.171075    -2.081262
     0.173974    -2.095568
     0.176874    -2.109924
     0.179773    -2.124323
     0.182673    -2.138755
     0.185572    -2.153214
     0.188472    -2.167690
     0.191372    -2.182173
     0.194271    -2.196652
     0.197171    -2.211113
     0.200070    -2.225541
     0.202970    -2.239918
     0.205869    -2.254225
     0.208769    -2.268439
     0.211669    -2.282531
     0.214568    -2.296475
     0.217468    -2.310238
     0.220367    -2.323788
     0.223267    -2.337098
     0.226166    -2.350142
     0.229066    -2.362905
     0.231966    -2.375381
     0.234865    -2.387576
     0.237765    -2.399505
     0.240664    -2.411191
     0.243564    -2.422662
     0.246463    -2.433947
     0.249363    -2.445075
     0.252263    -2.456073
     0.255162    -2.466965
     0.258062    -2.477773
     0.260961    -2.488515
     0.263861    -2.499207
     0.266760    -2.509862
     0.269660    -2.520493
     0.272560    -2.531107
     0.275459    -2.541714
     0.278359    -2.552320
     0.281258    -2.562931
     0.284158    -2.573552
     0.287057    -2.584186
     0.289957    -2.594836


    -0.167407    -2.010876
    -0.165733    -2.005134
    -0.164059    -1.999341
    -0.162385    -1.993497
    -0.160710    -1.987605
    -0.159036    -1.981667
    -0.157362    -1.975686
    -0.155688    -1.969663
    -0.154014    -1.963602
    -0.152340    -1.957504
    -0.150666    -1.951372
    -0.148992    -1.945209
    -0.147318    -1.939018
    -0.145644    -1.932801
    -0.143970    -1.926561
    -0.142296    -1.920301
    -0.140622    -1.914024
    -0.138948    -1.907732
    -0.137274    -1.901428
    -0.135599    -1.895114
    -0.133925    -1.888794
    -0.132251    -1.882471
    -0.130577    -1.876146
    -0.128903    -1.869823
    -0.127229    -1.863503
    -0.125555    -1.857191
    -0.123881    -1.850887
    -0.122207    -1.844594
    -0.120533    -1.838315
    -0.118859    -1.832051
    -0.117185    -1.825806
    -0.115511    -1.819577
    -0.113837    -1.812998
    -0.112163    -1.806232
    -0.110488    -1.799510
    -0.108814    -1.792837
    -0.107140    -1.786214
    -0.105466    -1.779643
    -0.103792    -1.773128
    -0.102118    -1.766670
    -0.100444    -1.760270
    -0.098770    -1.753931
    -0.097096    -1.747654
    -0.095422    -1.741441
    -0.093748    -1.735294
    -0.092074    -1.729214
    -0.090400    -1.723202
    -0.088726    -1.717259
    -0.087052    -1.711388
    -0.085377    -1.705588
    -0.083703    -1.699862
    -0.082029    -1.694210
    -0.080355    -1.688634
    -0.078681    -1.683135
    -0.077007    -1.677713
    -0.075333    -1.672369
    -0.073659    -1.667105
    -0.071985    -1.661922
    -0.070311    -1.656820
    -0.068637    -1.651800
    -0.066963    -1.646863
    -0.065289    -1.642011
    -0.063615    -1.637244
    -0.061940    -1.632564
    -0.060266    -1.627971
    -0.058592    -1.623466
    -0.056918    -1.619050
    -0.055244    -1.614725
    -0.053570    -1.610492
    -0.051896    -1.606352
    -0.050222    -1.602307
    -0.048548    -1.598358
    -0.046874    -1.594506
    -0.045200    -1.590754
    -0.043526    -1.587103
    -0.041852    -1.583555
    -0.040178    -1.580112
    -0.038504    -1.576777
    -0.036829    -1.573553
    -0.035155    -1.570441
    -0.033481    -1.567444
    -0.031807    -1.564567
    -0.030133    -1.561811
    -0.028459    -1.559181
    -0.026785    -1.556679
    -0.025111    -1.554311
    -0.023437    -1.552079
    -0.021763    -1.549989
    -0.020089    -1.548044
    -0.018415    -1.546249
    -0.016741    -1.544608
    -0.015067    -1.543125
    -0.013393    -1.541806
    -0.011718    -1.540653
    -0.010044    -1.539671
    -0.008370    -1.538864
    -0.006696    -1.538233
    -0.005022    -1.537783
    -0.003348    -1.537514
    -0.001674    -1.537428
     0.000000    -1.537519
     0.002900    -1.537465
     0.005799    -1.537954
     0.008699    -1.538982
     0.011598    -1.540538
     0.014498    -1.542604
     0.017397    -1.545160
     0.020297    -1.548184
     0.023197    -1.551652
     0.026096    -1.555542
     0.028996    -1.559832
     0.031895    -1.564501
     0.034795    -1.569531
     0.037694    -1.574906
     0.040594    -1.580608
     0.043494    -1.586627
     0.046393    -1.592949
     0.049293    -1.599564
     0.052192    -1.606464
     0.055092    -1.613639
     0.057991    -1.621083
     0.060891    -1.628790
     0.063791    -1.636752
     0.066690    -1.644965
     0.069590    -1.653423
     0.072489    -1.662120
     0.075389    -1.671052
     0.078288    -1.680213
     0.081188    -1.689598
     0.084088    -1.699201
     0.086987    -1.709015
     0.089887    -1.719033
     0.092786    -1.729248
     0.095686    -1.739652
     0.098585    -1.750235
     0.101485    -1.760987
     0.104385    -1.771899
     0.107284    -1.782958
     0.110184    -1.794152
     0.113083    -1.805469
     0.115983    -1.816895
     0.118882    -1.828417
     0.121782    -1.840022
     0.124681    -1.851697
     0.127581    -1.863428
     0.130481    -1.875203
     0.133380    -1.887008
     0.136280    -1.898827
     0.139179    -1.910646
     0.142079    -1.922447
     0.144978    -1.934212
     0.147878    -1.945920
     0.150778    -1.957549
     0.153677    -1.969075
     0.156577    -1.980472
     0.159476    -1.991712
     0.162376    -2.002766
     0.165275    -2.013606
     0.168175    -2.024202
     0.171075    -2.034527
     0.173974    -2.044555
     0.176874    -2.054264
     0.179773    -2.063639
     0.182673    -2.072666
     0.185572    -2.081341
     0.188472    -2.089664
     0.191372    -2.097642
     0.194271    -2.105286
     0.197171    -2.112613
     0.200070    -2.119640
     0.202970    -2.126391
     0.205869    -2.132886
     0.208769    -2.139149
     0.211669    -2.145202
     0.214568    -2.151066
     0.217468    -2.156762
     0.220367    -2.162307
     0.223267    -2.167720
     0.226166    -2.173017
     0.229066    -2.178211
     0.231966    -2.183315
     0.234865    -2.188342
     0.237765    -2.193301
     0.240664    -2.198203
     0.243564    -2.203056
     0.246463    -2.207868
     0.249363    -2.212647
     0.252263    -2.217398
     0.255162    -2.222128
     0.258062    -2.226843
     0.260961    -2.231548
     0.263861    -2.236247
     0.266760    -2.240946
     0.269660    -2.245648
     0.272560    -2.250359
     0.275459    -2.255081
     0.278359    -2.259819
     0.281258    -2.264577
     0.284158    -2.269358
     0.287057    -2.274166
     0.289957    -2.279004


    -0.167407    -1.525565
    -0.165733    -1.522210
    -0.164059    -1.518883
    -0.162385    -1.515586
    -0.160710    -1.512320
    -0.159036    -1.509085
    -0.157362    -1.505882
    -0.155688    -1.502714
    -0.154014    -1.499580
    -0.152340    -1.496483
    -0.150666    -1.493422
    -0.148992    -1.490399
    -0.147318    -1.487416
    -0.145644    -1.484473
    -0.143970    -1.481571
    -0.142296    -1.478712
    -0.140622    -1.475895
    -0.138948    -1.473124
    -0.137274    -1.470398
    -0.135599    -1.467718
    -0.133925    -1.465086
    -0.132251    -1.462502
    -0.130577    -1.459968
    -0.128903    -1.457484
    -0.127229    -1.455052
    -0.125555    -1.452671
    -0.123881    -1.450344
    -0.122207    -1.448070
    -0.120533    -1.445851
    -0.118859    -1.443688
    -0.117185    -1.441580
    -0.115511    -1.439530
    -0.113837    -1.437537
    -0.112163    -1.435601
    -0.110488    -1.433725
    -0.108814    -1.431907
    -0.107140    -1.430150
    -0.105466    -1.428452
    -0.103792    -1.426814
    -0.102118    -1.425238
    -0.100444    -1.423722
    -0.098770    -1.422268
    -0.097096    -1.420875
    -0.095422    -1.419544
    -0.093748    -1.418275
    -0.092074    -1.417068
    -0.090400    -1.415922
    -0.088726    -1.414839
    -0.087052    -1.413817
    -0.085377    -1.412857
    -0.083703    -1.411958
    -0.082029    -1.411121
    -0.080355    -1.410344
    -0.078681    -1.409628
    -0.077007    -1.408973
    -0.075333    -1.408377
    -0.073659    -1.407841
    -0.071985    -1.407363
    -0.070311    -1.406943
    -0.068637    -1.406581
    -0.066963    -1.406275
    -0.065289    -1.406026
    -0.063615    -1.405831
    -0.061940    -1.405690
    -0.060266    -1.405603
    -0.058592    -1.405567
    -0.056918    -1.405581
    -0.055244    -1.405645
    -0.053570    -1.405757
    -0.051896    -1.405916
    -0.050222    -1.406119
    -0.048548    -1.406365
    -0.046874    -1.406652
    -0.045200    -1.406978
    -0.043526    -1.407341
    -0.041852    -1.407738
    -0.040178    -1.408167
    -0.038504    -1.408626
    -0.036829    -1.409111
    -0.035155    -1.409620
    -0.033481    -1.410148
    -0.031807    -1.410693
    -0.030133    -1.411251
    -0.028459    -1.411817
    -0.026785    -1.412387
    -0.025111    -1.412956
    -0.023437    -1.413519
    -0.021763    -1.414072
    -0.020089    -1.414610
    -0.018415    -1.415128
    -0.016741    -1.415620
    -0.015067    -1.416083
    -0.013393    -1.416511
    -0.011718    -1.416900
    -0.010044    -1.417246
    -0.008370    -1.417546
    -0.006696    -1.417795
    -0.005022    -1.417992
    -0.003348    -1.418133
    -0.001674    -1.418217
     0.000000    -1.418243
     0.002900    -1.418156
     0.005799    -1.417900
     0.008699    -1.417485
     0.011598    -1.416932
     0.014498    -1.416262
     0.017397    -1.415499
     0.020297    -1.414668
     0.023197    -1.413794
     0.026096    -1.412899
     0.028996    -1.412009
     0.031895    -1.411144
     0.034795    -1.410324
     0.037694    -1.409568
     0.040594    -1.408892
     0.043494    -1.408310
     0.046393    -1.407835
     0.049293    -1.407480
     0.052192    -1.407254
     0.055092    -1.407166
     0.057991    -1.407225
     0.060891    -1.407437
     0.063791    -1.407809
     0.066690    -1.408345
     0.069590    -1.409050
     0.072489    -1.409929
     0.075389    -1.410983
     0.078288    -1.412216
     0.081188    -1.413630
     0.084088    -1.415226
     0.086987    -1.417005
     0.089887    -1.418966
     0.092786    -1.421111
     0.095686    -1.423437
     0.098585    -1.425945
     0.101485    -1.428632
     0.104385    -1.431496
     0.107284    -1.434534
     0.110184    -1.437744
     0.113083    -1.441122
     0.115983    -1.444665
     0.118882    -1.448369
     0.121782    -1.452228
     0.124681    -1.456239
     0.127581    -1.460397
     0.130481    -1.464696
     0.133380    -1.469132
     0.136280    -1.473699
     0.139179    -1.478392
     0.142079    -1.483205
     0.144978    -1.488134
     0.147878    -1.493172
     0.150778    -1.498315
     0.153677    -1.503557
     0.156577    -1.508894
     0.159476    -1.514321
     0.162376    -1.519833
     0.165275    -1.525426
     0.168175    -1.531096
     0.171075    -1.536838
     0.173974    -1.542650
     0.176874    -1.548528
     0.179773    -1.554469
     0.182673    -1.560470
     0.185572    -1.566529
     0.188472    -1.572644
     0.191372    -1.578813
     0.194271    -1.585034
     0.197171    -1.591306
     0.200070    -1.597629
     0.202970    -1.604000
     0.205869    -1.610420
     0.208769    -1.616888
     0.211669    -1.623404
     0.214568    -1.629968
     0.217468    -1.636580
     0.220367    -1.643239
     0.223267    -1.649947
     0.226166    -1.656701
     0.229066    -1.663503
     0.231966    -1.670352
     0.234865    -1.677247
     0.237765    -1.684188
     0.240664    -1.691172
     0.243564    -1.698198
     0.246463    -1.705265
     0.249363    -1.712369
     0.252263    -1.719508
     0.255162    -1.726677
     0.258062    -1.733874
     0.260961    -1.741094
     0.263861    -1.748331
     0.266760    -1.755582
     0.269660    -1.762840
     0.272560    -1.770099
     0.275459    -1.777355
     0.278359    -1.784600
     0.281258    -1.791829
     0.284158    -1.799035
     0.287057    -1.806211
     0.289957    -1.813351


    -0.167407    -1.488231
    -0.165733    -1.485255
    -0.164059    -1.482328
    -0.162385    -1.479452
    -0.160710    -1.476626
    -0.159036    -1.473851
    -0.157362    -1.471128
    -0.155688    -1.468458
    -0.154014    -1.465839
    -0.152340    -1.463274
    -0.150666    -1.460763
    -0.148992    -1.458305
    -0.147318    -1.455901
    -0.145644    -1.453551
    -0.143970    -1.451255
    -0.142296    -1.449014
    -0.140622    -1.446828
    -0.138948    -1.444696
    -0.137274    -1.442620
    -0.135599    -1.440598
    -0.133925    -1.438631
    -0.132251    -1.436719
    -0.130577    -1.434861
    -0.128903    -1.433059
    -0.127229    -1.431310
    -0.125555    -1.429617
    -0.123881    -1.427977
    -0.122207    -1.426392
    -0.120533    -1.424861
    -0.118859    -1.423383
    -0.117185    -1.421959
    -0.115511    -1.420588
    -0.113837    -1.419270
    -0.112163    -1.418005
    -0.110488    -1.416792
    -0.108814    -1.415632
    -0.107140    -1.414524
    -0.105466    -1.413467
    -0.103792    -1.412461
    -0.102118    -1.411506
    -0.100444    -1.410602
    -0.098770    -1.409748
    -0.097096    -1.408944
    -0.095422    -1.408190
    -0.093748    -1.407485
    -0.092074    -1.406828
    -0.090400    -1.406220
    -0.088726    -1.405660
    -0.087052    -1.405147
    -0.085377    -1.404681
    -0.083703    -1.404262
    -0.082029    -1.403889
    -0.080355    -1.403561
    -0.078681    -1.403279
    -0.077007    -1.403042
    -0.075333    -1.402848
    -0.073659    -1.402698
    -0.071985    -1.402591
    -0.070311    -1.402526
    -0.068637    -1.402502
    -0.066963    -1.402520
    -0.065289    -1.402577
    -0.063615    -1.402674
    -0.061940    -1.402810
    -0.060266    -1.402982
    -0.058592    -1.403192
    -0.056918    -1.403437
    -0.055244    -1.403717
    -0.053570    -1.404030
    -0.051896    -1.404374
    -0.050222    -1.404750
    -0.048548    -1.405155
    -0.046874    -1.405588
    -0.045200    -1.406046
    -0.043526    -1.406529
    -0.041852    -1.407034
    -0.040178    -1.407559
    -0.038504    -1.408102
    -0.036829    -1.408660
    -0.035155    -1.409232
    -0.033481    -1.409813
    -0.031807    -1.410402
    -0.030133    -1.410995
    -0.028459    -1.411589
    -0.026785    -1.412181
    -0.025111    -1.412768
    -0.023437    -1.413346
    -0.021763    -1.413911
    -0.020089    -1.414459
    -0.018415    -1.414987
    -0.016741    -1.415489
    -0.015067    -1.415961
    -0.013393    -1.416398
    -0.011718    -1.416797
    -0.010044    -1.417153
    -0.008370    -1.417462
    -0.006696    -1.417721
    -0.005022    -1.417926
    -0.003348    -1.418076
    -0.001674    -1.418167
     0.000000    -1.418200
     0.002900    -1.418114
     0.005799    -1.417854
     0.008699    -1.417429
     0.011598    -1.416847
     0.014498    -1.416124
     0.017397    -1.415280
     0.020297    -1.414337
     0.023197    -1.413319
     0.026096    -1.412248
     0.028996    -1.411144
     0.031895    -1.410029
     0.034795    -1.408921
     0.037694    -1.407836
     0.040594    -1.406789
     0.043494    -1.405793
     0.046393    -1.404859
     0.049293    -1.403998
     0.052192    -1.403218
     0.055092    -1.402527
     0.057991    -1.401932
     0.060891    -1.401437
     0.063791    -1.401050
     0.066690    -1.400773
     0.069590    -1.400611
     0.072489    -1.400568
     0.075389    -1.400646
     0.078288    -1.400848
     0.081188    -1.401177
     0.084088    -1.401635
     0.086987    -1.402224
     0.089887    -1.402945
     0.092786    -1.403802
     0.095686    -1.404794
     0.098585    -1.405924
     0.101485    -1.407193
     0.104385    -1.408602
     0.107284    -1.410152
     0.110184    -1.411845
     0.113083    -1.413682
     0.115983    -1.415663
     0.118882    -1.417790
     0.121782    -1.420063
     0.124681    -1.422484
     0.127581    -1.425053
     0.130481    -1.427771
     0.133380    -1.430639
     0.136280    -1.433657
     0.139179    -1.436827
     0.142079    -1.440147
     0.144978    -1.443619
     0.147878    -1.447242
     0.150778    -1.451017
     0.153677    -1.454944
     0.156577    -1.459021
     0.159476    -1.463249
     0.162376    -1.467626
     0.165275    -1.472150
     0.168175    -1.476821
     0.171075    -1.481636
     0.173974    -1.486593
     0.176874    -1.491689
     0.179773    -1.496920
     0.182673    -1.502283
     0.185572    -1.507773
     0.188472    -1.513386
     0.191372    -1.519117
     0.194271    -1.524959
     0.197171    -1.530907
     0.200070    -1.536953
     0.202970    -1.543091
     0.205869    -1.549313
     0.208769    -1.555611
     0.211669    -1.561978
     0.214568    -1.568405
     0.217468    -1.574882
     0.220367    -1.581403
     0.223267    -1.587958
     0.226166    -1.594539
     0.229066    -1.601137
     0.231966    -1.607745
     0.234865    -1.614354
     0.237765    -1.620957
     0.240664    -1.627547
     0.243564    -1.634118
     0.246463    -1.640664
     0.249363    -1.647179
     0.252263    -1.653659
     0.255162    -1.660099
     0.258062    -1.666495
     0.260961    -1.672845
     0.263861    -1.679146
     0.266760    -1.685396
     0.269660    -1.691592
     0.272560    -1.697735
     0.275459    -1.703822
     0.278359    -1.709852
     0.281258    -1.715827
     0.284158    -1.721744
     0.287057    -1.727604
     0.289957    -1.733408


    -0.167407    -1.154620
    -0.165733    -1.150219
    -0.164059    -1.145764
    -0.162385    -1.141257
    -0.160710    -1.136707
    -0.159036    -1.133039
    -0.157362    -1.129351
    -0.155688    -1.125620
    -0.154014    -1.121845
    -0.152340    -1.118024
    -0.150666    -1.114156
    -0.148992    -1.110240
    -0.147318    -1.106275
    -0.145644    -1.102260
    -0.143970    -1.098194
    -0.142296    -1.094075
    -0.140622    -1.089903
    -0.138948    -1.085677
    -0.137274    -1.081395
    -0.135599    -1.077056
    -0.133925    -1.072660
    -0.132251    -1.068206
    -0.130577    -1.063693
    -0.128903    -1.059120
    -0.127229    -1.054486
    -0.125555    -1.049791
    -0.123881    -1.045034
    -0.122207    -1.040215
    -0.120533    -1.035332
    -0.118859    -1.030387
    -0.117185    -1.025378
    -0.115511    -1.020305
    -0.113837    -1.015169
    -0.112163    -1.009968
    -0.110488    -1.004704
    -0.108814    -0.999375
    -0.107140    -0.993984
    -0.105466    -0.988529
    -0.103792    -0.983011
    -0.102118    -0.977432
    -0.100444    -0.971791
    -0.098770    -0.966089
    -0.097096    -0.960328
    -0.095422    -0.954509
    -0.093748    -0.948632
    -0.092074    -0.942699
    -0.090400    -0.936712
    -0.088726    -0.930672
    -0.087052    -0.924581
    -0.085377    -0.918441
    -0.083703    -0.912254
    -0.082029    -0.906022
    -0.080355    -0.899747
    -0.078681    -0.893433
    -0.077007    -0.887083
    -0.075333    -0.880698
    -0.073659    -0.874282
    -0.071985    -0.867840
    -0.070311    -0.861373
    -0.068637    -0.854887
    -0.066963    -0.848386
    -0.065289    -0.841873
    -0.063615    -0.835354
    -0.061940    -0.828833
    -0.060266    -0.822316
    -0.058592    -0.815808
    -0.056918    -0.809316
    -0.055244    -0.802846
    -0.053570    -0.796404
    -0.051896    -0.789998
    -0.050222    -0.783636
    -0.048548    -0.777324
    -0.046874    -0.771073
    -0.045200    -0.764890
    -0.043526    -0.758786
    -0.041852    -0.752770
    -0.040178    -0.746854
    -0.038504    -0.741047
    -0.036829    -0.735362
    -0.035155    -0.729811
    -0.033481    -0.724406
    -0.031807    -0.719160
    -0.030133    -0.714086
    -0.028459    -0.709199
    -0.026785    -0.704510
    -0.025111    -0.700035
    -0.023437    -0.695786
    -0.021763    -0.691777
    -0.020089    -0.688020
    -0.018415    -0.684527
    -0.016741    -0.681309
    -0.015067    -0.678377
    -0.013393    -0.675739
    -0.011718    -0.673403
    -0.010044    -0.671374
    -0.008370    -0.669657
    -0.006696    -0.668255
    -0.005022    -0.667169
    -0.003348    -0.666396
    -0.001674    -0.665933
     0.000000    -0.665776
     0.002900    -0.666234
     0.005799    -0.667625
     0.008699    -0.669960
     0.011598    -0.673234
     0.014498    -0.677430
     0.017397    -0.682514
     0.020297    -0.688441
     0.023197    -0.695156
     0.026096    -0.702593
     0.028996    -0.710685
     0.031895    -0.719360
     0.034795    -0.728551
     0.037694    -0.738187
     0.040594    -0.748205
     0.043494    -0.758545
     0.046393    -0.769151
     0.049293    -0.779972
     0.052192    -0.790963
     0.055092    -0.802080
     0.057991    -0.813289
     0.060891    -0.824553
     0.063791    -0.835845
     0.066690    -0.847136
     0.069590    -0.858405
     0.072489    -0.869630
     0.075389    -0.880793
     0.078288    -0.891879
     0.081188    -0.902874
     0.084088    -0.913769
     0.086987    -0.924554
     0.089887    -0.935223
     0.092786    -0.945772
     0.095686    -0.956199
     0.098585    -0.966506
     0.101485    -0.976696
     0.104385    -0.986774
     0.107284    -0.996751
     0.110184    -1.006637
     0.113083    -1.016447
     0.115983    -1.026200
     0.118882    -1.035912
     0.121782    -1.045605
     0.124681    -1.055296
     0.127581    -1.064999
     0.130481    -1.074726
     0.133380    -1.084479
     0.136280    -1.094256
     0.139179    -1.104051
     0.142079    -1.113850
     0.144978    -1.123642
     0.147878    -1.133410
     0.150778    -1.143140
     0.153677    -1.152820
     0.156577    -1.162435
     0.159476    -1.171976
     0.162376    -1.181431
     0.165275    -1.190793
     0.168175    -1.200053
     0.171075    -1.209206
     0.173974    -1.218246
     0.176874    -1.227168
     0.179773    -1.235969
     0.182673    -1.244646
     0.185572    -1.253197
     0.188472    -1.261620
     0.191372    -1.269916
     0.194271    -1.278083
     0.197171    -1.286122
     0.200070    -1.294033
     0.202970    -1.301820
     0.205869    -1.309482
     0.208769    -1.317023
     0.211669    -1.324444
     0.214568    -1.331749
     0.217468    -1.338941
     0.220367    -1.346023
     0.223267    -1.352998
     0.226166    -1.359869
     0.229066    -1.366641
     0.231966    -1.373316
     0.234865    -1.379898
     0.237765    -1.386390
     0.240664    -1.392796
     0.243564    -1.399119
     0.246463    -1.405361
     0.249363    -1.411527
     0.252263    -1.417618
     0.255162    -1.423638
     0.258062    -1.429588
     0.260961    -1.435471
     0.263861    -1.441290
     0.266760    -1.447045
     0.269660    -1.452738
     0.272560    -1.458372
     0.275459    -1.463948
     0.278359    -1.469466
     0.281258    -1.474928
     0.284158    -1.480335
     0.287057    -1.485687
     0.289957    -1.490986


    -0.167407    -1.150869
    -0.165733    -1.147380
    -0.164059    -1.143854
    -0.162385    -1.140289
    -0.160710    -1.136673
    -0.159036    -1.132081
    -0.157362    -1.127413
    -0.155688    -1.122691
    -0.154014    -1.117917
    -0.152340    -1.113089
    -0.150666    -1.108209
    -0.148992    -1.103276
    -0.147318    -1.098291
    -0.145644    -1.093255
    -0.143970    -1.088168
    -0.142296    -1.083030
    -0.140622    -1.077843
    -0.138948    -1.072607
    -0.137274    -1.067322
    -0.135599    -1.061990
    -0.133925    -1.056611
    -0.132251    -1.051187
    -0.130577    -1.045718
    -0.128903    -1.040206
    -0.127229    -1.034651
    -0.125555    -1.029055
    -0.123881    -1.023419
    -0.122207    -1.017744
    -0.120533    -1.012032
    -0.118859    -1.006284
    -0.117185    -1.000501
    -0.115511    -0.994686
    -0.113837    -0.988838
    -0.112163    -0.982961
    -0.110488    -0.977056
    -0.108814    -0.971123
    -0.107140    -0.965166
    -0.105466    -0.959186
    -0.103792    -0.953185
    -0.102118    -0.947165
    -0.100444    -0.941127
    -0.098770    -0.935073
    -0.097096    -0.929006
    -0.095422    -0.922928
    -0.093748    -0.916841
    -0.092074    -0.910747
    -0.090400    -0.904648
    -0.088726    -0.898547
    -0.087052    -0.892446
    -0.085377    -0.886347
    -0.083703    -0.880253
    -0.082029    -0.874166
    -0.080355    -0.868090
    -0.078681    -0.862025
    -0.077007    -0.855977
    -0.075333    -0.849946
    -0.073659    -0.843936
    -0.071985    -0.837951
    -0.070311    -0.831992
    -0.068637    -0.826063
    -0.066963    -0.820167
    -0.065289    -0.814307
    -0.063615    -0.808488
    -0.061940    -0.802711
    -0.060266    -0.796981
    -0.058592    -0.791302
    -0.056918    -0.785676
    -0.055244    -0.780109
    -0.053570    -0.774603
    -0.051896    -0.769164
    -0.050222    -0.763795
    -0.048548    -0.758501
    -0.046874    -0.753287
    -0.045200    -0.748156
    -0.043526    -0.743116
    -0.041852    -0.738169
    -0.040178    -0.733323
    -0.038504    -0.728582
    -0.036829    -0.723953
    -0.035155    -0.719441
    -0.033481    -0.715054
    -0.031807    -0.710797
    -0.030133    -0.706678
    -0.028459    -0.702703
    -0.026785    -0.698882
    -0.025111    -0.695221
    -0.023437    -0.691729
    -0.021763    -0.688414
    -0.020089    -0.685286
    -0.018415    -0.682353
    -0.016741    -0.679625
    -0.015067    -0.677112
    -0.013393    -0.674823
    -0.011718    -0.672768
    -0.010044    -0.670957
    -0.008370    -0.669400
    -0.006696    -0.668106
    -0.005022    -0.667085
    -0.003348    -0.666346
    -0.001674    -0.665899
     0.000000    -0.665752
     0.002900    -0.666201
     0.005799    -0.667520
     0.008699    -0.669667
     0.011598    -0.672596
     0.014498    -0.676255
     0.017397    -0.680596
     0.020297    -0.685566
     0.023197    -0.691117
     0.026096    -0.697203
     0.028996    -0.703781
     0.031895    -0.710810
     0.034795    -0.718253
     0.037694    -0.726075
     0.040594    -0.734245
     0.043494    -0.742734
     0.046393    -0.751514
     0.049293    -0.760560
     0.052192    -0.769849
     0.055092    -0.779359
     0.057991    -0.789070
     0.060891    -0.798963
     0.063791    -0.809020
     0.066690    -0.819222
     0.069590    -0.829555
     0.072489    -0.840002
     0.075389    -0.850547
     0.078288    -0.861177
     0.081188    -0.871875
     0.084088    -0.882628
     0.086987    -0.893422
     0.089887    -0.904240
     0.092786    -0.915070
     0.095686    -0.925894
     0.098585    -0.936697
     0.101485    -0.947462
     0.104385    -0.958170
     0.107284    -0.968801
     0.110184    -0.979335
     0.113083    -0.989748
     0.115983    -1.000016
     0.118882    -1.010115
     0.121782    -1.020020
     0.124681    -1.029709
     0.127581    -1.039165
     0.130481    -1.048375
     0.133380    -1.057334
     0.136280    -1.066043
     0.139179    -1.074510
     0.142079    -1.082746
     0.144978    -1.090767
     0.147878    -1.098587
     0.150778    -1.106222
     0.153677    -1.113689
     0.156577    -1.121001
     0.159476    -1.128173
     0.162376    -1.135216
     0.165275    -1.142143
     0.168175    -1.148962
     0.171075    -1.155685
     0.173974    -1.162319
     0.176874    -1.168872
     0.179773    -1.175352
     0.182673    -1.181765
     0.185572    -1.188117
     0.188472    -1.194414
     0.191372    -1.200659
     0.194271    -1.206859
     0.197171    -1.213017
     0.200070    -1.219136
     0.202970    -1.225220
     0.205869    -1.231272
     0.208769    -1.237293
     0.211669    -1.243288
     0.214568    -1.249256
     0.217468    -1.255200
     0.220367    -1.261122
     0.223267    -1.267022
     0.226166    -1.272902
     0.229066    -1.278761
     0.231966    -1.284601
     0.234865    -1.290421
     0.237765    -1.296223
     0.240664    -1.302005
     0.243564    -1.307768
     0.246463    -1.313511
     0.249363    -1.319233
     0.252263    -1.324935
     0.255162    -1.330615
     0.258062    -1.336273
     0.260961    -1.341907
     0.263861    -1.347518
     0.266760    -1.353103
     0.269660    -1.358662
     0.272560    -1.364193
     0.275459    -1.369696
     0.278359    -1.375168
     0.281258    -1.380610
     0.284158    -1.386019
     0.287057    -1.391394
     0.289957    -1.396733


    -0.167407    -0.438405
    -0.165733    -0.435729
    -0.164059    -0.433098
    -0.162385    -0.430512
    -0.160710    -0.427972
    -0.159036    -0.425479
    -0.157362    -0.423032
    -0.155688    -0.420632
    -0.154014    -0.418280
    -0.152340    -0.415976
    -0.150666    -0.413721
    -0.148992    -0.411515
    -0.147318    -0.409358
    -0.145644    -0.407251
    -0.143970    -0.405195
    -0.142296    -0.403189
    -0.140622    -0.401234
    -0.138948    -0.399331
    -0.137274    -0.397479
    -0.135599    -0.395679
    -0.133925    -0.393932
    -0.132251    -0.392238
    -0.130577    -0.390597
    -0.128903    -0.389009
    -0.127229    -0.387474
    -0.125555    -0.385994
    -0.123881    -0.384567
    -0.122207    -0.383195
    -0.120533    -0.381877
    -0.118859    -0.380614
    -0.117185    -0.379406
    -0.115511    -0.378252
    -0.113837    -0.377153
    -0.112163    -0.376109
    -0.110488    -0.375120
    -0.108814    -0.374186
    -0.107140    -0.373306
    -0.105466    -0.372481
    -0.103792    -0.371711
    -0.102118    -0.370995
    -0.100444    -0.370333
    -0.098770    -0.369724
    -0.097096    -0.369169
    -0.095422    -0.368666
    -0.093748    -0.368216
    -0.092074    -0.367818
    -0.090400    -0.367471
    -0.088726    -0.367174
    -0.087052    -0.366926
    -0.085377    -0.366728
    -0.083703    -0.366576
    -0.082029    -0.366472
    -0.080355    -0.366412
    -0.078681    -0.366396
    -0.077007    -0.366422
    -0.075333    -0.366489
    -0.073659    -0.366595
    -0.071985    -0.366738
    -0.070311    -0.366915
    -0.068637    -0.367124
    -0.066963    -0.367362
    -0.065289    -0.367628
    -0.063615    -0.367917
    -0.061940    -0.368226
    -0.060266    -0.368552
    -0.058592    -0.368891
    -0.056918    -0.369238
    -0.055244    -0.369588
    -0.053570    -0.369938
    -0.051896    -0.370281
    -0.050222    -0.370611
    -0.048548    -0.370922
    -0.046874    -0.371208
    -0.045200    -0.371462
    -0.043526    -0.371675
    -0.041852    -0.371839
    -0.040178    -0.371946
    -0.038504    -0.371986
    -0.036829    -0.371949
    -0.035155    -0.371826
    -0.033481    -0.371606
    -0.031807    -0.371277
    -0.030133    -0.370829
    -0.028459    -0.370249
    -0.026785    -0.369525
    -0.025111    -0.368647
    -0.023437    -0.367602
    -0.021763    -0.366379
    -0.020089    -0.364968
    -0.018415    -0.363358
    -0.016741    -0.361540
    -0.015067    -0.359506
    -0.013393    -0.357249
    -0.011718    -0.354764
    -0.010044    -0.352046
    -0.008370    -0.349094
    -0.006696    -0.345907
    -0.005022    -0.342487
    -0.003348    -0.338836
    -0.001674    -0.334958
     0.000000    -0.330878
     0.002900    -0.337823
     0.005799    -0.344102
     0.008699    -0.349685
     0.011598    -0.354564
     0.014498    -0.358748
     0.017397    -0.362259
     0.020297    -0.365134
     0.023197    -0.367420
     0.026096    -0.369172
     0.028996    -0.370449
     0.031895    -0.371314
     0.034795    -0.371828
     0.037694    -0.372051
     0.040594    -0.372038
     0.043494    -0.371842
     0.046393    -0.371509
     0.049293    -0.371083
     0.052192    -0.370600
     0.055092    -0.370095
     0.057991    -0.369595
     0.060891    -0.369127
     0.063791    -0.368712
     0.066690    -0.368369
     0.069590    -0.368114
     0.072489    -0.367959
     0.075389    -0.367915
     0.078288    -0.367993
     0.081188    -0.368197
     0.084088    -0.368534
     0.086987    -0.369008
     0.089887    -0.369621
     0.092786    -0.370375
     0.095686    -0.371269
     0.098585    -0.372304
     0.101485    -0.373476
     0.104385    -0.374786
     0.107284    -0.376228
     0.110184    -0.377800
     0.113083    -0.379497
     0.115983    -0.381315
     0.118882    -0.383250
     0.121782    -0.385295
     0.124681    -0.387445
     0.127581    -0.389694
     0.130481    -0.392037
     0.133380    -0.394468
     0.136280    -0.396981
     0.139179    -0.399568
     0.142079    -0.402226
     0.144978    -0.404946
     0.147878    -0.407724
     0.150778    -0.410554
     0.153677    -0.413430
     0.156577    -0.416346
     0.159476    -0.419298
     0.162376    -0.422279
     0.165275    -0.425286
     0.168175    -0.428313
     0.171075    -0.431356
     0.173974    -0.434410
     0.176874    -0.437472
     0.179773    -0.440537
     0.182673    -0.443602
     0.185572    -0.446664
     0.188472    -0.449719
     0.191372    -0.452765
     0.194271    -0.455798
     0.197171    -0.458816
     0.200070    -0.461816
     0.202970    -0.464797
     0.205869    -0.467757
     0.208769    -0.470693
     0.211669    -0.473604
     0.214568    -0.476488
     0.217468    -0.479344
     0.220367    -0.482171
     0.223267    -0.484968
     0.226166    -0.487733
     0.229066    -0.490467
     0.231966    -0.493167
     0.234865    -0.495835
     0.237765    -0.498468
     0.240664    -0.501067
     0.243564    -0.503632
     0.246463    -0.506161
     0.249363    -0.508656
     0.252263    -0.511115
     0.255162    -0.513539
     0.258062    -0.515929
     0.260961    -0.518283
     0.263861    -0.520602
     0.266760    -0.522887
     0.269660    -0.525137
     0.272560    -0.527353
     0.275459    -0.529536
     0.278359    -0.531685
     0.281258    -0.533801
     0.284158    -0.535884
     0.287057    -0.537936
     0.289957    -0.539955


    -0.167407    -0.359069
    -0.165733    -0.354234
    -0.164059    -0.349410
    -0.162385    -0.344598
    -0.160710    -0.339798
    -0.159036    -0.335010
    -0.157362    -0.330236
    -0.155688    -0.325474
    -0.154014    -0.320727
    -0.152340    -0.315994
    -0.150666    -0.311276
    -0.148992    -0.306574
    -0.147318    -0.301887
    -0.145644    -0.297218
    -0.143970    -0.292566
    -0.142296    -0.287932
    -0.140622    -0.283318
    -0.138948    -0.278723
    -0.137274    -0.274150
    -0.135599    -0.269598
    -0.133925    -0.265070
    -0.132251    -0.260566
    -0.130577    -0.256088
    -0.128903    -0.251637
    -0.127229    -0.247215
    -0.125555    -0.242823
    -0.123881    -0.238464
    -0.122207    -0.234139
    -0.120533    -0.229851
    -0.118859    -0.225601
    -0.117185    -0.221394
    -0.115511    -0.217231
    -0.113837    -0.213115
    -0.112163    -0.209051
    -0.110488    -0.205041
    -0.108814    -0.201091
    -0.107140    -0.197204
    -0.105466    -0.193385
    -0.103792    -0.189640
    -0.102118    -0.185976
    -0.100444    -0.182397
    -0.098770    -0.178912
    -0.097096    -0.175528
    -0.095422    -0.172253
    -0.093748    -0.169097
    -0.092074    -0.166070
    -0.090400    -0.163182
    -0.088726    -0.160445
    -0.087052    -0.157871
    -0.085377    -0.155473
    -0.083703    -0.153266
    -0.082029    -0.151264
    -0.080355    -0.149483
    -0.078681    -0.147939
    -0.077007    -0.146647
    -0.075333    -0.145625
    -0.073659    -0.144887
    -0.071985    -0.144449
    -0.070311    -0.144326
    -0.068637    -0.144531
    -0.066963    -0.145074
    -0.065289    -0.145964
    -0.063615    -0.147207
    -0.061940    -0.148806
    -0.060266    -0.150761
    -0.058592    -0.153070
    -0.056918    -0.155725
    -0.055244    -0.158719
    -0.053570    -0.162037
    -0.051896    -0.165667
    -0.050222    -0.169591
    -0.048548    -0.173793
    -0.046874    -0.178251
    -0.045200    -0.182948
    -0.043526    -0.187861
    -0.041852    -0.192970
    -0.040178    -0.198255
    -0.038504    -0.203695
    -0.036829    -0.209271
    -0.035155    -0.214961
    -0.033481    -0.220748
    -0.031807    -0.226612
    -0.030133    -0.232535
    -0.028459    -0.238500
    -0.026785    -0.244489
    -0.025111    -0.250486
    -0.023437    -0.256474
    -0.021763    -0.262437
    -0.020089    -0.268359
    -0.018415    -0.274225
    -0.016741    -0.280019
    -0.015067    -0.285727
    -0.013393    -0.291333
    -0.011718    -0.296823
    -0.010044    -0.302183
    -0.008370    -0.307398
    -0.006696    -0.312457
    -0.005022    -0.317345
    -0.003348    -0.322052
    -0.001674    -0.326565
     0.000000    -0.330859
     0.002900    -0.323278
     0.005799    -0.315103
     0.008699    -0.306399
     0.011598    -0.297230
     0.014498    -0.287666
     0.017397    -0.277779
     0.020297    -0.267645
     0.023197    -0.257341
     0.026096    -0.246945
     0.028996    -0.236538
     0.031895    -0.226200
     0.034795    -0.216018
     0.037694    -0.206079
     0.040594    -0.196475
     0.043494    -0.187298
     0.046393    -0.178644
     0.049293    -0.170610
     0.052192    -0.163286
     0.055092    -0.156758
     0.057991    -0.151098
     0.060891    -0.146359
     0.063791    -0.142575
     0.066690    -0.139753
     0.069590    -0.137876
     0.072489    -0.136905
     0.075389    -0.136781
     0.078288    -0.137435
     0.081188    -0.138788
     0.084088    -0.140761
     0.086987    -0.143275
     0.089887    -0.146257
     0.092786    -0.149640
     0.095686    -0.153362
     0.098585    -0.157372
     0.101485    -0.161621
     0.104385    -0.166070
     0.107284    -0.170684
     0.110184    -0.175434
     0.113083    -0.180293
     0.115983    -0.185242
     0.118882    -0.190260
     0.121782    -0.195333
     0.124681    -0.200448
     0.127581    -0.205593
     0.130481    -0.210759
     0.133380    -0.215938
     0.136280    -0.221124
     0.139179    -0.226310
     0.142079    -0.231492
     0.144978    -0.236666
     0.147878    -0.241828
     0.150778    -0.246975
     0.153677    -0.252104
     0.156577    -0.257214
     0.159476    -0.262301
     0.162376    -0.267365
     0.165275    -0.272404
     0.168175    -0.277416
     0.171075    -0.282400
     0.173974    -0.287355
     0.176874    -0.292279
     0.179773    -0.297173
     0.182673    -0.302034
     0.185572    -0.306862
     0.188472    -0.311656
     0.191372    -0.316415
     0.194271    -0.321138
     0.197171    -0.325825
     0.200070    -0.330474
     0.202970    -0.335086
     0.205869    -0.339659
     0.208769    -0.344193
     0.211669    -0.348687
     0.214568    -0.353140
     0.217468    -0.357552
     0.220367    -0.361923
     0.223267    -0.366251
     0.226166    -0.370537
     0.229066    -0.374780
     0.231966    -0.378980
     0.234865    -0.383136
     0.237765    -0.387249
     0.240664    -0.391317
     0.243564    -0.395341
     0.246463    -0.399320
     0.249363    -0.403255
     0.252263    -0.407145
     0.255162    -0.410990
     0.258062    -0.414791
     0.260961    -0.418547
     0.263861    -0.422258
     0.266760    -0.425925
     0.269660    -0.429547
     0.272560    -0.433125
     0.275459    -0.436659
     0.278359    -0.440149
     0.281258    -0.443596
     0.284158    -0.447000
     0.287057    -0.450361
     0.289957    -0.453679


    -0.167407     0.595679
    -0.165733     0.587375
    -0.164059     0.579056
    -0.162385     0.570723
    -0.160710     0.562378
    -0.159036     0.554020
    -0.157362     0.545651
    -0.155688     0.537271
    -0.154014     0.528882
    -0.152340     0.520484
    -0.150666     0.512078
    -0.148992     0.503666
    -0.147318     0.495249
    -0.145644     0.486827
    -0.143970     0.478402
    -0.142296     0.469976
    -0.140622     0.461549
    -0.138948     0.453123
    -0.137274     0.444700
    -0.135599     0.436282
    -0.133925     0.427870
    -0.132251     0.419466
    -0.130577     0.411072
    -0.128903     0.402691
    -0.127229     0.394324
    -0.125555     0.385974
    -0.123881     0.377644
    -0.122207     0.369337
    -0.120533     0.361055
    -0.118859     0.352803
    -0.117185     0.344582
    -0.115511     0.336399
    -0.113837     0.328255
    -0.112163     0.320156
    -0.110488     0.312107
    -0.108814     0.304113
    -0.107140     0.296179
    -0.105466     0.288312
    -0.103792     0.280517
    -0.102118     0.272803
    -0.100444     0.265176
    -0.098770     0.257646
    -0.097096     0.250220
    -0.095422     0.242910
    -0.093748     0.235724
    -0.092074     0.228676
    -0.090400     0.221776
    -0.088726     0.215038
    -0.087052     0.208476
    -0.085377     0.202105
    -0.083703     0.195940
    -0.082029     0.189998
    -0.080355     0.184297
    -0.078681     0.178853
    -0.077007     0.173685
    -0.075333     0.168811
    -0.073659     0.164249
    -0.071985     0.160016
    -0.070311     0.156130
    -0.068637     0.152604
    -0.066963     0.149452
    -0.065289     0.146686
    -0.063615     0.144314
    -0.061940     0.142341
    -0.060266     0.140771
    -0.058592     0.139603
    -0.056918     0.138834
    -0.055244     0.138457
    -0.053570     0.138464
    -0.051896     0.138843
    -0.050222     0.139583
    -0.048548     0.140667
    -0.046874     0.142082
    -0.045200     0.143811
    -0.043526     0.145838
    -0.041852     0.148146
    -0.040178     0.150720
    -0.038504     0.153543
    -0.036829     0.156601
    -0.035155     0.159880
    -0.033481     0.163367
    -0.031807     0.167047
    -0.030133     0.170911
    -0.028459     0.174945
    -0.026785     0.179142
    -0.025111     0.183489
    -0.023437     0.187980
    -0.021763     0.192606
    -0.020089     0.197359
    -0.018415     0.202232
    -0.016741     0.207219
    -0.015067     0.212313
    -0.013393     0.217510
    -0.011718     0.222804
    -0.010044     0.228190
    -0.008370     0.233664
    -0.006696     0.239222
    -0.005022     0.244860
    -0.003348     0.250573
    -0.001674     0.256359
     0.000000     0.262212
     0.002900     0.252139
     0.005799     0.242270
     0.008699     0.232634
     0.011598     0.223252
     0.014498     0.214144
     0.017397     0.205336
     0.020297     0.196855
     0.023197     0.188733
     0.026096     0.181005
     0.028996     0.173710
     0.031895     0.166895
     0.034795     0.160608
     0.037694     0.154908
     0.040594     0.149857
     0.043494     0.145521
     0.046393     0.141974
     0.049293     0.139288
     0.052192     0.137535
     0.055092     0.136781
     0.057991     0.137082
     0.060891     0.138474
     0.063791     0.140977
     0.066690     0.144582
     0.069590     0.149262
     0.072489     0.154962
     0.075389     0.161614
     0.078288     0.169135
     0.081188     0.177437
     0.084088     0.186429
     0.086987     0.196024
     0.089887     0.206138
     0.092786     0.216695
     0.095686     0.227624
     0.098585     0.238865
     0.101485     0.250362
     0.104385     0.262066
     0.107284     0.273935
     0.110184     0.285932
     0.113083     0.298025
     0.115983     0.310184
     0.118882     0.322386
     0.121782     0.334608
     0.124681     0.346831
     0.127581     0.359039
     0.130481     0.371216
     0.133380     0.383351
     0.136280     0.395431
     0.139179     0.407447
     0.142079     0.419390
     0.144978     0.431252
     0.147878     0.443027
     0.150778     0.454710
     0.153677     0.466294
     0.156577     0.477777
     0.159476     0.489153
     0.162376     0.500421
     0.165275     0.511578
     0.168175     0.522621
     0.171075     0.533549
     0.173974     0.544362
     0.176874     0.555056
     0.179773     0.565634
     0.182673     0.576093
     0.185572     0.586434
     0.188472     0.596657
     0.191372     0.606763
     0.194271     0.616752
     0.197171     0.626624
     0.200070     0.636382
     0.202970     0.646026
     0.205869     0.655557
     0.208769     0.664976
     0.211669     0.674285
     0.214568     0.683485
     0.217468     0.692578
     0.220367     0.701565
     0.223267     0.710448
     0.226166     0.719228
     0.229066     0.727908
     0.231966     0.736489
     0.234865     0.744972
     0.237765     0.753360
     0.240664     0.761654
     0.243564     0.769855
     0.246463     0.777967
     0.249363     0.785989
     0.252263     0.793924
     0.255162     0.801774
     0.258062     0.809540
     0.260961     0.817224
     0.263861     0.824827
     0.266760     0.832352
     0.269660     0.839798
     0.272560     0.847169
     0.275459     0.854465
     0.278359     0.861689
     0.281258     0.868840
     0.284158     0.875921
     0.287057     0.882933
     0.289957     0.889878


    -0.167407     0.890064
    -0.165733     0.884818
    -0.164059     0.879549
    -0.162385     0.874258
    -0.160710     0.868943
    -0.159036     0.863604
    -0.157362     0.858241
    -0.155688     0.852853
    -0.154014     0.847440
    -0.152340     0.842002
    -0.150666     0.836537
    -0.148992     0.831046
    -0.147318     0.825528
    -0.145644     0.819983
    -0.143970     0.814410
    -0.142296     0.808809
    -0.140622     0.803179
    -0.138948     0.797520
    -0.137274     0.791833
    -0.135599     0.786116
    -0.133925     0.780368
    -0.132251     0.774591
    -0.130577     0.768784
    -0.128903     0.762945
    -0.127229     0.757076
    -0.125555     0.751176
    -0.123881     0.745244
    -0.122207     0.739282
    -0.120533     0.733287
    -0.118859     0.727262
    -0.117185     0.721204
    -0.115511     0.715115
    -0.113837     0.708995
    -0.112163     0.702843
    -0.110488     0.696660
    -0.108814     0.690445
    -0.107140     0.684200
    -0.105466     0.677924
    -0.103792     0.671618
    -0.102118     0.665281
    -0.100444     0.658915
    -0.098770     0.652519
    -0.097096     0.646095
    -0.095422     0.639642
    -0.093748     0.633162
    -0.092074     0.626655
    -0.090400     0.620121
    -0.088726     0.613561
    -0.087052     0.606977
    -0.085377     0.600368
    -0.083703     0.593736
    -0.082029     0.587082
    -0.080355     0.580406
    -0.078681     0.573710
    -0.077007     0.566994
    -0.075333     0.560260
    -0.073659     0.553509
    -0.071985     0.546741
    -0.070311     0.539959
    -0.068637     0.533163
    -0.066963     0.526355
    -0.065289     0.519535
    -0.063615     0.512707
    -0.061940     0.505869
    -0.060266     0.499025
    -0.058592     0.492176
    -0.056918     0.485322
    -0.055244     0.478466
    -0.053570     0.471610
    -0.051896     0.464754
    -0.050222     0.457900
    -0.048548     0.451050
    -0.046874     0.444206
    -0.045200     0.437369
    -0.043526     0.430541
    -0.041852     0.423723
    -0.040178     0.416918
    -0.038504     0.410127
    -0.036829     0.403352
    -0.035155     0.396595
    -0.033481     0.389857
    -0.031807     0.383141
    -0.030133     0.376447
    -0.028459     0.369779
    -0.026785     0.363138
    -0.025111     0.356525
    -0.023437     0.349944
    -0.021763     0.343395
    -0.020089     0.336882
    -0.018415     0.330405
    -0.016741     0.323967
    -0.015067     0.317570
    -0.013393     0.311216
    -0.011718     0.304908
    -0.010044     0.298647
    -0.008370     0.292437
    -0.006696     0.286279
    -0.005022     0.280177
    -0.003348     0.274131
    -0.001674     0.268147
     0.000000     0.262228
     0.002900     0.272501
     0.005799     0.282968
     0.008699     0.293604
     0.011598     0.304398
     0.014498     0.315337
     0.017397     0.326409
     0.020297     0.337604
     0.023197     0.348911
     0.026096     0.360321
     0.028996     0.371825
     0.031895     0.383412
     0.034795     0.395075
     0.037694     0.406805
     0.040594     0.418594
     0.043494     0.430433
     0.046393     0.442316
     0.049293     0.454233
     0.052192     0.466179
     0.055092     0.478145
     0.057991     0.490125
     0.060891     0.502112
     0.063791     0.514100
     0.066690     0.526080
     0.069590     0.538049
     0.072489     0.549999
     0.075389     0.561924
     0.078288     0.573820
     0.081188     0.585679
     0.084088     0.597498
     0.086987     0.609271
     0.089887     0.620992
     0.092786     0.632658
     0.095686     0.644263
     0.098585     0.655803
     0.101485     0.667274
     0.104385     0.678672
     0.107284     0.689993
     0.110184     0.701233
     0.113083     0.712390
     0.115983     0.723458
     0.118882     0.734436
     0.121782     0.745320
     0.124681     0.756107
     0.127581     0.766795
     0.130481     0.777381
     0.133380     0.787863
     0.136280     0.798238
     0.139179     0.808504
     0.142079     0.818660
     0.144978     0.828703
     0.147878     0.838632
     0.150778     0.848445
     0.153677     0.858141
     0.156577     0.867719
     0.159476     0.877178
     0.162376     0.886517
     0.165275     0.895735
     0.168175     0.904832
     0.171075     0.913807
     0.173974     0.922660
     0.176874     0.931392
     0.179773     0.940001
     0.182673     0.948488
     0.185572     0.956854
     0.188472     0.965100
     0.191372     0.973225
     0.194271     0.981230
     0.197171     0.989117
     0.200070     0.996887
     0.202970     1.004540
     0.205869     1.012078
     0.208769     1.019503
     0.211669     1.026815
     0.214568     1.034017
     0.217468     1.041109
     0.220367     1.048094
     0.223267     1.054973
     0.226166     1.061748
     0.229066     1.068422
     0.231966     1.074995
     0.234865     1.081470
     0.237765     1.087849
     0.240664     1.094133
     0.243564     1.100325
     0.246463     1.106426
     0.249363     1.112440
     0.252263     1.118366
     0.255162     1.124209
     0.258062     1.129969
     0.260961     1.135648
     0.263861     1.141248
     0.266760     1.146772
     0.269660     1.152220
     0.272560     1.157596
     0.275459     1.162899
     0.278359     1.168134
     0.281258     1.173300
     0.284158     1.178399
     0.287057     1.183434
     0.289957     1.188405


    -0.167407     1.810873
    -0.165733     1.803907
    -0.164059     1.796975
    -0.162385     1.790080
    -0.160710     1.783223
    -0.159036     1.776407
    -0.157362     1.769633
    -0.155688     1.762903
    -0.154014     1.756219
    -0.152340     1.749583
    -0.150666     1.742997
    -0.148992     1.736463
    -0.147318     1.729983
    -0.145644     1.723559
    -0.143970     1.717193
    -0.142296     1.710886
    -0.140622     1.704641
    -0.138948     1.698460
    -0.137274     1.692344
    -0.135599     1.686295
    -0.133925     1.680315
    -0.132251     1.674406
    -0.130577     1.668569
    -0.128903     1.662807
    -0.127229     1.657121
    -0.125555     1.651513
    -0.123881     1.645985
    -0.122207     1.640537
    -0.120533     1.635173
    -0.118859     1.629893
    -0.117185     1.624698
    -0.115511     1.619591
    -0.113837     1.614573
    -0.112163     1.609645
    -0.110488     1.604809
    -0.108814     1.600065
    -0.107140     1.595416
    -0.105466     1.590861
    -0.103792     1.586404
    -0.102118     1.582043
    -0.100444     1.577782
    -0.098770     1.573620
    -0.097096     1.569558
    -0.095422     1.565598
    -0.093748     1.561741
    -0.092074     1.557986
    -0.090400     1.554335
    -0.088726     1.550789
    -0.087052     1.547347
    -0.085377     1.544012
    -0.083703     1.540782
    -0.082029     1.537660
    -0.080355     1.534644
    -0.078681     1.531735
    -0.077007     1.528934
    -0.075333     1.526241
    -0.073659     1.523657
    -0.071985     1.521180
    -0.070311     1.518812
    -0.068637     1.516552
    -0.066963     1.514401
    -0.065289     1.512358
    -0.063615     1.510423
    -0.061940     1.508597
    -0.060266     1.506878
    -0.058592     1.505267
    -0.056918     1.503764
    -0.055244     1.502368
    -0.053570     1.501079
    -0.051896     1.499897
    -0.050222     1.498821
    -0.048548     1.497851
    -0.046874     1.496986
    -0.045200     1.496226
    -0.043526     1.495570
    -0.041852     1.495018
    -0.040178     1.494570
    -0.038504     1.494224
    -0.036829     1.493981
    -0.035155     1.493839
    -0.033481     1.493797
    -0.031807     1.493856
    -0.030133     1.494015
    -0.028459     1.494273
    -0.026785     1.494628
    -0.025111     1.495081
    -0.023437     1.495631
    -0.021763     1.496277
    -0.020089     1.497018
    -0.018415     1.497853
    -0.016741     1.498782
    -0.015067     1.499804
    -0.013393     1.500918
    -0.011718     1.502123
    -0.010044     1.503419
    -0.008370     1.504804
    -0.006696     1.506278
    -0.005022     1.507841
    -0.003348     1.509490
    -0.001674     1.511225
     0.000000     1.513043
     0.002900     1.509959
     0.005799     1.507116
     0.008699     1.504535
     0.011598     1.502220
     0.014498     1.500174
     0.017397     1.498402
     0.020297     1.496909
     0.023197     1.495697
     0.026096     1.494770
     0.028996     1.494132
     0.031895     1.493786
     0.034795     1.493735
     0.037694     1.493981
     0.040594     1.494526
     0.043494     1.495373
     0.046393     1.496523
     0.049293     1.497978
     0.052192     1.499738
     0.055092     1.501805
     0.057991     1.504178
     0.060891     1.506858
     0.063791     1.509843
     0.066690     1.513133
     0.069590     1.516727
     0.072489     1.520622
     0.075389     1.524817
     0.078288     1.529310
     0.081188     1.534097
     0.084088     1.539176
     0.086987     1.544542
     0.089887     1.550193
     0.092786     1.556124
     0.095686     1.562330
     0.098585     1.568808
     0.101485     1.575553
     0.104385     1.582559
     0.107284     1.589822
     0.110184     1.597336
     0.113083     1.605097
     0.115983     1.613098
     0.118882     1.621335
     0.121782     1.629801
     0.124681     1.638492
     0.127581     1.647403
     0.130481     1.656526
     0.133380     1.665858
     0.136280     1.675393
     0.139179     1.685125
     0.142079     1.695049
     0.144978     1.705161
     0.147878     1.715454
     0.150778     1.725924
     0.153677     1.736566
     0.156577     1.747374
     0.159476     1.758343
     0.162376     1.769469
     0.165275     1.780745
     0.168175     1.792168
     0.171075     1.803732
     0.173974     1.815432
     0.176874     1.827262
     0.179773     1.839217
     0.182673     1.851292
     0.185572     1.863482
     0.188472     1.875780
     0.191372     1.888182
     0.194271     1.900682
     0.197171     1.913273
     0.200070     1.925950
     0.202970     1.938707
     0.205869     1.951537
     0.208769     1.964436
     0.211669     1.977396
     0.214568     1.990411
     0.217468     2.003475
     0.220367     2.016582
     0.223267     2.029724
     0.226166     2.042896
     0.229066     2.056090
     0.231966     2.069301
     0.234865     2.082521
     0.237765     2.095744
     0.240664     2.108963
     0.243564     2.122172
     0.246463     2.135364
     0.249363     2.148532
     0.252263     2.161671
     0.255162     2.174773
     0.258062     2.187831
     0.260961     2.200840
     0.263861     2.213794
     0.266760     2.226685
     0.269660     2.239508
     0.272560     2.252257
     0.275459     2.264926
     0.278359     2.277508
     0.281258     2.289999
     0.284158     2.302392
     0.287057     2.314682
     0.289957     2.326864


    -0.167407     1.977407
    -0.165733     1.971431
    -0.164059     1.965456
    -0.162385     1.959482
    -0.160710     1.953510
    -0.159036     1.947541
    -0.157362     1.941576
    -0.155688     1.935614
    -0.154014     1.929657
    -0.152340     1.923706
    -0.150666     1.917760
    -0.148992     1.911822
    -0.147318     1.905891
    -0.145644     1.899968
    -0.143970     1.894054
    -0.142296     1.888150
    -0.140622     1.882256
    -0.138948     1.876374
    -0.137274     1.870503
    -0.135599     1.864646
    -0.133925     1.858802
    -0.132251     1.852972
    -0.130577     1.847158
    -0.128903     1.841360
    -0.127229     1.835579
    -0.125555     1.829815
    -0.123881     1.824071
    -0.122207     1.818345
    -0.120533     1.812640
    -0.118859     1.806957
    -0.117185     1.801295
    -0.115511     1.795656
    -0.113837     1.790041
    -0.112163     1.784451
    -0.110488     1.778886
    -0.108814     1.773348
    -0.107140     1.767838
    -0.105466     1.762355
    -0.103792     1.756902
    -0.102118     1.751479
    -0.100444     1.746086
    -0.098770     1.740726
    -0.097096     1.735399
    -0.095422     1.730105
    -0.093748     1.724846
    -0.092074     1.719622
    -0.090400     1.714435
    -0.088726     1.709285
    -0.087052     1.704173
    -0.085377     1.699100
    -0.083703     1.694068
    -0.082029     1.689076
    -0.080355     1.684126
    -0.078681     1.679219
    -0.077007     1.674356
    -0.075333     1.669537
    -0.073659     1.664763
    -0.071985     1.660036
    -0.070311     1.655356
    -0.068637     1.650724
    -0.066963     1.646142
    -0.065289     1.641609
    -0.063615     1.637127
    -0.061940     1.632696
    -0.060266     1.628318
    -0.058592     1.623994
    -0.056918     1.619723
    -0.055244     1.615508
    -0.053570     1.611349
    -0.051896     1.607247
    -0.050222     1.603203
    -0.048548     1.599218
    -0.046874     1.595292
    -0.045200     1.591426
    -0.043526     1.587622
    -0.041852     1.583880
    -0.040178     1.580201
    -0.038504     1.576586
    -0.036829     1.573036
    -0.035155     1.569552
    -0.033481     1.566134
    -0.031807     1.562783
    -0.030133     1.559501
    -0.028459     1.556288
    -0.026785     1.553145
    -0.025111     1.550072
    -0.023437     1.547072
    -0.021763     1.544144
    -0.020089     1.541290
    -0.018415     1.538510
    -0.016741     1.535805
    -0.015067     1.533176
    -0.013393     1.530624
    -0.011718     1.528150
    -0.010044     1.525754
    -0.008370     1.523438
    -0.006696     1.521203
    -0.005022     1.519048
    -0.003348     1.516976
    -0.001674     1.514986
     0.000000     1.513085
     0.002900     1.516422
     0.005799     1.520024
     0.008699     1.523870
     0.011598     1.527956
     0.014498     1.532277
     0.017397     1.536830
     0.020297     1.541610
     0.023197     1.546612
     0.026096     1.551834
     0.028996     1.557271
     0.031895     1.562919
     0.034795     1.568776
     0.037694     1.574838
     0.040594     1.581101
     0.043494     1.587564
     0.046393     1.594223
     0.049293     1.601075
     0.052192     1.608120
     0.055092     1.615354
     0.057991     1.622776
     0.060891     1.630385
     0.063791     1.638178
     0.066690     1.646156
     0.069590     1.654317
     0.072489     1.662660
     0.075389     1.671185
     0.078288     1.679891
     0.081188     1.688778
     0.084088     1.697847
     0.086987     1.707096
     0.089887     1.716526
     0.092786     1.726137
     0.095686     1.735929
     0.098585     1.745901
     0.101485     1.756054
     0.104385     1.766388
     0.107284     1.776902
     0.110184     1.787595
     0.113083     1.798467
     0.115983     1.809516
     0.118882     1.820743
     0.121782     1.832144
     0.124681     1.843718
     0.127581     1.855464
     0.130481     1.867377
     0.133380     1.879457
     0.136280     1.891698
     0.139179     1.904098
     0.142079     1.916653
     0.144978     1.929357
     0.147878     1.942207
     0.150778     1.955196
     0.153677     1.968319
     0.156577     1.981570
     0.159476     1.994942
     0.162376     2.008429
     0.165275     2.022024
     0.168175     2.035718
     0.171075     2.049504
     0.173974     2.063374
     0.176874     2.077319
     0.179773     2.091331
     0.182673     2.105400
     0.185572     2.119518
     0.188472     2.133675
     0.191372     2.147861
     0.194271     2.162066
     0.197171     2.176281
     0.200070     2.190496
     0.202970     2.204700
     0.205869     2.218884
     0.208769     2.233037
     0.211669     2.247148
     0.214568     2.261209
     0.217468     2.275208
     0.220367     2.289136
     0.223267     2.302984
     0.226166     2.316742
     0.229066     2.330400
     0.231966     2.343950
     0.234865     2.357385
     0.237765     2.370695
     0.240664     2.383874
     0.243564     2.396916
     0.246463     2.409813
     0.249363     2.422562
     0.252263     2.435156
     0.255162     2.447593
     0.258062     2.459868
     0.260961     2.471980
     0.263861     2.483926
     0.266760     2.495706
     0.269660     2.507317
     0.272560     2.518761
     0.275459     2.530038
     0.278359     2.541148
     0.281258     2.552092
     0.284158     2.562872
     0.287057     2.573488
     0.289957     2.583944


    -0.167407     2.325489
    -0.165733     2.319645
    -0.164059     2.313843
    -0.162385     2.308085
    -0.160710     2.302372
    -0.159036     2.296703
    -0.157362     2.291079
    -0.155688     2.285502
    -0.154014     2.279971
    -0.152340     2.274487
    -0.150666     2.269050
    -0.148992     2.263662
    -0.147318     2.258322
    -0.145644     2.253032
    -0.143970     2.247790
    -0.142296     2.242599
    -0.140622     2.237458
    -0.138948     2.232368
    -0.137274     2.227330
    -0.135599     2.222342
    -0.133925     2.217407
    -0.132251     2.212525
    -0.130577     2.207695
    -0.128903     2.202918
    -0.127229     2.198195
    -0.125555     2.193526
    -0.123881     2.188911
    -0.122207     2.184350
    -0.120533     2.179845
    -0.118859     2.175395
    -0.117185     2.171000
    -0.115511     2.166661
    -0.113837     2.162378
    -0.112163     2.158152
    -0.110488     2.153982
    -0.108814     2.149869
    -0.107140     2.145814
    -0.105466     2.141816
    -0.103792     2.137876
    -0.102118     2.133993
    -0.100444     2.130170
    -0.098770     2.126404
    -0.097096     2.122698
    -0.095422     2.119051
    -0.093748     2.115462
    -0.092074     2.111934
    -0.090400     2.108465
    -0.088726     2.105056
    -0.087052     2.101707
    -0.085377     2.098418
    -0.083703     2.095190
    -0.082029     2.092023
    -0.080355     2.088916
    -0.078681     2.085871
    -0.077007     2.082887
    -0.075333     2.079965
    -0.073659     2.077104
    -0.071985     2.074305
    -0.070311     2.071569
    -0.068637     2.068894
    -0.066963     2.066282
    -0.065289     2.063732
    -0.063615     2.061245
    -0.061940     2.058820
    -0.060266     2.056459
    -0.058592     2.054161
    -0.056918     2.051926
    -0.055244     2.049754
    -0.053570     2.047646
    -0.051896     2.045602
    -0.050222     2.043621
    -0.048548     2.041704
    -0.046874     2.039851
    -0.045200     2.038062
    -0.043526     2.036337
    -0.041852     2.034677
    -0.040178     2.033081
    -0.038504     2.031549
    -0.036829     2.030082
    -0.035155     2.028680
    -0.033481     2.027342
    -0.031807     2.026069
    -0.030133     2.024861
    -0.028459     2.023718
    -0.026785     2.022639
    -0.025111     2.021626
    -0.023437     2.020678
    -0.021763     2.019795
    -0.020089     2.018977
    -0.018415     2.018224
    -0.016741     2.017537
    -0.015067     2.016915
    -0.013393     2.016359
    -0.011718     2.015867
    -0.010044     2.015441
    -0.008370     2.015081
    -0.006696     2.014786
    -0.005022     2.014557
    -0.003348     2.014393
    -0.001674     2.014294
     0.000000     2.014261
     0.002900     2.014354
     0.005799     2.014642
     0.008699     2.015127
     0.011598     2.015809
     0.014498     2.016687
     0.017397     2.017756
     0.020297     2.019010
     0.023197     2.020446
     0.026096     2.022062
     0.028996     2.023860
     0.031895     2.025837
     0.034795     2.027993
     0.037694     2.030327
     0.040594     2.032837
     0.043494     2.035522
     0.046393     2.038381
     0.049293     2.041412
     0.052192     2.044614
     0.055092     2.047985
     0.057991     2.051525
     0.060891     2.055231
     0.063791     2.059102
     0.066690     2.063138
     0.069590     2.067335
     0.072489     2.071694
     0.075389     2.076213
     0.078288     2.080889
     0.081188     2.085723
     0.084088     2.090712
     0.086987     2.095854
     0.089887     2.101149
     0.092786     2.106594
     0.095686     2.112189
     0.098585     2.117931
     0.101485     2.123820
     0.104385     2.129852
     0.107284     2.136028
     0.110184     2.142344
     0.113083     2.148801
     0.115983     2.155394
     0.118882     2.162124
     0.121782     2.168988
     0.124681     2.175984
     0.127581     2.183111
     0.130481     2.190367
     0.133380     2.197750
     0.136280     2.205257
     0.139179     2.212888
     0.142079     2.220641
     0.144978     2.228512
     0.147878     2.236501
     0.150778     2.244606
     0.153677     2.252824
     0.156577     2.261154
     0.159476     2.269594
     0.162376     2.278142
     0.165275     2.286796
     0.168175     2.295554
     0.171075     2.304415
     0.173974     2.313376
     0.176874     2.322435
     0.179773     2.331592
     0.182673     2.340843
     0.185572     2.350188
     0.188472     2.359624
     0.191372     2.369150
     0.194271     2.378763
     0.197171     2.388463
     0.200070     2.398247
     0.202970     2.408114
     0.205869     2.418060
     0.208769     2.428085
     0.211669     2.438186
     0.214568     2.448360
     0.217468     2.458605
     0.220367     2.468917
     0.223267     2.479294
     0.226166     2.489730
     0.229066     2.500223
     0.231966     2.510766
     0.234865     2.521354
     0.237765     2.531981
     0.240664     2.542638
     0.243564     2.553318
     0.246463     2.564011
     0.249363     2.574706
     0.252263     2.585392
     0.255162     2.596055
     0.258062     2.606681
     0.260961     2.617255
     0.263861     2.627762
     0.266760     2.638184
     0.269660     2.648504
     0.272560     2.658705
     0.275459     2.668771
     0.278359     2.678687
     0.281258     2.688439
     0.284158     2.698013
     0.287057     2.707401
     0.289957     2.716595


    -0.167407     2.329192
    -0.165733     2.323279
    -0.164059     2.317407
    -0.162385     2.311576
    -0.160710     2.305787
    -0.159036     2.300041
    -0.157362     2.294339
    -0.155688     2.288681
    -0.154014     2.283068
    -0.152340     2.277501
    -0.150666     2.271982
    -0.148992     2.266509
    -0.147318     2.261085
    -0.145644     2.255710
    -0.143970     2.250385
    -0.142296     2.245109
    -0.140622     2.239885
    -0.138948     2.234712
    -0.137274     2.229591
    -0.135599     2.224522
    -0.133925     2.219506
    -0.132251     2.214544
    -0.130577     2.209636
    -0.128903     2.204783
    -0.127229     2.199984
    -0.125555     2.195241
    -0.123881     2.190554
    -0.122207     2.185923
    -0.120533     2.181348
    -0.118859     2.176831
    -0.117185     2.172371
    -0.115511     2.167968
    -0.113837     2.163624
    -0.112163     2.159338
    -0.110488     2.155110
    -0.108814     2.150942
    -0.107140     2.146832
    -0.105466     2.142782
    -0.103792     2.138792
    -0.102118     2.134862
    -0.100444     2.130992
    -0.098770     2.127183
    -0.097096     2.123434
    -0.095422     2.119746
    -0.093748     2.116119
    -0.092074     2.112553
    -0.090400     2.109049
    -0.088726     2.105606
    -0.087052     2.102225
    -0.085377     2.098906
    -0.083703     2.095649
    -0.082029     2.092454
    -0.080355     2.089322
    -0.078681     2.086253
    -0.077007     2.083245
    -0.075333     2.080301
    -0.073659     2.077420
    -0.071985     2.074602
    -0.070311     2.071847
    -0.068637     2.069155
    -0.066963     2.066526
    -0.065289     2.063961
    -0.063615     2.061460
    -0.061940     2.059023
    -0.060266     2.056649
    -0.058592     2.054339
    -0.056918     2.052093
    -0.055244     2.049911
    -0.053570     2.047794
    -0.051896     2.045741
    -0.050222     2.043752
    -0.048548     2.041827
    -0.046874     2.039967
    -0.045200     2.038171
    -0.043526     2.036441
    -0.041852     2.034775
    -0.040178     2.033173
    -0.038504     2.031637
    -0.036829     2.030165
    -0.035155     2.028759
    -0.033481     2.027417
    -0.031807     2.026141
    -0.030133     2.024930
    -0.028459     2.023784
    -0.026785     2.022703
    -0.025111     2.021687
    -0.023437     2.020737
    -0.021763     2.019852
    -0.020089     2.019033
    -0.018415     2.018279
    -0.016741     2.017591
    -0.015067     2.016968
    -0.013393     2.016410
    -0.011718     2.015919
    -0.010044     2.015493
    -0.008370     2.015132
    -0.006696     2.014837
    -0.005022     2.014608
    -0.003348     2.014444
    -0.001674     2.014346
     0.000000     2.014313
     0.002900     2.014416
     0.005799     2.014713
     0.008699     2.015204
     0.011598     2.015888
     0.014498     2.016767
     0.017397     2.017845
     0.020297     2.019128
     0.023197     2.020619
     0.026096     2.022318
     0.028996     2.024225
     0.031895     2.026341
     0.034795     2.028665
     0.037694     2.031198
     0.040594     2.033941
     0.043494     2.036894
     0.046393     2.040058
     0.049293     2.043432
     0.052192     2.047016
     0.055092     2.050811
     0.057991     2.054815
     0.060891     2.059029
     0.063791     2.063452
     0.066690     2.068083
     0.069590     2.072920
     0.072489     2.077963
     0.075389     2.083209
     0.078288     2.088658
     0.081188     2.094307
     0.084088     2.100155
     0.086987     2.106198
     0.089887     2.112434
     0.092786     2.118860
     0.095686     2.125474
     0.098585     2.132271
     0.101485     2.139250
     0.104385     2.146405
     0.107284     2.153734
     0.110184     2.161232
     0.113083     2.168895
     0.115983     2.176720
     0.118882     2.184700
     0.121782     2.192833
     0.124681     2.201112
     0.127581     2.209534
     0.130481     2.218093
     0.133380     2.226785
     0.136280     2.235604
     0.139179     2.244545
     0.142079     2.253603
     0.144978     2.262773
     0.147878     2.272049
     0.150778     2.281426
     0.153677     2.290898
     0.156577     2.300460
     0.159476     2.310108
     0.162376     2.319834
     0.165275     2.329635
     0.168175     2.339504
     0.171075     2.349437
     0.173974     2.359428
     0.176874     2.369472
     0.179773     2.379563
     0.182673     2.389698
     0.185572     2.399870
     0.188472     2.410075
     0.191372     2.420309
     0.194271     2.430565
     0.197171     2.440841
     0.200070     2.451131
     0.202970     2.461431
     0.205869     2.471737
     0.208769     2.482045
     0.211669     2.492351
     0.214568     2.502653
     0.217468     2.512946
     0.220367     2.523227
     0.223267     2.533494
     0.226166     2.543744
     0.229066     2.553976
     0.231966     2.564188
     0.234865     2.574378
     0.237765     2.584546
     0.240664     2.594691
     0.243564     2.604815
     0.246463     2.614917
     0.249363     2.625000
     0.252263     2.635067
     0.255162     2.645119
     0.258062     2.655162
     0.260961     2.665198
     0.263861     2.675234
     0.266760     2.685274
     0.269660     2.695322
     0.272560     2.705384
     0.275459     2.715464
     0.278359     2.725563
     0.281258     2.735684
     0.284158     2.745826
     0.287057     2.755986
     0.289957     2.766158


