    -0.167407    -3.757831
    -0.165733    -3.758057
    -0.164059    -3.758285
    -0.162385    -3.758513
    -0.160710    -3.758741
    -0.159036    -3.758970
    -0.157362    -3.759198
    -0.155688    -3.759427
    -0.154014    -3.759654
    -0.152340    -3.759882
    -0.150666    -3.760108
    -0.148992    -3.760334
    -0.147318    -3.760558
    -0.145644    -3.760781
    -0.143970    -3.761002
    -0.142296    -3.761221
    -0.140622    -3.761439
    -0.138948    -3.761655
    -0.137274    -3.761868
    -0.135599    -3.762079
    -0.133925    -3.762287
    -0.132251    -3.762493
    -0.130577    -3.762696
    -0.128903    -3.762896
    -0.127229    -3.763092
    -0.125555    -3.763286
    -0.123881    -3.763475
    -0.122207    -3.763661
    -0.120533    -3.763844
    -0.118859    -3.764022
    -0.117185    -3.764197
    -0.115511    -3.764367
    -0.113837    -3.764533
    -0.112163    -3.764694
    -0.110488    -3.764851
    -0.108814    -3.765004
    -0.107140    -3.765151
    -0.105466    -3.765294
    -0.103792    -3.765431
    -0.102118    -3.765563
    -0.100444    -3.765690
    -0.098770    -3.765812
    -0.097096    -3.765928
    -0.095422    -3.766038
    -0.093748    -3.766143
    -0.092074    -3.766242
    -0.090400    -3.766335
    -0.088726    -3.766422
    -0.087052    -3.766503
    -0.085377    -3.766577
    -0.083703    -3.766645
    -0.082029    -3.766707
    -0.080355    -3.766762
    -0.078681    -3.766811
    -0.077007    -3.766853
    -0.075333    -3.766888
    -0.073659    -3.766916
    -0.071985    -3.766938
    -0.070311    -3.766952
    -0.068637    -3.766959
    -0.066963    -3.766959
    -0.065289    -3.766952
    -0.063615    -3.766938
    -0.061940    -3.766916
    -0.060266    -3.766886
    -0.058592    -3.766849
    -0.056918    -3.766804
    -0.055244    -3.766752
    -0.053570    -3.766692
    -0.051896    -3.766624
    -0.050222    -3.766548
    -0.048548    -3.766464
    -0.046874    -3.766372
    -0.045200    -3.766273
    -0.043526    -3.766165
    -0.041852    -3.766048
    -0.040178    -3.765924
    -0.038504    -3.765791
    -0.036829    -3.765650
    -0.035155    -3.765501
    -0.033481    -3.765343
    -0.031807    -3.765177
    -0.030133    -3.765002
    -0.028459    -3.764818
    -0.026785    -3.764626
    -0.025111    -3.764426
    -0.023437    -3.764216
    -0.021763    -3.763998
    -0.020089    -3.763771
    -0.018415    -3.763536
    -0.016741    -3.763291
    -0.015067    -3.763038
    -0.013393    -3.762775
    -0.011718    -3.762504
    -0.010044    -3.762224
    -0.008370    -3.761934
    -0.006696    -3.761636
    -0.005022    -3.761329
    -0.003348    -3.761012
    -0.001674    -3.760686
     0.000000    -3.760353
     0.001674    -3.760681
     0.003348    -3.761006
     0.005022    -3.761322
     0.006696    -3.761629
     0.008370    -3.761927
     0.010044    -3.762216
     0.011718    -3.762497
     0.013393    -3.762768
     0.015067    -3.763031
     0.016741    -3.763284
     0.018415    -3.763529
     0.020089    -3.763765
     0.021763    -3.763993
     0.023437    -3.764211
     0.025111    -3.764421
     0.026785    -3.764623
     0.028459    -3.764816
     0.030133    -3.765000
     0.031807    -3.765176
     0.033481    -3.765343
     0.035155    -3.765502
     0.036829    -3.765652
     0.038504    -3.765795
     0.040178    -3.765928
     0.041852    -3.766054
     0.043526    -3.766172
     0.045200    -3.766281
     0.046874    -3.766382
     0.048548    -3.766476
     0.050222    -3.766561
     0.051896    -3.766638
     0.053570    -3.766708
     0.055244    -3.766769
     0.056918    -3.766823
     0.058592    -3.766870
     0.060266    -3.766908
     0.061940    -3.766939
     0.063615    -3.766963
     0.065289    -3.766979
     0.066963    -3.766988
     0.068637    -3.766990
     0.070311    -3.766984
     0.071985    -3.766971
     0.073659    -3.766951
     0.075333    -3.766925
     0.077007    -3.766891
     0.078681    -3.766850
     0.080355    -3.766803
     0.082029    -3.766749
     0.083703    -3.766689
     0.085377    -3.766622
     0.087051    -3.766549
     0.088726    -3.766469
     0.090400    -3.766383
     0.092074    -3.766291
     0.093748    -3.766193
     0.095422    -3.766089
     0.097096    -3.765980
     0.098770    -3.765864
     0.100444    -3.765743
     0.102118    -3.765617
     0.103792    -3.765485
     0.105466    -3.765348
     0.107140    -3.765206
     0.108814    -3.765058
     0.110488    -3.764906
     0.112163    -3.764749
     0.113837    -3.764587
     0.115511    -3.764421
     0.117185    -3.764250
     0.118859    -3.764075
     0.120533    -3.763896
     0.122207    -3.763713
     0.123881    -3.763526
     0.125555    -3.763335
     0.127229    -3.763141
     0.128903    -3.762943
     0.130577    -3.762741
     0.132251    -3.762537
     0.133925    -3.762330
     0.135599    -3.762119
     0.137274    -3.761906
     0.138948    -3.761691
     0.140622    -3.761473
     0.142296    -3.761253
     0.143970    -3.761031
     0.145644    -3.760807
     0.147318    -3.760581
     0.148992    -3.760354
     0.150666    -3.760125
     0.152340    -3.759896
     0.154014    -3.759665
     0.155688    -3.759434
     0.157362    -3.759202
     0.159036    -3.758969
     0.160710    -3.758737
     0.162385    -3.758505
     0.164059    -3.758272
     0.165733    -3.758041
     0.167407    -3.757810


    -0.167407    -3.681450
    -0.165733    -3.682633
    -0.164059    -3.683810
    -0.162385    -3.684980
    -0.160710    -3.686145
    -0.159036    -3.687303
    -0.157362    -3.688455
    -0.155688    -3.689600
    -0.154014    -3.690739
    -0.152340    -3.691872
    -0.150666    -3.692997
    -0.148992    -3.694116
    -0.147318    -3.695228
    -0.145644    -3.696333
    -0.143970    -3.697431
    -0.142296    -3.698522
    -0.140622    -3.699606
    -0.138948    -3.700683
    -0.137274    -3.701752
    -0.135599    -3.702814
    -0.133925    -3.703869
    -0.132251    -3.704916
    -0.130577    -3.705955
    -0.128903    -3.706987
    -0.127229    -3.708011
    -0.125555    -3.709028
    -0.123881    -3.710036
    -0.122207    -3.711037
    -0.120533    -3.712030
    -0.118859    -3.713015
    -0.117185    -3.713992
    -0.115511    -3.714961
    -0.113837    -3.715922
    -0.112163    -3.716874
    -0.110488    -3.717818
    -0.108814    -3.718754
    -0.107140    -3.719682
    -0.105466    -3.720601
    -0.103792    -3.721512
    -0.102118    -3.722414
    -0.100444    -3.723308
    -0.098770    -3.724194
    -0.097096    -3.725070
    -0.095422    -3.725938
    -0.093748    -3.726798
    -0.092074    -3.727648
    -0.090400    -3.728490
    -0.088726    -3.729323
    -0.087052    -3.730147
    -0.085377    -3.730963
    -0.083703    -3.731769
    -0.082029    -3.732567
    -0.080355    -3.733355
    -0.078681    -3.734135
    -0.077007    -3.734906
    -0.075333    -3.735667
    -0.073659    -3.736420
    -0.071985    -3.737163
    -0.070311    -3.737897
    -0.068637    -3.738622
    -0.066963    -3.739338
    -0.065289    -3.740045
    -0.063615    -3.740743
    -0.061940    -3.741431
    -0.060266    -3.742110
    -0.058592    -3.742780
    -0.056918    -3.743441
    -0.055244    -3.744092
    -0.053570    -3.744734
    -0.051896    -3.745367
    -0.050222    -3.745990
    -0.048548    -3.746604
    -0.046874    -3.747209
    -0.045200    -3.747804
    -0.043526    -3.748390
    -0.041852    -3.748967
    -0.040178    -3.749534
    -0.038504    -3.750092
    -0.036829    -3.750640
    -0.035155    -3.751179
    -0.033481    -3.751709
    -0.031807    -3.752229
    -0.030133    -3.752740
    -0.028459    -3.753242
    -0.026785    -3.753734
    -0.025111    -3.754217
    -0.023437    -3.754691
    -0.021763    -3.755155
    -0.020089    -3.755609
    -0.018415    -3.756055
    -0.016741    -3.756491
    -0.015067    -3.756918
    -0.013393    -3.757335
    -0.011718    -3.757743
    -0.010044    -3.758142
    -0.008370    -3.758532
    -0.006696    -3.758912
    -0.005022    -3.759283
    -0.003348    -3.759645
    -0.001674    -3.759998
     0.000000    -3.760340
     0.001674    -3.760003
     0.003348    -3.759651
     0.005022    -3.759290
     0.006696    -3.758919
     0.008370    -3.758540
     0.010044    -3.758151
     0.011718    -3.757753
     0.013393    -3.757345
     0.015067    -3.756929
     0.016741    -3.756503
     0.018415    -3.756068
     0.020089    -3.755624
     0.021763    -3.755171
     0.023437    -3.754708
     0.025111    -3.754236
     0.026785    -3.753754
     0.028459    -3.753264
     0.030133    -3.752764
     0.031807    -3.752254
     0.033481    -3.751736
     0.035155    -3.751208
     0.036829    -3.750671
     0.038504    -3.750124
     0.040178    -3.749568
     0.041852    -3.749002
     0.043526    -3.748428
     0.045200    -3.747844
     0.046874    -3.747250
     0.048548    -3.746648
     0.050222    -3.746035
     0.051896    -3.745414
     0.053570    -3.744783
     0.055244    -3.744143
     0.056918    -3.743494
     0.058592    -3.742835
     0.060266    -3.742167
     0.061940    -3.741490
     0.063615    -3.740804
     0.065289    -3.740108
     0.066963    -3.739403
     0.068637    -3.738689
     0.070311    -3.737966
     0.071985    -3.737233
     0.073659    -3.736491
     0.075333    -3.735740
     0.077007    -3.734980
     0.078681    -3.734211
     0.080355    -3.733433
     0.082029    -3.732646
     0.083703    -3.731849
     0.085377    -3.731044
     0.087051    -3.730230
     0.088726    -3.729407
     0.090400    -3.728575
     0.092074    -3.727734
     0.093748    -3.726884
     0.095422    -3.726025
     0.097096    -3.725158
     0.098770    -3.724281
     0.100444    -3.723397
     0.102118    -3.722503
     0.103792    -3.721601
     0.105466    -3.720690
     0.107140    -3.719771
     0.108814    -3.718843
     0.110488    -3.717907
     0.112163    -3.716962
     0.113837    -3.716009
     0.115511    -3.715048
     0.117185    -3.714078
     0.118859    -3.713100
     0.120533    -3.712114
     0.122207    -3.711120
     0.123881    -3.710118
     0.125555    -3.709108
     0.127229    -3.708090
     0.128903    -3.707064
     0.130577    -3.706031
     0.132251    -3.704989
     0.133925    -3.703940
     0.135599    -3.702884
     0.137274    -3.701820
     0.138948    -3.700748
     0.140622    -3.699669
     0.142296    -3.698582
     0.143970    -3.697489
     0.145644    -3.696388
     0.147318    -3.695280
     0.148992    -3.694165
     0.150666    -3.693043
     0.152340    -3.691915
     0.154014    -3.690779
     0.155688    -3.689637
     0.157362    -3.688488
     0.159036    -3.687333
     0.160710    -3.686171
     0.162385    -3.685002
     0.164059    -3.683828
     0.165733    -3.682647
     0.167407    -3.681461


    -0.167407    -2.392681
    -0.165733    -2.387970
    -0.164059    -2.383376
    -0.162385    -2.378895
    -0.160710    -2.374524
    -0.159036    -2.370260
    -0.157362    -2.366099
    -0.155688    -2.362039
    -0.154014    -2.358076
    -0.152340    -2.354207
    -0.150666    -2.350428
    -0.148992    -2.346738
    -0.147318    -2.343133
    -0.145644    -2.339611
    -0.143970    -2.336168
    -0.142296    -2.332802
    -0.140622    -2.329510
    -0.138948    -2.326291
    -0.137274    -2.323142
    -0.135599    -2.320061
    -0.133925    -2.317045
    -0.132251    -2.314092
    -0.130577    -2.311202
    -0.128903    -2.308371
    -0.127229    -2.305599
    -0.125555    -2.302883
    -0.123881    -2.300222
    -0.122207    -2.297614
    -0.120533    -2.295058
    -0.118859    -2.292554
    -0.117185    -2.290098
    -0.115511    -2.287691
    -0.113837    -2.285332
    -0.112163    -2.283018
    -0.110488    -2.280749
    -0.108814    -2.278524
    -0.107140    -2.276343
    -0.105466    -2.274204
    -0.103792    -2.272106
    -0.102118    -2.270049
    -0.100444    -2.268032
    -0.098770    -2.266055
    -0.097096    -2.264116
    -0.095422    -2.262215
    -0.093748    -2.260351
    -0.092074    -2.258525
    -0.090400    -2.256734
    -0.088726    -2.254980
    -0.087052    -2.253261
    -0.085377    -2.251577
    -0.083703    -2.249927
    -0.082029    -2.248311
    -0.080355    -2.246730
    -0.078681    -2.245181
    -0.077007    -2.243666
    -0.075333    -2.242183
    -0.073659    -2.240732
    -0.071985    -2.239314
    -0.070311    -2.237927
    -0.068637    -2.236572
    -0.066963    -2.235248
    -0.065289    -2.233955
    -0.063615    -2.232693
    -0.061940    -2.231462
    -0.060266    -2.230261
    -0.058592    -2.229090
    -0.056918    -2.227949
    -0.055244    -2.226838
    -0.053570    -2.225756
    -0.051896    -2.224704
    -0.050222    -2.223681
    -0.048548    -2.222688
    -0.046874    -2.221723
    -0.045200    -2.220787
    -0.043526    -2.219880
    -0.041852    -2.219002
    -0.040178    -2.218152
    -0.038504    -2.217330
    -0.036829    -2.216537
    -0.035155    -2.215772
    -0.033481    -2.215035
    -0.031807    -2.214325
    -0.030133    -2.213644
    -0.028459    -2.212990
    -0.026785    -2.212364
    -0.025111    -2.211766
    -0.023437    -2.211195
    -0.021763    -2.210651
    -0.020089    -2.210135
    -0.018415    -2.209646
    -0.016741    -2.209184
    -0.015067    -2.208750
    -0.013393    -2.208342
    -0.011718    -2.207961
    -0.010044    -2.207607
    -0.008370    -2.207280
    -0.006696    -2.206980
    -0.005022    -2.206707
    -0.003348    -2.206460
    -0.001674    -2.206240
     0.000000    -2.206055
     0.001674    -2.206250
     0.003348    -2.206475
     0.005022    -2.206728
     0.006696    -2.207008
     0.008370    -2.207315
     0.010044    -2.207650
     0.011718    -2.208012
     0.013393    -2.208402
     0.015067    -2.208819
     0.016741    -2.209264
     0.018415    -2.209736
     0.020089    -2.210236
     0.021763    -2.210764
     0.023437    -2.211320
     0.025111    -2.211903
     0.026785    -2.212514
     0.028459    -2.213154
     0.030133    -2.213821
     0.031807    -2.214517
     0.033481    -2.215240
     0.035155    -2.215992
     0.036829    -2.216772
     0.038504    -2.217581
     0.040178    -2.218417
     0.041852    -2.219283
     0.043526    -2.220177
     0.045200    -2.221099
     0.046874    -2.222051
     0.048548    -2.223031
     0.050222    -2.224040
     0.051896    -2.225079
     0.053570    -2.226146
     0.055244    -2.227243
     0.056918    -2.228369
     0.058592    -2.229525
     0.060266    -2.230711
     0.061940    -2.231926
     0.063615    -2.233172
     0.065289    -2.234447
     0.066963    -2.235753
     0.068637    -2.237090
     0.070311    -2.238457
     0.071985    -2.239856
     0.073659    -2.241285
     0.075333    -2.242746
     0.077007    -2.244239
     0.078681    -2.245764
     0.080355    -2.247322
     0.082029    -2.248911
     0.083703    -2.250534
     0.085377    -2.252191
     0.087051    -2.253880
     0.088726    -2.255604
     0.090400    -2.257363
     0.092074    -2.259157
     0.093748    -2.260986
     0.095422    -2.262851
     0.097096    -2.264752
     0.098770    -2.266691
     0.100444    -2.268667
     0.102118    -2.270682
     0.103792    -2.272735
     0.105466    -2.274829
     0.107140    -2.276963
     0.108814    -2.279138
     0.110488    -2.281356
     0.112163    -2.283616
     0.113837    -2.285921
     0.115511    -2.288271
     0.117185    -2.290667
     0.118859    -2.293110
     0.120533    -2.295602
     0.122207    -2.298143
     0.123881    -2.300736
     0.125555    -2.303382
     0.127229    -2.306082
     0.128903    -2.308837
     0.130577    -2.311650
     0.132251    -2.314522
     0.133925    -2.317455
     0.135599    -2.320451
     0.137274    -2.323512
     0.138948    -2.326640
     0.140622    -2.329838
     0.142296    -2.333108
     0.143970    -2.336451
     0.145644    -2.339872
     0.147318    -2.343373
     0.148992    -2.346955
     0.150666    -2.350623
     0.152340    -2.354379
     0.154014    -2.358227
     0.155688    -2.362168
     0.157362    -2.366208
     0.159036    -2.370348
     0.160710    -2.374592
     0.162385    -2.378944
     0.164059    -2.383408
     0.165733    -2.387985
     0.167407    -2.392680


    -0.167407    -2.335239
    -0.165733    -2.331264
    -0.164059    -2.327440
    -0.162385    -2.323758
    -0.160710    -2.320211
    -0.159036    -2.316791
    -0.157362    -2.313490
    -0.155688    -2.310303
    -0.154014    -2.307222
    -0.152340    -2.304241
    -0.150666    -2.301355
    -0.148992    -2.298557
    -0.147318    -2.295844
    -0.145644    -2.293210
    -0.143970    -2.290651
    -0.142296    -2.288164
    -0.140622    -2.285743
    -0.138948    -2.283387
    -0.137274    -2.281091
    -0.135599    -2.278853
    -0.133925    -2.276670
    -0.132251    -2.274540
    -0.130577    -2.272460
    -0.128903    -2.270429
    -0.127229    -2.268444
    -0.125555    -2.266503
    -0.123881    -2.264606
    -0.122207    -2.262750
    -0.120533    -2.260934
    -0.118859    -2.259157
    -0.117185    -2.257418
    -0.115511    -2.255715
    -0.113837    -2.254048
    -0.112163    -2.252416
    -0.110488    -2.250818
    -0.108814    -2.249253
    -0.107140    -2.247720
    -0.105466    -2.246220
    -0.103792    -2.244750
    -0.102118    -2.243311
    -0.100444    -2.241902
    -0.098770    -2.240523
    -0.097096    -2.239174
    -0.095422    -2.237853
    -0.093748    -2.236561
    -0.092074    -2.235297
    -0.090400    -2.234061
    -0.088726    -2.232853
    -0.087052    -2.231672
    -0.085377    -2.230519
    -0.083703    -2.229392
    -0.082029    -2.228293
    -0.080355    -2.227220
    -0.078681    -2.226173
    -0.077007    -2.225153
    -0.075333    -2.224159
    -0.073659    -2.223192
    -0.071985    -2.222250
    -0.070311    -2.221335
    -0.068637    -2.220445
    -0.066963    -2.219581
    -0.065289    -2.218743
    -0.063615    -2.217930
    -0.061940    -2.217143
    -0.060266    -2.216382
    -0.058592    -2.215646
    -0.056918    -2.214936
    -0.055244    -2.214251
    -0.053570    -2.213592
    -0.051896    -2.212959
    -0.050222    -2.212351
    -0.048548    -2.211768
    -0.046874    -2.211211
    -0.045200    -2.210679
    -0.043526    -2.210173
    -0.041852    -2.209693
    -0.040178    -2.209238
    -0.038504    -2.208808
    -0.036829    -2.208404
    -0.035155    -2.208026
    -0.033481    -2.207673
    -0.031807    -2.207346
    -0.030133    -2.207045
    -0.028459    -2.206769
    -0.026785    -2.206519
    -0.025111    -2.206295
    -0.023437    -2.206097
    -0.021763    -2.205924
    -0.020089    -2.205777
    -0.018415    -2.205657
    -0.016741    -2.205562
    -0.015067    -2.205493
    -0.013393    -2.205450
    -0.011718    -2.205434
    -0.010044    -2.205443
    -0.008370    -2.205479
    -0.006696    -2.205540
    -0.005022    -2.205628
    -0.003348    -2.205743
    -0.001674    -2.205883
     0.000000    -2.206041
     0.001674    -2.205874
     0.003348    -2.205730
     0.005022    -2.205614
     0.006696    -2.205524
     0.008370    -2.205461
     0.010044    -2.205425
     0.011718    -2.205417
     0.013393    -2.205434
     0.015067    -2.205479
     0.016741    -2.205551
     0.018415    -2.205649
     0.020089    -2.205773
     0.021763    -2.205925
     0.023437    -2.206102
     0.025111    -2.206307
     0.026785    -2.206537
     0.028459    -2.206794
     0.030133    -2.207078
     0.031807    -2.207387
     0.033481    -2.207723
     0.035155    -2.208085
     0.036829    -2.208473
     0.038504    -2.208887
     0.040178    -2.209327
     0.041852    -2.209793
     0.043526    -2.210286
     0.045200    -2.210803
     0.046874    -2.211347
     0.048548    -2.211917
     0.050222    -2.212512
     0.051896    -2.213133
     0.053570    -2.213780
     0.055244    -2.214453
     0.056918    -2.215151
     0.058592    -2.215874
     0.060266    -2.216624
     0.061940    -2.217399
     0.063615    -2.218199
     0.065289    -2.219025
     0.066963    -2.219877
     0.068637    -2.220755
     0.070311    -2.221658
     0.071985    -2.222586
     0.073659    -2.223541
     0.075333    -2.224521
     0.077007    -2.225527
     0.078681    -2.226559
     0.080355    -2.227617
     0.082029    -2.228701
     0.083703    -2.229811
     0.085377    -2.230948
     0.087051    -2.232111
     0.088726    -2.233301
     0.090400    -2.234517
     0.092074    -2.235761
     0.093748    -2.237032
     0.095422    -2.238331
     0.097096    -2.239657
     0.098770    -2.241012
     0.100444    -2.242395
     0.102118    -2.243807
     0.103792    -2.245248
     0.105466    -2.246720
     0.107140    -2.248221
     0.108814    -2.249754
     0.110488    -2.251318
     0.112163    -2.252914
     0.113837    -2.254544
     0.115511    -2.256207
     0.117185    -2.257904
     0.118859    -2.259638
     0.120533    -2.261408
     0.122207    -2.263216
     0.123881    -2.265064
     0.125555    -2.266951
     0.127229    -2.268881
     0.128903    -2.270855
     0.130577    -2.272874
     0.132251    -2.274940
     0.133925    -2.277056
     0.135599    -2.279224
     0.137274    -2.281446
     0.138948    -2.283725
     0.140622    -2.286064
     0.142296    -2.288466
     0.143970    -2.290935
     0.145644    -2.293475
     0.147318    -2.296089
     0.148992    -2.298782
     0.150666    -2.301559
     0.152340    -2.304425
     0.154014    -2.307385
     0.155688    -2.310446
     0.157362    -2.313613
     0.159036    -2.316894
     0.160710    -2.320295
     0.162385    -2.323824
     0.164059    -2.327489
     0.165733    -2.331297
     0.167407    -2.335257


    -0.167407    -2.124093
    -0.165733    -2.116547
    -0.164059    -2.108905
    -0.162385    -2.101175
    -0.160710    -2.093367
    -0.159036    -2.085491
    -0.157362    -2.077555
    -0.155688    -2.069569
    -0.154014    -2.061539
    -0.152340    -2.053474
    -0.150666    -2.045381
    -0.148992    -2.037268
    -0.147318    -2.029141
    -0.145644    -2.021006
    -0.143970    -2.012870
    -0.142296    -2.004737
    -0.140622    -1.996615
    -0.138948    -1.988507
    -0.137274    -1.980418
    -0.135599    -1.972352
    -0.133925    -1.964315
    -0.132251    -1.956310
    -0.130577    -1.948341
    -0.128903    -1.940411
    -0.127229    -1.932524
    -0.125555    -1.924683
    -0.123881    -1.916892
    -0.122207    -1.909152
    -0.120533    -1.901467
    -0.118859    -1.893839
    -0.117185    -1.886271
    -0.115511    -1.878765
    -0.113837    -1.871324
    -0.112163    -1.863948
    -0.110488    -1.856641
    -0.108814    -1.849404
    -0.107140    -1.842239
    -0.105466    -1.835147
    -0.103792    -1.828131
    -0.102118    -1.821190
    -0.100444    -1.814327
    -0.098770    -1.807543
    -0.097096    -1.800839
    -0.095422    -1.794217
    -0.093748    -1.787676
    -0.092074    -1.781218
    -0.090400    -1.774844
    -0.088726    -1.768555
    -0.087052    -1.762351
    -0.085377    -1.756232
    -0.083703    -1.750201
    -0.082029    -1.744258
    -0.080355    -1.738416
    -0.078681    -1.732827
    -0.077007    -1.727380
    -0.075333    -1.722008
    -0.073659    -1.716709
    -0.071985    -1.711482
    -0.070311    -1.706327
    -0.068637    -1.701245
    -0.066963    -1.696236
    -0.065289    -1.691300
    -0.063615    -1.686438
    -0.061940    -1.681649
    -0.060266    -1.676935
    -0.058592    -1.672295
    -0.056918    -1.667730
    -0.055244    -1.663241
    -0.053570    -1.658826
    -0.051896    -1.654488
    -0.050222    -1.650225
    -0.048548    -1.646039
    -0.046874    -1.641930
    -0.045200    -1.637898
    -0.043526    -1.633943
    -0.041852    -1.630068
    -0.040178    -1.626271
    -0.038504    -1.622554
    -0.036829    -1.618918
    -0.035155    -1.615363
    -0.033481    -1.611891
    -0.031807    -1.608504
    -0.030133    -1.605203
    -0.028459    -1.601989
    -0.026785    -1.598866
    -0.025111    -1.595836
    -0.023437    -1.592903
    -0.021763    -1.590071
    -0.020089    -1.587345
    -0.018415    -1.584733
    -0.016741    -1.582242
    -0.015067    -1.579883
    -0.013393    -1.577668
    -0.011718    -1.575614
    -0.010044    -1.573739
    -0.008370    -1.572067
    -0.006696    -1.570625
    -0.005022    -1.569444
    -0.003348    -1.568553
    -0.001674    -1.567981
     0.000000    -1.567750
     0.001674    -1.567979
     0.003348    -1.568546
     0.005022    -1.569429
     0.006696    -1.570602
     0.008370    -1.572034
     0.010044    -1.573695
     0.011718    -1.575559
     0.013393    -1.577602
     0.015067    -1.579806
     0.016741    -1.582154
     0.018415    -1.584635
     0.020089    -1.587237
     0.021763    -1.589952
     0.023437    -1.592774
     0.025111    -1.595698
     0.026785    -1.598718
     0.028459    -1.601833
     0.030133    -1.605037
     0.031807    -1.608330
     0.033481    -1.611709
     0.035155    -1.615172
     0.036829    -1.618719
     0.038504    -1.622347
     0.040178    -1.626056
     0.041852    -1.629845
     0.043526    -1.633713
     0.045200    -1.637660
     0.046874    -1.641684
     0.048548    -1.645786
     0.050222    -1.649965
     0.051896    -1.654221
     0.053570    -1.658552
     0.055244    -1.662960
     0.056918    -1.667443
     0.058592    -1.672001
     0.060266    -1.676635
     0.061940    -1.681343
     0.063615    -1.686125
     0.065289    -1.690982
     0.066963    -1.695913
     0.068637    -1.700917
     0.070311    -1.705995
     0.071985    -1.711147
     0.073659    -1.716373
     0.075333    -1.721673
     0.077007    -1.727049
     0.078681    -1.732507
     0.080355    -1.738067
     0.082029    -1.743778
     0.083703    -1.749655
     0.085377    -1.755657
     0.087051    -1.761759
     0.088726    -1.767952
     0.090400    -1.774234
     0.092074    -1.780602
     0.093748    -1.787056
     0.095422    -1.793594
     0.097096    -1.800215
     0.098770    -1.806919
     0.100444    -1.813703
     0.102118    -1.820567
     0.103792    -1.827510
     0.105466    -1.834530
     0.107140    -1.841626
     0.108814    -1.848797
     0.110488    -1.856040
     0.112163    -1.863354
     0.113837    -1.870737
     0.115511    -1.878187
     0.117185    -1.885703
     0.118859    -1.893281
     0.120533    -1.900920
     0.122207    -1.908618
     0.123881    -1.916371
     0.125555    -1.924177
     0.127229    -1.932032
     0.128903    -1.939935
     0.130577    -1.947882
     0.132251    -1.955868
     0.133925    -1.963891
     0.135599    -1.971947
     0.137274    -1.980032
     0.138948    -1.988141
     0.140622    -1.996270
     0.142296    -2.004414
     0.143970    -2.012567
     0.145644    -2.020726
     0.147318    -2.028883
     0.148992    -2.037032
     0.150666    -2.045168
     0.152340    -2.053283
     0.154014    -2.061370
     0.155688    -2.069422
     0.157362    -2.077431
     0.159036    -2.085387
     0.160710    -2.093283
     0.162385    -2.101110
     0.164059    -2.108858
     0.165733    -2.116517
     0.167407    -2.124077


    -0.167407    -2.092330
    -0.165733    -2.085283
    -0.164059    -2.078187
    -0.162385    -2.071046
    -0.160710    -2.063866
    -0.159036    -2.056649
    -0.157362    -2.049402
    -0.155688    -2.042127
    -0.154014    -2.034830
    -0.152340    -2.027515
    -0.150666    -2.020185
    -0.148992    -2.012845
    -0.147318    -2.005499
    -0.145644    -1.998151
    -0.143970    -1.990804
    -0.142296    -1.983462
    -0.140622    -1.976128
    -0.138948    -1.968807
    -0.137274    -1.961500
    -0.135599    -1.954212
    -0.133925    -1.946946
    -0.132251    -1.939703
    -0.130577    -1.932487
    -0.128903    -1.925301
    -0.127229    -1.918148
    -0.125555    -1.911029
    -0.123881    -1.903947
    -0.122207    -1.896904
    -0.120533    -1.889903
    -0.118859    -1.882945
    -0.117185    -1.876032
    -0.115511    -1.869166
    -0.113837    -1.862350
    -0.112163    -1.855584
    -0.110488    -1.848870
    -0.108814    -1.842210
    -0.107140    -1.835605
    -0.105466    -1.829057
    -0.103792    -1.822566
    -0.102118    -1.816134
    -0.100444    -1.809762
    -0.098770    -1.803452
    -0.097096    -1.797204
    -0.095422    -1.791018
    -0.093748    -1.784897
    -0.092074    -1.778841
    -0.090400    -1.772851
    -0.088726    -1.766926
    -0.087052    -1.761069
    -0.085377    -1.755280
    -0.083703    -1.749558
    -0.082029    -1.743904
    -0.080355    -1.738305
    -0.078681    -1.732611
    -0.077007    -1.726933
    -0.075333    -1.721339
    -0.073659    -1.715831
    -0.071985    -1.710412
    -0.070311    -1.705081
    -0.068637    -1.699838
    -0.066963    -1.694683
    -0.065289    -1.689616
    -0.063615    -1.684637
    -0.061940    -1.679747
    -0.060266    -1.674944
    -0.058592    -1.670229
    -0.056918    -1.665601
    -0.055244    -1.661061
    -0.053570    -1.656608
    -0.051896    -1.652242
    -0.050222    -1.647963
    -0.048548    -1.643771
    -0.046874    -1.639666
    -0.045200    -1.635647
    -0.043526    -1.631715
    -0.041852    -1.627869
    -0.040178    -1.624111
    -0.038504    -1.620439
    -0.036829    -1.616855
    -0.035155    -1.613358
    -0.033481    -1.609950
    -0.031807    -1.606632
    -0.030133    -1.603404
    -0.028459    -1.600268
    -0.026785    -1.597227
    -0.025111    -1.594282
    -0.023437    -1.591436
    -0.021763    -1.588695
    -0.020089    -1.586062
    -0.018415    -1.583545
    -0.016741    -1.581151
    -0.015067    -1.578890
    -0.013393    -1.576775
    -0.011718    -1.574823
    -0.010044    -1.573052
    -0.008370    -1.571488
    -0.006696    -1.570156
    -0.005022    -1.569088
    -0.003348    -1.568314
    -0.001674    -1.567861
     0.000000    -1.567744
     0.001674    -1.567856
     0.003348    -1.568302
     0.005022    -1.569066
     0.006696    -1.570122
     0.008370    -1.571441
     0.010044    -1.572991
     0.011718    -1.574746
     0.013393    -1.576683
     0.015067    -1.578781
     0.016741    -1.581026
     0.018415    -1.583404
     0.020089    -1.585906
     0.021763    -1.588522
     0.023437    -1.591248
     0.025111    -1.594078
     0.026785    -1.597007
     0.028459    -1.600033
     0.030133    -1.603153
     0.031807    -1.606366
     0.033481    -1.609669
     0.035155    -1.613062
     0.036829    -1.616544
     0.038504    -1.620113
     0.040178    -1.623771
     0.041852    -1.627515
     0.043526    -1.631346
     0.045200    -1.635264
     0.046874    -1.639269
     0.048548    -1.643360
     0.050222    -1.647539
     0.051896    -1.651804
     0.053570    -1.656157
     0.055244    -1.660597
     0.056918    -1.665124
     0.058592    -1.669739
     0.060266    -1.674442
     0.061940    -1.679232
     0.063615    -1.684111
     0.065289    -1.689078
     0.066963    -1.694133
     0.068637    -1.699276
     0.070311    -1.704507
     0.071985    -1.709826
     0.073659    -1.715233
     0.075333    -1.720726
     0.077007    -1.726302
     0.078681    -1.731956
     0.080355    -1.737668
     0.082029    -1.743387
     0.083703    -1.749097
     0.085377    -1.754840
     0.087051    -1.760638
     0.088726    -1.766499
     0.090400    -1.772425
     0.092074    -1.778416
     0.093748    -1.784472
     0.095422    -1.790594
     0.097096    -1.796779
     0.098770    -1.803028
     0.100444    -1.809339
     0.102118    -1.815712
     0.103792    -1.822146
     0.105466    -1.828638
     0.107140    -1.835190
     0.108814    -1.841798
     0.110488    -1.848462
     0.112163    -1.855180
     0.113837    -1.861951
     0.115511    -1.868773
     0.117185    -1.875645
     0.118859    -1.882564
     0.120533    -1.889530
     0.122207    -1.896539
     0.123881    -1.903591
     0.125555    -1.910682
     0.127229    -1.917812
     0.128903    -1.924976
     0.130577    -1.932173
     0.132251    -1.939401
     0.133925    -1.946656
     0.135599    -1.953936
     0.137274    -1.961237
     0.138948    -1.968558
     0.140622    -1.975894
     0.142296    -1.983242
     0.143970    -1.990599
     0.145644    -1.997961
     0.147318    -2.005324
     0.148992    -2.012685
     0.150666    -2.020040
     0.152340    -2.027385
     0.154014    -2.034716
     0.155688    -2.042027
     0.157362    -2.049316
     0.159036    -2.056577
     0.160710    -2.063807
     0.162385    -2.071000
     0.164059    -2.078152
     0.165733    -2.085258
     0.167407    -2.092314


    -0.167407    -1.633814
    -0.165733    -1.630797
    -0.164059    -1.627805
    -0.162385    -1.624838
    -0.160710    -1.621898
    -0.159036    -1.618984
    -0.157362    -1.616098
    -0.155688    -1.613239
    -0.154014    -1.610409
    -0.152340    -1.607609
    -0.150666    -1.604837
    -0.148992    -1.602097
    -0.147318    -1.599387
    -0.145644    -1.596708
    -0.143970    -1.594062
    -0.142296    -1.591449
    -0.140622    -1.588869
    -0.138948    -1.586324
    -0.137274    -1.583813
    -0.135599    -1.581338
    -0.133925    -1.578898
    -0.132251    -1.576496
    -0.130577    -1.574130
    -0.128903    -1.571803
    -0.127229    -1.569514
    -0.125555    -1.567264
    -0.123881    -1.565054
    -0.122207    -1.562885
    -0.120533    -1.560757
    -0.118859    -1.558670
    -0.117185    -1.556626
    -0.115511    -1.554625
    -0.113837    -1.552667
    -0.112163    -1.550754
    -0.110488    -1.548885
    -0.108814    -1.547062
    -0.107140    -1.545284
    -0.105466    -1.543554
    -0.103792    -1.541870
    -0.102118    -1.540234
    -0.100444    -1.538647
    -0.098770    -1.537108
    -0.097096    -1.535619
    -0.095422    -1.534179
    -0.093748    -1.532790
    -0.092074    -1.531452
    -0.090400    -1.530165
    -0.088726    -1.528931
    -0.087052    -1.527748
    -0.085377    -1.526619
    -0.083703    -1.525543
    -0.082029    -1.524521
    -0.080355    -1.523553
    -0.078681    -1.522640
    -0.077007    -1.521781
    -0.075333    -1.520979
    -0.073659    -1.520232
    -0.071985    -1.519541
    -0.070311    -1.518907
    -0.068637    -1.518329
    -0.066963    -1.517809
    -0.065289    -1.517346
    -0.063615    -1.516941
    -0.061940    -1.516593
    -0.060266    -1.516304
    -0.058592    -1.516073
    -0.056918    -1.515901
    -0.055244    -1.515787
    -0.053570    -1.515732
    -0.051896    -1.515736
    -0.050222    -1.515799
    -0.048548    -1.515920
    -0.046874    -1.516100
    -0.045200    -1.516338
    -0.043526    -1.516634
    -0.041852    -1.516989
    -0.040178    -1.517401
    -0.038504    -1.517870
    -0.036829    -1.518396
    -0.035155    -1.518977
    -0.033481    -1.519613
    -0.031807    -1.520303
    -0.030133    -1.521044
    -0.028459    -1.521836
    -0.026785    -1.522676
    -0.025111    -1.523560
    -0.023437    -1.524484
    -0.021763    -1.525445
    -0.020089    -1.526435
    -0.018415    -1.527447
    -0.016741    -1.528471
    -0.015067    -1.529498
    -0.013393    -1.530514
    -0.011718    -1.531502
    -0.010044    -1.532444
    -0.008370    -1.533316
    -0.006696    -1.534090
    -0.005022    -1.534737
    -0.003348    -1.535226
    -0.001674    -1.535529
     0.000000    -1.535631
     0.001674    -1.535525
     0.003348    -1.535223
     0.005022    -1.534742
     0.006696    -1.534106
     0.008370    -1.533345
     0.010044    -1.532486
     0.011718    -1.531558
     0.013393    -1.530582
     0.015067    -1.529579
     0.016741    -1.528563
     0.018415    -1.527549
     0.020089    -1.526546
     0.021763    -1.525565
     0.023437    -1.524613
     0.025111    -1.523699
     0.026785    -1.522827
     0.028459    -1.522002
     0.030133    -1.521225
     0.031807    -1.520499
     0.033481    -1.519826
     0.035155    -1.519207
     0.036829    -1.518642
     0.038504    -1.518133
     0.040178    -1.517680
     0.041852    -1.517284
     0.043526    -1.516946
     0.045200    -1.516665
     0.046874    -1.516443
     0.048548    -1.516279
     0.050222    -1.516174
     0.051896    -1.516127
     0.053570    -1.516139
     0.055244    -1.516209
     0.056918    -1.516338
     0.058592    -1.516525
     0.060266    -1.516770
     0.061940    -1.517074
     0.063615    -1.517435
     0.065289    -1.517854
     0.066963    -1.518330
     0.068637    -1.518863
     0.070311    -1.519453
     0.071985    -1.520099
     0.073659    -1.520802
     0.075333    -1.521560
     0.077007    -1.522373
     0.078681    -1.523242
     0.080355    -1.524164
     0.082029    -1.525141
     0.083703    -1.526172
     0.085377    -1.527255
     0.087051    -1.528392
     0.088726    -1.529580
     0.090400    -1.530821
     0.092074    -1.532112
     0.093748    -1.533454
     0.095422    -1.534847
     0.097096    -1.536289
     0.098770    -1.537780
     0.100444    -1.539319
     0.102118    -1.540907
     0.103792    -1.542542
     0.105466    -1.544224
     0.107140    -1.545952
     0.108814    -1.547726
     0.110488    -1.549545
     0.112163    -1.551408
     0.113837    -1.553315
     0.115511    -1.555266
     0.117185    -1.557259
     0.118859    -1.559294
     0.120533    -1.561371
     0.122207    -1.563488
     0.123881    -1.565645
     0.125555    -1.567843
     0.127229    -1.570079
     0.128903    -1.572353
     0.130577    -1.574665
     0.132251    -1.577014
     0.133925    -1.579400
     0.135599    -1.581821
     0.137274    -1.584277
     0.138948    -1.586768
     0.140622    -1.589293
     0.142296    -1.591852
     0.143970    -1.594443
     0.145644    -1.597066
     0.147318    -1.599721
     0.148992    -1.602406
     0.150666    -1.605122
     0.152340    -1.607868
     0.154014    -1.610642
     0.155688    -1.613445
     0.157362    -1.616276
     0.159036    -1.619135
     0.160710    -1.622020
     0.162385    -1.624932
     0.164059    -1.627869
     0.165733    -1.630831
     0.167407    -1.633818


    -0.167407    -1.611648
    -0.165733    -1.608718
    -0.164059    -1.605827
    -0.162385    -1.602976
    -0.160710    -1.600164
    -0.159036    -1.597393
    -0.157362    -1.594663
    -0.155688    -1.591973
    -0.154014    -1.589325
    -0.152340    -1.586719
    -0.150666    -1.584154
    -0.148992    -1.581633
    -0.147318    -1.579153
    -0.145644    -1.576717
    -0.143970    -1.574324
    -0.142296    -1.571974
    -0.140622    -1.569668
    -0.138948    -1.567406
    -0.137274    -1.565188
    -0.135599    -1.563014
    -0.133925    -1.560885
    -0.132251    -1.558800
    -0.130577    -1.556760
    -0.128903    -1.554766
    -0.127229    -1.552816
    -0.125555    -1.550912
    -0.123881    -1.549053
    -0.122207    -1.547240
    -0.120533    -1.545473
    -0.118859    -1.543751
    -0.117185    -1.542076
    -0.115511    -1.540446
    -0.113837    -1.538863
    -0.112163    -1.537327
    -0.110488    -1.535836
    -0.108814    -1.534393
    -0.107140    -1.532996
    -0.105466    -1.531646
    -0.103792    -1.530343
    -0.102118    -1.529086
    -0.100444    -1.527877
    -0.098770    -1.526715
    -0.097096    -1.525601
    -0.095422    -1.524533
    -0.093748    -1.523514
    -0.092074    -1.522541
    -0.090400    -1.521617
    -0.088726    -1.520740
    -0.087052    -1.519912
    -0.085377    -1.519131
    -0.083703    -1.518398
    -0.082029    -1.517714
    -0.080355    -1.517078
    -0.078681    -1.516490
    -0.077007    -1.515951
    -0.075333    -1.515460
    -0.073659    -1.515019
    -0.071985    -1.514625
    -0.070311    -1.514281
    -0.068637    -1.513986
    -0.066963    -1.513739
    -0.065289    -1.513542
    -0.063615    -1.513394
    -0.061940    -1.513295
    -0.060266    -1.513246
    -0.058592    -1.513245
    -0.056918    -1.513294
    -0.055244    -1.513392
    -0.053570    -1.513540
    -0.051896    -1.513737
    -0.050222    -1.513983
    -0.048548    -1.514278
    -0.046874    -1.514622
    -0.045200    -1.515014
    -0.043526    -1.515455
    -0.041852    -1.515944
    -0.040178    -1.516481
    -0.038504    -1.517065
    -0.036829    -1.517695
    -0.035155    -1.518370
    -0.033481    -1.519091
    -0.031807    -1.519854
    -0.030133    -1.520660
    -0.028459    -1.521505
    -0.026785    -1.522388
    -0.025111    -1.523307
    -0.023437    -1.524259
    -0.021763    -1.525240
    -0.020089    -1.526245
    -0.018415    -1.527270
    -0.016741    -1.528306
    -0.015067    -1.529345
    -0.013393    -1.530373
    -0.011718    -1.531375
    -0.010044    -1.532331
    -0.008370    -1.533218
    -0.006696    -1.534007
    -0.005022    -1.534670
    -0.003348    -1.535174
    -0.001674    -1.535491
     0.000000    -1.535602
     0.001674    -1.535502
     0.003348    -1.535194
     0.005022    -1.534699
     0.006696    -1.534048
     0.008370    -1.533271
     0.010044    -1.532397
     0.011718    -1.531456
     0.013393    -1.530470
     0.015067    -1.529459
     0.016741    -1.528439
     0.018415    -1.527423
     0.020089    -1.526419
     0.021763    -1.525435
     0.023437    -1.524475
     0.025111    -1.523543
     0.026785    -1.522642
     0.028459    -1.521775
     0.030133    -1.520944
     0.031807    -1.520152
     0.033481    -1.519402
     0.035155    -1.518695
     0.036829    -1.518032
     0.038504    -1.517415
     0.040178    -1.516844
     0.041852    -1.516320
     0.043526    -1.515844
     0.045200    -1.515415
     0.046874    -1.515035
     0.048548    -1.514703
     0.050222    -1.514420
     0.051896    -1.514186
     0.053570    -1.514001
     0.055244    -1.513864
     0.056918    -1.513777
     0.058592    -1.513739
     0.060266    -1.513750
     0.061940    -1.513810
     0.063615    -1.513919
     0.065289    -1.514077
     0.066963    -1.514284
     0.068637    -1.514539
     0.070311    -1.514843
     0.071985    -1.515196
     0.073659    -1.515597
     0.075333    -1.516047
     0.077007    -1.516545
     0.078681    -1.517091
     0.080355    -1.517685
     0.082029    -1.518327
     0.083703    -1.519017
     0.085377    -1.519754
     0.087051    -1.520540
     0.088726    -1.521372
     0.090400    -1.522252
     0.092074    -1.523180
     0.093748    -1.524154
     0.095422    -1.525176
     0.097096    -1.526244
     0.098770    -1.527359
     0.100444    -1.528521
     0.102118    -1.529730
     0.103792    -1.530984
     0.105466    -1.532286
     0.107140    -1.533633
     0.108814    -1.535027
     0.110488    -1.536466
     0.112163    -1.537951
     0.113837    -1.539482
     0.115511    -1.541059
     0.117185    -1.542681
     0.118859    -1.544349
     0.120533    -1.546061
     0.122207    -1.547819
     0.123881    -1.549622
     0.125555    -1.551469
     0.127229    -1.553361
     0.128903    -1.555298
     0.130577    -1.557279
     0.132251    -1.559304
     0.133925    -1.561373
     0.135599    -1.563486
     0.137274    -1.565642
     0.138948    -1.567842
     0.140622    -1.570085
     0.142296    -1.572371
     0.143970    -1.574700
     0.145644    -1.577071
     0.147318    -1.579485
     0.148992    -1.581941
     0.150666    -1.584438
     0.152340    -1.586978
     0.154014    -1.589558
     0.155688    -1.592179
     0.157362    -1.594841
     0.159036    -1.597543
     0.160710    -1.600285
     0.162385    -1.603067
     0.164059    -1.605887
     0.165733    -1.608747
     0.167407    -1.611645


    -0.167407    -1.249165
    -0.165733    -1.243780
    -0.164059    -1.238343
    -0.162385    -1.232853
    -0.160710    -1.227312
    -0.159036    -1.221719
    -0.157362    -1.216074
    -0.155688    -1.210378
    -0.154014    -1.204630
    -0.152340    -1.198833
    -0.150666    -1.193010
    -0.148992    -1.187815
    -0.147318    -1.182677
    -0.145644    -1.177494
    -0.143970    -1.172264
    -0.142296    -1.166987
    -0.140622    -1.161662
    -0.138948    -1.156288
    -0.137274    -1.150864
    -0.135599    -1.145391
    -0.133925    -1.139867
    -0.132251    -1.134291
    -0.130577    -1.128665
    -0.128903    -1.122987
    -0.127229    -1.117256
    -0.125555    -1.111473
    -0.123881    -1.105637
    -0.122207    -1.099749
    -0.120533    -1.093807
    -0.118859    -1.087812
    -0.117185    -1.081765
    -0.115511    -1.075664
    -0.113837    -1.069511
    -0.112163    -1.063305
    -0.110488    -1.057046
    -0.108814    -1.050736
    -0.107140    -1.044375
    -0.105466    -1.037963
    -0.103792    -1.031501
    -0.102118    -1.024990
    -0.100444    -1.018431
    -0.098770    -1.011825
    -0.097096    -1.005172
    -0.095422    -0.998475
    -0.093748    -0.991735
    -0.092074    -0.984953
    -0.090400    -0.978132
    -0.088726    -0.971272
    -0.087052    -0.964376
    -0.085377    -0.957447
    -0.083703    -0.950485
    -0.082029    -0.943495
    -0.080355    -0.936479
    -0.078681    -0.929439
    -0.077007    -0.922379
    -0.075333    -0.915302
    -0.073659    -0.908212
    -0.071985    -0.901112
    -0.070311    -0.894006
    -0.068637    -0.886899
    -0.066963    -0.879795
    -0.065289    -0.872699
    -0.063615    -0.865615
    -0.061940    -0.858550
    -0.060266    -0.851510
    -0.058592    -0.844499
    -0.056918    -0.837524
    -0.055244    -0.830593
    -0.053570    -0.823712
    -0.051896    -0.816888
    -0.050222    -0.810130
    -0.048548    -0.803446
    -0.046874    -0.796845
    -0.045200    -0.790335
    -0.043526    -0.783927
    -0.041852    -0.777629
    -0.040178    -0.771454
    -0.038504    -0.765410
    -0.036829    -0.759510
    -0.035155    -0.753765
    -0.033481    -0.748186
    -0.031807    -0.742787
    -0.030133    -0.737577
    -0.028459    -0.732571
    -0.026785    -0.727780
    -0.025111    -0.723216
    -0.023437    -0.718891
    -0.021763    -0.714817
    -0.020089    -0.711004
    -0.018415    -0.707463
    -0.016741    -0.704203
    -0.015067    -0.701234
    -0.013393    -0.698563
    -0.011718    -0.696196
    -0.010044    -0.694140
    -0.008370    -0.692398
    -0.006696    -0.690973
    -0.005022    -0.689867
    -0.003348    -0.689078
    -0.001674    -0.688602
     0.000000    -0.688439
     0.001674    -0.688593
     0.003348    -0.689060
     0.005022    -0.689849
     0.006696    -0.690957
     0.008370    -0.692383
     0.010044    -0.694126
     0.011718    -0.696183
     0.013393    -0.698550
     0.015067    -0.701222
     0.016741    -0.704192
     0.018415    -0.707452
     0.020089    -0.710994
     0.021763    -0.714808
     0.023437    -0.718883
     0.025111    -0.723209
     0.026785    -0.727774
     0.028459    -0.732566
     0.030133    -0.737573
     0.031807    -0.742784
     0.033481    -0.748184
     0.035155    -0.753764
     0.036829    -0.759510
     0.038504    -0.765411
     0.040178    -0.771455
     0.041852    -0.777631
     0.043526    -0.783929
     0.045200    -0.790338
     0.046874    -0.796848
     0.048548    -0.803450
     0.050222    -0.810134
     0.051896    -0.816892
     0.053570    -0.823715
     0.055244    -0.830596
     0.056918    -0.837528
     0.058592    -0.844502
     0.060266    -0.851512
     0.061940    -0.858553
     0.063615    -0.865617
     0.065289    -0.872700
     0.066963    -0.879796
     0.068637    -0.886899
     0.070311    -0.894005
     0.071985    -0.901110
     0.073659    -0.908210
     0.075333    -0.915299
     0.077007    -0.922375
     0.078681    -0.929435
     0.080355    -0.936473
     0.082029    -0.943489
     0.083703    -0.950478
     0.085377    -0.957439
     0.087051    -0.964367
     0.088726    -0.971262
     0.090400    -0.978121
     0.092074    -0.984942
     0.093748    -0.991723
     0.095422    -0.998462
     0.097096    -1.005159
     0.098770    -1.011810
     0.100444    -1.018416
     0.102118    -1.024974
     0.103792    -1.031485
     0.105466    -1.037946
     0.107140    -1.044358
     0.108814    -1.050718
     0.110488    -1.057028
     0.112163    -1.063286
     0.113837    -1.069491
     0.115511    -1.075644
     0.117185    -1.081745
     0.118859    -1.087792
     0.120533    -1.093787
     0.122207    -1.099728
     0.123881    -1.105617
     0.125555    -1.111452
     0.127229    -1.117235
     0.128903    -1.122966
     0.130577    -1.128644
     0.132251    -1.134271
     0.133925    -1.139846
     0.135599    -1.145371
     0.137274    -1.150845
     0.138948    -1.156269
     0.140622    -1.161643
     0.142296    -1.166969
     0.143970    -1.172246
     0.145644    -1.177477
     0.147318    -1.182660
     0.148992    -1.187800
     0.150666    -1.192990
     0.152340    -1.198798
     0.154014    -1.204596
     0.155688    -1.210344
     0.157362    -1.216042
     0.159036    -1.221689
     0.160710    -1.227284
     0.162385    -1.232828
     0.164059    -1.238320
     0.165733    -1.243760
     0.167407    -1.249149


    -0.167407    -1.241446
    -0.165733    -1.236773
    -0.164059    -1.232062
    -0.162385    -1.227311
    -0.160710    -1.222521
    -0.159036    -1.217690
    -0.157362    -1.212817
    -0.155688    -1.207902
    -0.154014    -1.202944
    -0.152340    -1.197942
    -0.150666    -1.192869
    -0.148992    -1.187074
    -0.147318    -1.181126
    -0.145644    -1.175126
    -0.143970    -1.169078
    -0.142296    -1.162980
    -0.140622    -1.156835
    -0.138948    -1.150643
    -0.137274    -1.144404
    -0.135599    -1.138119
    -0.133925    -1.131790
    -0.132251    -1.125417
    -0.130577    -1.119001
    -0.128903    -1.112543
    -0.127229    -1.106045
    -0.125555    -1.099506
    -0.123881    -1.092930
    -0.122207    -1.086316
    -0.120533    -1.079666
    -0.118859    -1.072982
    -0.117185    -1.066264
    -0.115511    -1.059516
    -0.113837    -1.052737
    -0.112163    -1.045930
    -0.110488    -1.039096
    -0.108814    -1.032238
    -0.107140    -1.025356
    -0.105466    -1.018454
    -0.103792    -1.011532
    -0.102118    -1.004593
    -0.100444    -0.997640
    -0.098770    -0.990673
    -0.097096    -0.983696
    -0.095422    -0.976711
    -0.093748    -0.969720
    -0.092074    -0.962726
    -0.090400    -0.955731
    -0.088726    -0.948737
    -0.087052    -0.941748
    -0.085377    -0.934767
    -0.083703    -0.927795
    -0.082029    -0.920837
    -0.080355    -0.913895
    -0.078681    -0.906972
    -0.077007    -0.900071
    -0.075333    -0.893196
    -0.073659    -0.886349
    -0.071985    -0.879536
    -0.070311    -0.872758
    -0.068637    -0.866020
    -0.066963    -0.859325
    -0.065289    -0.852678
    -0.063615    -0.846082
    -0.061940    -0.839542
    -0.060266    -0.833061
    -0.058592    -0.826644
    -0.056918    -0.820295
    -0.055244    -0.814019
    -0.053570    -0.807822
    -0.051896    -0.801707
    -0.050222    -0.795679
    -0.048548    -0.789745
    -0.046874    -0.783909
    -0.045200    -0.778177
    -0.043526    -0.772555
    -0.041852    -0.767048
    -0.040178    -0.761663
    -0.038504    -0.756407
    -0.036829    -0.751285
    -0.035155    -0.746304
    -0.033481    -0.741473
    -0.031807    -0.736796
    -0.030133    -0.732284
    -0.028459    -0.727942
    -0.026785    -0.723779
    -0.025111    -0.719803
    -0.023437    -0.716022
    -0.021763    -0.712445
    -0.020089    -0.709080
    -0.018415    -0.705937
    -0.016741    -0.703023
    -0.015067    -0.700349
    -0.013393    -0.697922
    -0.011718    -0.695752
    -0.010044    -0.693846
    -0.008370    -0.692214
    -0.006696    -0.690863
    -0.005022    -0.689800
    -0.003348    -0.689035
    -0.001674    -0.688576
     0.000000    -0.688427
     0.001674    -0.688585
     0.003348    -0.689052
     0.005022    -0.689818
     0.006696    -0.690879
     0.008370    -0.692230
     0.010044    -0.693862
     0.011718    -0.695767
     0.013393    -0.697938
     0.015067    -0.700365
     0.016741    -0.703041
     0.018415    -0.705955
     0.020089    -0.709099
     0.021763    -0.712465
     0.023437    -0.716043
     0.025111    -0.719824
     0.026785    -0.723801
     0.028459    -0.727965
     0.030133    -0.732307
     0.031807    -0.736821
     0.033481    -0.741497
     0.035155    -0.746329
     0.036829    -0.751309
     0.038504    -0.756431
     0.040178    -0.761688
     0.041852    -0.767072
     0.043526    -0.772578
     0.045200    -0.778200
     0.046874    -0.783931
     0.048548    -0.789767
     0.050222    -0.795700
     0.051896    -0.801726
     0.053570    -0.807840
     0.055244    -0.814037
     0.056918    -0.820311
     0.058592    -0.826659
     0.060266    -0.833074
     0.061940    -0.839554
     0.063615    -0.846093
     0.065289    -0.852687
     0.066963    -0.859333
     0.068637    -0.866026
     0.070311    -0.872763
     0.071985    -0.879539
     0.073659    -0.886351
     0.075333    -0.893196
     0.077007    -0.900069
     0.078681    -0.906969
     0.080355    -0.913890
     0.082029    -0.920831
     0.083703    -0.927788
     0.085377    -0.934758
     0.087051    -0.941738
     0.088726    -0.948726
     0.090400    -0.955718
     0.092074    -0.962712
     0.093748    -0.969705
     0.095422    -0.976694
     0.097096    -0.983678
     0.098770    -0.990654
     0.100444    -0.997619
     0.102118    -1.004571
     0.103792    -1.011509
     0.105466    -1.018429
     0.107140    -1.025331
     0.108814    -1.032211
     0.110488    -1.039068
     0.112163    -1.045901
     0.113837    -1.052707
     0.115511    -1.059485
     0.117185    -1.066232
     0.118859    -1.072949
     0.120533    -1.079632
     0.122207    -1.086281
     0.123881    -1.092894
     0.125555    -1.099470
     0.127229    -1.106007
     0.128903    -1.112505
     0.130577    -1.118962
     0.132251    -1.125378
     0.133925    -1.131750
     0.135599    -1.138079
     0.137274    -1.144363
     0.138948    -1.150602
     0.140622    -1.156794
     0.142296    -1.162939
     0.143970    -1.169037
     0.145644    -1.175086
     0.147318    -1.181085
     0.148992    -1.187033
     0.150666    -1.192835
     0.152340    -1.197924
     0.154014    -1.202928
     0.155688    -1.207887
     0.157362    -1.212803
     0.159036    -1.217677
     0.160710    -1.222509
     0.162385    -1.227300
     0.164059    -1.232052
     0.165733    -1.236764
     0.167407    -1.241438


    -0.167407    -0.467894
    -0.165733    -0.464049
    -0.164059    -0.460248
    -0.162385    -0.456493
    -0.160710    -0.452783
    -0.159036    -0.449121
    -0.157362    -0.445505
    -0.155688    -0.441938
    -0.154014    -0.438420
    -0.152340    -0.434951
    -0.150666    -0.431532
    -0.148992    -0.428165
    -0.147318    -0.424848
    -0.145644    -0.421585
    -0.143970    -0.418374
    -0.142296    -0.415217
    -0.140622    -0.412114
    -0.138948    -0.409066
    -0.137274    -0.406073
    -0.135599    -0.403137
    -0.133925    -0.400258
    -0.132251    -0.397436
    -0.130577    -0.394671
    -0.128903    -0.391966
    -0.127229    -0.389319
    -0.125555    -0.386732
    -0.123881    -0.384204
    -0.122207    -0.381737
    -0.120533    -0.379331
    -0.118859    -0.376987
    -0.117185    -0.374703
    -0.115511    -0.372482
    -0.113837    -0.370323
    -0.112163    -0.368227
    -0.110488    -0.366193
    -0.108814    -0.364222
    -0.107140    -0.362314
    -0.105466    -0.360469
    -0.103792    -0.358688
    -0.102118    -0.356969
    -0.100444    -0.355313
    -0.098770    -0.353720
    -0.097096    -0.352189
    -0.095422    -0.350720
    -0.093748    -0.349313
    -0.092074    -0.347967
    -0.090400    -0.346682
    -0.088726    -0.345456
    -0.087052    -0.344290
    -0.085377    -0.343182
    -0.083703    -0.342130
    -0.082029    -0.341135
    -0.080355    -0.340194
    -0.078681    -0.339306
    -0.077007    -0.338470
    -0.075333    -0.337683
    -0.073659    -0.336943
    -0.071985    -0.336249
    -0.070311    -0.335598
    -0.068637    -0.334987
    -0.066963    -0.334413
    -0.065289    -0.333874
    -0.063615    -0.333365
    -0.061940    -0.332884
    -0.060266    -0.332426
    -0.058592    -0.331987
    -0.056918    -0.331561
    -0.055244    -0.331145
    -0.053570    -0.330733
    -0.051896    -0.330319
    -0.050222    -0.329897
    -0.048548    -0.329460
    -0.046874    -0.329001
    -0.045200    -0.328513
    -0.043526    -0.327988
    -0.041852    -0.327418
    -0.040178    -0.326794
    -0.038504    -0.326106
    -0.036829    -0.325346
    -0.035155    -0.324504
    -0.033481    -0.323568
    -0.031807    -0.322530
    -0.030133    -0.321378
    -0.028459    -0.320101
    -0.026785    -0.318689
    -0.025111    -0.317132
    -0.023437    -0.315418
    -0.021763    -0.313538
    -0.020089    -0.311482
    -0.018415    -0.309242
    -0.016741    -0.306808
    -0.015067    -0.304174
    -0.013393    -0.301333
    -0.011718    -0.298280
    -0.010044    -0.295011
    -0.008370    -0.291523
    -0.006696    -0.287815
    -0.005022    -0.283887
    -0.003348    -0.279739
    -0.001674    -0.275376
     0.000000    -0.270819
     0.001674    -0.275394
     0.003348    -0.279756
     0.005022    -0.283903
     0.006696    -0.287829
     0.008370    -0.291535
     0.010044    -0.295020
     0.011718    -0.298285
     0.013393    -0.301334
     0.015067    -0.304170
     0.016741    -0.306799
     0.018415    -0.309227
     0.020089    -0.311462
     0.021763    -0.313512
     0.023437    -0.315385
     0.025111    -0.317091
     0.026785    -0.318642
     0.028459    -0.320046
     0.030133    -0.321315
     0.031807    -0.322459
     0.033481    -0.323490
     0.035155    -0.324417
     0.036829    -0.325252
     0.038504    -0.326004
     0.040178    -0.326683
     0.041852    -0.327300
     0.043526    -0.327863
     0.045200    -0.328380
     0.046874    -0.328861
     0.048548    -0.329313
     0.050222    -0.329743
     0.051896    -0.330159
     0.053570    -0.330567
     0.055244    -0.330973
     0.056918    -0.331383
     0.058592    -0.331803
     0.060266    -0.332238
     0.061940    -0.332691
     0.063615    -0.333168
     0.065289    -0.333673
     0.066963    -0.334209
     0.068637    -0.334779
     0.070311    -0.335388
     0.071985    -0.336036
     0.073659    -0.336729
     0.075333    -0.337467
     0.077007    -0.338252
     0.078681    -0.339088
     0.080355    -0.339976
     0.082029    -0.340917
     0.083703    -0.341913
     0.085377    -0.342965
     0.087051    -0.344074
     0.088726    -0.345242
     0.090400    -0.346469
     0.092074    -0.347757
     0.093748    -0.349105
     0.095422    -0.350515
     0.097096    -0.351986
     0.098770    -0.353521
     0.100444    -0.355118
     0.102118    -0.356777
     0.103792    -0.358500
     0.105466    -0.360286
     0.107140    -0.362136
     0.108814    -0.364049
     0.110488    -0.366024
     0.112163    -0.368063
     0.113837    -0.370165
     0.115511    -0.372329
     0.117185    -0.374556
     0.118859    -0.376845
     0.120533    -0.379195
     0.122207    -0.381607
     0.123881    -0.384079
     0.125555    -0.386613
     0.127229    -0.389206
     0.128903    -0.391858
     0.130577    -0.394570
     0.132251    -0.397340
     0.133925    -0.400168
     0.135599    -0.403053
     0.137274    -0.405995
     0.138948    -0.408993
     0.140622    -0.412047
     0.142296    -0.415155
     0.143970    -0.418317
     0.145644    -0.421533
     0.147318    -0.424802
     0.148992    -0.428123
     0.150666    -0.431496
     0.152340    -0.434919
     0.154014    -0.438392
     0.155688    -0.441915
     0.157362    -0.445486
     0.159036    -0.449106
     0.160710    -0.452772
     0.162385    -0.456485
     0.164059    -0.460244
     0.165733    -0.464048
     0.167407    -0.467896


    -0.167407    -0.412545
    -0.165733    -0.406697
    -0.164059    -0.400853
    -0.162385    -0.395015
    -0.160710    -0.389182
    -0.159036    -0.383355
    -0.157362    -0.377534
    -0.155688    -0.371718
    -0.154014    -0.365908
    -0.152340    -0.360105
    -0.150666    -0.354308
    -0.148992    -0.348518
    -0.147318    -0.342735
    -0.145644    -0.336959
    -0.143970    -0.331190
    -0.142296    -0.325429
    -0.140622    -0.319676
    -0.138948    -0.313930
    -0.137274    -0.308194
    -0.135599    -0.302466
    -0.133925    -0.296747
    -0.132251    -0.291038
    -0.130577    -0.285339
    -0.128903    -0.279650
    -0.127229    -0.273972
    -0.125555    -0.268305
    -0.123881    -0.262651
    -0.122207    -0.257010
    -0.120533    -0.251381
    -0.118859    -0.245768
    -0.117185    -0.240169
    -0.115511    -0.234587
    -0.113837    -0.229022
    -0.112163    -0.223476
    -0.110488    -0.217950
    -0.108814    -0.212445
    -0.107140    -0.206964
    -0.105466    -0.201508
    -0.103792    -0.196080
    -0.102118    -0.190683
    -0.100444    -0.185318
    -0.098770    -0.179990
    -0.097096    -0.174702
    -0.095422    -0.169458
    -0.093748    -0.164263
    -0.092074    -0.159123
    -0.090400    -0.154044
    -0.088726    -0.149034
    -0.087052    -0.144100
    -0.085377    -0.139252
    -0.083703    -0.134501
    -0.082029    -0.129861
    -0.080355    -0.125346
    -0.078681    -0.120972
    -0.077007    -0.116761
    -0.075333    -0.112733
    -0.073659    -0.108916
    -0.071985    -0.105339
    -0.070311    -0.102035
    -0.068637    -0.099041
    -0.066963    -0.096400
    -0.065289    -0.094154
    -0.063615    -0.092351
    -0.061940    -0.091036
    -0.060266    -0.090254
    -0.058592    -0.090044
    -0.056918    -0.090438
    -0.055244    -0.091453
    -0.053570    -0.093097
    -0.051896    -0.095361
    -0.050222    -0.098222
    -0.048548    -0.101648
    -0.046874    -0.105593
    -0.045200    -0.110009
    -0.043526    -0.114843
    -0.041852    -0.120044
    -0.040178    -0.125560
    -0.038504    -0.131343
    -0.036829    -0.137348
    -0.035155    -0.143535
    -0.033481    -0.149866
    -0.031807    -0.156307
    -0.030133    -0.162829
    -0.028459    -0.169404
    -0.026785    -0.176007
    -0.025111    -0.182614
    -0.023437    -0.189206
    -0.021763    -0.195761
    -0.020089    -0.202263
    -0.018415    -0.208695
    -0.016741    -0.215040
    -0.015067    -0.221283
    -0.013393    -0.227411
    -0.011718    -0.233409
    -0.010044    -0.239266
    -0.008370    -0.244968
    -0.006696    -0.250506
    -0.005022    -0.255869
    -0.003348    -0.261046
    -0.001674    -0.266031
     0.000000    -0.270795
     0.001674    -0.266014
     0.003348    -0.261029
     0.005022    -0.255851
     0.006696    -0.250488
     0.008370    -0.244948
     0.010044    -0.239244
     0.011718    -0.233384
     0.013393    -0.227383
     0.015067    -0.221252
     0.016741    -0.215004
     0.018415    -0.208655
     0.020089    -0.202218
     0.021763    -0.195711
     0.023437    -0.189149
     0.025111    -0.182551
     0.026785    -0.175937
     0.028459    -0.169327
     0.030133    -0.162745
     0.031807    -0.156215
     0.033481    -0.149765
     0.035155    -0.143426
     0.036829    -0.137230
     0.038504    -0.131215
     0.040178    -0.125423
     0.041852    -0.119897
     0.043526    -0.114685
     0.045200    -0.109840
     0.046874    -0.105413
     0.048548    -0.101457
     0.050222    -0.098021
     0.051896    -0.095149
     0.053570    -0.092876
     0.055244    -0.091223
     0.056918    -0.090199
     0.058592    -0.089799
     0.060266    -0.090003
     0.061940    -0.090779
     0.063615    -0.092090
     0.065289    -0.093891
     0.066963    -0.096135
     0.068637    -0.098775
     0.070311    -0.101768
     0.071985    -0.105073
     0.073659    -0.108651
     0.075333    -0.112470
     0.077007    -0.116499
     0.078681    -0.120713
     0.080355    -0.125089
     0.082029    -0.129607
     0.083703    -0.134251
     0.085377    -0.139005
     0.087051    -0.143856
     0.088726    -0.148794
     0.090400    -0.153809
     0.092074    -0.158892
     0.093748    -0.164037
     0.095422    -0.169236
     0.097096    -0.174485
     0.098770    -0.179779
     0.100444    -0.185112
     0.102118    -0.190482
     0.103792    -0.195885
     0.105466    -0.201319
     0.107140    -0.206780
     0.108814    -0.212267
     0.110488    -0.217778
     0.112163    -0.223310
     0.113837    -0.228862
     0.115511    -0.234433
     0.117185    -0.240022
     0.118859    -0.245626
     0.120533    -0.251246
     0.122207    -0.256881
     0.123881    -0.262528
     0.125555    -0.268189
     0.127229    -0.273862
     0.128903    -0.279546
     0.130577    -0.285241
     0.132251    -0.290946
     0.133925    -0.296662
     0.135599    -0.302386
     0.137274    -0.308120
     0.138948    -0.313863
     0.140622    -0.319614
     0.142296    -0.325373
     0.143970    -0.331140
     0.145644    -0.336914
     0.147318    -0.342696
     0.148992    -0.348485
     0.150666    -0.354280
     0.152340    -0.360082
     0.154014    -0.365890
     0.155688    -0.371704
     0.157362    -0.377525
     0.159036    -0.383351
     0.160710    -0.389183
     0.162385    -0.395020
     0.164059    -0.400862
     0.165733    -0.406710
     0.167407    -0.412562


    -0.167407     0.632309
    -0.165733     0.623691
    -0.164059     0.615050
    -0.162385     0.606386
    -0.160710     0.597700
    -0.159036     0.588992
    -0.157362     0.580263
    -0.155688     0.571513
    -0.154014     0.562743
    -0.152340     0.553953
    -0.150666     0.545143
    -0.148992     0.536315
    -0.147318     0.527469
    -0.145644     0.518605
    -0.143970     0.509725
    -0.142296     0.500828
    -0.140622     0.491916
    -0.138948     0.482989
    -0.137274     0.474048
    -0.135599     0.465094
    -0.133925     0.456128
    -0.132251     0.447151
    -0.130577     0.438164
    -0.128903     0.429167
    -0.127229     0.420163
    -0.125555     0.411152
    -0.123881     0.402135
    -0.122207     0.393115
    -0.120533     0.384091
    -0.118859     0.375067
    -0.117185     0.366044
    -0.115511     0.357023
    -0.113837     0.348007
    -0.112163     0.338997
    -0.110488     0.329997
    -0.108814     0.321008
    -0.107140     0.312034
    -0.105466     0.303077
    -0.103792     0.294142
    -0.102118     0.285231
    -0.100444     0.276348
    -0.098770     0.267499
    -0.097096     0.258688
    -0.095422     0.249920
    -0.093748     0.241203
    -0.092074     0.232542
    -0.090400     0.223946
    -0.088726     0.215424
    -0.087052     0.206985
    -0.085377     0.198640
    -0.083703     0.190403
    -0.082029     0.182289
    -0.080355     0.174312
    -0.078681     0.166494
    -0.077007     0.158855
    -0.075333     0.151420
    -0.073659     0.144217
    -0.071985     0.137278
    -0.070311     0.130639
    -0.068637     0.124340
    -0.066963     0.118423
    -0.065289     0.112937
    -0.063615     0.107930
    -0.061940     0.103451
    -0.060266     0.099548
    -0.058592     0.096262
    -0.056918     0.093629
    -0.055244     0.091669
    -0.053570     0.090394
    -0.051896     0.089799
    -0.050222     0.089864
    -0.048548     0.090560
    -0.046874     0.091848
    -0.045200     0.093682
    -0.043526     0.096015
    -0.041852     0.098798
    -0.040178     0.101987
    -0.038504     0.105538
    -0.036829     0.109412
    -0.035155     0.113573
    -0.033481     0.117990
    -0.031807     0.122636
    -0.030133     0.127487
    -0.028459     0.132521
    -0.026785     0.137721
    -0.025111     0.143071
    -0.023437     0.148556
    -0.021763     0.154165
    -0.020089     0.159887
    -0.018415     0.165713
    -0.016741     0.171635
    -0.015067     0.177646
    -0.013393     0.183740
    -0.011718     0.189910
    -0.010044     0.196153
    -0.008370     0.202462
    -0.006696     0.208835
    -0.005022     0.215268
    -0.003348     0.221756
    -0.001674     0.228298
     0.000000     0.234889
     0.001674     0.228306
     0.003348     0.221772
     0.005022     0.215290
     0.006696     0.208865
     0.008370     0.202499
     0.010044     0.196196
     0.011718     0.189960
     0.013393     0.183796
     0.015067     0.177708
     0.016741     0.171703
     0.018415     0.165787
     0.020089     0.159966
     0.021763     0.154249
     0.023437     0.148645
     0.025111     0.143164
     0.026785     0.137819
     0.028459     0.132622
     0.030133     0.127591
     0.031807     0.122743
     0.033481     0.118099
     0.035155     0.113684
     0.036829     0.109523
     0.038504     0.105650
     0.040178     0.102099
     0.041852     0.098909
     0.043526     0.096124
     0.045200     0.093789
     0.046874     0.091953
     0.048548     0.090662
     0.050222     0.089963
     0.051896     0.089895
     0.053570     0.090488
     0.055244     0.091760
     0.056918     0.093717
     0.058592     0.096350
     0.060266     0.099635
     0.061940     0.103538
     0.063615     0.108017
     0.065289     0.113025
     0.066963     0.118513
     0.068637     0.124431
     0.070311     0.130732
     0.071985     0.137373
     0.073659     0.144314
     0.075333     0.151519
     0.077007     0.158957
     0.078681     0.166598
     0.080355     0.174418
     0.082029     0.182396
     0.083703     0.190513
     0.085377     0.198751
     0.087051     0.207097
     0.088726     0.215537
     0.090400     0.224060
     0.092074     0.232657
     0.093748     0.241318
     0.095422     0.250035
     0.097096     0.258803
     0.098770     0.267613
     0.100444     0.276462
     0.102118     0.285344
     0.103792     0.294254
     0.105466     0.303188
     0.107140     0.312143
     0.108814     0.321116
     0.110488     0.330102
     0.112163     0.339101
     0.113837     0.348108
     0.115511     0.357122
     0.117185     0.366140
     0.118859     0.375161
     0.120533     0.384183
     0.122207     0.393203
     0.123881     0.402220
     0.125555     0.411234
     0.127229     0.420242
     0.128903     0.429243
     0.130577     0.438236
     0.132251     0.447220
     0.133925     0.456194
     0.135599     0.465156
     0.137274     0.474106
     0.138948     0.483043
     0.140622     0.491967
     0.142296     0.500875
     0.143970     0.509768
     0.145644     0.518645
     0.147318     0.527505
     0.148992     0.536348
     0.150666     0.545173
     0.152340     0.553979
     0.154014     0.562765
     0.155688     0.571532
     0.157362     0.580279
     0.159036     0.589005
     0.160710     0.597710
     0.162385     0.606393
     0.164059     0.615054
     0.165733     0.623693
     0.167407     0.632308


    -0.167407     0.890075
    -0.165733     0.884576
    -0.164059     0.879059
    -0.162385     0.873524
    -0.160710     0.867971
    -0.159036     0.862399
    -0.157362     0.856808
    -0.155688     0.851198
    -0.154014     0.845567
    -0.152340     0.839916
    -0.150666     0.834244
    -0.148992     0.828551
    -0.147318     0.822836
    -0.145644     0.817099
    -0.143970     0.811340
    -0.142296     0.805557
    -0.140622     0.799751
    -0.138948     0.793920
    -0.137274     0.788066
    -0.135599     0.782186
    -0.133925     0.776281
    -0.132251     0.770350
    -0.130577     0.764393
    -0.128903     0.758409
    -0.127229     0.752398
    -0.125555     0.746360
    -0.123881     0.740293
    -0.122207     0.734199
    -0.120533     0.728076
    -0.118859     0.721924
    -0.117185     0.715742
    -0.115511     0.709531
    -0.113837     0.703291
    -0.112163     0.697020
    -0.110488     0.690719
    -0.108814     0.684388
    -0.107140     0.678026
    -0.105466     0.671634
    -0.103792     0.665211
    -0.102118     0.658757
    -0.100444     0.652272
    -0.098770     0.645757
    -0.097096     0.639211
    -0.095422     0.632635
    -0.093748     0.626029
    -0.092074     0.619393
    -0.090400     0.612727
    -0.088726     0.606032
    -0.087052     0.599308
    -0.085377     0.592556
    -0.083703     0.585775
    -0.082029     0.578968
    -0.080355     0.572133
    -0.078681     0.565272
    -0.077007     0.558386
    -0.075333     0.551475
    -0.073659     0.544540
    -0.071985     0.537582
    -0.070311     0.530602
    -0.068637     0.523601
    -0.066963     0.516579
    -0.065289     0.509539
    -0.063615     0.502480
    -0.061940     0.495405
    -0.060266     0.488313
    -0.058592     0.481207
    -0.056918     0.474088
    -0.055244     0.466957
    -0.053570     0.459815
    -0.051896     0.452664
    -0.050222     0.445506
    -0.048548     0.438340
    -0.046874     0.431170
    -0.045200     0.423996
    -0.043526     0.416820
    -0.041852     0.409643
    -0.040178     0.402468
    -0.038504     0.395295
    -0.036829     0.388127
    -0.035155     0.380964
    -0.033481     0.373808
    -0.031807     0.366662
    -0.030133     0.359526
    -0.028459     0.352403
    -0.026785     0.345294
    -0.025111     0.338200
    -0.023437     0.331124
    -0.021763     0.324067
    -0.020089     0.317031
    -0.018415     0.310017
    -0.016741     0.303028
    -0.015067     0.296064
    -0.013393     0.289129
    -0.011718     0.282224
    -0.010044     0.275351
    -0.008370     0.268511
    -0.006696     0.261707
    -0.005022     0.254941
    -0.003348     0.248215
    -0.001674     0.241531
     0.000000     0.234893
     0.001674     0.241523
     0.003348     0.248200
     0.005022     0.254919
     0.006696     0.261678
     0.008370     0.268476
     0.010044     0.275309
     0.011718     0.282176
     0.013393     0.289075
     0.015067     0.296003
     0.016741     0.302960
     0.018415     0.309943
     0.020089     0.316951
     0.021763     0.323982
     0.023437     0.331033
     0.025111     0.338104
     0.026785     0.345192
     0.028459     0.352297
     0.030133     0.359415
     0.031807     0.366546
     0.033481     0.373688
     0.035155     0.380840
     0.036829     0.387999
     0.038504     0.395164
     0.040178     0.402333
     0.041852     0.409505
     0.043526     0.416679
     0.045200     0.423852
     0.046874     0.431024
     0.048548     0.438192
     0.050222     0.445355
     0.051896     0.452512
     0.053570     0.459662
     0.055244     0.466802
     0.056918     0.473933
     0.058592     0.481051
     0.060266     0.488156
     0.061940     0.495247
     0.063615     0.502323
     0.065289     0.509381
     0.066963     0.516422
     0.068637     0.523444
     0.070311     0.530446
     0.071985     0.537427
     0.073659     0.544386
     0.075333     0.551322
     0.077007     0.558234
     0.078681     0.565122
     0.080355     0.571985
     0.082029     0.578821
     0.083703     0.585631
     0.085377     0.592413
     0.087051     0.599168
     0.088726     0.605894
     0.090400     0.612591
     0.092074     0.619260
     0.093748     0.625898
     0.095422     0.632507
     0.097096     0.639086
     0.098770     0.645635
     0.100444     0.652153
     0.102118     0.658640
     0.103792     0.665097
     0.105466     0.671523
     0.107140     0.677919
     0.108814     0.684283
     0.110488     0.690618
     0.112163     0.696922
     0.113837     0.703196
     0.115511     0.709440
     0.117185     0.715654
     0.118859     0.721838
     0.120533     0.727994
     0.122207     0.734120
     0.123881     0.740218
     0.125555     0.746288
     0.127229     0.752329
     0.128903     0.758344
     0.130577     0.764331
     0.132251     0.770291
     0.133925     0.776225
     0.135599     0.782133
     0.137274     0.788016
     0.138948     0.793874
     0.140622     0.799708
     0.142296     0.805517
     0.143970     0.811303
     0.145644     0.817066
     0.147318     0.822806
     0.148992     0.828524
     0.150666     0.834220
     0.152340     0.839895
     0.154014     0.845549
     0.155688     0.851182
     0.157362     0.856795
     0.159036     0.862389
     0.160710     0.867964
     0.162385     0.873520
     0.164059     0.879057
     0.165733     0.884576
     0.167407     0.890078


    -0.167407     1.824618
    -0.165733     1.817120
    -0.164059     1.809646
    -0.162385     1.802198
    -0.160710     1.794778
    -0.159036     1.787388
    -0.157362     1.780030
    -0.155688     1.772706
    -0.154014     1.765418
    -0.152340     1.758168
    -0.150666     1.750959
    -0.148992     1.743792
    -0.147318     1.736670
    -0.145644     1.729595
    -0.143970     1.722568
    -0.142296     1.715593
    -0.140622     1.708671
    -0.138948     1.701805
    -0.137274     1.694996
    -0.135599     1.688248
    -0.133925     1.681562
    -0.132251     1.674940
    -0.130577     1.668386
    -0.128903     1.661900
    -0.127229     1.655485
    -0.125555     1.649144
    -0.123881     1.642878
    -0.122207     1.636689
    -0.120533     1.630581
    -0.118859     1.624554
    -0.117185     1.618612
    -0.115511     1.612755
    -0.113837     1.606987
    -0.112163     1.601309
    -0.110488     1.595723
    -0.108814     1.590230
    -0.107140     1.584834
    -0.105466     1.579535
    -0.103792     1.574336
    -0.102118     1.569238
    -0.100444     1.564243
    -0.098770     1.559353
    -0.097096     1.554568
    -0.095422     1.549891
    -0.093748     1.545324
    -0.092074     1.540866
    -0.090400     1.536521
    -0.088726     1.532289
    -0.087052     1.528171
    -0.085377     1.524168
    -0.083703     1.520282
    -0.082029     1.516513
    -0.080355     1.512863
    -0.078681     1.509332
    -0.077007     1.505922
    -0.075333     1.502632
    -0.073659     1.499463
    -0.071985     1.496417
    -0.070311     1.493493
    -0.068637     1.490691
    -0.066963     1.488014
    -0.065289     1.485460
    -0.063615     1.483029
    -0.061940     1.480723
    -0.060266     1.478540
    -0.058592     1.476482
    -0.056918     1.474548
    -0.055244     1.472738
    -0.053570     1.471051
    -0.051896     1.469489
    -0.050222     1.468049
    -0.048548     1.466732
    -0.046874     1.465538
    -0.045200     1.464466
    -0.043526     1.463516
    -0.041852     1.462686
    -0.040178     1.461977
    -0.038504     1.461388
    -0.036829     1.460918
    -0.035155     1.460566
    -0.033481     1.460332
    -0.031807     1.460215
    -0.030133     1.460213
    -0.028459     1.460327
    -0.026785     1.460555
    -0.025111     1.460896
    -0.023437     1.461349
    -0.021763     1.461914
    -0.020089     1.462589
    -0.018415     1.463372
    -0.016741     1.464264
    -0.015067     1.465263
    -0.013393     1.466368
    -0.011718     1.467578
    -0.010044     1.468891
    -0.008370     1.470306
    -0.006696     1.471823
    -0.005022     1.473440
    -0.003348     1.475156
    -0.001674     1.476969
     0.000000     1.478876
     0.001674     1.476985
     0.003348     1.475171
     0.005022     1.473454
     0.006696     1.471835
     0.008370     1.470317
     0.010044     1.468899
     0.011718     1.467584
     0.013393     1.466372
     0.015067     1.465265
     0.016741     1.464263
     0.018415     1.463368
     0.020089     1.462581
     0.021763     1.461904
     0.023437     1.461336
     0.025111     1.460879
     0.026785     1.460535
     0.028459     1.460304
     0.030133     1.460187
     0.031807     1.460185
     0.033481     1.460298
     0.035155     1.460529
     0.036829     1.460877
     0.038504     1.461344
     0.040178     1.461930
     0.041852     1.462635
     0.043526     1.463461
     0.045200     1.464408
     0.046874     1.465477
     0.048548     1.466668
     0.050222     1.467982
     0.051896     1.469419
     0.053570     1.470979
     0.055244     1.472663
     0.056918     1.474470
     0.058592     1.476402
     0.060266     1.478458
     0.061940     1.480638
     0.063615     1.482943
     0.065289     1.485372
     0.066963     1.487924
     0.068637     1.490601
     0.070311     1.493401
     0.071985     1.496324
     0.073659     1.499370
     0.075333     1.502538
     0.077007     1.505827
     0.078681     1.509238
     0.080355     1.512769
     0.082029     1.516419
     0.083703     1.520188
     0.085377     1.524075
     0.087051     1.528078
     0.088726     1.532197
     0.090400     1.536430
     0.092074     1.540776
     0.093748     1.545235
     0.095422     1.549804
     0.097096     1.554482
     0.098770     1.559268
     0.100444     1.564160
     0.102118     1.569157
     0.103792     1.574257
     0.105466     1.579458
     0.107140     1.584759
     0.108814     1.590157
     0.110488     1.595651
     0.112163     1.601239
     0.113837     1.606920
     0.115511     1.612690
     0.117185     1.618549
     0.118859     1.624494
     0.120533     1.630522
     0.122207     1.636633
     0.123881     1.642823
     0.125555     1.649091
     0.127229     1.655435
     0.128903     1.661852
     0.130577     1.668340
     0.132251     1.674897
     0.133925     1.681520
     0.135599     1.688208
     0.137274     1.694959
     0.138948     1.701769
     0.140622     1.708637
     0.142296     1.715561
     0.143970     1.722538
     0.145644     1.729567
     0.147318     1.736644
     0.148992     1.743768
     0.150666     1.750937
     0.152340     1.758149
     0.154014     1.765400
     0.155688     1.772690
     0.157362     1.780017
     0.159036     1.787377
     0.160710     1.794769
     0.162385     1.802192
     0.164059     1.809642
     0.165733     1.817119
     0.167407     1.824619


    -0.167407     1.963368
    -0.165733     1.957136
    -0.164059     1.950910
    -0.162385     1.944691
    -0.160710     1.938478
    -0.159036     1.932274
    -0.157362     1.926078
    -0.155688     1.919890
    -0.154014     1.913712
    -0.152340     1.907543
    -0.150666     1.901385
    -0.148992     1.895238
    -0.147318     1.889102
    -0.145644     1.882978
    -0.143970     1.876866
    -0.142296     1.870768
    -0.140622     1.864683
    -0.138948     1.858612
    -0.137274     1.852556
    -0.135599     1.846515
    -0.133925     1.840490
    -0.132251     1.834481
    -0.130577     1.828490
    -0.128903     1.822516
    -0.127229     1.816560
    -0.125555     1.810623
    -0.123881     1.804706
    -0.122207     1.798809
    -0.120533     1.792932
    -0.118859     1.787077
    -0.117185     1.781243
    -0.115511     1.775433
    -0.113837     1.769646
    -0.112163     1.763883
    -0.110488     1.758144
    -0.108814     1.752432
    -0.107140     1.746745
    -0.105466     1.741085
    -0.103792     1.735453
    -0.102118     1.729849
    -0.100444     1.724275
    -0.098770     1.718730
    -0.097096     1.713216
    -0.095422     1.707734
    -0.093748     1.702284
    -0.092074     1.696867
    -0.090400     1.691484
    -0.088726     1.686136
    -0.087052     1.680824
    -0.085377     1.675548
    -0.083703     1.670309
    -0.082029     1.665109
    -0.080355     1.659949
    -0.078681     1.654828
    -0.077007     1.649749
    -0.075333     1.644711
    -0.073659     1.639717
    -0.071985     1.634766
    -0.070311     1.629860
    -0.068637     1.625001
    -0.066963     1.620188
    -0.065289     1.615423
    -0.063615     1.610707
    -0.061940     1.606042
    -0.060266     1.601427
    -0.058592     1.596864
    -0.056918     1.592355
    -0.055244     1.587899
    -0.053570     1.583500
    -0.051896     1.579156
    -0.050222     1.574870
    -0.048548     1.570643
    -0.046874     1.566476
    -0.045200     1.562370
    -0.043526     1.558325
    -0.041852     1.554344
    -0.040178     1.550428
    -0.038504     1.546577
    -0.036829     1.542792
    -0.035155     1.539076
    -0.033481     1.535429
    -0.031807     1.531852
    -0.030133     1.528347
    -0.028459     1.524915
    -0.026785     1.521557
    -0.025111     1.518274
    -0.023437     1.515067
    -0.021763     1.511938
    -0.020089     1.508888
    -0.018415     1.505919
    -0.016741     1.503030
    -0.015067     1.500225
    -0.013393     1.497503
    -0.011718     1.494867
    -0.010044     1.492317
    -0.008370     1.489855
    -0.006696     1.487482
    -0.005022     1.485199
    -0.003348     1.483007
    -0.001674     1.480908
     0.000000     1.478907
     0.001674     1.480893
     0.003348     1.482993
     0.005022     1.485185
     0.006696     1.487468
     0.008370     1.489842
     0.010044     1.492304
     0.011718     1.494854
     0.013393     1.497490
     0.015067     1.500211
     0.016741     1.503015
     0.018415     1.505902
     0.020089     1.508871
     0.021763     1.511919
     0.023437     1.515046
     0.025111     1.518251
     0.026785     1.521532
     0.028459     1.524888
     0.030133     1.528318
     0.031807     1.531821
     0.033481     1.535394
     0.035155     1.539039
     0.036829     1.542752
     0.038504     1.546533
     0.040178     1.550381
     0.041852     1.554294
     0.043526     1.558272
     0.045200     1.562312
     0.046874     1.566415
     0.048548     1.570579
     0.050222     1.574803
     0.051896     1.579085
     0.053570     1.583425
     0.055244     1.587821
     0.056918     1.592272
     0.058592     1.596778
     0.060266     1.601338
     0.061940     1.605949
     0.063615     1.610612
     0.065289     1.615324
     0.066963     1.620086
     0.068637     1.624896
     0.070311     1.629753
     0.071985     1.634656
     0.073659     1.639604
     0.075333     1.644596
     0.077007     1.649631
     0.078681     1.654709
     0.080355     1.659828
     0.082029     1.664987
     0.083703     1.670185
     0.085377     1.675423
     0.087051     1.680698
     0.088726     1.686009
     0.090400     1.691357
     0.092074     1.696739
     0.093748     1.702156
     0.095422     1.707606
     0.097096     1.713089
     0.098770     1.718604
     0.100444     1.724149
     0.102118     1.729725
     0.103792     1.735330
     0.105466     1.740964
     0.107140     1.746625
     0.108814     1.752314
     0.110488     1.758029
     0.112163     1.763770
     0.113837     1.769535
     0.115511     1.775325
     0.117185     1.781139
     0.118859     1.786975
     0.120533     1.792833
     0.122207     1.798713
     0.123881     1.804614
     0.125555     1.810535
     0.127229     1.816476
     0.128903     1.822436
     0.130577     1.828414
     0.132251     1.834410
     0.133925     1.840422
     0.135599     1.846452
     0.137274     1.852497
     0.138948     1.858557
     0.140622     1.864633
     0.142296     1.870722
     0.143970     1.876825
     0.145644     1.882941
     0.147318     1.889070
     0.148992     1.895210
     0.150666     1.901362
     0.152340     1.907525
     0.154014     1.913698
     0.155688     1.919881
     0.157362     1.926073
     0.159036     1.932273
     0.160710     1.938482
     0.162385     1.944698
     0.164059     1.950922
     0.165733     1.957152
     0.167407     1.963388


    -0.167407     2.321588
    -0.165733     2.314710
    -0.164059     2.307871
    -0.162385     2.301069
    -0.160710     2.294308
    -0.159036     2.287587
    -0.157362     2.280908
    -0.155688     2.274272
    -0.154014     2.267679
    -0.152340     2.261131
    -0.150666     2.254629
    -0.148992     2.248173
    -0.147318     2.241764
    -0.145644     2.235403
    -0.143970     2.229091
    -0.142296     2.222829
    -0.140622     2.216618
    -0.138948     2.210457
    -0.137274     2.204350
    -0.135599     2.198294
    -0.133925     2.192293
    -0.132251     2.186346
    -0.130577     2.180454
    -0.128903     2.174618
    -0.127229     2.168839
    -0.125555     2.163116
    -0.123881     2.157452
    -0.122207     2.151846
    -0.120533     2.146300
    -0.118859     2.140813
    -0.117185     2.135386
    -0.115511     2.130021
    -0.113837     2.124718
    -0.112163     2.119476
    -0.110488     2.114298
    -0.108814     2.109183
    -0.107140     2.104132
    -0.105466     2.099146
    -0.103792     2.094225
    -0.102118     2.089370
    -0.100444     2.084581
    -0.098770     2.079859
    -0.097096     2.075204
    -0.095422     2.070617
    -0.093748     2.066099
    -0.092074     2.061649
    -0.090400     2.057269
    -0.088726     2.052959
    -0.087052     2.048719
    -0.085377     2.044551
    -0.083703     2.040453
    -0.082029     2.036428
    -0.080355     2.032475
    -0.078681     2.028594
    -0.077007     2.024787
    -0.075333     2.021054
    -0.073659     2.017395
    -0.071985     2.013810
    -0.070311     2.010301
    -0.068637     2.006867
    -0.066963     2.003509
    -0.065289     2.000228
    -0.063615     1.997023
    -0.061940     1.993895
    -0.060266     1.990845
    -0.058592     1.987874
    -0.056918     1.984980
    -0.055244     1.982165
    -0.053570     1.979430
    -0.051896     1.976774
    -0.050222     1.974198
    -0.048548     1.971702
    -0.046874     1.969287
    -0.045200     1.966953
    -0.043526     1.964700
    -0.041852     1.962529
    -0.040178     1.960440
    -0.038504     1.958433
    -0.036829     1.956509
    -0.035155     1.954668
    -0.033481     1.952911
    -0.031807     1.951237
    -0.030133     1.949646
    -0.028459     1.948140
    -0.026785     1.946719
    -0.025111     1.945382
    -0.023437     1.944130
    -0.021763     1.942963
    -0.020089     1.941882
    -0.018415     1.940886
    -0.016741     1.939977
    -0.015067     1.939153
    -0.013393     1.938416
    -0.011718     1.937765
    -0.010044     1.937200
    -0.008370     1.936723
    -0.006696     1.936332
    -0.005022     1.936027
    -0.003348     1.935810
    -0.001674     1.935680
     0.000000     1.935636
     0.001674     1.935675
     0.003348     1.935801
     0.005022     1.936015
     0.006696     1.936315
     0.008370     1.936702
     0.010044     1.937177
     0.011718     1.937738
     0.013393     1.938387
     0.015067     1.939122
     0.016741     1.939943
     0.018415     1.940851
     0.020089     1.941845
     0.021763     1.942924
     0.023437     1.944090
     0.025111     1.945340
     0.026785     1.946675
     0.028459     1.948095
     0.030133     1.949599
     0.031807     1.951186
     0.033481     1.952858
     0.035155     1.954613
     0.036829     1.956450
     0.038504     1.958371
     0.040178     1.960374
     0.041852     1.962459
     0.043526     1.964625
     0.045200     1.966873
     0.046874     1.969202
     0.048548     1.971612
     0.050222     1.974103
     0.051896     1.976673
     0.053570     1.979323
     0.055244     1.982053
     0.056918     1.984861
     0.058592     1.987749
     0.060266     1.990714
     0.061940     1.993758
     0.063615     1.996879
     0.065289     2.000077
     0.066963     2.003352
     0.068637     2.006704
     0.070311     2.010131
     0.071985     2.013634
     0.073659     2.017212
     0.075333     2.020865
     0.077007     2.024592
     0.078681     2.028393
     0.080355     2.032268
     0.082029     2.036215
     0.083703     2.040235
     0.085377     2.044328
     0.087051     2.048492
     0.088726     2.052727
     0.090400     2.057033
     0.092074     2.061409
     0.093748     2.065854
     0.095422     2.070370
     0.097096     2.074953
     0.098770     2.079606
     0.100444     2.084325
     0.102118     2.089113
     0.103792     2.093966
     0.105466     2.098886
     0.107140     2.103872
     0.108814     2.108923
     0.110488     2.114038
     0.112163     2.119217
     0.113837     2.124460
     0.115511     2.129765
     0.117185     2.135132
     0.118859     2.140561
     0.120533     2.146051
     0.122207     2.151602
     0.123881     2.157212
     0.125555     2.162881
     0.127229     2.168608
     0.128903     2.174393
     0.130577     2.180235
     0.132251     2.186133
     0.133925     2.192087
     0.135599     2.198096
     0.137274     2.204159
     0.138948     2.210275
     0.140622     2.216444
     0.142296     2.222664
     0.143970     2.228936
     0.145644     2.235258
     0.147318     2.241629
     0.148992     2.248048
     0.150666     2.254515
     0.152340     2.261028
     0.154014     2.267588
     0.155688     2.274192
     0.157362     2.280840
     0.159036     2.287531
     0.160710     2.294264
     0.162385     2.301038
     0.164059     2.307852
     0.165733     2.314705
     0.167407     2.321595


    -0.167407     2.338629
    -0.165733     2.331630
    -0.164059     2.324658
    -0.162385     2.317712
    -0.160710     2.310795
    -0.159036     2.303909
    -0.157362     2.297053
    -0.155688     2.290230
    -0.154014     2.283442
    -0.152340     2.276689
    -0.150666     2.269972
    -0.148992     2.263294
    -0.147318     2.256655
    -0.145644     2.250057
    -0.143970     2.243500
    -0.142296     2.236987
    -0.140622     2.230519
    -0.138948     2.224096
    -0.137274     2.217721
    -0.135599     2.211393
    -0.133925     2.205115
    -0.132251     2.198887
    -0.130577     2.192711
    -0.128903     2.186589
    -0.127229     2.180520
    -0.125555     2.174506
    -0.123881     2.168548
    -0.122207     2.162648
    -0.120533     2.156807
    -0.118859     2.151024
    -0.117185     2.145302
    -0.115511     2.139642
    -0.113837     2.134044
    -0.112163     2.128510
    -0.110488     2.123040
    -0.108814     2.117635
    -0.107140     2.112296
    -0.105466     2.107025
    -0.103792     2.101822
    -0.102118     2.096687
    -0.100444     2.091623
    -0.098770     2.086628
    -0.097096     2.081705
    -0.095422     2.076855
    -0.093748     2.072077
    -0.092074     2.067372
    -0.090400     2.062742
    -0.088726     2.058187
    -0.087052     2.053707
    -0.085377     2.049304
    -0.083703     2.044978
    -0.082029     2.040729
    -0.080355     2.036559
    -0.078681     2.032467
    -0.077007     2.028455
    -0.075333     2.024523
    -0.073659     2.020670
    -0.071985     2.016899
    -0.070311     2.013209
    -0.068637     2.009601
    -0.066963     2.006075
    -0.065289     2.002632
    -0.063615     1.999272
    -0.061940     1.995996
    -0.060266     1.992803
    -0.058592     1.989695
    -0.056918     1.986671
    -0.055244     1.983732
    -0.053570     1.980879
    -0.051896     1.978111
    -0.050222     1.975428
    -0.048548     1.972832
    -0.046874     1.970322
    -0.045200     1.967899
    -0.043526     1.965563
    -0.041852     1.963313
    -0.040178     1.961151
    -0.038504     1.959076
    -0.036829     1.957088
    -0.035155     1.955188
    -0.033481     1.953376
    -0.031807     1.951652
    -0.030133     1.950016
    -0.028459     1.948468
    -0.026785     1.947008
    -0.025111     1.945637
    -0.023437     1.944353
    -0.021763     1.943158
    -0.020089     1.942052
    -0.018415     1.941034
    -0.016741     1.940104
    -0.015067     1.939263
    -0.013393     1.938510
    -0.011718     1.937846
    -0.010044     1.937270
    -0.008370     1.936783
    -0.006696     1.936385
    -0.005022     1.936075
    -0.003348     1.935853
    -0.001674     1.935720
     0.000000     1.935676
     0.001674     1.935724
     0.003348     1.935860
     0.005022     1.936084
     0.006696     1.936395
     0.008370     1.936794
     0.010044     1.937280
     0.011718     1.937854
     0.013393     1.938516
     0.015067     1.939265
     0.016741     1.940101
     0.018415     1.941026
     0.020089     1.942038
     0.021763     1.943137
     0.023437     1.944325
     0.025111     1.945600
     0.026785     1.946963
     0.028459     1.948415
     0.030133     1.949953
     0.031807     1.951580
     0.033481     1.953295
     0.035155     1.955097
     0.036829     1.956988
     0.038504     1.958965
     0.040178     1.961030
     0.041852     1.963183
     0.043526     1.965422
     0.045200     1.967749
     0.046874     1.970162
     0.048548     1.972662
     0.050222     1.975249
     0.051896     1.977921
     0.053570     1.980680
     0.055244     1.983524
     0.056918     1.986453
     0.058592     1.989467
     0.060266     1.992567
     0.061940     1.995750
     0.063615     1.999018
     0.065289     2.002369
     0.066963     2.005804
     0.068637     2.009321
     0.070311     2.012921
     0.071985     2.016603
     0.073659     2.020367
     0.075333     2.024211
     0.077007     2.028137
     0.078681     2.032142
     0.080355     2.036227
     0.082029     2.040392
     0.083703     2.044634
     0.085377     2.048955
     0.087051     2.053353
     0.088726     2.057828
     0.090400     2.062378
     0.092074     2.067004
     0.093748     2.071705
     0.095422     2.076480
     0.097096     2.081328
     0.098770     2.086248
     0.100444     2.091241
     0.102118     2.096304
     0.103792     2.101438
     0.105466     2.106641
     0.107140     2.111912
     0.108814     2.117251
     0.110488     2.122657
     0.112163     2.128129
     0.113837     2.133666
     0.115511     2.139266
     0.117185     2.144930
     0.118859     2.150656
     0.120533     2.156443
     0.122207     2.162290
     0.123881     2.168195
     0.125555     2.174159
     0.127229     2.180180
     0.128903     2.186256
     0.130577     2.192387
     0.132251     2.198572
     0.133925     2.204809
     0.135599     2.211097
     0.137274     2.217435
     0.138948     2.223822
     0.140622     2.230256
     0.142296     2.236737
     0.143970     2.243263
     0.145644     2.249832
     0.147318     2.256445
     0.148992     2.263098
     0.150666     2.269792
     0.152340     2.276524
     0.154014     2.283293
     0.155688     2.290098
     0.157362     2.296938
     0.159036     2.303812
     0.160710     2.310717
     0.162385     2.317652
     0.164059     2.324617
     0.165733     2.331609
     0.167407     2.338627


