    -0.167407    -3.634749
    -0.165733    -3.634796
    -0.164059    -3.634846
    -0.162385    -3.634898
    -0.160710    -3.634952
    -0.159036    -3.635008
    -0.157362    -3.635065
    -0.155688    -3.635124
    -0.154014    -3.635184
    -0.152340    -3.635246
    -0.150666    -3.635308
    -0.148992    -3.635370
    -0.147318    -3.635433
    -0.145644    -3.635496
    -0.143970    -3.635559
    -0.142296    -3.635622
    -0.140622    -3.635685
    -0.138948    -3.635747
    -0.137274    -3.635808
    -0.135599    -3.635868
    -0.133925    -3.635927
    -0.132251    -3.635985
    -0.130577    -3.636042
    -0.128903    -3.636097
    -0.127229    -3.636150
    -0.125555    -3.636202
    -0.123881    -3.636251
    -0.122207    -3.636298
    -0.120533    -3.636343
    -0.118859    -3.636385
    -0.117185    -3.636424
    -0.115511    -3.636461
    -0.113837    -3.636495
    -0.112163    -3.636526
    -0.110488    -3.636554
    -0.108814    -3.636578
    -0.107140    -3.636599
    -0.105466    -3.636616
    -0.103792    -3.636630
    -0.102118    -3.636639
    -0.100444    -3.636645
    -0.098770    -3.636647
    -0.097096    -3.636644
    -0.095422    -3.636638
    -0.093748    -3.636627
    -0.092074    -3.636611
    -0.090400    -3.636591
    -0.088726    -3.636566
    -0.087051    -3.636536
    -0.085377    -3.636501
    -0.083703    -3.636462
    -0.082029    -3.636417
    -0.080355    -3.636367
    -0.078681    -3.636312
    -0.077007    -3.636251
    -0.075333    -3.636185
    -0.073659    -3.636113
    -0.071985    -3.636036
    -0.070311    -3.635953
    -0.068637    -3.635864
    -0.066963    -3.635770
    -0.065289    -3.635669
    -0.063615    -3.635562
    -0.061940    -3.635450
    -0.060266    -3.635331
    -0.058592    -3.635206
    -0.056918    -3.635074
    -0.055244    -3.634936
    -0.053570    -3.634792
    -0.051896    -3.634641
    -0.050222    -3.634484
    -0.048548    -3.634320
    -0.046874    -3.634149
    -0.045200    -3.633971
    -0.043526    -3.633787
    -0.041852    -3.633596
    -0.040178    -3.633398
    -0.038504    -3.633193
    -0.036829    -3.632981
    -0.035155    -3.632761
    -0.033481    -3.632535
    -0.031807    -3.632302
    -0.030133    -3.632061
    -0.028459    -3.631813
    -0.026785    -3.631558
    -0.025111    -3.631295
    -0.023437    -3.631025
    -0.021763    -3.630747
    -0.020089    -3.630462
    -0.018415    -3.630170
    -0.016741    -3.629869
    -0.015067    -3.629562
    -0.013393    -3.629246
    -0.011718    -3.628923
    -0.010044    -3.628592
    -0.008370    -3.628254
    -0.006696    -3.627908
    -0.005022    -3.627554
    -0.003348    -3.627192
    -0.001674    -3.626822
     0.000000    -3.626452
     0.001674    -3.626820
     0.003348    -3.627190
     0.005022    -3.627552
     0.006696    -3.627906
     0.008370    -3.628252
     0.010044    -3.628591
     0.011718    -3.628921
     0.013393    -3.629245
     0.015067    -3.629560
     0.016741    -3.629868
     0.018415    -3.630168
     0.020089    -3.630460
     0.021763    -3.630746
     0.023437    -3.631023
     0.025111    -3.631293
     0.026785    -3.631556
     0.028459    -3.631811
     0.030133    -3.632059
     0.031807    -3.632300
     0.033481    -3.632533
     0.035155    -3.632760
     0.036829    -3.632979
     0.038504    -3.633191
     0.040178    -3.633396
     0.041852    -3.633594
     0.043526    -3.633785
     0.045200    -3.633969
     0.046874    -3.634147
     0.048548    -3.634317
     0.050222    -3.634481
     0.051896    -3.634639
     0.053570    -3.634790
     0.055244    -3.634934
     0.056918    -3.635072
     0.058592    -3.635203
     0.060266    -3.635328
     0.061940    -3.635447
     0.063615    -3.635560
     0.065289    -3.635666
     0.066963    -3.635767
     0.068637    -3.635861
     0.070311    -3.635950
     0.071985    -3.636033
     0.073659    -3.636110
     0.075333    -3.636182
     0.077007    -3.636247
     0.078681    -3.636308
     0.080355    -3.636363
     0.082029    -3.636413
     0.083703    -3.636458
     0.085377    -3.636497
     0.087051    -3.636532
     0.088726    -3.636561
     0.090400    -3.636586
     0.092074    -3.636606
     0.093748    -3.636622
     0.095422    -3.636633
     0.097096    -3.636639
     0.098770    -3.636642
     0.100444    -3.636640
     0.102118    -3.636634
     0.103792    -3.636624
     0.105466    -3.636610
     0.107140    -3.636593
     0.108814    -3.636572
     0.110488    -3.636548
     0.112163    -3.636520
     0.113837    -3.636489
     0.115511    -3.636455
     0.117185    -3.636418
     0.118859    -3.636378
     0.120533    -3.636336
     0.122207    -3.636291
     0.123881    -3.636244
     0.125555    -3.636194
     0.127229    -3.636143
     0.128903    -3.636090
     0.130577    -3.636035
     0.132251    -3.635978
     0.133925    -3.635920
     0.135599    -3.635860
     0.137274    -3.635800
     0.138948    -3.635739
     0.140622    -3.635677
     0.142296    -3.635614
     0.143970    -3.635551
     0.145644    -3.635488
     0.147318    -3.635425
     0.148992    -3.635362
     0.150666    -3.635299
     0.152340    -3.635237
     0.154014    -3.635176
     0.155688    -3.635116
     0.157362    -3.635057
     0.159036    -3.634999
     0.160710    -3.634943
     0.162385    -3.634889
     0.164059    -3.634837
     0.165733    -3.634787
     0.167407    -3.634740


    -0.167407    -3.548226
    -0.165733    -3.549360
    -0.164059    -3.550489
    -0.162385    -3.551613
    -0.160710    -3.552732
    -0.159036    -3.553845
    -0.157362    -3.554953
    -0.155688    -3.556055
    -0.154014    -3.557151
    -0.152340    -3.558242
    -0.150666    -3.559327
    -0.148992    -3.560405
    -0.147318    -3.561478
    -0.145644    -3.562545
    -0.143970    -3.563605
    -0.142296    -3.564660
    -0.140622    -3.565707
    -0.138948    -3.566749
    -0.137274    -3.567784
    -0.135599    -3.568812
    -0.133925    -3.569834
    -0.132251    -3.570849
    -0.130577    -3.571857
    -0.128903    -3.572858
    -0.127229    -3.573853
    -0.125555    -3.574840
    -0.123881    -3.575821
    -0.122207    -3.576794
    -0.120533    -3.577760
    -0.118859    -3.578719
    -0.117185    -3.579671
    -0.115511    -3.580616
    -0.113837    -3.581553
    -0.112163    -3.582482
    -0.110488    -3.583405
    -0.108814    -3.584319
    -0.107140    -3.585226
    -0.105466    -3.586126
    -0.103792    -3.587018
    -0.102118    -3.587902
    -0.100444    -3.588778
    -0.098770    -3.589647
    -0.097096    -3.590507
    -0.095422    -3.591360
    -0.093748    -3.592205
    -0.092074    -3.593043
    -0.090400    -3.593872
    -0.088726    -3.594693
    -0.087051    -3.595506
    -0.085377    -3.596311
    -0.083703    -3.597109
    -0.082029    -3.597898
    -0.080355    -3.598678
    -0.078681    -3.599451
    -0.077007    -3.600216
    -0.075333    -3.600972
    -0.073659    -3.601720
    -0.071985    -3.602460
    -0.070311    -3.603192
    -0.068637    -3.603916
    -0.066963    -3.604631
    -0.065289    -3.605338
    -0.063615    -3.606037
    -0.061940    -3.606727
    -0.060266    -3.607409
    -0.058592    -3.608083
    -0.056918    -3.608748
    -0.055244    -3.609406
    -0.053570    -3.610054
    -0.051896    -3.610695
    -0.050222    -3.611327
    -0.048548    -3.611951
    -0.046874    -3.612566
    -0.045200    -3.613173
    -0.043526    -3.613772
    -0.041852    -3.614362
    -0.040178    -3.614945
    -0.038504    -3.615518
    -0.036829    -3.616084
    -0.035155    -3.616641
    -0.033481    -3.617190
    -0.031807    -3.617730
    -0.030133    -3.618263
    -0.028459    -3.618787
    -0.026785    -3.619302
    -0.025111    -3.619810
    -0.023437    -3.620309
    -0.021763    -3.620800
    -0.020089    -3.621283
    -0.018415    -3.621757
    -0.016741    -3.622224
    -0.015067    -3.622682
    -0.013393    -3.623132
    -0.011718    -3.623574
    -0.010044    -3.624008
    -0.008370    -3.624433
    -0.006696    -3.624851
    -0.005022    -3.625261
    -0.003348    -3.625662
    -0.001674    -3.626056
     0.000000    -3.626434
     0.001674    -3.626058
     0.003348    -3.625665
     0.005022    -3.625263
     0.006696    -3.624853
     0.008370    -3.624436
     0.010044    -3.624010
     0.011718    -3.623576
     0.013393    -3.623134
     0.015067    -3.622684
     0.016741    -3.622226
     0.018415    -3.621760
     0.020089    -3.621285
     0.021763    -3.620803
     0.023437    -3.620312
     0.025111    -3.619813
     0.026785    -3.619305
     0.028459    -3.618790
     0.030133    -3.618266
     0.031807    -3.617733
     0.033481    -3.617193
     0.035155    -3.616644
     0.036829    -3.616087
     0.038504    -3.615522
     0.040178    -3.614948
     0.041852    -3.614366
     0.043526    -3.613776
     0.045200    -3.613177
     0.046874    -3.612570
     0.048548    -3.611954
     0.050222    -3.611331
     0.051896    -3.610699
     0.053570    -3.610058
     0.055244    -3.609409
     0.056918    -3.608752
     0.058592    -3.608087
     0.060266    -3.607413
     0.061940    -3.606731
     0.063615    -3.606041
     0.065289    -3.605342
     0.066963    -3.604635
     0.068637    -3.603920
     0.070311    -3.603196
     0.071985    -3.602464
     0.073659    -3.601724
     0.075333    -3.600976
     0.077007    -3.600220
     0.078681    -3.599455
     0.080355    -3.598682
     0.082029    -3.597901
     0.083703    -3.597112
     0.085377    -3.596315
     0.087051    -3.595510
     0.088726    -3.594697
     0.090400    -3.593876
     0.092074    -3.593046
     0.093748    -3.592209
     0.095422    -3.591364
     0.097096    -3.590511
     0.098770    -3.589650
     0.100444    -3.588781
     0.102118    -3.587905
     0.103792    -3.587021
     0.105466    -3.586129
     0.107140    -3.585229
     0.108814    -3.584322
     0.110488    -3.583407
     0.112163    -3.582485
     0.113837    -3.581555
     0.115511    -3.580618
     0.117185    -3.579673
     0.118859    -3.578722
     0.120533    -3.577762
     0.122207    -3.576796
     0.123881    -3.575823
     0.125555    -3.574842
     0.127229    -3.573854
     0.128903    -3.572860
     0.130577    -3.571858
     0.132251    -3.570850
     0.133925    -3.569835
     0.135599    -3.568813
     0.137274    -3.567784
     0.138948    -3.566749
     0.140622    -3.565707
     0.142296    -3.564659
     0.143970    -3.563605
     0.145644    -3.562544
     0.147318    -3.561477
     0.148992    -3.560405
     0.150666    -3.559326
     0.152340    -3.558241
     0.154014    -3.557150
     0.155688    -3.556053
     0.157362    -3.554951
     0.159036    -3.553843
     0.160710    -3.552729
     0.162385    -3.551611
     0.164059    -3.550486
     0.165733    -3.549357
     0.167407    -3.548222


    -0.167407    -2.351070
    -0.165733    -2.345989
    -0.164059    -2.341023
    -0.162385    -2.336173
    -0.160710    -2.331434
    -0.159036    -2.326805
    -0.157362    -2.322283
    -0.155688    -2.317864
    -0.154014    -2.313547
    -0.152340    -2.309329
    -0.150666    -2.305207
    -0.148992    -2.301178
    -0.147318    -2.297240
    -0.145644    -2.293390
    -0.143970    -2.289626
    -0.142296    -2.285944
    -0.140622    -2.282343
    -0.138948    -2.278821
    -0.137274    -2.275374
    -0.135599    -2.272000
    -0.133925    -2.268698
    -0.132251    -2.265466
    -0.130577    -2.262301
    -0.128903    -2.259201
    -0.127229    -2.256165
    -0.125555    -2.253190
    -0.123881    -2.250276
    -0.122207    -2.247420
    -0.120533    -2.244621
    -0.118859    -2.241878
    -0.117185    -2.239188
    -0.115511    -2.236551
    -0.113837    -2.233966
    -0.112163    -2.231431
    -0.110488    -2.228945
    -0.108814    -2.226507
    -0.107140    -2.224116
    -0.105466    -2.221770
    -0.103792    -2.219470
    -0.102118    -2.217214
    -0.100444    -2.215001
    -0.098770    -2.212831
    -0.097096    -2.210703
    -0.095422    -2.208615
    -0.093748    -2.206568
    -0.092074    -2.204561
    -0.090400    -2.202592
    -0.088726    -2.200662
    -0.087051    -2.198771
    -0.085377    -2.196916
    -0.083703    -2.195099
    -0.082029    -2.193318
    -0.080355    -2.191574
    -0.078681    -2.189865
    -0.077007    -2.188192
    -0.075333    -2.186553
    -0.073659    -2.184949
    -0.071985    -2.183379
    -0.070311    -2.181844
    -0.068637    -2.180342
    -0.066963    -2.178873
    -0.065289    -2.177438
    -0.063615    -2.176036
    -0.061940    -2.174666
    -0.060266    -2.173329
    -0.058592    -2.172024
    -0.056918    -2.170751
    -0.055244    -2.169509
    -0.053570    -2.168300
    -0.051896    -2.167122
    -0.050222    -2.165976
    -0.048548    -2.164861
    -0.046874    -2.163776
    -0.045200    -2.162723
    -0.043526    -2.161701
    -0.041852    -2.160709
    -0.040178    -2.159748
    -0.038504    -2.158817
    -0.036829    -2.157917
    -0.035155    -2.157046
    -0.033481    -2.156206
    -0.031807    -2.155396
    -0.030133    -2.154616
    -0.028459    -2.153866
    -0.026785    -2.153146
    -0.025111    -2.152455
    -0.023437    -2.151794
    -0.021763    -2.151163
    -0.020089    -2.150561
    -0.018415    -2.149988
    -0.016741    -2.149445
    -0.015067    -2.148930
    -0.013393    -2.148446
    -0.011718    -2.147990
    -0.010044    -2.147563
    -0.008370    -2.147165
    -0.006696    -2.146796
    -0.005022    -2.146456
    -0.003348    -2.146145
    -0.001674    -2.145862
     0.000000    -2.145619
     0.001674    -2.145866
     0.003348    -2.146149
     0.005022    -2.146461
     0.006696    -2.146801
     0.008370    -2.147170
     0.010044    -2.147568
     0.011718    -2.147995
     0.013393    -2.148451
     0.015067    -2.148936
     0.016741    -2.149450
     0.018415    -2.149994
     0.020089    -2.150566
     0.021763    -2.151169
     0.023437    -2.151800
     0.025111    -2.152461
     0.026785    -2.153152
     0.028459    -2.153873
     0.030133    -2.154623
     0.031807    -2.155403
     0.033481    -2.156213
     0.035155    -2.157053
     0.036829    -2.157923
     0.038504    -2.158824
     0.040178    -2.159755
     0.041852    -2.160716
     0.043526    -2.161708
     0.045200    -2.162730
     0.046874    -2.163784
     0.048548    -2.164868
     0.050222    -2.165983
     0.051896    -2.167130
     0.053570    -2.168308
     0.055244    -2.169517
     0.056918    -2.170758
     0.058592    -2.172031
     0.060266    -2.173336
     0.061940    -2.174674
     0.063615    -2.176044
     0.065289    -2.177446
     0.066963    -2.178882
     0.068637    -2.180350
     0.070311    -2.181852
     0.071985    -2.183388
     0.073659    -2.184958
     0.075333    -2.186562
     0.077007    -2.188200
     0.078681    -2.189874
     0.080355    -2.191583
     0.082029    -2.193327
     0.083703    -2.195108
     0.085377    -2.196926
     0.087051    -2.198780
     0.088726    -2.200672
     0.090400    -2.202602
     0.092074    -2.204570
     0.093748    -2.206578
     0.095422    -2.208625
     0.097096    -2.210712
     0.098770    -2.212841
     0.100444    -2.215011
     0.102118    -2.217224
     0.103792    -2.219480
     0.105466    -2.221781
     0.107140    -2.224126
     0.108814    -2.226517
     0.110488    -2.228955
     0.112163    -2.231442
     0.113837    -2.233977
     0.115511    -2.236562
     0.117185    -2.239199
     0.118859    -2.241888
     0.120533    -2.244632
     0.122207    -2.247431
     0.123881    -2.250287
     0.125555    -2.253201
     0.127229    -2.256176
     0.128903    -2.259212
     0.130577    -2.262312
     0.132251    -2.265477
     0.133925    -2.268710
     0.135599    -2.272012
     0.137274    -2.275385
     0.138948    -2.278832
     0.140622    -2.282355
     0.142296    -2.285955
     0.143970    -2.289637
     0.145644    -2.293401
     0.147318    -2.297251
     0.148992    -2.301189
     0.150666    -2.305218
     0.152340    -2.309340
     0.154014    -2.313558
     0.155688    -2.317874
     0.157362    -2.322293
     0.159036    -2.326815
     0.160710    -2.331444
     0.162385    -2.336182
     0.164059    -2.341032
     0.165733    -2.345997
     0.167407    -2.351079


    -0.167407    -2.279919
    -0.165733    -2.275583
    -0.164059    -2.271412
    -0.162385    -2.267400
    -0.160710    -2.263538
    -0.159036    -2.259820
    -0.157362    -2.256239
    -0.155688    -2.252786
    -0.154014    -2.249456
    -0.152340    -2.246241
    -0.150666    -2.243136
    -0.148992    -2.240134
    -0.147318    -2.237229
    -0.145644    -2.234416
    -0.143970    -2.231690
    -0.142296    -2.229047
    -0.140622    -2.226481
    -0.138948    -2.223989
    -0.137274    -2.221567
    -0.135599    -2.219211
    -0.133925    -2.216918
    -0.132251    -2.214684
    -0.130577    -2.212508
    -0.128903    -2.210387
    -0.127229    -2.208318
    -0.125555    -2.206298
    -0.123881    -2.204327
    -0.122207    -2.202401
    -0.120533    -2.200520
    -0.118859    -2.198682
    -0.117185    -2.196885
    -0.115511    -2.195128
    -0.113837    -2.193410
    -0.112163    -2.191729
    -0.110488    -2.190085
    -0.108814    -2.188477
    -0.107140    -2.186903
    -0.105466    -2.185363
    -0.103792    -2.183857
    -0.102118    -2.182383
    -0.100444    -2.180941
    -0.098770    -2.179531
    -0.097096    -2.178151
    -0.095422    -2.176802
    -0.093748    -2.175483
    -0.092074    -2.174194
    -0.090400    -2.172933
    -0.088726    -2.171702
    -0.087051    -2.170500
    -0.085377    -2.169326
    -0.083703    -2.168180
    -0.082029    -2.167062
    -0.080355    -2.165972
    -0.078681    -2.164910
    -0.077007    -2.163875
    -0.075333    -2.162867
    -0.073659    -2.161887
    -0.071985    -2.160934
    -0.070311    -2.160008
    -0.068637    -2.159109
    -0.066963    -2.158237
    -0.065289    -2.157392
    -0.063615    -2.156573
    -0.061940    -2.155782
    -0.060266    -2.155018
    -0.058592    -2.154280
    -0.056918    -2.153569
    -0.055244    -2.152885
    -0.053570    -2.152228
    -0.051896    -2.151597
    -0.050222    -2.150994
    -0.048548    -2.150417
    -0.046874    -2.149868
    -0.045200    -2.149345
    -0.043526    -2.148849
    -0.041852    -2.148381
    -0.040178    -2.147939
    -0.038504    -2.147525
    -0.036829    -2.147137
    -0.035155    -2.146778
    -0.033481    -2.146445
    -0.031807    -2.146139
    -0.030133    -2.145862
    -0.028459    -2.145611
    -0.026785    -2.145388
    -0.025111    -2.145193
    -0.023437    -2.145025
    -0.021763    -2.144885
    -0.020089    -2.144772
    -0.018415    -2.144688
    -0.016741    -2.144631
    -0.015067    -2.144603
    -0.013393    -2.144602
    -0.011718    -2.144629
    -0.010044    -2.144685
    -0.008370    -2.144768
    -0.006696    -2.144880
    -0.005022    -2.145021
    -0.003348    -2.145189
    -0.001674    -2.145386
     0.000000    -2.145601
     0.001674    -2.145382
     0.003348    -2.145185
     0.005022    -2.145017
     0.006696    -2.144877
     0.008370    -2.144765
     0.010044    -2.144681
     0.011718    -2.144626
     0.013393    -2.144599
     0.015067    -2.144600
     0.016741    -2.144629
     0.018415    -2.144685
     0.020089    -2.144770
     0.021763    -2.144883
     0.023437    -2.145023
     0.025111    -2.145191
     0.026785    -2.145386
     0.028459    -2.145609
     0.030133    -2.145860
     0.031807    -2.146138
     0.033481    -2.146444
     0.035155    -2.146777
     0.036829    -2.147137
     0.038504    -2.147524
     0.040178    -2.147939
     0.041852    -2.148381
     0.043526    -2.148849
     0.045200    -2.149345
     0.046874    -2.149868
     0.048548    -2.150418
     0.050222    -2.150995
     0.051896    -2.151598
     0.053570    -2.152229
     0.055244    -2.152886
     0.056918    -2.153571
     0.058592    -2.154282
     0.060266    -2.155020
     0.061940    -2.155784
     0.063615    -2.156576
     0.065289    -2.157394
     0.066963    -2.158240
     0.068637    -2.159112
     0.070311    -2.160011
     0.071985    -2.160937
     0.073659    -2.161891
     0.075333    -2.162871
     0.077007    -2.163879
     0.078681    -2.164914
     0.080355    -2.165976
     0.082029    -2.167067
     0.083703    -2.168185
     0.085377    -2.169331
     0.087051    -2.170505
     0.088726    -2.171708
     0.090400    -2.172939
     0.092074    -2.174199
     0.093748    -2.175489
     0.095422    -2.176808
     0.097096    -2.178157
     0.098770    -2.179537
     0.100444    -2.180947
     0.102118    -2.182389
     0.103792    -2.183863
     0.105466    -2.185370
     0.107140    -2.186910
     0.108814    -2.188483
     0.110488    -2.190092
     0.112163    -2.191736
     0.113837    -2.193417
     0.115511    -2.195135
     0.117185    -2.196892
     0.118859    -2.198689
     0.120533    -2.200528
     0.122207    -2.202409
     0.123881    -2.204334
     0.125555    -2.206306
     0.127229    -2.208325
     0.128903    -2.210394
     0.130577    -2.212516
     0.132251    -2.214692
     0.133925    -2.216925
     0.135599    -2.219218
     0.137274    -2.221574
     0.138948    -2.223996
     0.140622    -2.226488
     0.142296    -2.229054
     0.143970    -2.231697
     0.145644    -2.234423
     0.147318    -2.237236
     0.148992    -2.240140
     0.150666    -2.243143
     0.152340    -2.246248
     0.154014    -2.249462
     0.155688    -2.252792
     0.157362    -2.256245
     0.159036    -2.259827
     0.160710    -2.263545
     0.162385    -2.267406
     0.164059    -2.271418
     0.165733    -2.275589
     0.167407    -2.279925


    -0.167407    -2.081579
    -0.165733    -2.074769
    -0.164059    -2.067844
    -0.162385    -2.060811
    -0.160710    -2.053679
    -0.159036    -2.046458
    -0.157362    -2.039155
    -0.155688    -2.031781
    -0.154014    -2.024343
    -0.152340    -2.016850
    -0.150666    -2.009309
    -0.148992    -2.001729
    -0.147318    -1.994116
    -0.145644    -1.986477
    -0.143970    -1.978820
    -0.142296    -1.971151
    -0.140622    -1.963475
    -0.138948    -1.955798
    -0.137274    -1.948126
    -0.135599    -1.940463
    -0.133925    -1.932815
    -0.132251    -1.925185
    -0.130577    -1.917579
    -0.128903    -1.910000
    -0.127229    -1.902453
    -0.125555    -1.894940
    -0.123881    -1.887465
    -0.122207    -1.880031
    -0.120533    -1.872641
    -0.118859    -1.865299
    -0.117185    -1.858007
    -0.115511    -1.850767
    -0.113837    -1.843582
    -0.112163    -1.836454
    -0.110488    -1.829386
    -0.108814    -1.822379
    -0.107140    -1.815437
    -0.105466    -1.808561
    -0.103792    -1.801756
    -0.102118    -1.795039
    -0.100444    -1.788542
    -0.098770    -1.782319
    -0.097096    -1.776187
    -0.095422    -1.770115
    -0.093748    -1.764101
    -0.092074    -1.758144
    -0.090400    -1.752246
    -0.088726    -1.746406
    -0.087051    -1.740626
    -0.085377    -1.734907
    -0.083703    -1.729249
    -0.082029    -1.723654
    -0.080355    -1.718122
    -0.078681    -1.712653
    -0.077007    -1.707250
    -0.075333    -1.701912
    -0.073659    -1.696640
    -0.071985    -1.691435
    -0.070311    -1.686298
    -0.068637    -1.681230
    -0.066963    -1.676231
    -0.065289    -1.671302
    -0.063615    -1.666444
    -0.061940    -1.661657
    -0.060266    -1.656943
    -0.058592    -1.652302
    -0.056918    -1.647736
    -0.055244    -1.643245
    -0.053570    -1.638830
    -0.051896    -1.634492
    -0.050222    -1.630232
    -0.048548    -1.626052
    -0.046874    -1.621953
    -0.045200    -1.617936
    -0.043526    -1.614002
    -0.041852    -1.610155
    -0.040178    -1.606394
    -0.038504    -1.602723
    -0.036829    -1.599143
    -0.035155    -1.595658
    -0.033481    -1.592269
    -0.031807    -1.588980
    -0.030133    -1.585795
    -0.028459    -1.582717
    -0.026785    -1.579750
    -0.025111    -1.576900
    -0.023437    -1.574170
    -0.021763    -1.571568
    -0.020089    -1.569100
    -0.018415    -1.566772
    -0.016741    -1.564592
    -0.015067    -1.562568
    -0.013393    -1.560710
    -0.011718    -1.559025
    -0.010044    -1.557524
    -0.008370    -1.556214
    -0.006696    -1.555106
    -0.005022    -1.554207
    -0.003348    -1.553524
    -0.001674    -1.553062
     0.000000    -1.552829
     0.001674    -1.553062
     0.003348    -1.553522
     0.005022    -1.554204
     0.006696    -1.555102
     0.008370    -1.556209
     0.010044    -1.557517
     0.011718    -1.559018
     0.013393    -1.560701
     0.015067    -1.562559
     0.016741    -1.564582
     0.018415    -1.566761
     0.020089    -1.569088
     0.021763    -1.571556
     0.023437    -1.574158
     0.025111    -1.576886
     0.026785    -1.579736
     0.028459    -1.582703
     0.030133    -1.585780
     0.031807    -1.588965
     0.033481    -1.592254
     0.035155    -1.595642
     0.036829    -1.599127
     0.038504    -1.602707
     0.040178    -1.606377
     0.041852    -1.610138
     0.043526    -1.613985
     0.045200    -1.617918
     0.046874    -1.621935
     0.048548    -1.626034
     0.050222    -1.630214
     0.051896    -1.634474
     0.053570    -1.638811
     0.055244    -1.643226
     0.056918    -1.647718
     0.058592    -1.652284
     0.060266    -1.656924
     0.061940    -1.661638
     0.063615    -1.666425
     0.065289    -1.671283
     0.066963    -1.676212
     0.068637    -1.681211
     0.070311    -1.686279
     0.071985    -1.691416
     0.073659    -1.696620
     0.075333    -1.701892
     0.077007    -1.707230
     0.078681    -1.712634
     0.080355    -1.718102
     0.082029    -1.723634
     0.083703    -1.729229
     0.085377    -1.734887
     0.087051    -1.740606
     0.088726    -1.746386
     0.090400    -1.752225
     0.092074    -1.758123
     0.093748    -1.764080
     0.095422    -1.770093
     0.097096    -1.776165
     0.098770    -1.782296
     0.100444    -1.788513
     0.102118    -1.795007
     0.103792    -1.801726
     0.105466    -1.808532
     0.107140    -1.815408
     0.108814    -1.822351
     0.110488    -1.829358
     0.112163    -1.836427
     0.113837    -1.843555
     0.115511    -1.850740
     0.117185    -1.857980
     0.118859    -1.865273
     0.120533    -1.872616
     0.122207    -1.880005
     0.123881    -1.887440
     0.125555    -1.894915
     0.127229    -1.902428
     0.128903    -1.909977
     0.130577    -1.917556
     0.132251    -1.925162
     0.133925    -1.932792
     0.135599    -1.940441
     0.137274    -1.948104
     0.138948    -1.955777
     0.140622    -1.963454
     0.142296    -1.971131
     0.143970    -1.978801
     0.145644    -1.986459
     0.147318    -1.994098
     0.148992    -2.001711
     0.150666    -2.009292
     0.152340    -2.016834
     0.154014    -2.024328
     0.155688    -2.031766
     0.157362    -2.039141
     0.159036    -2.046444
     0.160710    -2.053666
     0.162385    -2.060799
     0.164059    -2.067832
     0.165733    -2.074759
     0.167407    -2.081569


    -0.167407    -2.056542
    -0.165733    -2.050062
    -0.164059    -2.043527
    -0.162385    -2.036941
    -0.160710    -2.030308
    -0.159036    -2.023631
    -0.157362    -2.016914
    -0.155688    -2.010161
    -0.154014    -2.003375
    -0.152340    -1.996560
    -0.150666    -1.989720
    -0.148992    -1.982859
    -0.147318    -1.975980
    -0.145644    -1.969086
    -0.143970    -1.962182
    -0.142296    -1.955271
    -0.140622    -1.948356
    -0.138948    -1.941440
    -0.137274    -1.934527
    -0.135599    -1.927620
    -0.133925    -1.920722
    -0.132251    -1.913835
    -0.130577    -1.906963
    -0.128903    -1.900109
    -0.127229    -1.893275
    -0.125555    -1.886463
    -0.123881    -1.879676
    -0.122207    -1.872917
    -0.120533    -1.866187
    -0.118859    -1.859489
    -0.117185    -1.852826
    -0.115511    -1.846198
    -0.113837    -1.839607
    -0.112163    -1.833057
    -0.110488    -1.826547
    -0.108814    -1.820081
    -0.107140    -1.813658
    -0.105466    -1.807280
    -0.103792    -1.800946
    -0.102118    -1.794641
    -0.100444    -1.788236
    -0.098770    -1.781681
    -0.097096    -1.775160
    -0.095422    -1.768707
    -0.093748    -1.762326
    -0.092074    -1.756021
    -0.090400    -1.749792
    -0.088726    -1.743640
    -0.087051    -1.737566
    -0.085377    -1.731572
    -0.083703    -1.725659
    -0.082029    -1.719825
    -0.080355    -1.714074
    -0.078681    -1.708404
    -0.077007    -1.702818
    -0.075333    -1.697314
    -0.073659    -1.691894
    -0.071985    -1.686558
    -0.070311    -1.681307
    -0.068637    -1.676140
    -0.066963    -1.671059
    -0.065289    -1.666064
    -0.063615    -1.661154
    -0.061940    -1.656331
    -0.060266    -1.651595
    -0.058592    -1.646946
    -0.056918    -1.642385
    -0.055244    -1.637912
    -0.053570    -1.633528
    -0.051896    -1.629233
    -0.050222    -1.625029
    -0.048548    -1.620914
    -0.046874    -1.616892
    -0.045200    -1.612962
    -0.043526    -1.609125
    -0.041852    -1.605383
    -0.040178    -1.601738
    -0.038504    -1.598190
    -0.036829    -1.594742
    -0.035155    -1.591395
    -0.033481    -1.588153
    -0.031807    -1.585018
    -0.030133    -1.581993
    -0.028459    -1.579081
    -0.026785    -1.576287
    -0.025111    -1.573614
    -0.023437    -1.571069
    -0.021763    -1.568657
    -0.020089    -1.566383
    -0.018415    -1.564256
    -0.016741    -1.562282
    -0.015067    -1.560470
    -0.013393    -1.558827
    -0.011718    -1.557364
    -0.010044    -1.556089
    -0.008370    -1.555011
    -0.006696    -1.554138
    -0.005022    -1.553477
    -0.003348    -1.553036
    -0.001674    -1.552818
     0.000000    -1.552824
     0.001674    -1.552816
     0.003348    -1.553033
     0.005022    -1.553473
     0.006696    -1.554132
     0.008370    -1.555004
     0.010044    -1.556081
     0.011718    -1.557355
     0.013393    -1.558818
     0.015067    -1.560459
     0.016741    -1.562271
     0.018415    -1.564244
     0.020089    -1.566370
     0.021763    -1.568643
     0.023437    -1.571055
     0.025111    -1.573599
     0.026785    -1.576271
     0.028459    -1.579064
     0.030133    -1.581976
     0.031807    -1.585000
     0.033481    -1.588135
     0.035155    -1.591377
     0.036829    -1.594723
     0.038504    -1.598170
     0.040178    -1.601718
     0.041852    -1.605363
     0.043526    -1.609104
     0.045200    -1.612940
     0.046874    -1.616870
     0.048548    -1.620892
     0.050222    -1.625006
     0.051896    -1.629211
     0.053570    -1.633505
     0.055244    -1.637889
     0.056918    -1.642362
     0.058592    -1.646922
     0.060266    -1.651571
     0.061940    -1.656307
     0.063615    -1.661129
     0.065289    -1.666038
     0.066963    -1.671033
     0.068637    -1.676114
     0.070311    -1.681281
     0.071985    -1.686532
     0.073659    -1.691868
     0.075333    -1.697287
     0.077007    -1.702791
     0.078681    -1.708377
     0.080355    -1.714047
     0.082029    -1.719798
     0.083703    -1.725631
     0.085377    -1.731545
     0.087051    -1.737539
     0.088726    -1.743612
     0.090400    -1.749764
     0.092074    -1.755994
     0.093748    -1.762300
     0.095422    -1.768680
     0.097096    -1.775134
     0.098770    -1.781656
     0.100444    -1.788217
     0.102118    -1.794625
     0.103792    -1.800928
     0.105466    -1.807261
     0.107140    -1.813639
     0.108814    -1.820061
     0.110488    -1.826527
     0.112163    -1.833037
     0.113837    -1.839587
     0.115511    -1.846177
     0.117185    -1.852805
     0.118859    -1.859469
     0.120533    -1.866166
     0.122207    -1.872896
     0.123881    -1.879655
     0.125555    -1.886442
     0.127229    -1.893253
     0.128903    -1.900088
     0.130577    -1.906942
     0.132251    -1.913814
     0.133925    -1.920700
     0.135599    -1.927598
     0.137274    -1.934505
     0.138948    -1.941418
     0.140622    -1.948334
     0.142296    -1.955249
     0.143970    -1.962160
     0.145644    -1.969065
     0.147318    -1.975958
     0.148992    -1.982837
     0.150666    -1.989699
     0.152340    -1.996539
     0.154014    -2.003354
     0.155688    -2.010140
     0.157362    -2.016893
     0.159036    -2.023610
     0.160710    -2.030287
     0.162385    -2.036920
     0.164059    -2.043506
     0.165733    -2.050041
     0.167407    -2.056522


    -0.167407    -1.583584
    -0.165733    -1.580447
    -0.164059    -1.577337
    -0.162385    -1.574255
    -0.160710    -1.571201
    -0.159036    -1.568176
    -0.157362    -1.565182
    -0.155688    -1.562218
    -0.154014    -1.559286
    -0.152340    -1.556386
    -0.150666    -1.553519
    -0.148992    -1.550686
    -0.147318    -1.547887
    -0.145644    -1.545124
    -0.143970    -1.542398
    -0.142296    -1.539708
    -0.140622    -1.537056
    -0.138948    -1.534442
    -0.137274    -1.531868
    -0.135599    -1.529334
    -0.133925    -1.526841
    -0.132251    -1.524390
    -0.130577    -1.521981
    -0.128903    -1.519615
    -0.127229    -1.517293
    -0.125555    -1.515016
    -0.123881    -1.512783
    -0.122207    -1.510597
    -0.120533    -1.508458
    -0.118859    -1.506366
    -0.117185    -1.504321
    -0.115511    -1.502326
    -0.113837    -1.500380
    -0.112163    -1.498484
    -0.110488    -1.496638
    -0.108814    -1.494843
    -0.107140    -1.493100
    -0.105466    -1.491410
    -0.103792    -1.489772
    -0.102118    -1.488187
    -0.100444    -1.486656
    -0.098770    -1.485178
    -0.097096    -1.483756
    -0.095422    -1.482388
    -0.093748    -1.481076
    -0.092074    -1.479820
    -0.090400    -1.478619
    -0.088726    -1.477475
    -0.087051    -1.476388
    -0.085377    -1.475357
    -0.083703    -1.474384
    -0.082029    -1.473468
    -0.080355    -1.472609
    -0.078681    -1.471808
    -0.077007    -1.471065
    -0.075333    -1.470379
    -0.073659    -1.469752
    -0.071985    -1.469182
    -0.070311    -1.468669
    -0.068637    -1.468215
    -0.066963    -1.467817
    -0.065289    -1.467478
    -0.063615    -1.467195
    -0.061940    -1.466969
    -0.060266    -1.466799
    -0.058592    -1.466686
    -0.056918    -1.466628
    -0.055244    -1.466625
    -0.053570    -1.466677
    -0.051896    -1.466782
    -0.050222    -1.466940
    -0.048548    -1.467149
    -0.046874    -1.467410
    -0.045200    -1.467720
    -0.043526    -1.468079
    -0.041852    -1.468484
    -0.040178    -1.468935
    -0.038504    -1.469429
    -0.036829    -1.469964
    -0.035155    -1.470539
    -0.033481    -1.471150
    -0.031807    -1.471796
    -0.030133    -1.472473
    -0.028459    -1.473176
    -0.026785    -1.473901
    -0.025111    -1.474640
    -0.023437    -1.475387
    -0.021763    -1.476135
    -0.020089    -1.476876
    -0.018415    -1.477603
    -0.016741    -1.478309
    -0.015067    -1.478986
    -0.013393    -1.479624
    -0.011718    -1.480216
    -0.010044    -1.480752
    -0.008370    -1.481223
    -0.006696    -1.481622
    -0.005022    -1.481940
    -0.003348    -1.482171
    -0.001674    -1.482310
     0.000000    -1.482354
     0.001674    -1.482304
     0.003348    -1.482161
     0.005022    -1.481928
     0.006696    -1.481610
     0.008370    -1.481211
     0.010044    -1.480741
     0.011718    -1.480205
     0.013393    -1.479614
     0.015067    -1.478977
     0.016741    -1.478301
     0.018415    -1.477596
     0.020089    -1.476870
     0.021763    -1.476130
     0.023437    -1.475383
     0.025111    -1.474638
     0.026785    -1.473901
     0.028459    -1.473179
     0.030133    -1.472479
     0.031807    -1.471805
     0.033481    -1.471162
     0.035155    -1.470552
     0.036829    -1.469979
     0.038504    -1.469445
     0.040178    -1.468951
     0.041852    -1.468501
     0.043526    -1.468096
     0.045200    -1.467737
     0.046874    -1.467427
     0.048548    -1.467166
     0.050222    -1.466957
     0.051896    -1.466799
     0.053570    -1.466694
     0.055244    -1.466642
     0.056918    -1.466645
     0.058592    -1.466703
     0.060266    -1.466816
     0.061940    -1.466985
     0.063615    -1.467211
     0.065289    -1.467493
     0.066963    -1.467833
     0.068637    -1.468230
     0.070311    -1.468684
     0.071985    -1.469197
     0.073659    -1.469766
     0.075333    -1.470394
     0.077007    -1.471079
     0.078681    -1.471822
     0.080355    -1.472623
     0.082029    -1.473482
     0.083703    -1.474397
     0.085377    -1.475371
     0.087051    -1.476401
     0.088726    -1.477488
     0.090400    -1.478632
     0.092074    -1.479832
     0.093748    -1.481088
     0.095422    -1.482400
     0.097096    -1.483767
     0.098770    -1.485189
     0.100444    -1.486666
     0.102118    -1.488197
     0.103792    -1.489782
     0.105466    -1.491419
     0.107140    -1.493110
     0.108814    -1.494852
     0.110488    -1.496647
     0.112163    -1.498492
     0.113837    -1.500388
     0.115511    -1.502334
     0.117185    -1.504329
     0.118859    -1.506373
     0.120533    -1.508465
     0.122207    -1.510604
     0.123881    -1.512790
     0.125555    -1.515022
     0.127229    -1.517299
     0.128903    -1.519621
     0.130577    -1.521986
     0.132251    -1.524395
     0.133925    -1.526846
     0.135599    -1.529339
     0.137274    -1.531873
     0.138948    -1.534446
     0.140622    -1.537059
     0.142296    -1.539711
     0.143970    -1.542401
     0.145644    -1.545127
     0.147318    -1.547890
     0.148992    -1.550688
     0.150666    -1.553521
     0.152340    -1.556388
     0.154014    -1.559287
     0.155688    -1.562219
     0.157362    -1.565183
     0.159036    -1.568177
     0.160710    -1.571202
     0.162385    -1.574255
     0.164059    -1.577337
     0.165733    -1.580447
     0.167407    -1.583584


    -0.167407    -1.555142
    -0.165733    -1.552227
    -0.164059    -1.549355
    -0.162385    -1.546527
    -0.160710    -1.543743
    -0.159036    -1.541004
    -0.157362    -1.538311
    -0.155688    -1.535663
    -0.154014    -1.533060
    -0.152340    -1.530504
    -0.150666    -1.527995
    -0.148992    -1.525532
    -0.147318    -1.523116
    -0.145644    -1.520748
    -0.143970    -1.518428
    -0.142296    -1.516155
    -0.140622    -1.513930
    -0.138948    -1.511754
    -0.137274    -1.509625
    -0.135599    -1.507545
    -0.133925    -1.505514
    -0.132251    -1.503532
    -0.130577    -1.501598
    -0.128903    -1.499713
    -0.127229    -1.497877
    -0.125555    -1.496090
    -0.123881    -1.494352
    -0.122207    -1.492662
    -0.120533    -1.491022
    -0.118859    -1.489432
    -0.117185    -1.487890
    -0.115511    -1.486397
    -0.113837    -1.484953
    -0.112163    -1.483558
    -0.110488    -1.482213
    -0.108814    -1.480916
    -0.107140    -1.479668
    -0.105466    -1.478469
    -0.103792    -1.477318
    -0.102118    -1.476217
    -0.100444    -1.475164
    -0.098770    -1.474160
    -0.097096    -1.473204
    -0.095422    -1.472297
    -0.093748    -1.471439
    -0.092074    -1.470628
    -0.090400    -1.469866
    -0.088726    -1.469152
    -0.087051    -1.468486
    -0.085377    -1.467867
    -0.083703    -1.467297
    -0.082029    -1.466774
    -0.080355    -1.466299
    -0.078681    -1.465871
    -0.077007    -1.465490
    -0.075333    -1.465156
    -0.073659    -1.464870
    -0.071985    -1.464629
    -0.070311    -1.464435
    -0.068637    -1.464287
    -0.066963    -1.464185
    -0.065289    -1.464129
    -0.063615    -1.464118
    -0.061940    -1.464151
    -0.060266    -1.464229
    -0.058592    -1.464351
    -0.056918    -1.464517
    -0.055244    -1.464725
    -0.053570    -1.464976
    -0.051896    -1.465268
    -0.050222    -1.465601
    -0.048548    -1.465974
    -0.046874    -1.466386
    -0.045200    -1.466836
    -0.043526    -1.467323
    -0.041852    -1.467844
    -0.040178    -1.468399
    -0.038504    -1.468986
    -0.036829    -1.469602
    -0.035155    -1.470246
    -0.033481    -1.470913
    -0.031807    -1.471602
    -0.030133    -1.472307
    -0.028459    -1.473027
    -0.026785    -1.473759
    -0.025111    -1.474499
    -0.023437    -1.475244
    -0.021763    -1.475991
    -0.020089    -1.476733
    -0.018415    -1.477463
    -0.016741    -1.478173
    -0.015067    -1.478857
    -0.013393    -1.479504
    -0.011718    -1.480106
    -0.010044    -1.480653
    -0.008370    -1.481136
    -0.006696    -1.481546
    -0.005022    -1.481875
    -0.003348    -1.482117
    -0.001674    -1.482267
     0.000000    -1.482319
     0.001674    -1.482274
     0.003348    -1.482130
     0.005022    -1.481892
     0.006696    -1.481565
     0.008370    -1.481156
     0.010044    -1.480674
     0.011718    -1.480127
     0.013393    -1.479526
     0.015067    -1.478879
     0.016741    -1.478196
     0.018415    -1.477485
     0.020089    -1.476754
     0.021763    -1.476012
     0.023437    -1.475265
     0.025111    -1.474518
     0.026785    -1.473776
     0.028459    -1.473042
     0.030133    -1.472319
     0.031807    -1.471610
     0.033481    -1.470919
     0.035155    -1.470250
     0.036829    -1.469606
     0.038504    -1.468989
     0.040178    -1.468401
     0.041852    -1.467846
     0.043526    -1.467324
     0.045200    -1.466837
     0.046874    -1.466387
     0.048548    -1.465975
     0.050222    -1.465602
     0.051896    -1.465269
     0.053570    -1.464977
     0.055244    -1.464726
     0.056918    -1.464517
     0.058592    -1.464352
     0.060266    -1.464230
     0.061940    -1.464152
     0.063615    -1.464118
     0.065289    -1.464129
     0.066963    -1.464186
     0.068637    -1.464288
     0.070311    -1.464435
     0.071985    -1.464629
     0.073659    -1.464870
     0.075333    -1.465157
     0.077007    -1.465490
     0.078681    -1.465871
     0.080355    -1.466299
     0.082029    -1.466774
     0.083703    -1.467297
     0.085377    -1.467867
     0.087051    -1.468486
     0.088726    -1.469152
     0.090400    -1.469866
     0.092074    -1.470628
     0.093748    -1.471438
     0.095422    -1.472297
     0.097096    -1.473204
     0.098770    -1.474160
     0.100444    -1.475164
     0.102118    -1.476217
     0.103792    -1.477318
     0.105466    -1.478469
     0.107140    -1.479668
     0.108814    -1.480916
     0.110488    -1.482213
     0.112163    -1.483558
     0.113837    -1.484953
     0.115511    -1.486397
     0.117185    -1.487890
     0.118859    -1.489432
     0.120533    -1.491023
     0.122207    -1.492663
     0.123881    -1.494352
     0.125555    -1.496090
     0.127229    -1.497877
     0.128903    -1.499713
     0.130577    -1.501598
     0.132251    -1.503532
     0.133925    -1.505515
     0.135599    -1.507546
     0.137274    -1.509626
     0.138948    -1.511754
     0.140622    -1.513931
     0.142296    -1.516156
     0.143970    -1.518428
     0.145644    -1.520749
     0.147318    -1.523117
     0.148992    -1.525533
     0.150666    -1.527996
     0.152340    -1.530505
     0.154014    -1.533061
     0.155688    -1.535664
     0.157362    -1.538312
     0.159036    -1.541006
     0.160710    -1.543745
     0.162385    -1.546528
     0.164059    -1.549356
     0.165733    -1.552228
     0.167407    -1.555143


    -0.167407    -1.206727
    -0.165733    -1.201748
    -0.164059    -1.196716
    -0.162385    -1.191631
    -0.160710    -1.186494
    -0.159036    -1.181305
    -0.157362    -1.176065
    -0.155688    -1.171105
    -0.154014    -1.166634
    -0.152340    -1.162122
    -0.150666    -1.157563
    -0.148992    -1.152958
    -0.147318    -1.148306
    -0.145644    -1.143605
    -0.143970    -1.138855
    -0.142296    -1.134054
    -0.140622    -1.129203
    -0.138948    -1.124300
    -0.137274    -1.119344
    -0.135599    -1.114336
    -0.133925    -1.109274
    -0.132251    -1.104158
    -0.130577    -1.098987
    -0.128903    -1.093760
    -0.127229    -1.088478
    -0.125555    -1.083139
    -0.123881    -1.077744
    -0.122207    -1.072292
    -0.120533    -1.066783
    -0.118859    -1.061217
    -0.117185    -1.055593
    -0.115511    -1.049912
    -0.113837    -1.044174
    -0.112163    -1.038379
    -0.110488    -1.032527
    -0.108814    -1.026618
    -0.107140    -1.020654
    -0.105466    -1.014633
    -0.103792    -1.008558
    -0.102118    -1.002429
    -0.100444    -0.996247
    -0.098770    -0.990012
    -0.097096    -0.983726
    -0.095422    -0.977390
    -0.093748    -0.971005
    -0.092074    -0.964574
    -0.090400    -0.958096
    -0.088726    -0.951575
    -0.087051    -0.945012
    -0.085377    -0.938410
    -0.083703    -0.931770
    -0.082029    -0.925095
    -0.080355    -0.918387
    -0.078681    -0.911650
    -0.077007    -0.904886
    -0.075333    -0.898099
    -0.073659    -0.891291
    -0.071985    -0.884467
    -0.070311    -0.877631
    -0.068637    -0.870786
    -0.066963    -0.863936
    -0.065289    -0.857088
    -0.063615    -0.850244
    -0.061940    -0.843411
    -0.060266    -0.836595
    -0.058592    -0.829800
    -0.056918    -0.823033
    -0.055244    -0.816302
    -0.053570    -0.809612
    -0.051896    -0.802971
    -0.050222    -0.796387
    -0.048548    -0.789868
    -0.046874    -0.783423
    -0.045200    -0.777061
    -0.043526    -0.770791
    -0.041852    -0.764624
    -0.040178    -0.758569
    -0.038504    -0.752639
    -0.036829    -0.746843
    -0.035155    -0.741193
    -0.033481    -0.735703
    -0.031807    -0.730383
    -0.030133    -0.725247
    -0.028459    -0.720307
    -0.026785    -0.715576
    -0.025111    -0.711067
    -0.023437    -0.706791
    -0.021763    -0.702760
    -0.020089    -0.698988
    -0.018415    -0.695483
    -0.016741    -0.692256
    -0.015067    -0.689317
    -0.013393    -0.686673
    -0.011718    -0.684331
    -0.010044    -0.682296
    -0.008370    -0.680574
    -0.006696    -0.679166
    -0.005022    -0.678075
    -0.003348    -0.677302
    -0.001674    -0.676841
     0.000000    -0.676685
     0.001674    -0.676837
     0.003348    -0.677298
     0.005022    -0.678075
     0.006696    -0.679168
     0.008370    -0.680576
     0.010044    -0.682299
     0.011718    -0.684333
     0.013393    -0.686675
     0.015067    -0.689319
     0.016741    -0.692258
     0.018415    -0.695484
     0.020089    -0.698989
     0.021763    -0.702761
     0.023437    -0.706791
     0.025111    -0.711067
     0.026785    -0.715576
     0.028459    -0.720307
     0.030133    -0.725247
     0.031807    -0.730383
     0.033481    -0.735702
     0.035155    -0.741192
     0.036829    -0.746841
     0.038504    -0.752637
     0.040178    -0.758568
     0.041852    -0.764622
     0.043526    -0.770789
     0.045200    -0.777059
     0.046874    -0.783421
     0.048548    -0.789866
     0.050222    -0.796385
     0.051896    -0.802968
     0.053570    -0.809609
     0.055244    -0.816299
     0.056918    -0.823031
     0.058592    -0.829797
     0.060266    -0.836592
     0.061940    -0.843408
     0.063615    -0.850241
     0.065289    -0.857084
     0.066963    -0.863933
     0.068637    -0.870782
     0.070311    -0.877628
     0.071985    -0.884464
     0.073659    -0.891288
     0.075333    -0.898096
     0.077007    -0.904883
     0.078681    -0.911647
     0.080355    -0.918384
     0.082029    -0.925092
     0.083703    -0.931767
     0.085377    -0.938407
     0.087051    -0.945009
     0.088726    -0.951572
     0.090400    -0.958093
     0.092074    -0.964570
     0.093748    -0.971002
     0.095422    -0.977387
     0.097096    -0.983723
     0.098770    -0.990009
     0.100444    -0.996244
     0.102118    -1.002426
     0.103792    -1.008556
     0.105466    -1.014631
     0.107140    -1.020651
     0.108814    -1.026616
     0.110488    -1.032524
     0.112163    -1.038377
     0.113837    -1.044172
     0.115511    -1.049910
     0.117185    -1.055591
     0.118859    -1.061215
     0.120533    -1.066781
     0.122207    -1.072290
     0.123881    -1.077742
     0.125555    -1.083138
     0.127229    -1.088476
     0.128903    -1.093759
     0.130577    -1.098985
     0.132251    -1.104157
     0.133925    -1.109273
     0.135599    -1.114335
     0.137274    -1.119344
     0.138948    -1.124299
     0.140622    -1.129202
     0.142296    -1.134054
     0.143970    -1.138854
     0.145644    -1.143605
     0.147318    -1.148306
     0.148992    -1.152959
     0.150666    -1.157564
     0.152340    -1.162122
     0.154014    -1.166635
     0.155688    -1.171105
     0.157362    -1.176057
     0.159036    -1.181297
     0.160710    -1.186486
     0.162385    -1.191623
     0.164059    -1.196707
     0.165733    -1.201738
     0.167407    -1.206717


    -0.167407    -1.201180
    -0.165733    -1.197004
    -0.164059    -1.192789
    -0.162385    -1.188534
    -0.160710    -1.184238
    -0.159036    -1.179901
    -0.157362    -1.175519
    -0.155688    -1.170763
    -0.154014    -1.165420
    -0.152340    -1.160022
    -0.150666    -1.154573
    -0.148992    -1.149073
    -0.147318    -1.143522
    -0.145644    -1.137920
    -0.143970    -1.132270
    -0.142296    -1.126570
    -0.140622    -1.120822
    -0.138948    -1.115026
    -0.137274    -1.109183
    -0.135599    -1.103294
    -0.133925    -1.097360
    -0.132251    -1.091382
    -0.130577    -1.085361
    -0.128903    -1.079297
    -0.127229    -1.073193
    -0.125555    -1.067048
    -0.123881    -1.060865
    -0.122207    -1.054644
    -0.120533    -1.048388
    -0.118859    -1.042096
    -0.117185    -1.035772
    -0.115511    -1.029415
    -0.113837    -1.023029
    -0.112163    -1.016614
    -0.110488    -1.010172
    -0.108814    -1.003705
    -0.107140    -0.997215
    -0.105466    -0.990703
    -0.103792    -0.984172
    -0.102118    -0.977623
    -0.100444    -0.971059
    -0.098770    -0.964481
    -0.097096    -0.957892
    -0.095422    -0.951294
    -0.093748    -0.944689
    -0.092074    -0.938080
    -0.090400    -0.931469
    -0.088726    -0.924858
    -0.087051    -0.918250
    -0.085377    -0.911648
    -0.083703    -0.905055
    -0.082029    -0.898472
    -0.080355    -0.891903
    -0.078681    -0.885351
    -0.077007    -0.878819
    -0.075333    -0.872310
    -0.073659    -0.865827
    -0.071985    -0.859372
    -0.070311    -0.852951
    -0.068637    -0.846565
    -0.066963    -0.840218
    -0.065289    -0.833915
    -0.063615    -0.827658
    -0.061940    -0.821452
    -0.060266    -0.815300
    -0.058592    -0.809206
    -0.056918    -0.803175
    -0.055244    -0.797211
    -0.053570    -0.791318
    -0.051896    -0.785501
    -0.050222    -0.779764
    -0.048548    -0.774113
    -0.046874    -0.768552
    -0.045200    -0.763087
    -0.043526    -0.757723
    -0.041852    -0.752465
    -0.040178    -0.747320
    -0.038504    -0.742294
    -0.036829    -0.737392
    -0.035155    -0.732622
    -0.033481    -0.727990
    -0.031807    -0.723503
    -0.030133    -0.719168
    -0.028459    -0.714993
    -0.026785    -0.710985
    -0.025111    -0.707153
    -0.023437    -0.703505
    -0.021763    -0.700049
    -0.020089    -0.696794
    -0.018415    -0.693749
    -0.016741    -0.690923
    -0.015067    -0.688326
    -0.013393    -0.685965
    -0.011718    -0.683851
    -0.010044    -0.681993
    -0.008370    -0.680398
    -0.006696    -0.679077
    -0.005022    -0.678035
    -0.003348    -0.677279
    -0.001674    -0.676820
     0.000000    -0.676668
     0.001674    -0.676823
     0.003348    -0.677281
     0.005022    -0.678033
     0.006696    -0.679073
     0.008370    -0.680393
     0.010044    -0.681987
     0.011718    -0.683845
     0.013393    -0.685959
     0.015067    -0.688319
     0.016741    -0.690916
     0.018415    -0.693742
     0.020089    -0.696787
     0.021763    -0.700042
     0.023437    -0.703498
     0.025111    -0.707146
     0.026785    -0.710978
     0.028459    -0.714986
     0.030133    -0.719161
     0.031807    -0.723496
     0.033481    -0.727983
     0.035155    -0.732615
     0.036829    -0.737386
     0.038504    -0.742288
     0.040178    -0.747314
     0.041852    -0.752459
     0.043526    -0.757717
     0.045200    -0.763081
     0.046874    -0.768547
     0.048548    -0.774108
     0.050222    -0.779759
     0.051896    -0.785496
     0.053570    -0.791314
     0.055244    -0.797207
     0.056918    -0.803171
     0.058592    -0.809203
     0.060266    -0.815297
     0.061940    -0.821449
     0.063615    -0.827656
     0.065289    -0.833913
     0.066963    -0.840216
     0.068637    -0.846563
     0.070311    -0.852949
     0.071985    -0.859371
     0.073659    -0.865825
     0.075333    -0.872309
     0.077007    -0.878818
     0.078681    -0.885351
     0.080355    -0.891903
     0.082029    -0.898472
     0.083703    -0.905054
     0.085377    -0.911648
     0.087051    -0.918250
     0.088726    -0.924858
     0.090400    -0.931469
     0.092074    -0.938080
     0.093748    -0.944689
     0.095422    -0.951294
     0.097096    -0.957892
     0.098770    -0.964481
     0.100444    -0.971059
     0.102118    -0.977623
     0.103792    -0.984172
     0.105466    -0.990703
     0.107140    -0.997215
     0.108814    -1.003705
     0.110488    -1.010172
     0.112163    -1.016614
     0.113837    -1.023029
     0.115511    -1.029415
     0.117185    -1.035771
     0.118859    -1.042096
     0.120533    -1.048387
     0.122207    -1.054643
     0.123881    -1.060864
     0.125555    -1.067047
     0.127229    -1.073191
     0.128903    -1.079295
     0.130577    -1.085359
     0.132251    -1.091380
     0.133925    -1.097358
     0.135599    -1.103291
     0.137274    -1.109180
     0.138948    -1.115022
     0.140622    -1.120817
     0.142296    -1.126565
     0.143970    -1.132265
     0.145644    -1.137915
     0.147318    -1.143516
     0.148992    -1.149067
     0.150666    -1.154567
     0.152340    -1.160016
     0.154014    -1.165413
     0.155688    -1.170756
     0.157362    -1.175521
     0.159036    -1.179902
     0.160710    -1.184239
     0.162385    -1.188535
     0.164059    -1.192790
     0.165733    -1.197006
     0.167407    -1.201182


    -0.167407    -0.453400
    -0.165733    -0.450040
    -0.164059    -0.446725
    -0.162385    -0.443456
    -0.160710    -0.440233
    -0.159036    -0.437056
    -0.157362    -0.433926
    -0.155688    -0.430844
    -0.154014    -0.427811
    -0.152340    -0.424827
    -0.150666    -0.421892
    -0.148992    -0.419008
    -0.147318    -0.416174
    -0.145644    -0.413392
    -0.143970    -0.410662
    -0.142296    -0.407985
    -0.140622    -0.405360
    -0.138948    -0.402789
    -0.137274    -0.400273
    -0.135599    -0.397811
    -0.133925    -0.395405
    -0.132251    -0.393054
    -0.130577    -0.390759
    -0.128903    -0.388521
    -0.127229    -0.386340
    -0.125555    -0.384216
    -0.123881    -0.382150
    -0.122207    -0.380142
    -0.120533    -0.378193
    -0.118859    -0.376302
    -0.117185    -0.374471
    -0.115511    -0.372699
    -0.113837    -0.370986
    -0.112163    -0.369333
    -0.110488    -0.367740
    -0.108814    -0.366206
    -0.107140    -0.364733
    -0.105466    -0.363319
    -0.103792    -0.361965
    -0.102118    -0.360671
    -0.100444    -0.359436
    -0.098770    -0.358261
    -0.097096    -0.357144
    -0.095422    -0.356086
    -0.093748    -0.355086
    -0.092074    -0.354144
    -0.090400    -0.353259
    -0.088726    -0.352429
    -0.087051    -0.351655
    -0.085377    -0.350935
    -0.083703    -0.350269
    -0.082029    -0.349655
    -0.080355    -0.349091
    -0.078681    -0.348577
    -0.077007    -0.348110
    -0.075333    -0.347690
    -0.073659    -0.347313
    -0.071985    -0.346978
    -0.070311    -0.346682
    -0.068637    -0.346423
    -0.066963    -0.346198
    -0.065289    -0.346004
    -0.063615    -0.345838
    -0.061940    -0.345696
    -0.060266    -0.345574
    -0.058592    -0.345468
    -0.056918    -0.345373
    -0.055244    -0.345285
    -0.053570    -0.345197
    -0.051896    -0.345106
    -0.050222    -0.345004
    -0.048548    -0.344884
    -0.046874    -0.344741
    -0.045200    -0.344566
    -0.043526    -0.344352
    -0.041852    -0.344091
    -0.040178    -0.343773
    -0.038504    -0.343389
    -0.036829    -0.342931
    -0.035155    -0.342387
    -0.033481    -0.341748
    -0.031807    -0.341002
    -0.030133    -0.340139
    -0.028459    -0.339148
    -0.026785    -0.338018
    -0.025111    -0.336738
    -0.023437    -0.335297
    -0.021763    -0.333684
    -0.020089    -0.331890
    -0.018415    -0.329906
    -0.016741    -0.327722
    -0.015067    -0.325333
    -0.013393    -0.322730
    -0.011718    -0.319909
    -0.010044    -0.316867
    -0.008370    -0.313600
    -0.006696    -0.310109
    -0.005022    -0.306393
    -0.003348    -0.302455
    -0.001674    -0.298299
     0.000000    -0.293948
     0.001674    -0.298317
     0.003348    -0.302474
     0.005022    -0.306413
     0.006696    -0.310129
     0.008370    -0.313621
     0.010044    -0.316888
     0.011718    -0.319931
     0.013393    -0.322752
     0.015067    -0.325355
     0.016741    -0.327745
     0.018415    -0.329929
     0.020089    -0.331914
     0.021763    -0.333708
     0.023437    -0.335321
     0.025111    -0.336762
     0.026785    -0.338043
     0.028459    -0.339173
     0.030133    -0.340164
     0.031807    -0.341027
     0.033481    -0.341772
     0.035155    -0.342412
     0.036829    -0.342956
     0.038504    -0.343414
     0.040178    -0.343798
     0.041852    -0.344115
     0.043526    -0.344377
     0.045200    -0.344591
     0.046874    -0.344765
     0.048548    -0.344908
     0.050222    -0.345027
     0.051896    -0.345129
     0.053570    -0.345221
     0.055244    -0.345308
     0.056918    -0.345396
     0.058592    -0.345490
     0.060266    -0.345596
     0.061940    -0.345718
     0.063615    -0.345860
     0.065289    -0.346026
     0.066963    -0.346219
     0.068637    -0.346444
     0.070311    -0.346702
     0.071985    -0.346997
     0.073659    -0.347332
     0.075333    -0.347709
     0.077007    -0.348129
     0.078681    -0.348595
     0.080355    -0.349109
     0.082029    -0.349672
     0.083703    -0.350286
     0.085377    -0.350952
     0.087051    -0.351672
     0.088726    -0.352445
     0.090400    -0.353274
     0.092074    -0.354159
     0.093748    -0.355101
     0.095422    -0.356101
     0.097096    -0.357159
     0.098770    -0.358275
     0.100444    -0.359450
     0.102118    -0.360684
     0.103792    -0.361978
     0.105466    -0.363332
     0.107140    -0.364745
     0.108814    -0.366218
     0.110488    -0.367751
     0.112163    -0.369344
     0.113837    -0.370997
     0.115511    -0.372709
     0.117185    -0.374481
     0.118859    -0.376312
     0.120533    -0.378203
     0.122207    -0.380152
     0.123881    -0.382159
     0.125555    -0.384225
     0.127229    -0.386349
     0.128903    -0.388530
     0.130577    -0.390768
     0.132251    -0.393062
     0.133925    -0.395413
     0.135599    -0.397819
     0.137274    -0.400281
     0.138948    -0.402797
     0.140622    -0.405368
     0.142296    -0.407992
     0.143970    -0.410670
     0.145644    -0.413399
     0.147318    -0.416181
     0.148992    -0.419015
     0.150666    -0.421899
     0.152340    -0.424834
     0.154014    -0.427818
     0.155688    -0.430851
     0.157362    -0.433933
     0.159036    -0.437063
     0.160710    -0.440239
     0.162385    -0.443463
     0.164059    -0.446732
     0.165733    -0.450047
     0.167407    -0.453407


    -0.167407    -0.388202
    -0.165733    -0.382760
    -0.164059    -0.377324
    -0.162385    -0.371896
    -0.160710    -0.366475
    -0.159036    -0.361063
    -0.157362    -0.355658
    -0.155688    -0.350262
    -0.154014    -0.344874
    -0.152340    -0.339495
    -0.150666    -0.334126
    -0.148992    -0.328766
    -0.147318    -0.323416
    -0.145644    -0.318077
    -0.143970    -0.312748
    -0.142296    -0.307431
    -0.140622    -0.302125
    -0.138948    -0.296831
    -0.137274    -0.291551
    -0.135599    -0.286283
    -0.133925    -0.281030
    -0.132251    -0.275792
    -0.130577    -0.270569
    -0.128903    -0.265362
    -0.127229    -0.260172
    -0.125555    -0.255001
    -0.123881    -0.249850
    -0.122207    -0.244718
    -0.120533    -0.239609
    -0.118859    -0.234523
    -0.117185    -0.229462
    -0.115511    -0.224428
    -0.113837    -0.219422
    -0.112163    -0.214447
    -0.110488    -0.209506
    -0.108814    -0.204600
    -0.107140    -0.199733
    -0.105466    -0.194909
    -0.103792    -0.190130
    -0.102118    -0.185402
    -0.100444    -0.180728
    -0.098770    -0.176113
    -0.097096    -0.171565
    -0.095422    -0.167088
    -0.093748    -0.162690
    -0.092074    -0.158379
    -0.090400    -0.154165
    -0.088726    -0.150057
    -0.087051    -0.146066
    -0.085377    -0.142206
    -0.083703    -0.138491
    -0.082029    -0.134937
    -0.080355    -0.131560
    -0.078681    -0.128381
    -0.077007    -0.125420
    -0.075333    -0.122701
    -0.073659    -0.120248
    -0.071985    -0.118088
    -0.070311    -0.116249
    -0.068637    -0.114757
    -0.066963    -0.113642
    -0.065289    -0.112930
    -0.063615    -0.112645
    -0.061940    -0.112808
    -0.060266    -0.113436
    -0.058592    -0.114541
    -0.056918    -0.116125
    -0.055244    -0.118186
    -0.053570    -0.120715
    -0.051896    -0.123696
    -0.050222    -0.127107
    -0.048548    -0.130923
    -0.046874    -0.135112
    -0.045200    -0.139644
    -0.043526    -0.144485
    -0.041852    -0.149603
    -0.040178    -0.154964
    -0.038504    -0.160536
    -0.036829    -0.166289
    -0.035155    -0.172195
    -0.033481    -0.178225
    -0.031807    -0.184354
    -0.030133    -0.190558
    -0.028459    -0.196815
    -0.026785    -0.203102
    -0.025111    -0.209399
    -0.023437    -0.215688
    -0.021763    -0.221951
    -0.020089    -0.228169
    -0.018415    -0.234327
    -0.016741    -0.240408
    -0.015067    -0.246397
    -0.013393    -0.252280
    -0.011718    -0.258042
    -0.010044    -0.263669
    -0.008370    -0.269150
    -0.006696    -0.274471
    -0.005022    -0.279621
    -0.003348    -0.284590
    -0.001674    -0.289368
     0.000000    -0.293927
     0.001674    -0.289351
     0.003348    -0.284573
     0.005022    -0.279605
     0.006696    -0.274455
     0.008370    -0.269134
     0.010044    -0.263654
     0.011718    -0.258027
     0.013393    -0.252266
     0.015067    -0.246384
     0.016741    -0.240395
     0.018415    -0.234314
     0.020089    -0.228157
     0.021763    -0.221939
     0.023437    -0.215677
     0.025111    -0.209388
     0.026785    -0.203091
     0.028459    -0.196805
     0.030133    -0.190549
     0.031807    -0.184345
     0.033481    -0.178216
     0.035155    -0.172186
     0.036829    -0.166281
     0.038504    -0.160528
     0.040178    -0.154955
     0.041852    -0.149595
     0.043526    -0.144477
     0.045200    -0.139636
     0.046874    -0.135104
     0.048548    -0.130914
     0.050222    -0.127099
     0.051896    -0.123687
     0.053570    -0.120706
     0.055244    -0.118176
     0.056918    -0.116115
     0.058592    -0.114530
     0.060266    -0.113425
     0.061940    -0.112796
     0.063615    -0.112632
     0.065289    -0.112917
     0.066963    -0.113629
     0.068637    -0.114743
     0.070311    -0.116234
     0.071985    -0.118073
     0.073659    -0.120233
     0.075333    -0.122685
     0.077007    -0.125403
     0.078681    -0.128364
     0.080355    -0.131543
     0.082029    -0.134919
     0.083703    -0.138473
     0.085377    -0.142188
     0.087051    -0.146048
     0.088726    -0.150038
     0.090400    -0.154146
     0.092074    -0.158360
     0.093748    -0.162671
     0.095422    -0.167068
     0.097096    -0.171545
     0.098770    -0.176094
     0.100444    -0.180708
     0.102118    -0.185382
     0.103792    -0.190111
     0.105466    -0.194890
     0.107140    -0.199714
     0.108814    -0.204581
     0.110488    -0.209487
     0.112163    -0.214429
     0.113837    -0.219404
     0.115511    -0.224410
     0.117185    -0.229444
     0.118859    -0.234506
     0.120533    -0.239592
     0.122207    -0.244702
     0.123881    -0.249833
     0.125555    -0.254985
     0.127229    -0.260157
     0.128903    -0.265347
     0.130577    -0.270554
     0.132251    -0.275777
     0.133925    -0.281016
     0.135599    -0.286270
     0.137274    -0.291538
     0.138948    -0.296819
     0.140622    -0.302113
     0.142296    -0.307419
     0.143970    -0.312737
     0.145644    -0.318067
     0.147318    -0.323407
     0.148992    -0.328757
     0.150666    -0.334117
     0.152340    -0.339487
     0.154014    -0.344867
     0.155688    -0.350255
     0.157362    -0.355652
     0.159036    -0.361057
     0.160710    -0.366471
     0.162385    -0.371892
     0.164059    -0.377321
     0.165733    -0.382757
     0.167407    -0.388200


    -0.167407     0.618220
    -0.165733     0.609722
    -0.164059     0.601205
    -0.162385     0.592668
    -0.160710     0.584112
    -0.159036     0.575539
    -0.157362     0.566947
    -0.155688     0.558339
    -0.154014     0.549714
    -0.152340     0.541073
    -0.150666     0.532417
    -0.148992     0.523747
    -0.147318     0.515063
    -0.145644     0.506367
    -0.143970     0.497658
    -0.142296     0.488939
    -0.140622     0.480209
    -0.138948     0.471471
    -0.137274     0.462725
    -0.135599     0.453972
    -0.133925     0.445213
    -0.132251     0.436450
    -0.130577     0.427684
    -0.128903     0.418917
    -0.127229     0.410150
    -0.125555     0.401385
    -0.123881     0.392624
    -0.122207     0.383868
    -0.120533     0.375120
    -0.118859     0.366382
    -0.117185     0.357656
    -0.115511     0.348946
    -0.113837     0.340253
    -0.112163     0.331581
    -0.110488     0.322934
    -0.108814     0.314315
    -0.107140     0.305727
    -0.105466     0.297177
    -0.103792     0.288667
    -0.102118     0.280204
    -0.100444     0.271793
    -0.098770     0.263440
    -0.097096     0.255153
    -0.095422     0.246940
    -0.093748     0.238808
    -0.092074     0.230768
    -0.090400     0.222830
    -0.088726     0.215005
    -0.087051     0.207307
    -0.085377     0.199750
    -0.083703     0.192350
    -0.082029     0.185124
    -0.080355     0.178092
    -0.078681     0.171275
    -0.077007     0.164696
    -0.075333     0.158380
    -0.073659     0.152354
    -0.071985     0.146647
    -0.070311     0.141288
    -0.068637     0.136308
    -0.066963     0.131738
    -0.065289     0.127605
    -0.063615     0.123938
    -0.061940     0.120761
    -0.060266     0.118092
    -0.058592     0.115946
    -0.056918     0.114329
    -0.055244     0.113243
    -0.053570     0.112682
    -0.051896     0.112632
    -0.050222     0.113077
    -0.048548     0.113993
    -0.046874     0.115355
    -0.045200     0.117136
    -0.043526     0.119307
    -0.041852     0.121838
    -0.040178     0.124703
    -0.038504     0.127875
    -0.036829     0.131327
    -0.035155     0.135038
    -0.033481     0.138985
    -0.031807     0.143149
    -0.030133     0.147511
    -0.028459     0.152057
    -0.026785     0.156771
    -0.025111     0.161640
    -0.023437     0.166653
    -0.021763     0.171799
    -0.020089     0.177069
    -0.018415     0.182453
    -0.016741     0.187945
    -0.015067     0.193538
    -0.013393     0.199225
    -0.011718     0.205000
    -0.010044     0.210859
    -0.008370     0.216797
    -0.006696     0.222808
    -0.005022     0.228890
    -0.003348     0.235039
    -0.001674     0.241250
     0.000000     0.247519
     0.001674     0.241254
     0.003348     0.235043
     0.005022     0.228895
     0.006696     0.222813
     0.008370     0.216802
     0.010044     0.210865
     0.011718     0.205006
     0.013393     0.199231
     0.015067     0.193545
     0.016741     0.187953
     0.018415     0.182461
     0.020089     0.177077
     0.021763     0.171807
     0.023437     0.166662
     0.025111     0.161649
     0.026785     0.156780
     0.028459     0.152067
     0.030133     0.147522
     0.031807     0.143159
     0.033481     0.138996
     0.035155     0.135049
     0.036829     0.131339
     0.038504     0.127886
     0.040178     0.124715
     0.041852     0.121850
     0.043526     0.119319
     0.045200     0.117148
     0.046874     0.115368
     0.048548     0.114005
     0.050222     0.113089
     0.051896     0.112644
     0.053570     0.112693
     0.055244     0.113255
     0.056918     0.114340
     0.058592     0.115956
     0.060266     0.118102
     0.061940     0.120770
     0.063615     0.123947
     0.065289     0.127613
     0.066963     0.131745
     0.068637     0.136315
     0.070311     0.141295
     0.071985     0.146653
     0.073659     0.152359
     0.075333     0.158384
     0.077007     0.164699
     0.078681     0.171278
     0.080355     0.178095
     0.082029     0.185126
     0.083703     0.192352
     0.085377     0.199751
     0.087051     0.207308
     0.088726     0.215006
     0.090400     0.222830
     0.092074     0.230767
     0.093748     0.238807
     0.095422     0.246938
     0.097096     0.255151
     0.098770     0.263438
     0.100444     0.271790
     0.102118     0.280201
     0.103792     0.288663
     0.105466     0.297173
     0.107140     0.305723
     0.108814     0.314310
     0.110488     0.322929
     0.112163     0.331576
     0.113837     0.340248
     0.115511     0.348940
     0.117185     0.357650
     0.118859     0.366376
     0.120533     0.375114
     0.122207     0.383861
     0.123881     0.392617
     0.125555     0.401378
     0.127229     0.410143
     0.128903     0.418910
     0.130577     0.427677
     0.132251     0.436442
     0.133925     0.445205
     0.135599     0.453963
     0.137274     0.462716
     0.138948     0.471462
     0.140622     0.480201
     0.142296     0.488930
     0.143970     0.497649
     0.145644     0.506357
     0.147318     0.515054
     0.148992     0.523737
     0.150666     0.532407
     0.152340     0.541063
     0.154014     0.549704
     0.155688     0.558328
     0.157362     0.566937
     0.159036     0.575528
     0.160710     0.584102
     0.162385     0.592657
     0.164059     0.601194
     0.165733     0.609711
     0.167407     0.618209


    -0.167407     0.891686
    -0.165733     0.886298
    -0.164059     0.880889
    -0.162385     0.875461
    -0.160710     0.870012
    -0.159036     0.864542
    -0.157362     0.859050
    -0.155688     0.853537
    -0.154014     0.848001
    -0.152340     0.842442
    -0.150666     0.836861
    -0.148992     0.831255
    -0.147318     0.825626
    -0.145644     0.819972
    -0.143970     0.814293
    -0.142296     0.808588
    -0.140622     0.802858
    -0.138948     0.797101
    -0.137274     0.791318
    -0.135599     0.785507
    -0.133925     0.779669
    -0.132251     0.773803
    -0.130577     0.767909
    -0.128903     0.761986
    -0.127229     0.756033
    -0.125555     0.750052
    -0.123881     0.744041
    -0.122207     0.737999
    -0.120533     0.731928
    -0.118859     0.725826
    -0.117185     0.719693
    -0.115511     0.713530
    -0.113837     0.707336
    -0.112163     0.701110
    -0.110488     0.694854
    -0.108814     0.688566
    -0.107140     0.682247
    -0.105466     0.675897
    -0.103792     0.669516
    -0.102118     0.663104
    -0.100444     0.656662
    -0.098770     0.650189
    -0.097096     0.643686
    -0.095422     0.637153
    -0.093748     0.630590
    -0.092074     0.623998
    -0.090400     0.617378
    -0.088726     0.610729
    -0.087051     0.604053
    -0.085377     0.597350
    -0.083703     0.590621
    -0.082029     0.583866
    -0.080355     0.577086
    -0.078681     0.570282
    -0.077007     0.563456
    -0.075333     0.556607
    -0.073659     0.549736
    -0.071985     0.542846
    -0.070311     0.535936
    -0.068637     0.529008
    -0.066963     0.522064
    -0.065289     0.515103
    -0.063615     0.508128
    -0.061940     0.501140
    -0.060266     0.494140
    -0.058592     0.487129
    -0.056918     0.480109
    -0.055244     0.473082
    -0.053570     0.466048
    -0.051896     0.459009
    -0.050222     0.451966
    -0.048548     0.444922
    -0.046874     0.437878
    -0.045200     0.430835
    -0.043526     0.423794
    -0.041852     0.416759
    -0.040178     0.409729
    -0.038504     0.402708
    -0.036829     0.395696
    -0.035155     0.388695
    -0.033481     0.381707
    -0.031807     0.374734
    -0.030133     0.367777
    -0.028459     0.360839
    -0.026785     0.353921
    -0.025111     0.347024
    -0.023437     0.340151
    -0.021763     0.333304
    -0.020089     0.326484
    -0.018415     0.319694
    -0.016741     0.312934
    -0.015067     0.306208
    -0.013393     0.299518
    -0.011718     0.292864
    -0.010044     0.286251
    -0.008370     0.279678
    -0.006696     0.273150
    -0.005022     0.266668
    -0.003348     0.260235
    -0.001674     0.253853
     0.000000     0.247528
     0.001674     0.253850
     0.003348     0.260232
     0.005022     0.266665
     0.006696     0.273148
     0.008370     0.279676
     0.010044     0.286249
     0.011718     0.292863
     0.013393     0.299516
     0.015067     0.306207
     0.016741     0.312933
     0.018415     0.319693
     0.020089     0.326483
     0.021763     0.333303
     0.023437     0.340151
     0.025111     0.347024
     0.026785     0.353920
     0.028459     0.360838
     0.030133     0.367777
     0.031807     0.374734
     0.033481     0.381707
     0.035155     0.388695
     0.036829     0.395695
     0.038504     0.402707
     0.040178     0.409729
     0.041852     0.416758
     0.043526     0.423794
     0.045200     0.430834
     0.046874     0.437877
     0.048548     0.444921
     0.050222     0.451965
     0.051896     0.459008
     0.053570     0.466046
     0.055244     0.473080
     0.056918     0.480108
     0.058592     0.487128
     0.060266     0.494138
     0.061940     0.501138
     0.063615     0.508126
     0.065289     0.515101
     0.066963     0.522061
     0.068637     0.529005
     0.070311     0.535933
     0.071985     0.542842
     0.073659     0.549733
     0.075333     0.556603
     0.077007     0.563452
     0.078681     0.570278
     0.080355     0.577082
     0.082029     0.583861
     0.083703     0.590616
     0.085377     0.597345
     0.087051     0.604048
     0.088726     0.610724
     0.090400     0.617372
     0.092074     0.623992
     0.093748     0.630584
     0.095422     0.637146
     0.097096     0.643679
     0.098770     0.650182
     0.100444     0.656655
     0.102118     0.663097
     0.103792     0.669509
     0.105466     0.675890
     0.107140     0.682240
     0.108814     0.688558
     0.110488     0.694846
     0.112163     0.701102
     0.113837     0.707327
     0.115511     0.713522
     0.117185     0.719685
     0.118859     0.725817
     0.120533     0.731919
     0.122207     0.737990
     0.123881     0.744032
     0.125555     0.750043
     0.127229     0.756024
     0.128903     0.761976
     0.130577     0.767899
     0.132251     0.773794
     0.133925     0.779660
     0.135599     0.785498
     0.137274     0.791308
     0.138948     0.797092
     0.140622     0.802848
     0.142296     0.808579
     0.143970     0.814283
     0.145644     0.819962
     0.147318     0.825616
     0.148992     0.831245
     0.150666     0.836851
     0.152340     0.842432
     0.154014     0.847991
     0.155688     0.853527
     0.157362     0.859040
     0.159036     0.864532
     0.160710     0.870002
     0.162385     0.875451
     0.164059     0.880879
     0.165733     0.886288
     0.167407     0.891676


    -0.167407     1.820211
    -0.165733     1.812931
    -0.164059     1.805679
    -0.162385     1.798457
    -0.160710     1.791267
    -0.159036     1.784112
    -0.157362     1.776993
    -0.155688     1.769913
    -0.154014     1.762873
    -0.152340     1.755875
    -0.150666     1.748921
    -0.148992     1.742015
    -0.147318     1.735156
    -0.145644     1.728349
    -0.143970     1.721594
    -0.142296     1.714894
    -0.140622     1.708251
    -0.138948     1.701667
    -0.137274     1.695144
    -0.135599     1.688685
    -0.133925     1.682291
    -0.132251     1.675964
    -0.130577     1.669707
    -0.128903     1.663521
    -0.127229     1.657409
    -0.125555     1.651372
    -0.123881     1.645413
    -0.122207     1.639533
    -0.120533     1.633735
    -0.118859     1.628019
    -0.117185     1.622389
    -0.115511     1.616846
    -0.113837     1.611392
    -0.112163     1.606029
    -0.110488     1.600757
    -0.108814     1.595580
    -0.107140     1.590498
    -0.105466     1.585513
    -0.103792     1.580627
    -0.102118     1.575841
    -0.100444     1.571156
    -0.098770     1.566575
    -0.097096     1.562097
    -0.095422     1.557725
    -0.093748     1.553460
    -0.092074     1.549303
    -0.090400     1.545254
    -0.088726     1.541316
    -0.087051     1.537488
    -0.085377     1.533772
    -0.083703     1.530168
    -0.082029     1.526678
    -0.080355     1.523301
    -0.078681     1.520040
    -0.077007     1.516893
    -0.075333     1.513862
    -0.073659     1.510947
    -0.071985     1.508149
    -0.070311     1.505468
    -0.068637     1.502903
    -0.066963     1.500456
    -0.065289     1.498126
    -0.063615     1.495913
    -0.061940     1.493818
    -0.060266     1.491841
    -0.058592     1.489980
    -0.056918     1.488237
    -0.055244     1.486611
    -0.053570     1.485101
    -0.051896     1.483708
    -0.050222     1.482431
    -0.048548     1.481269
    -0.046874     1.480223
    -0.045200     1.479292
    -0.043526     1.478474
    -0.041852     1.477771
    -0.040178     1.477180
    -0.038504     1.476702
    -0.036829     1.476335
    -0.035155     1.476080
    -0.033481     1.475935
    -0.031807     1.475900
    -0.030133     1.475973
    -0.028459     1.476154
    -0.026785     1.476443
    -0.025111     1.476838
    -0.023437     1.477338
    -0.021763     1.477942
    -0.020089     1.478651
    -0.018415     1.479462
    -0.016741     1.480374
    -0.015067     1.481388
    -0.013393     1.482501
    -0.011718     1.483713
    -0.010044     1.485023
    -0.008370     1.486429
    -0.006696     1.487932
    -0.005022     1.489529
    -0.003348     1.491220
    -0.001674     1.493003
     0.000000     1.494865
     0.001674     1.493012
     0.003348     1.491229
     0.005022     1.489539
     0.006696     1.487942
     0.008370     1.486440
     0.010044     1.485034
     0.011718     1.483725
     0.013393     1.482513
     0.015067     1.481400
     0.016741     1.480387
     0.018415     1.479475
     0.020089     1.478664
     0.021763     1.477956
     0.023437     1.477352
     0.025111     1.476852
     0.026785     1.476457
     0.028459     1.476169
     0.030133     1.475988
     0.031807     1.475915
     0.033481     1.475950
     0.035155     1.476095
     0.036829     1.476351
     0.038504     1.476718
     0.040178     1.477196
     0.041852     1.477787
     0.043526     1.478490
     0.045200     1.479308
     0.046874     1.480239
     0.048548     1.481286
     0.050222     1.482447
     0.051896     1.483725
     0.053570     1.485118
     0.055244     1.486627
     0.056918     1.488254
     0.058592     1.489997
     0.060266     1.491857
     0.061940     1.493835
     0.063615     1.495930
     0.065289     1.498142
     0.066963     1.500472
     0.068637     1.502919
     0.070311     1.505484
     0.071985     1.508165
     0.073659     1.510963
     0.075333     1.513878
     0.077007     1.516909
     0.078681     1.520055
     0.080355     1.523317
     0.082029     1.526693
     0.083703     1.530183
     0.085377     1.533786
     0.087051     1.537502
     0.088726     1.541330
     0.090400     1.545268
     0.092074     1.549317
     0.093748     1.553474
     0.095422     1.557739
     0.097096     1.562110
     0.098770     1.566587
     0.100444     1.571169
     0.102118     1.575853
     0.103792     1.580638
     0.105466     1.585524
     0.107140     1.590509
     0.108814     1.595590
     0.110488     1.600767
     0.112163     1.606038
     0.113837     1.611402
     0.115511     1.616856
     0.117185     1.622398
     0.118859     1.628028
     0.120533     1.633742
     0.122207     1.639540
     0.123881     1.645420
     0.125555     1.651379
     0.127229     1.657415
     0.128903     1.663527
     0.130577     1.669712
     0.132251     1.675969
     0.133925     1.682295
     0.135599     1.688689
     0.137274     1.695148
     0.138948     1.701671
     0.140622     1.708254
     0.142296     1.714897
     0.143970     1.721596
     0.145644     1.728351
     0.147318     1.735158
     0.148992     1.742016
     0.150666     1.748922
     0.152340     1.755875
     0.154014     1.762873
     0.155688     1.769913
     0.157362     1.776993
     0.159036     1.784111
     0.160710     1.791266
     0.162385     1.798455
     0.164059     1.805677
     0.165733     1.812929
     0.167407     1.820209


    -0.167407     1.971160
    -0.165733     1.965047
    -0.164059     1.958937
    -0.162385     1.952832
    -0.160710     1.946730
    -0.159036     1.940635
    -0.157362     1.934544
    -0.155688     1.928460
    -0.154014     1.922383
    -0.152340     1.916313
    -0.150666     1.910251
    -0.148992     1.904197
    -0.147318     1.898153
    -0.145644     1.892119
    -0.143970     1.886094
    -0.142296     1.880081
    -0.140622     1.874080
    -0.138948     1.868090
    -0.137274     1.862114
    -0.135599     1.856151
    -0.133925     1.850203
    -0.132251     1.844269
    -0.130577     1.838351
    -0.128903     1.832450
    -0.127229     1.826566
    -0.125555     1.820699
    -0.123881     1.814851
    -0.122207     1.809022
    -0.120533     1.803213
    -0.118859     1.797425
    -0.117185     1.791659
    -0.115511     1.785914
    -0.113837     1.780193
    -0.112163     1.774496
    -0.110488     1.768824
    -0.108814     1.763177
    -0.107140     1.757556
    -0.105466     1.751963
    -0.103792     1.746397
    -0.102118     1.740861
    -0.100444     1.735354
    -0.098770     1.729878
    -0.097096     1.724433
    -0.095422     1.719020
    -0.093748     1.713641
    -0.092074     1.708296
    -0.090400     1.702985
    -0.088726     1.697711
    -0.087051     1.692473
    -0.085377     1.687273
    -0.083703     1.682112
    -0.082029     1.676990
    -0.080355     1.671909
    -0.078681     1.666869
    -0.077007     1.661871
    -0.075333     1.656917
    -0.073659     1.652007
    -0.071985     1.647142
    -0.070311     1.642323
    -0.068637     1.637552
    -0.066963     1.632828
    -0.065289     1.628153
    -0.063615     1.623529
    -0.061940     1.618955
    -0.060266     1.614434
    -0.058592     1.609965
    -0.056918     1.605551
    -0.055244     1.601191
    -0.053570     1.596888
    -0.051896     1.592641
    -0.050222     1.588452
    -0.048548     1.584323
    -0.046874     1.580253
    -0.045200     1.576244
    -0.043526     1.572298
    -0.041852     1.568414
    -0.040178     1.564595
    -0.038504     1.560841
    -0.036829     1.557152
    -0.035155     1.553532
    -0.033481     1.549979
    -0.031807     1.546496
    -0.030133     1.543083
    -0.028459     1.539741
    -0.026785     1.536472
    -0.025111     1.533276
    -0.023437     1.530155
    -0.021763     1.527110
    -0.020089     1.524141
    -0.018415     1.521250
    -0.016741     1.518438
    -0.015067     1.515706
    -0.013393     1.513055
    -0.011718     1.510485
    -0.010044     1.507999
    -0.008370     1.505597
    -0.006696     1.503281
    -0.005022     1.501050
    -0.003348     1.498907
    -0.001674     1.496852
     0.000000     1.494900
     0.001674     1.496844
     0.003348     1.498899
     0.005022     1.501042
     0.006696     1.503273
     0.008370     1.505590
     0.010044     1.507992
     0.011718     1.510479
     0.013393     1.513048
     0.015067     1.515700
     0.016741     1.518433
     0.018415     1.521245
     0.020089     1.524137
     0.021763     1.527106
     0.023437     1.530152
     0.025111     1.533273
     0.026785     1.536469
     0.028459     1.539739
     0.030133     1.543081
     0.031807     1.546494
     0.033481     1.549978
     0.035155     1.553531
     0.036829     1.557152
     0.038504     1.560841
     0.040178     1.564595
     0.041852     1.568415
     0.043526     1.572299
     0.045200     1.576246
     0.046874     1.580255
     0.048548     1.584325
     0.050222     1.588455
     0.051896     1.592644
     0.053570     1.596891
     0.055244     1.601195
     0.056918     1.605555
     0.058592     1.609970
     0.060266     1.614439
     0.061940     1.618961
     0.063615     1.623535
     0.065289     1.628160
     0.066963     1.632835
     0.068637     1.637558
     0.070311     1.642330
     0.071985     1.647150
     0.073659     1.652015
     0.075333     1.656925
     0.077007     1.661880
     0.078681     1.666878
     0.080355     1.671918
     0.082029     1.677000
     0.083703     1.682122
     0.085377     1.687284
     0.087051     1.692484
     0.088726     1.697722
     0.090400     1.702996
     0.092074     1.708307
     0.093748     1.713653
     0.095422     1.719032
     0.097096     1.724445
     0.098770     1.729890
     0.100444     1.735367
     0.102118     1.740874
     0.103792     1.746411
     0.105466     1.751976
     0.107140     1.757570
     0.108814     1.763191
     0.110488     1.768838
     0.112163     1.774511
     0.113837     1.780208
     0.115511     1.785929
     0.117185     1.791674
     0.118859     1.797440
     0.120533     1.803229
     0.122207     1.809038
     0.123881     1.814867
     0.125555     1.820715
     0.127229     1.826582
     0.128903     1.832466
     0.130577     1.838368
     0.132251     1.844286
     0.133925     1.850219
     0.135599     1.856168
     0.137274     1.862131
     0.138948     1.868107
     0.140622     1.874097
     0.142296     1.880098
     0.143970     1.886112
     0.145644     1.892136
     0.147318     1.898171
     0.148992     1.904215
     0.150666     1.910268
     0.152340     1.916330
     0.154014     1.922400
     0.155688     1.928478
     0.157362     1.934562
     0.159036     1.940652
     0.160710     1.946748
     0.162385     1.952849
     0.164059     1.958955
     0.165733     1.965064
     0.167407     1.971177


    -0.167407     2.324001
    -0.165733     2.317565
    -0.164059     2.311169
    -0.162385     2.304814
    -0.160710     2.298502
    -0.159036     2.292232
    -0.157362     2.286006
    -0.155688     2.279824
    -0.154014     2.273688
    -0.152340     2.267597
    -0.150666     2.261553
    -0.148992     2.255557
    -0.147318     2.249609
    -0.145644     2.243710
    -0.143970     2.237860
    -0.142296     2.232061
    -0.140622     2.226313
    -0.138948     2.220616
    -0.137274     2.214971
    -0.135599     2.209379
    -0.133925     2.203841
    -0.132251     2.198356
    -0.130577     2.192926
    -0.128903     2.187552
    -0.127229     2.182233
    -0.125555     2.176970
    -0.123881     2.171764
    -0.122207     2.166615
    -0.120533     2.161524
    -0.118859     2.156491
    -0.117185     2.151517
    -0.115511     2.146603
    -0.113837     2.141748
    -0.112163     2.136953
    -0.110488     2.132219
    -0.108814     2.127546
    -0.107140     2.122935
    -0.105466     2.118385
    -0.103792     2.113898
    -0.102118     2.109474
    -0.100444     2.105113
    -0.098770     2.100816
    -0.097096     2.096582
    -0.095422     2.092413
    -0.093748     2.088309
    -0.092074     2.084270
    -0.090400     2.080297
    -0.088726     2.076389
    -0.087051     2.072547
    -0.085377     2.068773
    -0.083703     2.065065
    -0.082029     2.061424
    -0.080355     2.057851
    -0.078681     2.054346
    -0.077007     2.050909
    -0.075333     2.047541
    -0.073659     2.044242
    -0.071985     2.041011
    -0.070311     2.037851
    -0.068637     2.034760
    -0.066963     2.031739
    -0.065289     2.028789
    -0.063615     2.025909
    -0.061940     2.023100
    -0.060266     2.020362
    -0.058592     2.017696
    -0.056918     2.015102
    -0.055244     2.012579
    -0.053570     2.010129
    -0.051896     2.007751
    -0.050222     2.005446
    -0.048548     2.003214
    -0.046874     2.001055
    -0.045200     1.998969
    -0.043526     1.996958
    -0.041852     1.995020
    -0.040178     1.993156
    -0.038504     1.991366
    -0.036829     1.989651
    -0.035155     1.988010
    -0.033481     1.986444
    -0.031807     1.984954
    -0.030133     1.983539
    -0.028459     1.982199
    -0.026785     1.980934
    -0.025111     1.979746
    -0.023437     1.978634
    -0.021763     1.977597
    -0.020089     1.976637
    -0.018415     1.975754
    -0.016741     1.974946
    -0.015067     1.974216
    -0.013393     1.973562
    -0.011718     1.972985
    -0.010044     1.972485
    -0.008370     1.972060
    -0.006696     1.971712
    -0.005022     1.971440
    -0.003348     1.971244
    -0.001674     1.971125
     0.000000     1.971082
     0.001674     1.971117
     0.003348     1.971229
     0.005022     1.971419
     0.006696     1.971686
     0.008370     1.972030
     0.010044     1.972451
     0.011718     1.972949
     0.013393     1.973525
     0.015067     1.974178
     0.016741     1.974907
     0.018415     1.975714
     0.020089     1.976597
     0.021763     1.977557
     0.023437     1.978593
     0.025111     1.979705
     0.026785     1.980894
     0.028459     1.982158
     0.030133     1.983498
     0.031807     1.984914
     0.033481     1.986405
     0.035155     1.987971
     0.036829     1.989612
     0.038504     1.991328
     0.040178     1.993118
     0.041852     1.994982
     0.043526     1.996921
     0.045200     1.998933
     0.046874     2.001019
     0.048548     2.003179
     0.050222     2.005412
     0.051896     2.007717
     0.053570     2.010095
     0.055244     2.012546
     0.056918     2.015069
     0.058592     2.017664
     0.060266     2.020331
     0.061940     2.023069
     0.063615     2.025879
     0.065289     2.028759
     0.066963     2.031710
     0.068637     2.034731
     0.070311     2.037823
     0.071985     2.040984
     0.073659     2.044215
     0.075333     2.047515
     0.077007     2.050883
     0.078681     2.054321
     0.080355     2.057826
     0.082029     2.061400
     0.083703     2.065041
     0.085377     2.068750
     0.087051     2.072525
     0.088726     2.076367
     0.090400     2.080276
     0.092074     2.084250
     0.093748     2.088290
     0.095422     2.092394
     0.097096     2.096564
     0.098770     2.100798
     0.100444     2.105096
     0.102118     2.109458
     0.103792     2.113883
     0.105466     2.118371
     0.107140     2.122921
     0.108814     2.127533
     0.110488     2.132207
     0.112163     2.136942
     0.113837     2.141737
     0.115511     2.146593
     0.117185     2.151508
     0.118859     2.156483
     0.120533     2.161517
     0.122207     2.166609
     0.123881     2.171758
     0.125555     2.176965
     0.127229     2.182229
     0.128903     2.187549
     0.130577     2.192924
     0.132251     2.198355
     0.133925     2.203840
     0.135599     2.209380
     0.137274     2.214972
     0.138948     2.220618
     0.140622     2.226316
     0.142296     2.232065
     0.143970     2.237865
     0.145644     2.243716
     0.147318     2.249616
     0.148992     2.255565
     0.150666     2.261562
     0.152340     2.267606
     0.154014     2.273698
     0.155688     2.279835
     0.157362     2.286017
     0.159036     2.292244
     0.160710     2.298515
     0.162385     2.304828
     0.164059     2.311184
     0.165733     2.317580
     0.167407     2.324017


    -0.167407     2.335244
    -0.165733     2.328692
    -0.164059     2.322173
    -0.162385     2.315687
    -0.160710     2.309237
    -0.159036     2.302823
    -0.157362     2.296446
    -0.155688     2.290108
    -0.154014     2.283809
    -0.152340     2.277552
    -0.150666     2.271336
    -0.148992     2.265164
    -0.147318     2.259036
    -0.145644     2.252953
    -0.143970     2.246916
    -0.142296     2.240926
    -0.140622     2.234985
    -0.138948     2.229093
    -0.137274     2.223251
    -0.135599     2.217461
    -0.133925     2.211722
    -0.132251     2.206037
    -0.130577     2.200405
    -0.128903     2.194828
    -0.127229     2.189306
    -0.125555     2.183841
    -0.123881     2.178434
    -0.122207     2.173084
    -0.120533     2.167793
    -0.118859     2.162561
    -0.117185     2.157390
    -0.115511     2.152279
    -0.113837     2.147230
    -0.112163     2.142243
    -0.110488     2.137320
    -0.108814     2.132460
    -0.107140     2.127663
    -0.105466     2.122932
    -0.103792     2.118266
    -0.102118     2.113666
    -0.100444     2.109132
    -0.098770     2.104666
    -0.097096     2.100267
    -0.095422     2.095935
    -0.093748     2.091672
    -0.092074     2.087478
    -0.090400     2.083354
    -0.088726     2.079299
    -0.087051     2.075314
    -0.085377     2.071400
    -0.083703     2.067557
    -0.082029     2.063785
    -0.080355     2.060084
    -0.078681     2.056456
    -0.077007     2.052901
    -0.075333     2.049417
    -0.073659     2.046007
    -0.071985     2.042671
    -0.070311     2.039407
    -0.068637     2.036218
    -0.066963     2.033103
    -0.065289     2.030062
    -0.063615     2.027096
    -0.061940     2.024204
    -0.060266     2.021388
    -0.058592     2.018647
    -0.056918     2.015981
    -0.055244     2.013391
    -0.053570     2.010877
    -0.051896     2.008439
    -0.050222     2.006077
    -0.048548     2.003792
    -0.046874     2.001583
    -0.045200     1.999450
    -0.043526     1.997394
    -0.041852     1.995416
    -0.040178     1.993514
    -0.038504     1.991689
    -0.036829     1.989941
    -0.035155     1.988271
    -0.033481     1.986678
    -0.031807     1.985162
    -0.030133     1.983723
    -0.028459     1.982363
    -0.026785     1.981079
    -0.025111     1.979873
    -0.023437     1.978745
    -0.021763     1.977695
    -0.020089     1.976722
    -0.018415     1.975826
    -0.016741     1.975008
    -0.015067     1.974268
    -0.013393     1.973606
    -0.011718     1.973022
    -0.010044     1.972515
    -0.008370     1.972087
    -0.006696     1.971738
    -0.005022     1.971468
    -0.003348     1.971276
    -0.001674     1.971163
     0.000000     1.971127
     0.001674     1.971170
     0.003348     1.971290
     0.005022     1.971487
     0.006696     1.971762
     0.008370     1.972115
     0.010044     1.972546
     0.011718     1.973053
     0.013393     1.973639
     0.015067     1.974302
     0.016741     1.975042
     0.018415     1.975860
     0.020089     1.976755
     0.021763     1.977728
     0.023437     1.978778
     0.025111     1.979906
     0.026785     1.981111
     0.028459     1.982394
     0.030133     1.983754
     0.031807     1.985192
     0.033481     1.986707
     0.035155     1.988299
     0.036829     1.989969
     0.038504     1.991716
     0.040178     1.993540
     0.041852     1.995441
     0.043526     1.997419
     0.045200     1.999474
     0.046874     2.001605
     0.048548     2.003813
     0.050222     2.006098
     0.051896     2.008459
     0.053570     2.010897
     0.055244     2.013410
     0.056918     2.015999
     0.058592     2.018664
     0.060266     2.021405
     0.061940     2.024220
     0.063615     2.027111
     0.065289     2.030077
     0.066963     2.033117
     0.068637     2.036232
     0.070311     2.039420
     0.071985     2.042683
     0.073659     2.046019
     0.075333     2.049429
     0.077007     2.052912
     0.078681     2.056467
     0.080355     2.060095
     0.082029     2.063794
     0.083703     2.067566
     0.085377     2.071409
     0.087051     2.075322
     0.088726     2.079307
     0.090400     2.083361
     0.092074     2.087486
     0.093748     2.091679
     0.095422     2.095942
     0.097096     2.100273
     0.098770     2.104672
     0.100444     2.109138
     0.102118     2.113672
     0.103792     2.118271
     0.105466     2.122937
     0.107140     2.127668
     0.108814     2.132464
     0.110488     2.137324
     0.112163     2.142247
     0.113837     2.147234
     0.115511     2.152283
     0.117185     2.157393
     0.118859     2.162564
     0.120533     2.167796
     0.122207     2.173087
     0.123881     2.178436
     0.125555     2.183844
     0.127229     2.189309
     0.128903     2.194830
     0.130577     2.200407
     0.132251     2.206039
     0.133925     2.211724
     0.135599     2.217463
     0.137274     2.223253
     0.138948     2.229095
     0.140622     2.234987
     0.142296     2.240928
     0.143970     2.246918
     0.145644     2.252954
     0.147318     2.259037
     0.148992     2.265166
     0.150666     2.271338
     0.152340     2.277554
     0.154014     2.283811
     0.155688     2.290110
     0.157362     2.296448
     0.159036     2.302825
     0.160710     2.309239
     0.162385     2.315689
     0.164059     2.322175
     0.165733     2.328694
     0.167407     2.335246


