    -0.167407    -3.639544
    -0.165733    -3.639589
    -0.164059    -3.639637
    -0.162385    -3.639686
    -0.160710    -3.639738
    -0.159036    -3.639793
    -0.157362    -3.639848
    -0.155688    -3.639906
    -0.154014    -3.639964
    -0.152340    -3.640024
    -0.150666    -3.640085
    -0.148992    -3.640147
    -0.147318    -3.640209
    -0.145644    -3.640271
    -0.143970    -3.640334
    -0.142296    -3.640396
    -0.140622    -3.640459
    -0.138948    -3.640521
    -0.137274    -3.640582
    -0.135599    -3.640643
    -0.133925    -3.640703
    -0.132251    -3.640762
    -0.130577    -3.640819
    -0.128903    -3.640875
    -0.127229    -3.640930
    -0.125555    -3.640982
    -0.123881    -3.641033
    -0.122207    -3.641082
    -0.120533    -3.641129
    -0.118859    -3.641173
    -0.117185    -3.641215
    -0.115511    -3.641254
    -0.113837    -3.641291
    -0.112163    -3.641324
    -0.110488    -3.641355
    -0.108814    -3.641382
    -0.107140    -3.641406
    -0.105466    -3.641427
    -0.103792    -3.641444
    -0.102118    -3.641457
    -0.100444    -3.641467
    -0.098770    -3.641472
    -0.097096    -3.641474
    -0.095422    -3.641471
    -0.093748    -3.641464
    -0.092074    -3.641453
    -0.090400    -3.641437
    -0.088726    -3.641417
    -0.087052    -3.641392
    -0.085377    -3.641362
    -0.083703    -3.641327
    -0.082029    -3.641287
    -0.080355    -3.641241
    -0.078681    -3.641191
    -0.077007    -3.641135
    -0.075333    -3.641074
    -0.073659    -3.641007
    -0.071985    -3.640935
    -0.070311    -3.640857
    -0.068637    -3.640773
    -0.066963    -3.640683
    -0.065289    -3.640588
    -0.063615    -3.640486
    -0.061940    -3.640378
    -0.060266    -3.640264
    -0.058592    -3.640144
    -0.056918    -3.640017
    -0.055244    -3.639884
    -0.053570    -3.639744
    -0.051896    -3.639598
    -0.050222    -3.639445
    -0.048548    -3.639286
    -0.046874    -3.639119
    -0.045200    -3.638946
    -0.043526    -3.638766
    -0.041852    -3.638579
    -0.040178    -3.638385
    -0.038504    -3.638183
    -0.036829    -3.637975
    -0.035155    -3.637759
    -0.033481    -3.637537
    -0.031807    -3.637306
    -0.030133    -3.637069
    -0.028459    -3.636824
    -0.026785    -3.636571
    -0.025111    -3.636311
    -0.023437    -3.636044
    -0.021763    -3.635769
    -0.020089    -3.635486
    -0.018415    -3.635195
    -0.016741    -3.634897
    -0.015067    -3.634591
    -0.013393    -3.634277
    -0.011718    -3.633956
    -0.010044    -3.633626
    -0.008370    -3.633289
    -0.006696    -3.632943
    -0.005022    -3.632590
    -0.003348    -3.632229
    -0.001674    -3.631859
     0.000000    -3.631482
     0.002900    -3.632124
     0.005799    -3.632746
     0.008699    -3.633346
     0.011598    -3.633922
     0.014498    -3.634474
     0.017397    -3.635004
     0.020297    -3.635512
     0.023197    -3.635996
     0.026096    -3.636459
     0.028996    -3.636899
     0.031895    -3.637318
     0.034795    -3.637715
     0.037694    -3.638090
     0.040594    -3.638445
     0.043494    -3.638779
     0.046393    -3.639092
     0.049293    -3.639385
     0.052192    -3.639658
     0.055092    -3.639912
     0.057991    -3.640146
     0.060891    -3.640362
     0.063791    -3.640559
     0.066690    -3.640737
     0.069590    -3.640898
     0.072489    -3.641041
     0.075389    -3.641168
     0.078288    -3.641277
     0.081188    -3.641371
     0.084088    -3.641448
     0.086987    -3.641511
     0.089887    -3.641558
     0.092786    -3.641591
     0.095686    -3.641610
     0.098585    -3.641615
     0.101485    -3.641608
     0.104385    -3.641588
     0.107284    -3.641557
     0.110184    -3.641514
     0.113083    -3.641460
     0.115983    -3.641396
     0.118882    -3.641323
     0.121782    -3.641241
     0.124681    -3.641151
     0.127581    -3.641053
     0.130481    -3.640948
     0.133380    -3.640837
     0.136280    -3.640721
     0.139179    -3.640600
     0.142079    -3.640474
     0.144978    -3.640346
     0.147878    -3.640215
     0.150778    -3.640083
     0.153677    -3.639950
     0.156577    -3.639817
     0.159476    -3.639685
     0.162376    -3.639554
     0.165275    -3.639427
     0.168175    -3.639303
     0.171075    -3.639184
     0.173974    -3.639070
     0.176874    -3.638964
     0.179773    -3.638864
     0.182673    -3.638774
     0.185572    -3.638693
     0.188472    -3.638623
     0.191372    -3.638565
     0.194271    -3.638521
     0.197171    -3.638490
     0.200070    -3.638475
     0.202970    -3.638477
     0.205869    -3.638496
     0.208769    -3.638535
     0.211669    -3.638594
     0.214568    -3.638674
     0.217468    -3.638778
     0.220367    -3.638906
     0.223267    -3.639060
     0.226166    -3.639240
     0.229066    -3.639450
     0.231966    -3.639689
     0.234865    -3.639960
     0.237765    -3.640263
     0.240664    -3.640601
     0.243564    -3.640975
     0.246463    -3.641386
     0.249363    -3.641836
     0.252263    -3.642327
     0.255162    -3.642859
     0.258062    -3.643436
     0.260961    -3.644058
     0.263861    -3.644727
     0.266760    -3.645446
     0.269660    -3.646214
     0.272560    -3.647035
     0.275459    -3.647910
     0.278359    -3.648841
     0.281258    -3.649829
     0.284158    -3.650877
     0.287057    -3.651987
     0.289957    -3.653159


    -0.167407    -3.553231
    -0.165733    -3.554361
    -0.164059    -3.555486
    -0.162385    -3.556605
    -0.160710    -3.557719
    -0.159036    -3.558828
    -0.157362    -3.559931
    -0.155688    -3.561029
    -0.154014    -3.562121
    -0.152340    -3.563208
    -0.150666    -3.564289
    -0.148992    -3.565364
    -0.147318    -3.566433
    -0.145644    -3.567496
    -0.143970    -3.568553
    -0.142296    -3.569604
    -0.140622    -3.570649
    -0.138948    -3.571687
    -0.137274    -3.572719
    -0.135599    -3.573745
    -0.133925    -3.574764
    -0.132251    -3.575777
    -0.130577    -3.576783
    -0.128903    -3.577782
    -0.127229    -3.578775
    -0.125555    -3.579760
    -0.123881    -3.580739
    -0.122207    -3.581711
    -0.120533    -3.582676
    -0.118859    -3.583634
    -0.117185    -3.584585
    -0.115511    -3.585529
    -0.113837    -3.586465
    -0.112163    -3.587394
    -0.110488    -3.588316
    -0.108814    -3.589231
    -0.107140    -3.590138
    -0.105466    -3.591038
    -0.103792    -3.591930
    -0.102118    -3.592815
    -0.100444    -3.593692
    -0.098770    -3.594561
    -0.097096    -3.595423
    -0.095422    -3.596277
    -0.093748    -3.597123
    -0.092074    -3.597962
    -0.090400    -3.598793
    -0.088726    -3.599615
    -0.087052    -3.600430
    -0.085377    -3.601237
    -0.083703    -3.602037
    -0.082029    -3.602828
    -0.080355    -3.603611
    -0.078681    -3.604386
    -0.077007    -3.605153
    -0.075333    -3.605912
    -0.073659    -3.606662
    -0.071985    -3.607405
    -0.070311    -3.608139
    -0.068637    -3.608865
    -0.066963    -3.609583
    -0.065289    -3.610293
    -0.063615    -3.610995
    -0.061940    -3.611688
    -0.060266    -3.612373
    -0.058592    -3.613049
    -0.056918    -3.613718
    -0.055244    -3.614378
    -0.053570    -3.615029
    -0.051896    -3.615673
    -0.050222    -3.616308
    -0.048548    -3.616934
    -0.046874    -3.617552
    -0.045200    -3.618162
    -0.043526    -3.618764
    -0.041852    -3.619357
    -0.040178    -3.619941
    -0.038504    -3.620518
    -0.036829    -3.621085
    -0.035155    -3.621645
    -0.033481    -3.622196
    -0.031807    -3.622739
    -0.030133    -3.623273
    -0.028459    -3.623799
    -0.026785    -3.624316
    -0.025111    -3.624825
    -0.023437    -3.625326
    -0.021763    -3.625818
    -0.020089    -3.626302
    -0.018415    -3.626778
    -0.016741    -3.627246
    -0.015067    -3.627705
    -0.013393    -3.628156
    -0.011718    -3.628598
    -0.010044    -3.629032
    -0.008370    -3.629459
    -0.006696    -3.629876
    -0.005022    -3.630286
    -0.003348    -3.630687
    -0.001674    -3.631081
     0.000000    -3.631465
     0.002900    -3.630801
     0.005799    -3.630107
     0.008699    -3.629390
     0.011598    -3.628648
     0.014498    -3.627882
     0.017397    -3.627091
     0.020297    -3.626276
     0.023197    -3.625436
     0.026096    -3.624572
     0.028996    -3.623683
     0.031895    -3.622769
     0.034795    -3.621830
     0.037694    -3.620866
     0.040594    -3.619877
     0.043494    -3.618864
     0.046393    -3.617825
     0.049293    -3.616761
     0.052192    -3.615672
     0.055092    -3.614558
     0.057991    -3.613420
     0.060891    -3.612256
     0.063791    -3.611068
     0.066690    -3.609854
     0.069590    -3.608616
     0.072489    -3.607354
     0.075389    -3.606066
     0.078288    -3.604755
     0.081188    -3.603419
     0.084088    -3.602059
     0.086987    -3.600675
     0.089887    -3.599267
     0.092786    -3.597836
     0.095686    -3.596381
     0.098585    -3.594903
     0.101485    -3.593401
     0.104385    -3.591877
     0.107284    -3.590331
     0.110184    -3.588762
     0.113083    -3.587172
     0.115983    -3.585559
     0.118882    -3.583926
     0.121782    -3.582271
     0.124681    -3.580596
     0.127581    -3.578900
     0.130481    -3.577185
     0.133380    -3.575450
     0.136280    -3.573696
     0.139179    -3.571924
     0.142079    -3.570134
     0.144978    -3.568326
     0.147878    -3.566500
     0.150778    -3.564659
     0.153677    -3.562801
     0.156577    -3.560928
     0.159476    -3.559040
     0.162376    -3.557138
     0.165275    -3.555223
     0.168175    -3.553295
     0.171075    -3.551354
     0.173974    -3.549403
     0.176874    -3.547441
     0.179773    -3.545468
     0.182673    -3.543488
     0.185572    -3.541498
     0.188472    -3.539502
     0.191372    -3.537500
     0.194271    -3.535492
     0.197171    -3.533480
     0.200070    -3.531465
     0.202970    -3.529448
     0.205869    -3.527430
     0.208769    -3.525412
     0.211669    -3.523395
     0.214568    -3.521381
     0.217468    -3.519372
     0.220367    -3.517368
     0.223267    -3.515370
     0.226166    -3.513382
     0.229066    -3.511403
     0.231966    -3.509437
     0.234865    -3.507484
     0.237765    -3.505546
     0.240664    -3.503626
     0.243564    -3.501725
     0.246463    -3.499846
     0.249363    -3.497990
     0.252263    -3.496161
     0.255162    -3.494360
     0.258062    -3.492591
     0.260961    -3.490856
     0.263861    -3.489159
     0.266760    -3.487502
     0.269660    -3.485889
     0.272560    -3.484323
     0.275459    -3.482809
     0.278359    -3.481350
     0.281258    -3.479951
     0.284158    -3.478617
     0.287057    -3.477353
     0.289957    -3.476165


    -0.167407    -2.354088
    -0.165733    -2.348998
    -0.164059    -2.344023
    -0.162385    -2.339162
    -0.160710    -2.334412
    -0.159036    -2.329770
    -0.157362    -2.325235
    -0.155688    -2.320803
    -0.154014    -2.316472
    -0.152340    -2.312239
    -0.150666    -2.308102
    -0.148992    -2.304058
    -0.147318    -2.300105
    -0.145644    -2.296240
    -0.143970    -2.292460
    -0.142296    -2.288763
    -0.140622    -2.285148
    -0.138948    -2.281611
    -0.137274    -2.278150
    -0.135599    -2.274763
    -0.133925    -2.271448
    -0.132251    -2.268202
    -0.130577    -2.265025
    -0.128903    -2.261914
    -0.127229    -2.258867
    -0.125555    -2.255883
    -0.123881    -2.252960
    -0.122207    -2.250096
    -0.120533    -2.247289
    -0.118859    -2.244539
    -0.117185    -2.241844
    -0.115511    -2.239203
    -0.113837    -2.236613
    -0.112163    -2.234075
    -0.110488    -2.231587
    -0.108814    -2.229148
    -0.107140    -2.226757
    -0.105466    -2.224413
    -0.103792    -2.222114
    -0.102118    -2.219861
    -0.100444    -2.217651
    -0.098770    -2.215486
    -0.097096    -2.213362
    -0.095422    -2.211281
    -0.093748    -2.209241
    -0.092074    -2.207241
    -0.090400    -2.205282
    -0.088726    -2.203362
    -0.087052    -2.201480
    -0.085377    -2.199637
    -0.083703    -2.197831
    -0.082029    -2.196063
    -0.080355    -2.194331
    -0.078681    -2.192636
    -0.077007    -2.190977
    -0.075333    -2.189353
    -0.073659    -2.187764
    -0.071985    -2.186210
    -0.070311    -2.184691
    -0.068637    -2.183205
    -0.066963    -2.181754
    -0.065289    -2.180336
    -0.063615    -2.178951
    -0.061940    -2.177599
    -0.060266    -2.176280
    -0.058592    -2.174993
    -0.056918    -2.173738
    -0.055244    -2.172516
    -0.053570    -2.171325
    -0.051896    -2.170166
    -0.050222    -2.169038
    -0.048548    -2.167941
    -0.046874    -2.166875
    -0.045200    -2.165840
    -0.043526    -2.164836
    -0.041852    -2.163862
    -0.040178    -2.162919
    -0.038504    -2.162005
    -0.036829    -2.161122
    -0.035155    -2.160269
    -0.033481    -2.159445
    -0.031807    -2.158652
    -0.030133    -2.157887
    -0.028459    -2.157152
    -0.026785    -2.156447
    -0.025111    -2.155770
    -0.023437    -2.155123
    -0.021763    -2.154505
    -0.020089    -2.153915
    -0.018415    -2.153354
    -0.016741    -2.152822
    -0.015067    -2.152319
    -0.013393    -2.151844
    -0.011718    -2.151398
    -0.010044    -2.150980
    -0.008370    -2.150590
    -0.006696    -2.150228
    -0.005022    -2.149895
    -0.003348    -2.149589
    -0.001674    -2.149312
     0.000000    -2.149070
     0.002900    -2.149517
     0.005799    -2.150055
     0.008699    -2.150678
     0.011598    -2.151387
     0.014498    -2.152182
     0.017397    -2.153064
     0.020297    -2.154033
     0.023197    -2.155090
     0.026096    -2.156234
     0.028996    -2.157467
     0.031895    -2.158788
     0.034795    -2.160199
     0.037694    -2.161699
     0.040594    -2.163290
     0.043494    -2.164971
     0.046393    -2.166744
     0.049293    -2.168608
     0.052192    -2.170565
     0.055092    -2.172614
     0.057991    -2.174757
     0.060891    -2.176994
     0.063791    -2.179325
     0.066690    -2.181752
     0.069590    -2.184276
     0.072489    -2.186895
     0.075389    -2.189613
     0.078288    -2.192428
     0.081188    -2.195343
     0.084088    -2.198357
     0.086987    -2.201473
     0.089887    -2.204689
     0.092786    -2.208009
     0.095686    -2.211432
     0.098585    -2.214960
     0.101485    -2.218593
     0.104385    -2.222334
     0.107284    -2.226182
     0.110184    -2.230141
     0.113083    -2.234210
     0.115983    -2.238392
     0.118882    -2.242688
     0.121782    -2.247100
     0.124681    -2.251630
     0.127581    -2.256280
     0.130481    -2.261053
     0.133380    -2.265950
     0.136280    -2.270976
     0.139179    -2.276133
     0.142079    -2.281425
     0.144978    -2.286856
     0.147878    -2.292431
     0.150778    -2.298154
     0.153677    -2.304032
     0.156577    -2.310072
     0.159476    -2.316281
     0.162376    -2.322668
     0.165275    -2.329244
     0.168175    -2.336021
     0.171075    -2.343013
     0.173974    -2.350234
     0.176874    -2.357703
     0.179773    -2.365440
     0.182673    -2.373468
     0.185572    -2.381809
     0.188472    -2.390491
     0.191372    -2.399539
     0.194271    -2.408979
     0.197171    -2.418835
     0.200070    -2.429127
     0.202970    -2.439869
     0.205869    -2.451067
     0.208769    -2.462721
     0.211669    -2.474821
     0.214568    -2.487351
     0.217468    -2.500289
     0.220367    -2.513607
     0.223267    -2.527276
     0.226166    -2.541265
     0.229066    -2.555543
     0.231966    -2.570080
     0.234865    -2.584847
     0.237765    -2.599817
     0.240664    -2.614965
     0.243564    -2.630268
     0.246463    -2.645706
     0.249363    -2.661259
     0.252263    -2.676910
     0.255162    -2.692642
     0.258062    -2.708441
     0.260961    -2.724292
     0.263861    -2.740184
     0.266760    -2.756105
     0.269660    -2.772044
     0.272560    -2.787989
     0.275459    -2.803933
     0.278359    -2.819864
     0.281258    -2.835775
     0.284158    -2.851656
     0.287057    -2.867499
     0.289957    -2.883295


    -0.167407    -2.283248
    -0.165733    -2.278910
    -0.164059    -2.274735
    -0.162385    -2.270716
    -0.160710    -2.266846
    -0.159036    -2.263118
    -0.157362    -2.259525
    -0.155688    -2.256061
    -0.154014    -2.252717
    -0.152340    -2.249488
    -0.150666    -2.246368
    -0.148992    -2.243350
    -0.147318    -2.240430
    -0.145644    -2.237601
    -0.143970    -2.234860
    -0.142296    -2.232200
    -0.140622    -2.229619
    -0.138948    -2.227111
    -0.137274    -2.224674
    -0.135599    -2.222304
    -0.133925    -2.219997
    -0.132251    -2.217750
    -0.130577    -2.215561
    -0.128903    -2.213428
    -0.127229    -2.211347
    -0.125555    -2.209317
    -0.123881    -2.207336
    -0.122207    -2.205402
    -0.120533    -2.203513
    -0.118859    -2.201667
    -0.117185    -2.199864
    -0.115511    -2.198101
    -0.113837    -2.196379
    -0.112163    -2.194694
    -0.110488    -2.193047
    -0.108814    -2.191437
    -0.107140    -2.189862
    -0.105466    -2.188323
    -0.103792    -2.186817
    -0.102118    -2.185345
    -0.100444    -2.183905
    -0.098770    -2.182498
    -0.097096    -2.181122
    -0.095422    -2.179778
    -0.093748    -2.178464
    -0.092074    -2.177181
    -0.090400    -2.175928
    -0.088726    -2.174704
    -0.087052    -2.173510
    -0.085377    -2.172345
    -0.083703    -2.171208
    -0.082029    -2.170100
    -0.080355    -2.169020
    -0.078681    -2.167969
    -0.077007    -2.166945
    -0.075333    -2.165949
    -0.073659    -2.164981
    -0.071985    -2.164040
    -0.070311    -2.163127
    -0.068637    -2.162240
    -0.066963    -2.161381
    -0.065289    -2.160549
    -0.063615    -2.159745
    -0.061940    -2.158967
    -0.060266    -2.158216
    -0.058592    -2.157491
    -0.056918    -2.156794
    -0.055244    -2.156123
    -0.053570    -2.155479
    -0.051896    -2.154862
    -0.050222    -2.154272
    -0.048548    -2.153708
    -0.046874    -2.153171
    -0.045200    -2.152660
    -0.043526    -2.152177
    -0.041852    -2.151720
    -0.040178    -2.151289
    -0.038504    -2.150886
    -0.036829    -2.150509
    -0.035155    -2.150159
    -0.033481    -2.149836
    -0.031807    -2.149540
    -0.030133    -2.149270
    -0.028459    -2.149028
    -0.026785    -2.148812
    -0.025111    -2.148623
    -0.023437    -2.148462
    -0.021763    -2.148327
    -0.020089    -2.148220
    -0.018415    -2.148139
    -0.016741    -2.148086
    -0.015067    -2.148060
    -0.013393    -2.148062
    -0.011718    -2.148090
    -0.010044    -2.148146
    -0.008370    -2.148230
    -0.006696    -2.148341
    -0.005022    -2.148480
    -0.003348    -2.148646
    -0.001674    -2.148840
     0.000000    -2.149053
     0.002900    -2.148691
     0.005799    -2.148408
     0.008699    -2.148209
     0.011598    -2.148094
     0.014498    -2.148062
     0.017397    -2.148114
     0.020297    -2.148248
     0.023197    -2.148464
     0.026096    -2.148763
     0.028996    -2.149144
     0.031895    -2.149606
     0.034795    -2.150150
     0.037694    -2.150775
     0.040594    -2.151481
     0.043494    -2.152268
     0.046393    -2.153135
     0.049293    -2.154083
     0.052192    -2.155111
     0.055092    -2.156219
     0.057991    -2.157408
     0.060891    -2.158676
     0.063791    -2.160025
     0.066690    -2.161454
     0.069590    -2.162963
     0.072489    -2.164553
     0.075389    -2.166223
     0.078288    -2.167974
     0.081188    -2.169807
     0.084088    -2.171722
     0.086987    -2.173719
     0.089887    -2.175799
     0.092786    -2.177964
     0.095686    -2.180214
     0.098585    -2.182551
     0.101485    -2.184975
     0.104385    -2.187489
     0.107284    -2.190094
     0.110184    -2.192793
     0.113083    -2.195587
     0.115983    -2.198481
     0.118882    -2.201478
     0.121782    -2.204580
     0.124681    -2.207793
     0.127581    -2.211122
     0.130481    -2.214571
     0.133380    -2.218148
     0.136280    -2.221859
     0.139179    -2.225712
     0.142079    -2.229718
     0.144978    -2.233884
     0.147878    -2.238224
     0.150778    -2.242749
     0.153677    -2.247473
     0.156577    -2.252411
     0.159476    -2.257577
     0.162376    -2.262990
     0.165275    -2.268664
     0.168175    -2.274617
     0.171075    -2.280862
     0.173974    -2.287413
     0.176874    -2.294279
     0.179773    -2.301464
     0.182673    -2.308967
     0.185572    -2.316777
     0.188472    -2.324879
     0.191372    -2.333249
     0.194271    -2.341857
     0.197171    -2.350668
     0.200070    -2.359647
     0.202970    -2.368759
     0.205869    -2.377976
     0.208769    -2.387276
     0.211669    -2.396650
     0.214568    -2.406102
     0.217468    -2.415653
     0.220367    -2.425349
     0.223267    -2.435270
     0.226166    -2.445555
     0.229066    -2.456419
     0.231966    -2.468144
     0.234865    -2.480959
     0.237765    -2.494858
     0.240664    -2.509611
     0.243564    -2.524942
     0.246463    -2.540645
     0.249363    -2.556589
     0.252263    -2.572692
     0.255162    -2.588905
     0.258062    -2.605193
     0.260961    -2.621534
     0.263861    -2.637912
     0.266760    -2.654316
     0.269660    -2.670735
     0.272560    -2.687162
     0.275459    -2.703590
     0.278359    -2.720013
     0.281258    -2.736427
     0.284158    -2.752826
     0.287057    -2.769206
     0.289957    -2.785563


    -0.167407    -2.084647
    -0.165733    -2.077834
    -0.164059    -2.070906
    -0.162385    -2.063873
    -0.160710    -2.056743
    -0.159036    -2.049525
    -0.157362    -2.042228
    -0.155688    -2.034861
    -0.154014    -2.027430
    -0.152340    -2.019945
    -0.150666    -2.012414
    -0.148992    -2.004843
    -0.147318    -1.997240
    -0.145644    -1.989612
    -0.143970    -1.981966
    -0.142296    -1.974307
    -0.140622    -1.966641
    -0.138948    -1.958974
    -0.137274    -1.951312
    -0.135599    -1.943659
    -0.133925    -1.936020
    -0.132251    -1.928400
    -0.130577    -1.920802
    -0.128903    -1.913231
    -0.127229    -1.905690
    -0.125555    -1.898183
    -0.123881    -1.890714
    -0.122207    -1.883285
    -0.120533    -1.875900
    -0.118859    -1.868561
    -0.117185    -1.861271
    -0.115511    -1.854033
    -0.113837    -1.846849
    -0.112163    -1.839721
    -0.110488    -1.832652
    -0.108814    -1.825644
    -0.107140    -1.818698
    -0.105466    -1.811816
    -0.103792    -1.805001
    -0.102118    -1.798254
    -0.100444    -1.791588
    -0.098770    -1.785329
    -0.097096    -1.779198
    -0.095422    -1.773123
    -0.093748    -1.767103
    -0.092074    -1.761139
    -0.090400    -1.755233
    -0.088726    -1.749385
    -0.087052    -1.743596
    -0.085377    -1.737868
    -0.083703    -1.732201
    -0.082029    -1.726596
    -0.080355    -1.721053
    -0.078681    -1.715575
    -0.077007    -1.710161
    -0.075333    -1.704813
    -0.073659    -1.699531
    -0.071985    -1.694316
    -0.070311    -1.689168
    -0.068637    -1.684089
    -0.066963    -1.679080
    -0.065289    -1.674140
    -0.063615    -1.669272
    -0.061940    -1.664475
    -0.060266    -1.659750
    -0.058592    -1.655099
    -0.056918    -1.650522
    -0.055244    -1.646021
    -0.053570    -1.641595
    -0.051896    -1.637247
    -0.050222    -1.632977
    -0.048548    -1.628787
    -0.046874    -1.624678
    -0.045200    -1.620650
    -0.043526    -1.616707
    -0.041852    -1.612848
    -0.040178    -1.609078
    -0.038504    -1.605396
    -0.036829    -1.601806
    -0.035155    -1.598309
    -0.033481    -1.594910
    -0.031807    -1.591610
    -0.030133    -1.588414
    -0.028459    -1.585324
    -0.026785    -1.582346
    -0.025111    -1.579483
    -0.023437    -1.576742
    -0.021763    -1.574128
    -0.020089    -1.571648
    -0.018415    -1.569308
    -0.016741    -1.567116
    -0.015067    -1.565081
    -0.013393    -1.563211
    -0.011718    -1.561516
    -0.010044    -1.560005
    -0.008370    -1.558687
    -0.006696    -1.557572
    -0.005022    -1.556668
    -0.003348    -1.555982
    -0.001674    -1.555520
     0.000000    -1.555289
     0.002900    -1.555835
     0.005799    -1.557054
     0.008699    -1.558912
     0.011598    -1.561368
     0.014498    -1.564376
     0.017397    -1.567888
     0.020297    -1.571859
     0.023197    -1.576249
     0.026096    -1.581024
     0.028996    -1.586154
     0.031895    -1.591615
     0.034795    -1.597388
     0.037694    -1.603455
     0.040594    -1.609803
     0.043494    -1.616421
     0.046393    -1.623299
     0.049293    -1.630430
     0.052192    -1.637806
     0.055092    -1.645422
     0.057991    -1.653274
     0.060891    -1.661357
     0.063791    -1.669667
     0.066690    -1.678201
     0.069590    -1.686956
     0.072489    -1.695931
     0.075389    -1.705123
     0.078288    -1.714529
     0.081188    -1.724150
     0.084088    -1.733983
     0.086987    -1.744028
     0.089887    -1.754286
     0.092786    -1.764756
     0.095686    -1.775441
     0.098585    -1.786344
     0.101485    -1.797466
     0.104385    -1.808813
     0.107284    -1.820386
     0.110184    -1.832189
     0.113083    -1.844220
     0.115983    -1.856477
     0.118882    -1.868953
     0.121782    -1.881641
     0.124681    -1.894531
     0.127581    -1.907613
     0.130481    -1.920877
     0.133380    -1.934313
     0.136280    -1.947911
     0.139179    -1.961663
     0.142079    -1.975560
     0.144978    -1.989593
     0.147878    -2.003754
     0.150778    -2.018038
     0.153677    -2.032437
     0.156577    -2.046946
     0.159476    -2.061559
     0.162376    -2.076272
     0.165275    -2.091081
     0.168175    -2.105981
     0.171075    -2.120970
     0.173974    -2.136045
     0.176874    -2.151203
     0.179773    -2.166440
     0.182673    -2.181755
     0.185572    -2.197144
     0.188472    -2.212603
     0.191372    -2.228130
     0.194271    -2.243719
     0.197171    -2.259366
     0.200070    -2.275064
     0.202970    -2.290806
     0.205869    -2.306583
     0.208769    -2.322382
     0.211669    -2.338186
     0.214568    -2.353973
     0.217468    -2.369709
     0.220367    -2.385340
     0.223267    -2.400784
     0.226166    -2.415902
     0.229066    -2.430483
     0.231966    -2.444247
     0.234865    -2.456969
     0.237765    -2.468659
     0.240664    -2.479552
     0.243564    -2.489925
     0.246463    -2.499987
     0.249363    -2.509872
     0.252263    -2.519663
     0.255162    -2.529409
     0.258062    -2.539145
     0.260961    -2.548893
     0.263861    -2.558668
     0.266760    -2.568480
     0.269660    -2.578339
     0.272560    -2.588249
     0.275459    -2.598216
     0.278359    -2.608242
     0.281258    -2.618329
     0.284158    -2.628481
     0.287057    -2.638697
     0.289957    -2.648979


    -0.167407    -2.059469
    -0.165733    -2.052992
    -0.164059    -2.046462
    -0.162385    -2.039881
    -0.160710    -2.033254
    -0.159036    -2.026583
    -0.157362    -2.019873
    -0.155688    -2.013127
    -0.154014    -2.006349
    -0.152340    -1.999542
    -0.150666    -1.992711
    -0.148992    -1.985857
    -0.147318    -1.978986
    -0.145644    -1.972101
    -0.143970    -1.965205
    -0.142296    -1.958301
    -0.140622    -1.951393
    -0.138948    -1.944484
    -0.137274    -1.937578
    -0.135599    -1.930677
    -0.133925    -1.923784
    -0.132251    -1.916903
    -0.130577    -1.910036
    -0.128903    -1.903185
    -0.127229    -1.896354
    -0.125555    -1.889545
    -0.123881    -1.882760
    -0.122207    -1.876002
    -0.120533    -1.869273
    -0.118859    -1.862576
    -0.117185    -1.855912
    -0.115511    -1.849283
    -0.113837    -1.842691
    -0.112163    -1.836138
    -0.110488    -1.829626
    -0.108814    -1.823157
    -0.107140    -1.816732
    -0.105466    -1.810353
    -0.103792    -1.804021
    -0.102118    -1.797737
    -0.100444    -1.791490
    -0.098770    -1.784959
    -0.097096    -1.778424
    -0.095422    -1.771961
    -0.093748    -1.765571
    -0.092074    -1.759257
    -0.090400    -1.753019
    -0.088726    -1.746859
    -0.087052    -1.740776
    -0.085377    -1.734773
    -0.083703    -1.728849
    -0.082029    -1.723006
    -0.080355    -1.717244
    -0.078681    -1.711564
    -0.077007    -1.705966
    -0.075333    -1.700450
    -0.073659    -1.695019
    -0.071985    -1.689671
    -0.070311    -1.684407
    -0.068637    -1.679228
    -0.066963    -1.674134
    -0.065289    -1.669125
    -0.063615    -1.664202
    -0.061940    -1.659366
    -0.060266    -1.654616
    -0.058592    -1.649953
    -0.056918    -1.645378
    -0.055244    -1.640891
    -0.053570    -1.636492
    -0.051896    -1.632182
    -0.050222    -1.627962
    -0.048548    -1.623833
    -0.046874    -1.619795
    -0.045200    -1.615849
    -0.043526    -1.611997
    -0.041852    -1.608239
    -0.040178    -1.604577
    -0.038504    -1.601013
    -0.036829    -1.597548
    -0.035155    -1.594185
    -0.033481    -1.590926
    -0.031807    -1.587773
    -0.030133    -1.584730
    -0.028459    -1.581800
    -0.026785    -1.578987
    -0.025111    -1.576297
    -0.023437    -1.573733
    -0.021763    -1.571302
    -0.020089    -1.569009
    -0.018415    -1.566863
    -0.016741    -1.564870
    -0.015067    -1.563040
    -0.013393    -1.561380
    -0.011718    -1.559900
    -0.010044    -1.558608
    -0.008370    -1.557516
    -0.006696    -1.556630
    -0.005022    -1.555958
    -0.003348    -1.555508
    -0.001674    -1.555284
     0.000000    -1.555284
     0.002900    -1.555418
     0.005799    -1.556224
     0.008699    -1.557679
     0.011598    -1.559745
     0.014498    -1.562378
     0.017397    -1.565529
     0.020297    -1.569153
     0.023197    -1.573210
     0.026096    -1.577664
     0.028996    -1.582487
     0.031895    -1.587655
     0.034795    -1.593147
     0.037694    -1.598950
     0.040594    -1.605049
     0.043494    -1.611435
     0.046393    -1.618100
     0.049293    -1.625038
     0.052192    -1.632243
     0.055092    -1.639712
     0.057991    -1.647441
     0.060891    -1.655427
     0.063791    -1.663666
     0.066690    -1.672158
     0.069590    -1.680899
     0.072489    -1.689887
     0.075389    -1.699118
     0.078288    -1.708590
     0.081188    -1.718300
     0.084088    -1.728242
     0.086987    -1.738411
     0.089887    -1.748802
     0.092786    -1.759407
     0.095686    -1.770217
     0.098585    -1.781222
     0.101485    -1.792411
     0.104385    -1.803772
     0.107284    -1.815290
     0.110184    -1.826954
     0.113083    -1.838753
     0.115983    -1.850678
     0.118882    -1.862721
     0.121782    -1.874876
     0.124681    -1.887138
     0.127581    -1.899500
     0.130481    -1.911955
     0.133380    -1.924494
     0.136280    -1.937107
     0.139179    -1.949781
     0.142079    -1.962502
     0.144978    -1.975252
     0.147878    -1.988014
     0.150778    -2.000765
     0.153677    -2.013481
     0.156577    -2.026136
     0.159476    -2.038701
     0.162376    -2.051143
     0.165275    -2.063429
     0.168175    -2.075524
     0.171075    -2.087391
     0.173974    -2.098995
     0.176874    -2.110300
     0.179773    -2.121274
     0.182673    -2.131890
     0.185572    -2.142124
     0.188472    -2.151961
     0.191372    -2.161391
     0.194271    -2.170413
     0.197171    -2.179034
     0.200070    -2.187266
     0.202970    -2.195127
     0.205869    -2.202639
     0.208769    -2.209828
     0.211669    -2.216720
     0.214568    -2.223341
     0.217468    -2.229719
     0.220367    -2.235879
     0.223267    -2.241845
     0.226166    -2.247641
     0.229066    -2.253285
     0.231966    -2.258798
     0.234865    -2.264197
     0.237765    -2.269498
     0.240664    -2.274714
     0.243564    -2.279858
     0.246463    -2.284943
     0.249363    -2.289978
     0.252263    -2.294974
     0.255162    -2.299939
     0.258062    -2.304882
     0.260961    -2.309811
     0.263861    -2.314732
     0.266760    -2.319652
     0.269660    -2.324578
     0.272560    -2.329516
     0.275459    -2.334472
     0.278359    -2.339451
     0.281258    -2.344458
     0.284158    -2.349500
     0.287057    -2.354580
     0.289957    -2.359705


    -0.167407    -1.586786
    -0.165733    -1.583625
    -0.164059    -1.580493
    -0.162385    -1.577388
    -0.160710    -1.574312
    -0.159036    -1.571266
    -0.157362    -1.568250
    -0.155688    -1.565265
    -0.154014    -1.562312
    -0.152340    -1.559393
    -0.150666    -1.556507
    -0.148992    -1.553655
    -0.147318    -1.550839
    -0.145644    -1.548058
    -0.143970    -1.545315
    -0.142296    -1.542609
    -0.140622    -1.539941
    -0.138948    -1.537313
    -0.137274    -1.534725
    -0.135599    -1.532178
    -0.133925    -1.529672
    -0.132251    -1.527209
    -0.130577    -1.524789
    -0.128903    -1.522412
    -0.127229    -1.520080
    -0.125555    -1.517794
    -0.123881    -1.515553
    -0.122207    -1.513360
    -0.120533    -1.511213
    -0.118859    -1.509115
    -0.117185    -1.507066
    -0.115511    -1.505066
    -0.113837    -1.503116
    -0.112163    -1.501217
    -0.110488    -1.499368
    -0.108814    -1.497572
    -0.107140    -1.495828
    -0.105466    -1.494137
    -0.103792    -1.492499
    -0.102118    -1.490915
    -0.100444    -1.489385
    -0.098770    -1.487910
    -0.097096    -1.486490
    -0.095422    -1.485126
    -0.093748    -1.483818
    -0.092074    -1.482566
    -0.090400    -1.481370
    -0.088726    -1.480231
    -0.087052    -1.479150
    -0.085377    -1.478126
    -0.083703    -1.477159
    -0.082029    -1.476250
    -0.080355    -1.475399
    -0.078681    -1.474606
    -0.077007    -1.473871
    -0.075333    -1.473194
    -0.073659    -1.472575
    -0.071985    -1.472014
    -0.070311    -1.471511
    -0.068637    -1.471066
    -0.066963    -1.470679
    -0.065289    -1.470350
    -0.063615    -1.470078
    -0.061940    -1.469863
    -0.060266    -1.469704
    -0.058592    -1.469602
    -0.056918    -1.469556
    -0.055244    -1.469564
    -0.053570    -1.469628
    -0.051896    -1.469745
    -0.050222    -1.469915
    -0.048548    -1.470138
    -0.046874    -1.470411
    -0.045200    -1.470735
    -0.043526    -1.471107
    -0.041852    -1.471526
    -0.040178    -1.471990
    -0.038504    -1.472498
    -0.036829    -1.473048
    -0.035155    -1.473636
    -0.033481    -1.474261
    -0.031807    -1.474918
    -0.030133    -1.475605
    -0.028459    -1.476317
    -0.026785    -1.477049
    -0.025111    -1.477795
    -0.023437    -1.478549
    -0.021763    -1.479305
    -0.020089    -1.480056
    -0.018415    -1.480794
    -0.016741    -1.481511
    -0.015067    -1.482200
    -0.013393    -1.482851
    -0.011718    -1.483454
    -0.010044    -1.484002
    -0.008370    -1.484483
    -0.006696    -1.484891
    -0.005022    -1.485216
    -0.003348    -1.485452
    -0.001674    -1.485594
     0.000000    -1.485640
     0.002900    -1.485492
     0.005799    -1.485069
     0.008699    -1.484397
     0.011598    -1.483518
     0.014498    -1.482479
     0.017397    -1.481329
     0.020297    -1.480114
     0.023197    -1.478876
     0.026096    -1.477649
     0.028996    -1.476464
     0.031895    -1.475348
     0.034795    -1.474319
     0.037694    -1.473397
     0.040594    -1.472594
     0.043494    -1.471923
     0.046393    -1.471394
     0.049293    -1.471013
     0.052192    -1.470788
     0.055092    -1.470724
     0.057991    -1.470824
     0.060891    -1.471092
     0.063791    -1.471531
     0.066690    -1.472142
     0.069590    -1.472928
     0.072489    -1.473888
     0.075389    -1.475024
     0.078288    -1.476335
     0.081188    -1.477821
     0.084088    -1.479481
     0.086987    -1.481316
     0.089887    -1.483322
     0.092786    -1.485499
     0.095686    -1.487845
     0.098585    -1.490358
     0.101485    -1.493036
     0.104385    -1.495876
     0.107284    -1.498876
     0.110184    -1.502033
     0.113083    -1.505344
     0.115983    -1.508806
     0.118882    -1.512416
     0.121782    -1.516170
     0.124681    -1.520066
     0.127581    -1.524099
     0.130481    -1.528267
     0.133380    -1.532566
     0.136280    -1.536992
     0.139179    -1.541542
     0.142079    -1.546214
     0.144978    -1.551002
     0.147878    -1.555906
     0.150778    -1.560920
     0.153677    -1.566043
     0.156577    -1.571272
     0.159476    -1.576604
     0.162376    -1.582036
     0.165275    -1.587567
     0.168175    -1.593194
     0.171075    -1.598916
     0.173974    -1.604732
     0.176874    -1.610639
     0.179773    -1.616637
     0.182673    -1.622726
     0.185572    -1.628905
     0.188472    -1.635173
     0.191372    -1.641531
     0.194271    -1.647980
     0.197171    -1.654520
     0.200070    -1.661152
     0.202970    -1.667877
     0.205869    -1.674696
     0.208769    -1.681612
     0.211669    -1.688625
     0.214568    -1.695736
     0.217468    -1.702947
     0.220367    -1.710259
     0.223267    -1.717672
     0.226166    -1.725186
     0.229066    -1.732800
     0.231966    -1.740513
     0.234865    -1.748323
     0.237765    -1.756227
     0.240664    -1.764220
     0.243564    -1.772299
     0.246463    -1.780456
     0.249363    -1.788687
     0.252263    -1.796984
     0.255162    -1.805339
     0.258062    -1.813745
     0.260961    -1.822193
     0.263861    -1.830674
     0.266760    -1.839178
     0.269660    -1.847698
     0.272560    -1.856223
     0.275459    -1.864745
     0.278359    -1.873254
     0.281258    -1.881740
     0.284158    -1.890195
     0.287057    -1.898609
     0.289957    -1.906974


    -0.167407    -1.558493
    -0.165733    -1.555550
    -0.164059    -1.552651
    -0.162385    -1.549797
    -0.160710    -1.546988
    -0.159036    -1.544224
    -0.157362    -1.541505
    -0.155688    -1.538833
    -0.154014    -1.536208
    -0.152340    -1.533630
    -0.150666    -1.531098
    -0.148992    -1.528615
    -0.147318    -1.526179
    -0.145644    -1.523791
    -0.143970    -1.521452
    -0.142296    -1.519161
    -0.140622    -1.516919
    -0.138948    -1.514726
    -0.137274    -1.512582
    -0.135599    -1.510487
    -0.133925    -1.508441
    -0.132251    -1.506445
    -0.130577    -1.504498
    -0.128903    -1.502601
    -0.127229    -1.500753
    -0.125555    -1.498955
    -0.123881    -1.497207
    -0.122207    -1.495508
    -0.120533    -1.493859
    -0.118859    -1.492260
    -0.117185    -1.490710
    -0.115511    -1.489210
    -0.113837    -1.487760
    -0.112163    -1.486359
    -0.110488    -1.485008
    -0.108814    -1.483707
    -0.107140    -1.482455
    -0.105466    -1.481252
    -0.103792    -1.480098
    -0.102118    -1.478994
    -0.100444    -1.477939
    -0.098770    -1.476933
    -0.097096    -1.475976
    -0.095422    -1.475068
    -0.093748    -1.474209
    -0.092074    -1.473399
    -0.090400    -1.472637
    -0.088726    -1.471924
    -0.087052    -1.471259
    -0.085377    -1.470642
    -0.083703    -1.470074
    -0.082029    -1.469553
    -0.080355    -1.469081
    -0.078681    -1.468656
    -0.077007    -1.468279
    -0.075333    -1.467949
    -0.073659    -1.467666
    -0.071985    -1.467430
    -0.070311    -1.467240
    -0.068637    -1.467098
    -0.066963    -1.467001
    -0.065289    -1.466950
    -0.063615    -1.466945
    -0.061940    -1.466984
    -0.060266    -1.467069
    -0.058592    -1.467198
    -0.056918    -1.467370
    -0.055244    -1.467586
    -0.053570    -1.467844
    -0.051896    -1.468144
    -0.050222    -1.468486
    -0.048548    -1.468867
    -0.046874    -1.469288
    -0.045200    -1.469746
    -0.043526    -1.470242
    -0.041852    -1.470773
    -0.040178    -1.471338
    -0.038504    -1.471935
    -0.036829    -1.472562
    -0.035155    -1.473217
    -0.033481    -1.473897
    -0.031807    -1.474600
    -0.030133    -1.475323
    -0.028459    -1.476063
    -0.026785    -1.476816
    -0.025111    -1.477578
    -0.023437    -1.478346
    -0.021763    -1.479114
    -0.020089    -1.479876
    -0.018415    -1.480625
    -0.016741    -1.481354
    -0.015067    -1.482055
    -0.013393    -1.482718
    -0.011718    -1.483335
    -0.010044    -1.483896
    -0.008370    -1.484391
    -0.006696    -1.484812
    -0.005022    -1.485150
    -0.003348    -1.485398
    -0.001674    -1.485551
     0.000000    -1.485605
     0.002900    -1.485462
     0.005799    -1.485030
     0.008699    -1.484336
     0.011598    -1.483418
     0.014498    -1.482323
     0.017397    -1.481097
     0.020297    -1.479785
     0.023197    -1.478426
     0.026096    -1.477055
     0.028996    -1.475701
     0.031895    -1.474387
     0.034795    -1.473133
     0.037694    -1.471954
     0.040594    -1.470863
     0.043494    -1.469869
     0.046393    -1.468982
     0.049293    -1.468208
     0.052192    -1.467551
     0.055092    -1.467017
     0.057991    -1.466609
     0.060891    -1.466330
     0.063791    -1.466183
     0.066690    -1.466168
     0.069590    -1.466289
     0.072489    -1.466545
     0.075389    -1.466939
     0.078288    -1.467471
     0.081188    -1.468142
     0.084088    -1.468952
     0.086987    -1.469902
     0.089887    -1.470992
     0.092786    -1.472223
     0.095686    -1.473595
     0.098585    -1.475109
     0.101485    -1.476763
     0.104385    -1.478559
     0.107284    -1.480497
     0.110184    -1.482577
     0.113083    -1.484799
     0.115983    -1.487163
     0.118882    -1.489670
     0.121782    -1.492320
     0.124681    -1.495112
     0.127581    -1.498048
     0.130481    -1.501127
     0.133380    -1.504350
     0.136280    -1.507717
     0.139179    -1.511228
     0.142079    -1.514883
     0.144978    -1.518683
     0.147878    -1.522628
     0.150778    -1.526717
     0.153677    -1.530952
     0.156577    -1.535331
     0.159476    -1.539855
     0.162376    -1.544523
     0.165275    -1.549334
     0.168175    -1.554288
     0.171075    -1.559384
     0.173974    -1.564621
     0.176874    -1.569995
     0.179773    -1.575506
     0.182673    -1.581150
     0.185572    -1.586925
     0.188472    -1.592826
     0.191372    -1.598849
     0.194271    -1.604990
     0.197171    -1.611241
     0.200070    -1.617599
     0.202970    -1.624054
     0.205869    -1.630600
     0.208769    -1.637230
     0.211669    -1.643933
     0.214568    -1.650702
     0.217468    -1.657528
     0.220367    -1.664400
     0.223267    -1.671311
     0.226166    -1.678251
     0.229066    -1.685211
     0.231966    -1.692183
     0.234865    -1.699160
     0.237765    -1.706134
     0.240664    -1.713099
     0.243564    -1.720050
     0.246463    -1.726981
     0.249363    -1.733888
     0.252263    -1.740768
     0.255162    -1.747618
     0.258062    -1.754435
     0.260961    -1.761216
     0.263861    -1.767960
     0.266760    -1.774666
     0.269660    -1.781332
     0.272560    -1.787956
     0.275459    -1.794538
     0.278359    -1.801076
     0.281258    -1.807570
     0.284158    -1.814018
     0.287057    -1.820419
     0.289957    -1.826772


    -0.167407    -1.209794
    -0.165733    -1.204812
    -0.164059    -1.199778
    -0.162385    -1.194691
    -0.160710    -1.189551
    -0.159036    -1.184358
    -0.157362    -1.179114
    -0.155688    -1.174106
    -0.154014    -1.169632
    -0.152340    -1.165115
    -0.150666    -1.160552
    -0.148992    -1.155943
    -0.147318    -1.151286
    -0.145644    -1.146580
    -0.143970    -1.141824
    -0.142296    -1.137019
    -0.140622    -1.132162
    -0.138948    -1.127254
    -0.137274    -1.122294
    -0.135599    -1.117280
    -0.133925    -1.112212
    -0.132251    -1.107090
    -0.130577    -1.101914
    -0.128903    -1.096681
    -0.127229    -1.091393
    -0.125555    -1.086048
    -0.123881    -1.080647
    -0.122207    -1.075189
    -0.120533    -1.069673
    -0.118859    -1.064100
    -0.117185    -1.058470
    -0.115511    -1.052782
    -0.113837    -1.047037
    -0.112163    -1.041234
    -0.110488    -1.035375
    -0.108814    -1.029459
    -0.107140    -1.023486
    -0.105466    -1.017458
    -0.103792    -1.011375
    -0.102118    -1.005238
    -0.100444    -0.999047
    -0.098770    -0.992804
    -0.097096    -0.986509
    -0.095422    -0.980165
    -0.093748    -0.973771
    -0.092074    -0.967330
    -0.090400    -0.960844
    -0.088726    -0.954314
    -0.087052    -0.947742
    -0.085377    -0.941130
    -0.083703    -0.934481
    -0.082029    -0.927796
    -0.080355    -0.921079
    -0.078681    -0.914332
    -0.077007    -0.907559
    -0.075333    -0.900761
    -0.073659    -0.893944
    -0.071985    -0.887111
    -0.070311    -0.880264
    -0.068637    -0.873410
    -0.066963    -0.866551
    -0.065289    -0.859692
    -0.063615    -0.852840
    -0.061940    -0.845997
    -0.060266    -0.839171
    -0.058592    -0.832368
    -0.056918    -0.825592
    -0.055244    -0.818852
    -0.053570    -0.812153
    -0.051896    -0.805504
    -0.050222    -0.798912
    -0.048548    -0.792386
    -0.046874    -0.785933
    -0.045200    -0.779563
    -0.043526    -0.773287
    -0.041852    -0.767112
    -0.040178    -0.761051
    -0.038504    -0.755114
    -0.036829    -0.749312
    -0.035155    -0.743657
    -0.033481    -0.738162
    -0.031807    -0.732837
    -0.030133    -0.727696
    -0.028459    -0.722752
    -0.026785    -0.718017
    -0.025111    -0.713503
    -0.023437    -0.709224
    -0.021763    -0.705190
    -0.020089    -0.701414
    -0.018415    -0.697906
    -0.016741    -0.694677
    -0.015067    -0.691735
    -0.013393    -0.689089
    -0.011718    -0.686745
    -0.010044    -0.684709
    -0.008370    -0.682985
    -0.006696    -0.681576
    -0.005022    -0.680483
    -0.003348    -0.679704
    -0.001674    -0.679235
     0.000000    -0.679075
     0.002900    -0.679540
     0.005799    -0.680943
     0.008699    -0.683293
     0.011598    -0.686584
     0.014498    -0.690797
     0.017397    -0.695904
     0.020297    -0.701862
     0.023197    -0.708622
     0.026096    -0.716124
     0.028996    -0.724307
     0.031895    -0.733106
     0.034795    -0.742455
     0.037694    -0.752290
     0.040594    -0.762550
     0.043494    -0.773175
     0.046393    -0.784111
     0.049293    -0.795308
     0.052192    -0.806720
     0.055092    -0.818303
     0.057991    -0.830022
     0.060891    -0.841840
     0.063791    -0.853727
     0.066690    -0.865656
     0.069590    -0.877602
     0.072489    -0.889544
     0.075389    -0.901463
     0.078288    -0.913342
     0.081188    -0.925168
     0.084088    -0.936929
     0.086987    -0.948616
     0.089887    -0.960222
     0.092786    -0.971741
     0.095686    -0.983171
     0.098585    -0.994513
     0.101485    -1.005768
     0.104385    -1.016941
     0.107284    -1.028042
     0.110184    -1.039080
     0.113083    -1.050070
     0.115983    -1.061030
     0.118882    -1.071977
     0.121782    -1.082930
     0.124681    -1.093906
     0.127581    -1.104918
     0.130481    -1.115973
     0.133380    -1.127070
     0.136280    -1.138202
     0.139179    -1.149358
     0.142079    -1.160524
     0.144978    -1.171682
     0.147878    -1.182817
     0.150778    -1.193915
     0.153677    -1.204960
     0.156577    -1.215941
     0.159476    -1.226845
     0.162376    -1.237663
     0.165275    -1.248385
     0.168175    -1.259003
     0.171075    -1.269510
     0.173974    -1.279899
     0.176874    -1.290164
     0.179773    -1.300299
     0.182673    -1.310300
     0.185572    -1.320163
     0.188472    -1.329884
     0.191372    -1.339460
     0.194271    -1.348889
     0.197171    -1.358168
     0.200070    -1.367296
     0.202970    -1.376274
     0.205869    -1.385099
     0.208769    -1.393773
     0.211669    -1.402297
     0.214568    -1.410671
     0.217468    -1.418898
     0.220367    -1.426979
     0.223267    -1.434917
     0.226166    -1.442715
     0.229066    -1.450375
     0.231966    -1.457901
     0.234865    -1.465297
     0.237765    -1.472566
     0.240664    -1.479711
     0.243564    -1.486737
     0.246463    -1.493647
     0.249363    -1.500444
     0.252263    -1.507132
     0.255162    -1.513715
     0.258062    -1.520196
     0.260961    -1.526578
     0.263861    -1.532864
     0.266760    -1.539057
     0.269660    -1.545159
     0.272560    -1.551174
     0.275459    -1.557103
     0.278359    -1.562949
     0.281258    -1.568714
     0.284158    -1.574399
     0.287057    -1.580005
     0.289957    -1.585536


    -0.167407    -1.204215
    -0.165733    -1.200034
    -0.164059    -1.195814
    -0.162385    -1.191555
    -0.160710    -1.187255
    -0.159036    -1.182913
    -0.157362    -1.178528
    -0.155688    -1.173811
    -0.154014    -1.168464
    -0.152340    -1.163062
    -0.150666    -1.157609
    -0.148992    -1.152105
    -0.147318    -1.146549
    -0.145644    -1.140943
    -0.143970    -1.135288
    -0.142296    -1.129583
    -0.140622    -1.123830
    -0.138948    -1.118029
    -0.137274    -1.112181
    -0.135599    -1.106287
    -0.133925    -1.100347
    -0.132251    -1.094364
    -0.130577    -1.088336
    -0.128903    -1.082267
    -0.127229    -1.076156
    -0.125555    -1.070005
    -0.123881    -1.063816
    -0.122207    -1.057588
    -0.120533    -1.051325
    -0.118859    -1.045027
    -0.117185    -1.038695
    -0.115511    -1.032332
    -0.113837    -1.025938
    -0.112163    -1.019515
    -0.110488    -1.013066
    -0.108814    -1.006591
    -0.107140    -1.000093
    -0.105466    -0.993573
    -0.103792    -0.987033
    -0.102118    -0.980476
    -0.100444    -0.973903
    -0.098770    -0.967317
    -0.097096    -0.960719
    -0.095422    -0.954112
    -0.093748    -0.947497
    -0.092074    -0.940879
    -0.090400    -0.934258
    -0.088726    -0.927637
    -0.087052    -0.921020
    -0.085377    -0.914408
    -0.083703    -0.907804
    -0.082029    -0.901210
    -0.080355    -0.894631
    -0.078681    -0.888068
    -0.077007    -0.881525
    -0.075333    -0.875005
    -0.073659    -0.868511
    -0.071985    -0.862045
    -0.070311    -0.855612
    -0.068637    -0.849215
    -0.066963    -0.842857
    -0.065289    -0.836543
    -0.063615    -0.830274
    -0.061940    -0.824057
    -0.060266    -0.817893
    -0.058592    -0.811788
    -0.056918    -0.805746
    -0.055244    -0.799771
    -0.053570    -0.793867
    -0.051896    -0.788039
    -0.050222    -0.782292
    -0.048548    -0.776630
    -0.046874    -0.771059
    -0.045200    -0.765584
    -0.043526    -0.760210
    -0.041852    -0.754943
    -0.040178    -0.749789
    -0.038504    -0.744754
    -0.036829    -0.739844
    -0.035155    -0.735066
    -0.033481    -0.730427
    -0.031807    -0.725932
    -0.030133    -0.721591
    -0.028459    -0.717409
    -0.026785    -0.713396
    -0.025111    -0.709559
    -0.023437    -0.705906
    -0.021763    -0.702445
    -0.020089    -0.699187
    -0.018415    -0.696138
    -0.016741    -0.693309
    -0.015067    -0.690709
    -0.013393    -0.688346
    -0.011718    -0.686230
    -0.010044    -0.684370
    -0.008370    -0.682774
    -0.006696    -0.681452
    -0.005022    -0.680410
    -0.003348    -0.679659
    -0.001674    -0.679207
     0.000000    -0.679059
     0.002900    -0.679513
     0.005799    -0.680855
     0.008699    -0.683050
     0.011598    -0.686057
     0.014498    -0.689830
     0.017397    -0.694323
     0.020297    -0.699488
     0.023197    -0.705279
     0.026096    -0.711651
     0.028996    -0.718560
     0.031895    -0.725966
     0.034795    -0.733831
     0.037694    -0.742120
     0.040594    -0.750798
     0.043494    -0.759835
     0.046393    -0.769202
     0.049293    -0.778871
     0.052192    -0.788819
     0.055092    -0.799021
     0.057991    -0.809455
     0.060891    -0.820101
     0.063791    -0.830938
     0.066690    -0.841949
     0.069590    -0.853116
     0.072489    -0.864421
     0.075389    -0.875849
     0.078288    -0.887384
     0.081188    -0.899010
     0.084088    -0.910713
     0.086987    -0.922477
     0.089887    -0.934288
     0.092786    -0.946131
     0.095686    -0.957990
     0.098585    -0.969849
     0.101485    -0.981691
     0.104385    -0.993497
     0.107284    -1.005248
     0.110184    -1.016923
     0.113083    -1.028497
     0.115983    -1.039946
     0.118882    -1.051244
     0.121782    -1.062366
     0.124681    -1.073290
     0.127581    -1.083999
     0.130481    -1.094481
     0.133380    -1.104734
     0.136280    -1.114761
     0.139179    -1.124571
     0.142079    -1.134178
     0.144978    -1.143595
     0.147878    -1.152835
     0.150778    -1.161914
     0.153677    -1.170844
     0.156577    -1.179636
     0.159476    -1.188300
     0.162376    -1.196846
     0.165275    -1.205281
     0.168175    -1.213614
     0.171075    -1.221850
     0.173974    -1.229996
     0.176874    -1.238056
     0.179773    -1.246035
     0.182673    -1.253937
     0.185572    -1.261766
     0.188472    -1.269526
     0.191372    -1.277218
     0.194271    -1.284846
     0.197171    -1.292411
     0.200070    -1.299916
     0.202970    -1.307362
     0.205869    -1.314750
     0.208769    -1.322081
     0.211669    -1.329357
     0.214568    -1.336578
     0.217468    -1.343745
     0.220367    -1.350857
     0.223267    -1.357915
     0.226166    -1.364919
     0.229066    -1.371869
     0.231966    -1.378765
     0.234865    -1.385606
     0.237765    -1.392392
     0.240664    -1.399123
     0.243564    -1.405798
     0.246463    -1.412416
     0.249363    -1.418978
     0.252263    -1.425481
     0.255162    -1.431927
     0.258062    -1.438314
     0.260961    -1.444641
     0.263861    -1.450908
     0.266760    -1.457115
     0.269660    -1.463260
     0.272560    -1.469343
     0.275459    -1.475363
     0.278359    -1.481320
     0.281258    -1.487214
     0.284158    -1.493043
     0.287057    -1.498807
     0.289957    -1.504506


    -0.167407    -0.455857
    -0.165733    -0.452494
    -0.164059    -0.449175
    -0.162385    -0.445901
    -0.160710    -0.442674
    -0.159036    -0.439493
    -0.157362    -0.436360
    -0.155688    -0.433275
    -0.154014    -0.430238
    -0.152340    -0.427250
    -0.150666    -0.424312
    -0.148992    -0.421425
    -0.147318    -0.418588
    -0.145644    -0.415803
    -0.143970    -0.413070
    -0.142296    -0.410390
    -0.140622    -0.407763
    -0.138948    -0.405189
    -0.137274    -0.402670
    -0.135599    -0.400205
    -0.133925    -0.397796
    -0.132251    -0.395442
    -0.130577    -0.393144
    -0.128903    -0.390903
    -0.127229    -0.388719
    -0.125555    -0.386592
    -0.123881    -0.384522
    -0.122207    -0.382511
    -0.120533    -0.380558
    -0.118859    -0.378664
    -0.117185    -0.376829
    -0.115511    -0.375053
    -0.113837    -0.373336
    -0.112163    -0.371679
    -0.110488    -0.370081
    -0.108814    -0.368543
    -0.107140    -0.367064
    -0.105466    -0.365645
    -0.103792    -0.364286
    -0.102118    -0.362986
    -0.100444    -0.361746
    -0.098770    -0.360564
    -0.097096    -0.359441
    -0.095422    -0.358376
    -0.093748    -0.357369
    -0.092074    -0.356419
    -0.090400    -0.355526
    -0.088726    -0.354689
    -0.087052    -0.353906
    -0.085377    -0.353178
    -0.083703    -0.352502
    -0.082029    -0.351879
    -0.080355    -0.351305
    -0.078681    -0.350781
    -0.077007    -0.350304
    -0.075333    -0.349873
    -0.073659    -0.349485
    -0.071985    -0.349138
    -0.070311    -0.348831
    -0.068637    -0.348560
    -0.066963    -0.348323
    -0.065289    -0.348117
    -0.063615    -0.347938
    -0.061940    -0.347782
    -0.060266    -0.347647
    -0.058592    -0.347527
    -0.056918    -0.347418
    -0.055244    -0.347316
    -0.053570    -0.347214
    -0.051896    -0.347108
    -0.050222    -0.346991
    -0.048548    -0.346857
    -0.046874    -0.346699
    -0.045200    -0.346509
    -0.043526    -0.346280
    -0.041852    -0.346003
    -0.040178    -0.345670
    -0.038504    -0.345271
    -0.036829    -0.344797
    -0.035155    -0.344238
    -0.033481    -0.343584
    -0.031807    -0.342823
    -0.030133    -0.341945
    -0.028459    -0.340940
    -0.026785    -0.339796
    -0.025111    -0.338501
    -0.023437    -0.337046
    -0.021763    -0.335420
    -0.020089    -0.333614
    -0.018415    -0.331617
    -0.016741    -0.329422
    -0.015067    -0.327020
    -0.013393    -0.324407
    -0.011718    -0.321576
    -0.010044    -0.318525
    -0.008370    -0.315249
    -0.006696    -0.311750
    -0.005022    -0.308027
    -0.003348    -0.304082
    -0.001674    -0.299919
     0.000000    -0.295562
     0.002900    -0.302995
     0.005799    -0.309784
     0.008699    -0.315905
     0.011598    -0.321355
     0.014498    -0.326143
     0.017397    -0.330291
     0.020297    -0.333833
     0.023197    -0.336811
     0.026096    -0.339278
     0.028996    -0.341286
     0.031895    -0.342895
     0.034795    -0.344163
     0.037694    -0.345145
     0.040594    -0.345897
     0.043494    -0.346469
     0.046393    -0.346908
     0.049293    -0.347255
     0.052192    -0.347550
     0.055092    -0.347826
     0.057991    -0.348113
     0.060891    -0.348436
     0.063791    -0.348818
     0.066690    -0.349277
     0.069590    -0.349831
     0.072489    -0.350491
     0.075389    -0.351270
     0.078288    -0.352175
     0.081188    -0.353213
     0.084088    -0.354388
     0.086987    -0.355704
     0.089887    -0.357163
     0.092786    -0.358764
     0.095686    -0.360507
     0.098585    -0.362389
     0.101485    -0.364408
     0.104385    -0.366560
     0.107284    -0.368840
     0.110184    -0.371244
     0.113083    -0.373766
     0.115983    -0.376399
     0.118882    -0.379139
     0.121782    -0.381977
     0.124681    -0.384907
     0.127581    -0.387922
     0.130481    -0.391015
     0.133380    -0.394179
     0.136280    -0.397407
     0.139179    -0.400692
     0.142079    -0.404027
     0.144978    -0.407405
     0.147878    -0.410821
     0.150778    -0.414267
     0.153677    -0.417738
     0.156577    -0.421227
     0.159476    -0.424730
     0.162376    -0.428241
     0.165275    -0.431755
     0.168175    -0.435267
     0.171075    -0.438773
     0.173974    -0.442269
     0.176874    -0.445752
     0.179773    -0.449216
     0.182673    -0.452660
     0.185572    -0.456080
     0.188472    -0.459474
     0.191372    -0.462838
     0.194271    -0.466171
     0.197171    -0.469471
     0.200070    -0.472735
     0.202970    -0.475963
     0.205869    -0.479152
     0.208769    -0.482302
     0.211669    -0.485411
     0.214568    -0.488478
     0.217468    -0.491503
     0.220367    -0.494485
     0.223267    -0.497423
     0.226166    -0.500318
     0.229066    -0.503168
     0.231966    -0.505974
     0.234865    -0.508735
     0.237765    -0.511452
     0.240664    -0.514125
     0.243564    -0.516754
     0.246463    -0.519339
     0.249363    -0.521881
     0.252263    -0.524379
     0.255162    -0.526835
     0.258062    -0.529249
     0.260961    -0.531620
     0.263861    -0.533951
     0.266760    -0.536241
     0.269660    -0.538492
     0.272560    -0.540703
     0.275459    -0.542875
     0.278359    -0.545010
     0.281258    -0.547108
     0.284158    -0.549169
     0.287057    -0.551194
     0.289957    -0.553185


    -0.167407    -0.390860
    -0.165733    -0.385414
    -0.164059    -0.379976
    -0.162385    -0.374545
    -0.160710    -0.369121
    -0.159036    -0.363706
    -0.157362    -0.358298
    -0.155688    -0.352899
    -0.154014    -0.347509
    -0.152340    -0.342127
    -0.150666    -0.336755
    -0.148992    -0.331393
    -0.147318    -0.326040
    -0.145644    -0.320698
    -0.143970    -0.315366
    -0.142296    -0.310046
    -0.140622    -0.304737
    -0.138948    -0.299441
    -0.137274    -0.294157
    -0.135599    -0.288886
    -0.133925    -0.283630
    -0.132251    -0.278388
    -0.130577    -0.273161
    -0.128903    -0.267951
    -0.127229    -0.262757
    -0.125555    -0.257582
    -0.123881    -0.252425
    -0.122207    -0.247289
    -0.120533    -0.242175
    -0.118859    -0.237084
    -0.117185    -0.232017
    -0.115511    -0.226977
    -0.113837    -0.221965
    -0.112163    -0.216983
    -0.110488    -0.212034
    -0.108814    -0.207121
    -0.107140    -0.202246
    -0.105466    -0.197412
    -0.103792    -0.192624
    -0.102118    -0.187885
    -0.100444    -0.183201
    -0.098770    -0.178575
    -0.097096    -0.174013
    -0.095422    -0.169523
    -0.093748    -0.165111
    -0.092074    -0.160785
    -0.090400    -0.156554
    -0.088726    -0.152429
    -0.087052    -0.148420
    -0.085377    -0.144540
    -0.083703    -0.140803
    -0.082029    -0.137226
    -0.080355    -0.133825
    -0.078681    -0.130620
    -0.077007    -0.127631
    -0.075333    -0.124883
    -0.073659    -0.122400
    -0.071985    -0.120208
    -0.070311    -0.118336
    -0.068637    -0.116810
    -0.066963    -0.115659
    -0.065289    -0.114911
    -0.063615    -0.114590
    -0.061940    -0.114718
    -0.060266    -0.115312
    -0.058592    -0.116383
    -0.056918    -0.117935
    -0.055244    -0.119967
    -0.053570    -0.122469
    -0.051896    -0.125425
    -0.050222    -0.128814
    -0.048548    -0.132610
    -0.046874    -0.136782
    -0.045200    -0.141299
    -0.043526    -0.146128
    -0.041852    -0.151235
    -0.040178    -0.156586
    -0.038504    -0.162151
    -0.036829    -0.167898
    -0.035155    -0.173798
    -0.033481    -0.179823
    -0.031807    -0.185949
    -0.030133    -0.192150
    -0.028459    -0.198404
    -0.026785    -0.204689
    -0.025111    -0.210985
    -0.023437    -0.217273
    -0.021763    -0.223535
    -0.020089    -0.229753
    -0.018415    -0.235911
    -0.016741    -0.241992
    -0.015067    -0.247982
    -0.013393    -0.253866
    -0.011718    -0.259629
    -0.010044    -0.265259
    -0.008370    -0.270742
    -0.006696    -0.276066
    -0.005022    -0.281220
    -0.003348    -0.286193
    -0.001674    -0.290975
     0.000000    -0.295540
     0.002900    -0.287488
     0.005799    -0.278852
     0.008699    -0.269688
     0.011598    -0.260054
     0.014498    -0.250014
     0.017397    -0.239638
     0.020297    -0.228999
     0.023197    -0.218178
     0.026096    -0.207257
     0.028996    -0.196326
     0.031895    -0.185484
     0.034795    -0.174836
     0.037694    -0.164499
     0.040594    -0.154603
     0.043494    -0.145287
     0.046393    -0.136704
     0.049293    -0.129008
     0.052192    -0.122350
     0.055092    -0.116863
     0.057991    -0.112644
     0.060891    -0.109742
     0.063791    -0.108153
     0.066690    -0.107814
     0.069590    -0.108624
     0.072489    -0.110452
     0.075389    -0.113157
     0.078288    -0.116603
     0.081188    -0.120660
     0.084088    -0.125217
     0.086987    -0.130176
     0.089887    -0.135455
     0.092786    -0.140988
     0.095686    -0.146717
     0.098585    -0.152597
     0.101485    -0.158590
     0.104385    -0.164666
     0.107284    -0.170799
     0.110184    -0.176969
     0.113083    -0.183158
     0.115983    -0.189353
     0.118882    -0.195543
     0.121782    -0.201719
     0.124681    -0.207873
     0.127581    -0.213998
     0.130481    -0.220091
     0.133380    -0.226146
     0.136280    -0.232161
     0.139179    -0.238132
     0.142079    -0.244059
     0.144978    -0.249938
     0.147878    -0.255769
     0.150778    -0.261550
     0.153677    -0.267280
     0.156577    -0.272959
     0.159476    -0.278585
     0.162376    -0.284159
     0.165275    -0.289680
     0.168175    -0.295147
     0.171075    -0.300559
     0.173974    -0.305917
     0.176874    -0.311220
     0.179773    -0.316468
     0.182673    -0.321660
     0.185572    -0.326797
     0.188472    -0.331877
     0.191372    -0.336901
     0.194271    -0.341868
     0.197171    -0.346778
     0.200070    -0.351631
     0.202970    -0.356427
     0.205869    -0.361166
     0.208769    -0.365847
     0.211669    -0.370470
     0.214568    -0.375036
     0.217468    -0.379544
     0.220367    -0.383994
     0.223267    -0.388387
     0.226166    -0.392722
     0.229066    -0.397000
     0.231966    -0.401220
     0.234865    -0.405384
     0.237765    -0.409491
     0.240664    -0.413541
     0.243564    -0.417536
     0.246463    -0.421474
     0.249363    -0.425357
     0.252263    -0.429185
     0.255162    -0.432959
     0.258062    -0.436679
     0.260961    -0.440345
     0.263861    -0.443958
     0.266760    -0.447519
     0.269660    -0.451028
     0.272560    -0.454486
     0.275459    -0.457894
     0.278359    -0.461252
     0.281258    -0.464561
     0.284158    -0.467822
     0.287057    -0.471035
     0.289957    -0.474202


    -0.167407     0.616385
    -0.165733     0.607881
    -0.164059     0.599357
    -0.162385     0.590813
    -0.160710     0.582251
    -0.159036     0.573670
    -0.157362     0.565071
    -0.155688     0.556455
    -0.154014     0.547823
    -0.152340     0.539175
    -0.150666     0.530511
    -0.148992     0.521833
    -0.147318     0.513142
    -0.145644     0.504437
    -0.143970     0.495721
    -0.142296     0.486994
    -0.140622     0.478256
    -0.138948     0.469509
    -0.137274     0.460755
    -0.135599     0.451994
    -0.133925     0.443227
    -0.132251     0.434455
    -0.130577     0.425681
    -0.128903     0.416905
    -0.127229     0.408130
    -0.125555     0.399356
    -0.123881     0.390586
    -0.122207     0.381822
    -0.120533     0.373065
    -0.118859     0.364318
    -0.117185     0.355583
    -0.115511     0.346864
    -0.113837     0.338162
    -0.112163     0.329481
    -0.110488     0.320824
    -0.108814     0.312195
    -0.107140     0.303598
    -0.105466     0.295038
    -0.103792     0.286518
    -0.102118     0.278044
    -0.100444     0.269622
    -0.098770     0.261259
    -0.097096     0.252960
    -0.095422     0.244735
    -0.093748     0.236591
    -0.092074     0.228538
    -0.090400     0.220586
    -0.088726     0.212747
    -0.087052     0.205034
    -0.085377     0.197461
    -0.083703     0.190044
    -0.082029     0.182800
    -0.080355     0.175749
    -0.078681     0.168912
    -0.077007     0.162312
    -0.075333     0.155974
    -0.073659     0.149925
    -0.071985     0.144193
    -0.070311     0.138810
    -0.068637     0.133804
    -0.066963     0.129207
    -0.065289     0.125048
    -0.063615     0.121355
    -0.061940     0.118153
    -0.060266     0.115460
    -0.058592     0.113292
    -0.056918     0.111655
    -0.055244     0.110551
    -0.053570     0.109975
    -0.051896     0.109913
    -0.050222     0.110348
    -0.048548     0.111258
    -0.046874     0.112616
    -0.045200     0.114395
    -0.043526     0.116567
    -0.041852     0.119102
    -0.040178     0.121972
    -0.038504     0.125150
    -0.036829     0.128610
    -0.035155     0.132330
    -0.033481     0.136287
    -0.031807     0.140462
    -0.030133     0.144837
    -0.028459     0.149394
    -0.026785     0.154121
    -0.025111     0.159003
    -0.023437     0.164030
    -0.021763     0.169189
    -0.020089     0.174473
    -0.018415     0.179871
    -0.016741     0.185377
    -0.015067     0.190984
    -0.013393     0.196685
    -0.011718     0.202474
    -0.010044     0.208347
    -0.008370     0.214298
    -0.006696     0.220324
    -0.005022     0.226419
    -0.003348     0.232581
    -0.001674     0.238806
     0.000000     0.245089
     0.002900     0.234264
     0.005799     0.223621
     0.008699     0.213181
     0.011598     0.202966
     0.014498     0.192999
     0.017397     0.183306
     0.020297     0.173918
     0.023197     0.164873
     0.026096     0.156214
     0.028996     0.147992
     0.031895     0.140268
     0.034795     0.133115
     0.037694     0.126619
     0.040594     0.120880
     0.043494     0.116012
     0.046393     0.112141
     0.049293     0.109401
     0.052192     0.107921
     0.055092     0.107814
     0.057991     0.109160
     0.060891     0.111992
     0.063791     0.116288
     0.066690     0.121973
     0.069590     0.128929
     0.072489     0.137015
     0.075389     0.146077
     0.078288     0.155965
     0.081188     0.166541
     0.084088     0.177682
     0.086987     0.189279
     0.089887     0.201241
     0.092786     0.213492
     0.095686     0.225966
     0.098585     0.238608
     0.101485     0.251373
     0.104385     0.264221
     0.107284     0.277120
     0.110184     0.290041
     0.113083     0.302961
     0.115983     0.315859
     0.118882     0.328718
     0.121782     0.341523
     0.124681     0.354259
     0.127581     0.366917
     0.130481     0.379486
     0.133380     0.391957
     0.136280     0.404324
     0.139179     0.416580
     0.142079     0.428719
     0.144978     0.440737
     0.147878     0.452631
     0.150778     0.464397
     0.153677     0.476032
     0.156577     0.487534
     0.159476     0.498902
     0.162376     0.510135
     0.165275     0.521231
     0.168175     0.532191
     0.171075     0.543015
     0.173974     0.553701
     0.176874     0.564252
     0.179773     0.574668
     0.182673     0.584949
     0.185572     0.595097
     0.188472     0.605114
     0.191372     0.614999
     0.194271     0.624757
     0.197171     0.634387
     0.200070     0.643891
     0.202970     0.653273
     0.205869     0.662533
     0.208769     0.671673
     0.211669     0.680696
     0.214568     0.689604
     0.217468     0.698399
     0.220367     0.707083
     0.223267     0.715659
     0.226166     0.724128
     0.229066     0.732492
     0.231966     0.740754
     0.234865     0.748916
     0.237765     0.756981
     0.240664     0.764949
     0.243564     0.772824
     0.246463     0.780606
     0.249363     0.788300
     0.252263     0.795905
     0.255162     0.803424
     0.258062     0.810860
     0.260961     0.818213
     0.263861     0.825487
     0.266760     0.832681
     0.269660     0.839799
     0.272560     0.846842
     0.275459     0.853811
     0.278359     0.860708
     0.281258     0.867535
     0.284158     0.874292
     0.287057     0.880982
     0.289957     0.887606


    -0.167407     0.889500
    -0.165733     0.884109
    -0.164059     0.878698
    -0.162385     0.873268
    -0.160710     0.867817
    -0.159036     0.862345
    -0.157362     0.856851
    -0.155688     0.851336
    -0.154014     0.845799
    -0.152340     0.840239
    -0.150666     0.834655
    -0.148992     0.829049
    -0.147318     0.823418
    -0.145644     0.817763
    -0.143970     0.812083
    -0.142296     0.806377
    -0.140622     0.800646
    -0.138948     0.794889
    -0.137274     0.789104
    -0.135599     0.783293
    -0.133925     0.777455
    -0.132251     0.771589
    -0.130577     0.765694
    -0.128903     0.759771
    -0.127229     0.753819
    -0.125555     0.747837
    -0.123881     0.741826
    -0.122207     0.735786
    -0.120533     0.729715
    -0.118859     0.723614
    -0.117185     0.717482
    -0.115511     0.711319
    -0.113837     0.705126
    -0.112163     0.698902
    -0.110488     0.692647
    -0.108814     0.686360
    -0.107140     0.680043
    -0.105466     0.673694
    -0.103792     0.667315
    -0.102118     0.660905
    -0.100444     0.654464
    -0.098770     0.647992
    -0.097096     0.641491
    -0.095422     0.634960
    -0.093748     0.628399
    -0.092074     0.621809
    -0.090400     0.615190
    -0.088726     0.608544
    -0.087052     0.601869
    -0.085377     0.595168
    -0.083703     0.588440
    -0.082029     0.581687
    -0.080355     0.574909
    -0.078681     0.568106
    -0.077007     0.561281
    -0.075333     0.554433
    -0.073659     0.547564
    -0.071985     0.540674
    -0.070311     0.533765
    -0.068637     0.526838
    -0.066963     0.519894
    -0.065289     0.512933
    -0.063615     0.505958
    -0.061940     0.498970
    -0.060266     0.491969
    -0.058592     0.484957
    -0.056918     0.477936
    -0.055244     0.470907
    -0.053570     0.463871
    -0.051896     0.456830
    -0.050222     0.449785
    -0.048548     0.442738
    -0.046874     0.435691
    -0.045200     0.428644
    -0.043526     0.421600
    -0.041852     0.414560
    -0.040178     0.407526
    -0.038504     0.400500
    -0.036829     0.393482
    -0.035155     0.386475
    -0.033481     0.379481
    -0.031807     0.372502
    -0.030133     0.365538
    -0.028459     0.358592
    -0.026785     0.351666
    -0.025111     0.344761
    -0.023437     0.337880
    -0.021763     0.331024
    -0.020089     0.324195
    -0.018415     0.317394
    -0.016741     0.310625
    -0.015067     0.303889
    -0.013393     0.297187
    -0.011718     0.290523
    -0.010044     0.283897
    -0.008370     0.277313
    -0.006696     0.270773
    -0.005022     0.264278
    -0.003348     0.257833
    -0.001674     0.251438
     0.000000     0.245098
     0.002900     0.256094
     0.005799     0.267249
     0.008699     0.278548
     0.011598     0.289976
     0.014498     0.301524
     0.017397     0.313180
     0.020297     0.324935
     0.023197     0.336779
     0.026096     0.348703
     0.028996     0.360698
     0.031895     0.372756
     0.034795     0.384869
     0.037694     0.397028
     0.040594     0.409227
     0.043494     0.421457
     0.046393     0.433712
     0.049293     0.445983
     0.052192     0.458264
     0.055092     0.470547
     0.057991     0.482827
     0.060891     0.495096
     0.063791     0.507348
     0.066690     0.519577
     0.069590     0.531776
     0.072489     0.543940
     0.075389     0.556062
     0.078288     0.568137
     0.081188     0.580159
     0.084088     0.592123
     0.086987     0.604024
     0.089887     0.615857
     0.092786     0.627616
     0.095686     0.639298
     0.098585     0.650898
     0.101485     0.662411
     0.104385     0.673833
     0.107284     0.685161
     0.110184     0.696390
     0.113083     0.707518
     0.115983     0.718540
     0.118882     0.729453
     0.121782     0.740255
     0.124681     0.750942
     0.127581     0.761512
     0.130481     0.771962
     0.133380     0.782290
     0.136280     0.792494
     0.139179     0.802572
     0.142079     0.812523
     0.144978     0.822344
     0.147878     0.832034
     0.150778     0.841593
     0.153677     0.851019
     0.156577     0.860312
     0.159476     0.869470
     0.162376     0.878495
     0.165275     0.887385
     0.168175     0.896141
     0.171075     0.904763
     0.173974     0.913251
     0.176874     0.921606
     0.179773     0.929829
     0.182673     0.937921
     0.185572     0.945882
     0.188472     0.953715
     0.191372     0.961420
     0.194271     0.969000
     0.197171     0.976455
     0.200070     0.983788
     0.202970     0.991000
     0.205869     0.998094
     0.208769     1.005071
     0.211669     1.011934
     0.214568     1.018685
     0.217468     1.025325
     0.220367     1.031858
     0.223267     1.038286
     0.226166     1.044611
     0.229066     1.050835
     0.231966     1.056960
     0.234865     1.062990
     0.237765     1.068926
     0.240664     1.074771
     0.243564     1.080527
     0.246463     1.086196
     0.249363     1.091781
     0.252263     1.097283
     0.255162     1.102706
     0.258062     1.108051
     0.260961     1.113320
     0.263861     1.118515
     0.266760     1.123639
     0.269660     1.128692
     0.272560     1.133678
     0.275459     1.138598
     0.278359     1.143453
     0.281258     1.148246
     0.284158     1.152977
     0.287057     1.157650
     0.289957     1.162264


    -0.167407     1.818163
    -0.165733     1.810880
    -0.164059     1.803625
    -0.162385     1.796400
    -0.160710     1.789207
    -0.159036     1.782048
    -0.157362     1.774926
    -0.155688     1.767841
    -0.154014     1.760798
    -0.152340     1.753796
    -0.150666     1.746839
    -0.148992     1.739928
    -0.147318     1.733066
    -0.145644     1.726255
    -0.143970     1.719496
    -0.142296     1.712792
    -0.140622     1.706145
    -0.138948     1.699558
    -0.137274     1.693031
    -0.135599     1.686568
    -0.133925     1.680169
    -0.132251     1.673839
    -0.130577     1.667578
    -0.128903     1.661388
    -0.127229     1.655272
    -0.125555     1.649231
    -0.123881     1.643268
    -0.122207     1.637384
    -0.120533     1.631582
    -0.118859     1.625863
    -0.117185     1.620229
    -0.115511     1.614682
    -0.113837     1.609223
    -0.112163     1.603856
    -0.110488     1.598580
    -0.108814     1.593399
    -0.107140     1.588312
    -0.105466     1.583323
    -0.103792     1.578433
    -0.102118     1.573642
    -0.100444     1.568953
    -0.098770     1.564367
    -0.097096     1.559885
    -0.095422     1.555508
    -0.093748     1.551238
    -0.092074     1.547076
    -0.090400     1.543022
    -0.088726     1.539079
    -0.087052     1.535245
    -0.085377     1.531524
    -0.083703     1.527915
    -0.082029     1.524419
    -0.080355     1.521037
    -0.078681     1.517769
    -0.077007     1.514617
    -0.075333     1.511580
    -0.073659     1.508659
    -0.071985     1.505854
    -0.070311     1.503167
    -0.068637     1.500596
    -0.066963     1.498142
    -0.065289     1.495806
    -0.063615     1.493587
    -0.061940     1.491485
    -0.060266     1.489501
    -0.058592     1.487634
    -0.056918     1.485884
    -0.055244     1.484251
    -0.053570     1.482734
    -0.051896     1.481335
    -0.050222     1.480051
    -0.048548     1.478883
    -0.046874     1.477830
    -0.045200     1.476892
    -0.043526     1.476068
    -0.041852     1.475358
    -0.040178     1.474761
    -0.038504     1.474277
    -0.036829     1.473905
    -0.035155     1.473644
    -0.033481     1.473493
    -0.031807     1.473452
    -0.030133     1.473520
    -0.028459     1.473696
    -0.026785     1.473980
    -0.025111     1.474370
    -0.023437     1.474866
    -0.021763     1.475466
    -0.020089     1.476171
    -0.018415     1.476978
    -0.016741     1.477887
    -0.015067     1.478898
    -0.013393     1.480008
    -0.011718     1.481218
    -0.010044     1.482525
    -0.008370     1.483930
    -0.006696     1.485431
    -0.005022     1.487027
    -0.003348     1.488716
    -0.001674     1.490499
     0.000000     1.492370
     0.002900     1.489198
     0.005799     1.486288
     0.008699     1.483661
     0.011598     1.481320
     0.014498     1.479272
     0.017397     1.477521
     0.020297     1.476073
     0.023197     1.474931
     0.026096     1.474101
     0.028996     1.473585
     0.031895     1.473388
     0.034795     1.473512
     0.037694     1.473962
     0.040594     1.474738
     0.043494     1.475844
     0.046393     1.477281
     0.049293     1.479049
     0.052192     1.481151
     0.055092     1.483585
     0.057991     1.486352
     0.060891     1.489450
     0.063791     1.492880
     0.066690     1.496638
     0.069590     1.500723
     0.072489     1.505133
     0.075389     1.509864
     0.078288     1.514912
     0.081188     1.520274
     0.084088     1.525946
     0.086987     1.531924
     0.089887     1.538202
     0.092786     1.544775
     0.095686     1.551638
     0.098585     1.558787
     0.101485     1.566214
     0.104385     1.573915
     0.107284     1.581883
     0.110184     1.590113
     0.113083     1.598599
     0.115983     1.607334
     0.118882     1.616314
     0.121782     1.625532
     0.124681     1.634982
     0.127581     1.644658
     0.130481     1.654556
     0.133380     1.664668
     0.136280     1.674990
     0.139179     1.685516
     0.142079     1.696241
     0.144978     1.707159
     0.147878     1.718264
     0.150778     1.729552
     0.153677     1.741016
     0.156577     1.752652
     0.159476     1.764453
     0.162376     1.776415
     0.165275     1.788531
     0.168175     1.800796
     0.171075     1.813205
     0.173974     1.825750
     0.176874     1.838427
     0.179773     1.851228
     0.182673     1.864149
     0.185572     1.877181
     0.188472     1.890320
     0.191372     1.903557
     0.194271     1.916887
     0.197171     1.930303
     0.200070     1.943797
     0.202970     1.957362
     0.205869     1.970992
     0.208769     1.984678
     0.211669     1.998414
     0.214568     2.012192
     0.217468     2.026004
     0.220367     2.039844
     0.223267     2.053703
     0.226166     2.067573
     0.229066     2.081448
     0.231966     2.095319
     0.234865     2.109179
     0.237765     2.123020
     0.240664     2.136836
     0.243564     2.150617
     0.246463     2.164357
     0.249363     2.178048
     0.252263     2.191684
     0.255162     2.205256
     0.258062     2.218758
     0.260961     2.232182
     0.263861     2.245522
     0.266760     2.258771
     0.269660     2.271922
     0.272560     2.284968
     0.275459     2.297904
     0.278359     2.310723
     0.281258     2.323419
     0.284158     2.335985
     0.287057     2.348417
     0.289957     2.360708


    -0.167407     1.968838
    -0.165733     1.962726
    -0.164059     1.956617
    -0.162385     1.950512
    -0.160710     1.944412
    -0.159036     1.938317
    -0.157362     1.932228
    -0.155688     1.926145
    -0.154014     1.920069
    -0.152340     1.914001
    -0.150666     1.907940
    -0.148992     1.901888
    -0.147318     1.895846
    -0.145644     1.889813
    -0.143970     1.883790
    -0.142296     1.877779
    -0.140622     1.871779
    -0.138948     1.865791
    -0.137274     1.859817
    -0.135599     1.853856
    -0.133925     1.847909
    -0.132251     1.841978
    -0.130577     1.836061
    -0.128903     1.830162
    -0.127229     1.824279
    -0.125555     1.818414
    -0.123881     1.812567
    -0.122207     1.806740
    -0.120533     1.800932
    -0.118859     1.795145
    -0.117185     1.789380
    -0.115511     1.783637
    -0.113837     1.777917
    -0.112163     1.772220
    -0.110488     1.766548
    -0.108814     1.760902
    -0.107140     1.755281
    -0.105466     1.749688
    -0.103792     1.744123
    -0.102118     1.738586
    -0.100444     1.733078
    -0.098770     1.727602
    -0.097096     1.722156
    -0.095422     1.716742
    -0.093748     1.711362
    -0.092074     1.706015
    -0.090400     1.700703
    -0.088726     1.695427
    -0.087052     1.690187
    -0.085377     1.684984
    -0.083703     1.679821
    -0.082029     1.674696
    -0.080355     1.669612
    -0.078681     1.664569
    -0.077007     1.659568
    -0.075333     1.654610
    -0.073659     1.649696
    -0.071985     1.644827
    -0.070311     1.640004
    -0.068637     1.635228
    -0.066963     1.630500
    -0.065289     1.625821
    -0.063615     1.621192
    -0.061940     1.616614
    -0.060266     1.612087
    -0.058592     1.607614
    -0.056918     1.603194
    -0.055244     1.598829
    -0.053570     1.594520
    -0.051896     1.590268
    -0.050222     1.586074
    -0.048548     1.581939
    -0.046874     1.577864
    -0.045200     1.573850
    -0.043526     1.569899
    -0.041852     1.566010
    -0.040178     1.562185
    -0.038504     1.558426
    -0.036829     1.554733
    -0.035155     1.551107
    -0.033481     1.547549
    -0.031807     1.544061
    -0.030133     1.540644
    -0.028459     1.537298
    -0.026785     1.534024
    -0.025111     1.530824
    -0.023437     1.527700
    -0.021763     1.524650
    -0.020089     1.521678
    -0.018415     1.518784
    -0.016741     1.515969
    -0.015067     1.513234
    -0.013393     1.510580
    -0.011718     1.508009
    -0.010044     1.505521
    -0.008370     1.503117
    -0.006696     1.500799
    -0.005022     1.498567
    -0.003348     1.496423
    -0.001674     1.494368
     0.000000     1.492406
     0.002900     1.495850
     0.005799     1.499574
     0.008699     1.503559
     0.011598     1.507799
     0.014498     1.512288
     0.017397     1.517022
     0.020297     1.521995
     0.023197     1.527201
     0.026096     1.532637
     0.028996     1.538298
     0.031895     1.544179
     0.034795     1.550276
     0.037694     1.556586
     0.040594     1.563105
     0.043494     1.569829
     0.046393     1.576757
     0.049293     1.583885
     0.052192     1.591211
     0.055092     1.598733
     0.057991     1.606450
     0.060891     1.614361
     0.063791     1.622465
     0.066690     1.630761
     0.069590     1.639249
     0.072489     1.647930
     0.075389     1.656802
     0.078288     1.665868
     0.081188     1.675127
     0.084088     1.684579
     0.086987     1.694227
     0.089887     1.704071
     0.092786     1.714110
     0.095686     1.724347
     0.098585     1.734782
     0.101485     1.745416
     0.104385     1.756248
     0.107284     1.767278
     0.110184     1.778508
     0.113083     1.789934
     0.115983     1.801558
     0.118882     1.813377
     0.121782     1.825389
     0.124681     1.837593
     0.127581     1.849985
     0.130481     1.862563
     0.133380     1.875322
     0.136280     1.888258
     0.139179     1.901367
     0.142079     1.914642
     0.144978     1.928079
     0.147878     1.941671
     0.150778     1.955411
     0.153677     1.969293
     0.156577     1.983307
     0.159476     1.997447
     0.162376     2.011704
     0.165275     2.026068
     0.168175     2.040531
     0.171075     2.055083
     0.173974     2.069714
     0.176874     2.084415
     0.179773     2.099173
     0.182673     2.113980
     0.185572     2.128823
     0.188472     2.143692
     0.191372     2.158576
     0.194271     2.173462
     0.197171     2.188339
     0.200070     2.203196
     0.202970     2.218021
     0.205869     2.232802
     0.208769     2.247527
     0.211669     2.262185
     0.214568     2.276764
     0.217468     2.291252
     0.220367     2.305639
     0.223267     2.319914
     0.226166     2.334066
     0.229066     2.348086
     0.231966     2.361964
     0.234865     2.375691
     0.237765     2.389260
     0.240664     2.402663
     0.243564     2.415894
     0.246463     2.428947
     0.249363     2.441818
     0.252263     2.454502
     0.255162     2.466998
     0.258062     2.479302
     0.260961     2.491414
     0.263861     2.503333
     0.266760     2.515060
     0.269660     2.526594
     0.272560     2.537938
     0.275459     2.549094
     0.278359     2.560062
     0.281258     2.570845
     0.284158     2.581446
     0.287057     2.591868
     0.289957     2.602112


    -0.167407     2.321805
    -0.165733     2.315367
    -0.164059     2.308969
    -0.162385     2.302612
    -0.160710     2.296298
    -0.159036     2.290025
    -0.157362     2.283797
    -0.155688     2.277613
    -0.154014     2.271474
    -0.152340     2.265381
    -0.150666     2.259334
    -0.148992     2.253335
    -0.147318     2.247384
    -0.145644     2.241482
    -0.143970     2.235629
    -0.142296     2.229826
    -0.140622     2.224074
    -0.138948     2.218374
    -0.137274     2.212725
    -0.135599     2.207129
    -0.133925     2.201586
    -0.132251     2.196096
    -0.130577     2.190661
    -0.128903     2.185281
    -0.127229     2.179957
    -0.125555     2.174688
    -0.123881     2.169476
    -0.122207     2.164321
    -0.120533     2.159223
    -0.118859     2.154183
    -0.117185     2.149202
    -0.115511     2.144280
    -0.113837     2.139417
    -0.112163     2.134614
    -0.110488     2.129872
    -0.108814     2.125190
    -0.107140     2.120570
    -0.105466     2.116011
    -0.103792     2.111514
    -0.102118     2.107080
    -0.100444     2.102709
    -0.098770     2.098402
    -0.097096     2.094158
    -0.095422     2.089978
    -0.093748     2.085863
    -0.092074     2.081812
    -0.090400     2.077828
    -0.088726     2.073908
    -0.087052     2.070055
    -0.085377     2.066269
    -0.083703     2.062549
    -0.082029     2.058896
    -0.080355     2.055311
    -0.078681     2.051794
    -0.077007     2.048345
    -0.075333     2.044964
    -0.073659     2.041652
    -0.071985     2.038410
    -0.070311     2.035237
    -0.068637     2.032134
    -0.066963     2.029101
    -0.065289     2.026138
    -0.063615     2.023246
    -0.061940     2.020425
    -0.060266     2.017676
    -0.058592     2.014998
    -0.056918     2.012392
    -0.055244     2.009858
    -0.053570     2.007396
    -0.051896     2.005008
    -0.050222     2.002692
    -0.048548     2.000449
    -0.046874     1.998280
    -0.045200     1.996185
    -0.043526     1.994163
    -0.041852     1.992216
    -0.040178     1.990343
    -0.038504     1.988544
    -0.036829     1.986821
    -0.035155     1.985172
    -0.033481     1.983599
    -0.031807     1.982101
    -0.030133     1.980679
    -0.028459     1.979332
    -0.026785     1.978061
    -0.025111     1.976867
    -0.023437     1.975749
    -0.021763     1.974707
    -0.020089     1.973742
    -0.018415     1.972853
    -0.016741     1.972041
    -0.015067     1.971307
    -0.013393     1.970649
    -0.011718     1.970068
    -0.010044     1.969565
    -0.008370     1.969138
    -0.006696     1.968790
    -0.005022     1.968518
    -0.003348     1.968324
    -0.001674     1.968207
     0.000000     1.968168
     0.002900     1.968277
     0.005799     1.968618
     0.008699     1.969195
     0.011598     1.970007
     0.014498     1.971052
     0.017397     1.972322
     0.020297     1.973805
     0.023197     1.975500
     0.026096     1.977407
     0.028996     1.979525
     0.031895     1.981853
     0.034795     1.984389
     0.037694     1.987131
     0.040594     1.990076
     0.043494     1.993223
     0.046393     1.996570
     0.049293     2.000113
     0.052192     2.003852
     0.055092     2.007783
     0.057991     2.011906
     0.060891     2.016216
     0.063791     2.020713
     0.066690     2.025394
     0.069590     2.030256
     0.072489     2.035299
     0.075389     2.040518
     0.078288     2.045913
     0.081188     2.051481
     0.084088     2.057219
     0.086987     2.063126
     0.089887     2.069199
     0.092786     2.075435
     0.095686     2.081833
     0.098585     2.088389
     0.101485     2.095102
     0.104385     2.101970
     0.107284     2.108988
     0.110184     2.116156
     0.113083     2.123471
     0.115983     2.130930
     0.118882     2.138531
     0.121782     2.146270
     0.124681     2.154147
     0.127581     2.162157
     0.130481     2.170298
     0.133380     2.178568
     0.136280     2.186965
     0.139179     2.195484
     0.142079     2.204125
     0.144978     2.212884
     0.147878     2.221759
     0.150778     2.230748
     0.153677     2.239847
     0.156577     2.249054
     0.159476     2.258367
     0.162376     2.267783
     0.165275     2.277300
     0.168175     2.286917
     0.171075     2.296629
     0.173974     2.306436
     0.176874     2.316335
     0.179773     2.326324
     0.182673     2.336401
     0.185572     2.346564
     0.188472     2.356812
     0.191372     2.367142
     0.194271     2.377553
     0.197171     2.388043
     0.200070     2.398610
     0.202970     2.409253
     0.205869     2.419969
     0.208769     2.430757
     0.211669     2.441615
     0.214568     2.452541
     0.217468     2.463532
     0.220367     2.474584
     0.223267     2.485696
     0.226166     2.496862
     0.229066     2.508079
     0.231966     2.519342
     0.234865     2.530643
     0.237765     2.541977
     0.240664     2.553334
     0.243564     2.564707
     0.246463     2.576084
     0.249363     2.587453
     0.252263     2.598802
     0.255162     2.610116
     0.258062     2.621379
     0.260961     2.632575
     0.263861     2.643685
     0.266760     2.654691
     0.269660     2.665573
     0.272560     2.676313
     0.275459     2.686892
     0.278359     2.697291
     0.281258     2.707496
     0.284158     2.717491
     0.287057     2.727264
     0.289957     2.736806


    -0.167407     2.333170
    -0.165733     2.326621
    -0.164059     2.320103
    -0.162385     2.313620
    -0.160710     2.307171
    -0.159036     2.300758
    -0.157362     2.294382
    -0.155688     2.288044
    -0.154014     2.281745
    -0.152340     2.275487
    -0.150666     2.269271
    -0.148992     2.263098
    -0.147318     2.256968
    -0.145644     2.250883
    -0.143970     2.244844
    -0.142296     2.238851
    -0.140622     2.232907
    -0.138948     2.227011
    -0.137274     2.221165
    -0.135599     2.215370
    -0.133925     2.209627
    -0.132251     2.203936
    -0.130577     2.198299
    -0.128903     2.192716
    -0.127229     2.187188
    -0.125555     2.181716
    -0.123881     2.176301
    -0.122207     2.170944
    -0.120533     2.165645
    -0.118859     2.160405
    -0.117185     2.155225
    -0.115511     2.150105
    -0.113837     2.145047
    -0.112163     2.140051
    -0.110488     2.135117
    -0.108814     2.130246
    -0.107140     2.125439
    -0.105466     2.120697
    -0.103792     2.116020
    -0.102118     2.111408
    -0.100444     2.106862
    -0.098770     2.102383
    -0.097096     2.097972
    -0.095422     2.093628
    -0.093748     2.089352
    -0.092074     2.085145
    -0.090400     2.081007
    -0.088726     2.076939
    -0.087052     2.072940
    -0.085377     2.069013
    -0.083703     2.065155
    -0.082029     2.061370
    -0.080355     2.057655
    -0.078681     2.054013
    -0.077007     2.050443
    -0.075333     2.046946
    -0.073659     2.043521
    -0.071985     2.040170
    -0.070311     2.036892
    -0.068637     2.033689
    -0.066963     2.030559
    -0.065289     2.027504
    -0.063615     2.024523
    -0.061940     2.021618
    -0.060266     2.018787
    -0.058592     2.016032
    -0.056918     2.013353
    -0.055244     2.010749
    -0.053570     2.008221
    -0.051896     2.005770
    -0.050222     2.003395
    -0.048548     2.001096
    -0.046874     1.998874
    -0.045200     1.996729
    -0.043526     1.994661
    -0.041852     1.992670
    -0.040178     1.990756
    -0.038504     1.988920
    -0.036829     1.987161
    -0.035155     1.985480
    -0.033481     1.983876
    -0.031807     1.982350
    -0.030133     1.980903
    -0.028459     1.979532
    -0.026785     1.978240
    -0.025111     1.977026
    -0.023437     1.975891
    -0.021763     1.974833
    -0.020089     1.973853
    -0.018415     1.972952
    -0.016741     1.972129
    -0.015067     1.971385
    -0.013393     1.970719
    -0.011718     1.970131
    -0.010044     1.969621
    -0.008370     1.969191
    -0.006696     1.968838
    -0.005022     1.968564
    -0.003348     1.968369
    -0.001674     1.968252
     0.000000     1.968213
     0.002900     1.968336
     0.005799     1.968690
     0.008699     1.969273
     0.011598     1.970085
     0.014498     1.971128
     0.017397     1.972408
     0.020297     1.973939
     0.023197     1.975719
     0.026096     1.977748
     0.028996     1.980025
     0.031895     1.982551
     0.034795     1.985326
     0.037694     1.988351
     0.040594     1.991626
     0.043494     1.995151
     0.046393     1.998926
     0.049293     2.002951
     0.052192     2.007225
     0.055092     2.011747
     0.057991     2.016516
     0.060891     2.021531
     0.063791     2.026789
     0.066690     2.032289
     0.069590     2.038029
     0.072489     2.044006
     0.075389     2.050216
     0.078288     2.056657
     0.081188     2.063324
     0.084088     2.070215
     0.086987     2.077325
     0.089887     2.084649
     0.092786     2.092183
     0.095686     2.099923
     0.098585     2.107862
     0.101485     2.115996
     0.104385     2.124319
     0.107284     2.132825
     0.110184     2.141509
     0.113083     2.150364
     0.115983     2.159385
     0.118882     2.168564
     0.121782     2.177897
     0.124681     2.187376
     0.127581     2.196995
     0.130481     2.206748
     0.133380     2.216627
     0.136280     2.226627
     0.139179     2.236741
     0.142079     2.246962
     0.144978     2.257283
     0.147878     2.267699
     0.150778     2.278202
     0.153677     2.288787
     0.156577     2.299447
     0.159476     2.310175
     0.162376     2.320965
     0.165275     2.331812
     0.168175     2.342709
     0.171075     2.353650
     0.173974     2.364629
     0.176874     2.375641
     0.179773     2.386679
     0.182673     2.397739
     0.185572     2.408815
     0.188472     2.419901
     0.191372     2.430993
     0.194271     2.442085
     0.197171     2.453173
     0.200070     2.464252
     0.202970     2.475318
     0.205869     2.486365
     0.208769     2.497391
     0.211669     2.508391
     0.214568     2.519362
     0.217468     2.530300
     0.220367     2.541202
     0.223267     2.552066
     0.226166     2.562889
     0.229066     2.573669
     0.231966     2.584404
     0.234865     2.595094
     0.237765     2.605737
     0.240664     2.616334
     0.243564     2.626885
     0.246463     2.637390
     0.249363     2.647853
     0.252263     2.658275
     0.255162     2.668659
     0.258062     2.679010
     0.260961     2.689332
     0.263861     2.699630
     0.266760     2.709909
     0.269660     2.720176
     0.272560     2.730436
     0.275459     2.740693
     0.278359     2.750953
     0.281258     2.761216
     0.284158     2.771484
     0.287057     2.781756
     0.289957     2.792028


