    -0.167407    -3.767673
    -0.165733    -3.767917
    -0.164059    -3.768162
    -0.162385    -3.768408
    -0.160710    -3.768653
    -0.159036    -3.768898
    -0.157362    -3.769143
    -0.155688    -3.769388
    -0.154014    -3.769631
    -0.152340    -3.769874
    -0.150666    -3.770116
    -0.148992    -3.770356
    -0.147318    -3.770596
    -0.145644    -3.770833
    -0.143970    -3.771069
    -0.142296    -3.771302
    -0.140622    -3.771534
    -0.138948    -3.771763
    -0.137274    -3.771989
    -0.135599    -3.772213
    -0.133925    -3.772434
    -0.132251    -3.772653
    -0.130577    -3.772868
    -0.128903    -3.773079
    -0.127229    -3.773288
    -0.125555    -3.773492
    -0.123881    -3.773693
    -0.122207    -3.773890
    -0.120533    -3.774084
    -0.118859    -3.774273
    -0.117185    -3.774457
    -0.115511    -3.774638
    -0.113837    -3.774813
    -0.112163    -3.774984
    -0.110488    -3.775151
    -0.108814    -3.775312
    -0.107140    -3.775468
    -0.105466    -3.775620
    -0.103792    -3.775766
    -0.102118    -3.775906
    -0.100444    -3.776041
    -0.098770    -3.776171
    -0.097096    -3.776294
    -0.095422    -3.776412
    -0.093748    -3.776524
    -0.092074    -3.776630
    -0.090400    -3.776730
    -0.088726    -3.776824
    -0.087051    -3.776912
    -0.085377    -3.776993
    -0.083703    -3.777067
    -0.082029    -3.777135
    -0.080355    -3.777196
    -0.078681    -3.777251
    -0.077007    -3.777299
    -0.075333    -3.777340
    -0.073659    -3.777373
    -0.071985    -3.777400
    -0.070311    -3.777420
    -0.068637    -3.777432
    -0.066963    -3.777437
    -0.065289    -3.777435
    -0.063615    -3.777425
    -0.061940    -3.777408
    -0.060266    -3.777383
    -0.058592    -3.777351
    -0.056918    -3.777310
    -0.055244    -3.777262
    -0.053570    -3.777207
    -0.051896    -3.777143
    -0.050222    -3.777071
    -0.048548    -3.776992
    -0.046874    -3.776904
    -0.045200    -3.776808
    -0.043526    -3.776704
    -0.041852    -3.776592
    -0.040178    -3.776472
    -0.038504    -3.776343
    -0.036829    -3.776206
    -0.035155    -3.776060
    -0.033481    -3.775906
    -0.031807    -3.775744
    -0.030133    -3.775573
    -0.028459    -3.775393
    -0.026785    -3.775205
    -0.025111    -3.775008
    -0.023437    -3.774802
    -0.021763    -3.774588
    -0.020089    -3.774365
    -0.018415    -3.774133
    -0.016741    -3.773892
    -0.015067    -3.773642
    -0.013393    -3.773383
    -0.011718    -3.773116
    -0.010044    -3.772839
    -0.008370    -3.772554
    -0.006696    -3.772259
    -0.005022    -3.771956
    -0.003348    -3.771643
    -0.001674    -3.771321
     0.000000    -3.770996
     0.001674    -3.771321
     0.003348    -3.771643
     0.005022    -3.771956
     0.006696    -3.772260
     0.008370    -3.772554
     0.010044    -3.772840
     0.011718    -3.773116
     0.013393    -3.773384
     0.015067    -3.773643
     0.016741    -3.773892
     0.018415    -3.774133
     0.020089    -3.774365
     0.021763    -3.774589
     0.023437    -3.774803
     0.025111    -3.775009
     0.026785    -3.775206
     0.028459    -3.775394
     0.030133    -3.775573
     0.031807    -3.775744
     0.033481    -3.775907
     0.035155    -3.776061
     0.036829    -3.776206
     0.038504    -3.776344
     0.040178    -3.776472
     0.041852    -3.776593
     0.043526    -3.776705
     0.045200    -3.776809
     0.046874    -3.776904
     0.048548    -3.776992
     0.050222    -3.777072
     0.051896    -3.777143
     0.053570    -3.777207
     0.055244    -3.777262
     0.056918    -3.777310
     0.058592    -3.777350
     0.060266    -3.777382
     0.061940    -3.777407
     0.063615    -3.777424
     0.065289    -3.777434
     0.066963    -3.777436
     0.068637    -3.777431
     0.070311    -3.777418
     0.071985    -3.777398
     0.073659    -3.777372
     0.075333    -3.777338
     0.077007    -3.777297
     0.078681    -3.777249
     0.080355    -3.777194
     0.082029    -3.777132
     0.083703    -3.777064
     0.085377    -3.776989
     0.087051    -3.776908
     0.088726    -3.776821
     0.090400    -3.776727
     0.092074    -3.776627
     0.093748    -3.776520
     0.095422    -3.776408
     0.097096    -3.776290
     0.098770    -3.776166
     0.100444    -3.776036
     0.102118    -3.775901
     0.103792    -3.775760
     0.105466    -3.775614
     0.107140    -3.775462
     0.108814    -3.775306
     0.110488    -3.775144
     0.112163    -3.774978
     0.113837    -3.774806
     0.115511    -3.774630
     0.117185    -3.774450
     0.118859    -3.774265
     0.120533    -3.774076
     0.122207    -3.773882
     0.123881    -3.773685
     0.125555    -3.773484
     0.127229    -3.773279
     0.128903    -3.773070
     0.130577    -3.772859
     0.132251    -3.772643
     0.133925    -3.772425
     0.135599    -3.772204
     0.137274    -3.771979
     0.138948    -3.771753
     0.140622    -3.771523
     0.142296    -3.771292
     0.143970    -3.771058
     0.145644    -3.770822
     0.147318    -3.770584
     0.148992    -3.770345
     0.150666    -3.770105
     0.152340    -3.769863
     0.154014    -3.769620
     0.155688    -3.769376
     0.157362    -3.769131
     0.159036    -3.768886
     0.160710    -3.768641
     0.162385    -3.768395
     0.164059    -3.768150
     0.165733    -3.767905
     0.167407    -3.767660


    -0.167407    -3.692049
    -0.165733    -3.693239
    -0.164059    -3.694423
    -0.162385    -3.695601
    -0.160710    -3.696773
    -0.159036    -3.697938
    -0.157362    -3.699097
    -0.155688    -3.700249
    -0.154014    -3.701395
    -0.152340    -3.702534
    -0.150666    -3.703665
    -0.148992    -3.704790
    -0.147318    -3.705908
    -0.145644    -3.707019
    -0.143970    -3.708123
    -0.142296    -3.709219
    -0.140622    -3.710308
    -0.138948    -3.711390
    -0.137274    -3.712464
    -0.135599    -3.713531
    -0.133925    -3.714590
    -0.132251    -3.715641
    -0.130577    -3.716685
    -0.128903    -3.717721
    -0.127229    -3.718749
    -0.125555    -3.719769
    -0.123881    -3.720782
    -0.122207    -3.721786
    -0.120533    -3.722782
    -0.118859    -3.723770
    -0.117185    -3.724749
    -0.115511    -3.725721
    -0.113837    -3.726684
    -0.112163    -3.727638
    -0.110488    -3.728585
    -0.108814    -3.729523
    -0.107140    -3.730452
    -0.105466    -3.731373
    -0.103792    -3.732285
    -0.102118    -3.733189
    -0.100444    -3.734083
    -0.098770    -3.734970
    -0.097096    -3.735847
    -0.095422    -3.736715
    -0.093748    -3.737575
    -0.092074    -3.738426
    -0.090400    -3.739268
    -0.088726    -3.740101
    -0.087051    -3.740925
    -0.085377    -3.741740
    -0.083703    -3.742546
    -0.082029    -3.743343
    -0.080355    -3.744131
    -0.078681    -3.744909
    -0.077007    -3.745679
    -0.075333    -3.746439
    -0.073659    -3.747191
    -0.071985    -3.747933
    -0.070311    -3.748665
    -0.068637    -3.749389
    -0.066963    -3.750103
    -0.065289    -3.750808
    -0.063615    -3.751504
    -0.061940    -3.752190
    -0.060266    -3.752867
    -0.058592    -3.753535
    -0.056918    -3.754193
    -0.055244    -3.754842
    -0.053570    -3.755482
    -0.051896    -3.756112
    -0.050222    -3.756732
    -0.048548    -3.757344
    -0.046874    -3.757946
    -0.045200    -3.758538
    -0.043526    -3.759122
    -0.041852    -3.759695
    -0.040178    -3.760260
    -0.038504    -3.760815
    -0.036829    -3.761360
    -0.035155    -3.761896
    -0.033481    -3.762423
    -0.031807    -3.762940
    -0.030133    -3.763448
    -0.028459    -3.763946
    -0.026785    -3.764435
    -0.025111    -3.764915
    -0.023437    -3.765385
    -0.021763    -3.765846
    -0.020089    -3.766298
    -0.018415    -3.766740
    -0.016741    -3.767173
    -0.015067    -3.767596
    -0.013393    -3.768010
    -0.011718    -3.768415
    -0.010044    -3.768811
    -0.008370    -3.769197
    -0.006696    -3.769574
    -0.005022    -3.769942
    -0.003348    -3.770300
    -0.001674    -3.770650
     0.000000    -3.770984
     0.001674    -3.770650
     0.003348    -3.770301
     0.005022    -3.769942
     0.006696    -3.769574
     0.008370    -3.769198
     0.010044    -3.768811
     0.011718    -3.768416
     0.013393    -3.768011
     0.015067    -3.767597
     0.016741    -3.767174
     0.018415    -3.766741
     0.020089    -3.766299
     0.021763    -3.765848
     0.023437    -3.765387
     0.025111    -3.764917
     0.026785    -3.764437
     0.028459    -3.763948
     0.030133    -3.763450
     0.031807    -3.762942
     0.033481    -3.762425
     0.035155    -3.761899
     0.036829    -3.761363
     0.038504    -3.760817
     0.040178    -3.760262
     0.041852    -3.759698
     0.043526    -3.759125
     0.045200    -3.758542
     0.046874    -3.757949
     0.048548    -3.757347
     0.050222    -3.756736
     0.051896    -3.756115
     0.053570    -3.755485
     0.055244    -3.754846
     0.056918    -3.754197
     0.058592    -3.753539
     0.060266    -3.752871
     0.061940    -3.752194
     0.063615    -3.751508
     0.065289    -3.750812
     0.066963    -3.750107
     0.068637    -3.749393
     0.070311    -3.748670
     0.071985    -3.747937
     0.073659    -3.747195
     0.075333    -3.746444
     0.077007    -3.745684
     0.078681    -3.744914
     0.080355    -3.744135
     0.082029    -3.743348
     0.083703    -3.742551
     0.085377    -3.741745
     0.087051    -3.740930
     0.088726    -3.740106
     0.090400    -3.739273
     0.092074    -3.738431
     0.093748    -3.737580
     0.095422    -3.736720
     0.097096    -3.735851
     0.098770    -3.734974
     0.100444    -3.734088
     0.102118    -3.733193
     0.103792    -3.732289
     0.105466    -3.731377
     0.107140    -3.730456
     0.108814    -3.729527
     0.110488    -3.728589
     0.112163    -3.727642
     0.113837    -3.726688
     0.115511    -3.725724
     0.117185    -3.724753
     0.118859    -3.723773
     0.120533    -3.722785
     0.122207    -3.721789
     0.123881    -3.720785
     0.125555    -3.719772
     0.127229    -3.718752
     0.128903    -3.717724
     0.130577    -3.716688
     0.132251    -3.715644
     0.133925    -3.714592
     0.135599    -3.713533
     0.137274    -3.712466
     0.138948    -3.711392
     0.140622    -3.710310
     0.142296    -3.709221
     0.143970    -3.708124
     0.145644    -3.707020
     0.147318    -3.705909
     0.148992    -3.704791
     0.150666    -3.703666
     0.152340    -3.702534
     0.154014    -3.701395
     0.155688    -3.700249
     0.157362    -3.699097
     0.159036    -3.697938
     0.160710    -3.696772
     0.162385    -3.695600
     0.164059    -3.694422
     0.165733    -3.693238
     0.167407    -3.692047


    -0.167407    -2.396153
    -0.165733    -2.391487
    -0.164059    -2.386940
    -0.162385    -2.382506
    -0.160710    -2.378183
    -0.159036    -2.373967
    -0.157362    -2.369856
    -0.155688    -2.365844
    -0.154014    -2.361930
    -0.152340    -2.358110
    -0.150666    -2.354381
    -0.148992    -2.350740
    -0.147318    -2.347183
    -0.145644    -2.343708
    -0.143970    -2.340312
    -0.142296    -2.336992
    -0.140622    -2.333747
    -0.138948    -2.330572
    -0.137274    -2.327467
    -0.135599    -2.324428
    -0.133925    -2.321454
    -0.132251    -2.318542
    -0.130577    -2.315691
    -0.128903    -2.312899
    -0.127229    -2.310163
    -0.125555    -2.307483
    -0.123881    -2.304856
    -0.122207    -2.302282
    -0.120533    -2.299759
    -0.118859    -2.297284
    -0.117185    -2.294858
    -0.115511    -2.292479
    -0.113837    -2.290146
    -0.112163    -2.287858
    -0.110488    -2.285613
    -0.108814    -2.283411
    -0.107140    -2.281251
    -0.105466    -2.279132
    -0.103792    -2.277053
    -0.102118    -2.275013
    -0.100444    -2.273012
    -0.098770    -2.271050
    -0.097096    -2.269124
    -0.095422    -2.267236
    -0.093748    -2.265383
    -0.092074    -2.263567
    -0.090400    -2.261786
    -0.088726    -2.260039
    -0.087051    -2.258327
    -0.085377    -2.256648
    -0.083703    -2.255003
    -0.082029    -2.253391
    -0.080355    -2.251812
    -0.078681    -2.250265
    -0.077007    -2.248751
    -0.075333    -2.247268
    -0.073659    -2.245817
    -0.071985    -2.244397
    -0.070311    -2.243008
    -0.068637    -2.241650
    -0.066963    -2.240323
    -0.065289    -2.239026
    -0.063615    -2.237759
    -0.061940    -2.236522
    -0.060266    -2.235315
    -0.058592    -2.234138
    -0.056918    -2.232990
    -0.055244    -2.231872
    -0.053570    -2.230783
    -0.051896    -2.229723
    -0.050222    -2.228692
    -0.048548    -2.227690
    -0.046874    -2.226717
    -0.045200    -2.225773
    -0.043526    -2.224857
    -0.041852    -2.223970
    -0.040178    -2.223111
    -0.038504    -2.222281
    -0.036829    -2.221479
    -0.035155    -2.220705
    -0.033481    -2.219959
    -0.031807    -2.219242
    -0.030133    -2.218552
    -0.028459    -2.217891
    -0.026785    -2.217257
    -0.025111    -2.216651
    -0.023437    -2.216073
    -0.021763    -2.215523
    -0.020089    -2.215000
    -0.018415    -2.214505
    -0.016741    -2.214037
    -0.015067    -2.213598
    -0.013393    -2.213185
    -0.011718    -2.212800
    -0.010044    -2.212443
    -0.008370    -2.212112
    -0.006696    -2.211809
    -0.005022    -2.211534
    -0.003348    -2.211285
    -0.001674    -2.211064
     0.000000    -2.210880
     0.001674    -2.211071
     0.003348    -2.211292
     0.005022    -2.211541
     0.006696    -2.211817
     0.008370    -2.212120
     0.010044    -2.212450
     0.011718    -2.212808
     0.013393    -2.213193
     0.015067    -2.213605
     0.016741    -2.214045
     0.018415    -2.214513
     0.020089    -2.215008
     0.021763    -2.215531
     0.023437    -2.216081
     0.025111    -2.216659
     0.026785    -2.217265
     0.028459    -2.217899
     0.030133    -2.218561
     0.031807    -2.219250
     0.033481    -2.219968
     0.035155    -2.220714
     0.036829    -2.221487
     0.038504    -2.222289
     0.040178    -2.223120
     0.041852    -2.223979
     0.043526    -2.224866
     0.045200    -2.225782
     0.046874    -2.226726
     0.048548    -2.227699
     0.050222    -2.228701
     0.051896    -2.229732
     0.053570    -2.230792
     0.055244    -2.231881
     0.056918    -2.232999
     0.058592    -2.234147
     0.060266    -2.235324
     0.061940    -2.236531
     0.063615    -2.237768
     0.065289    -2.239034
     0.066963    -2.240331
     0.068637    -2.241659
     0.070311    -2.243017
     0.071985    -2.244406
     0.073659    -2.245826
     0.075333    -2.247277
     0.077007    -2.248760
     0.078681    -2.250274
     0.080355    -2.251821
     0.082029    -2.253400
     0.083703    -2.255012
     0.085377    -2.256657
     0.087051    -2.258336
     0.088726    -2.260048
     0.090400    -2.261795
     0.092074    -2.263576
     0.093748    -2.265393
     0.095422    -2.267245
     0.097096    -2.269133
     0.098770    -2.271059
     0.100444    -2.273021
     0.102118    -2.275022
     0.103792    -2.277062
     0.105466    -2.279141
     0.107140    -2.281260
     0.108814    -2.283420
     0.110488    -2.285622
     0.112163    -2.287867
     0.113837    -2.290155
     0.115511    -2.292489
     0.117185    -2.294868
     0.118859    -2.297294
     0.120533    -2.299768
     0.122207    -2.302291
     0.123881    -2.304866
     0.125555    -2.307492
     0.127229    -2.310173
     0.128903    -2.312908
     0.130577    -2.315700
     0.132251    -2.318552
     0.133925    -2.321463
     0.135599    -2.324437
     0.137274    -2.327476
     0.138948    -2.330582
     0.140622    -2.333756
     0.142296    -2.337002
     0.143970    -2.340321
     0.145644    -2.343717
     0.147318    -2.347192
     0.148992    -2.350749
     0.150666    -2.354390
     0.152340    -2.358119
     0.154014    -2.361939
     0.155688    -2.365853
     0.157362    -2.369864
     0.159036    -2.373976
     0.160710    -2.378191
     0.162385    -2.382514
     0.164059    -2.386947
     0.165733    -2.391495
     0.167407    -2.396160


    -0.167407    -2.339678
    -0.165733    -2.335747
    -0.164059    -2.331966
    -0.162385    -2.328327
    -0.160710    -2.324822
    -0.159036    -2.321445
    -0.157362    -2.318186
    -0.155688    -2.315040
    -0.154014    -2.311999
    -0.152340    -2.309057
    -0.150666    -2.306208
    -0.148992    -2.303448
    -0.147318    -2.300770
    -0.145644    -2.298171
    -0.143970    -2.295645
    -0.142296    -2.293188
    -0.140622    -2.290798
    -0.138948    -2.288470
    -0.137274    -2.286202
    -0.135599    -2.283990
    -0.133925    -2.281831
    -0.132251    -2.279724
    -0.130577    -2.277666
    -0.128903    -2.275655
    -0.127229    -2.273688
    -0.125555    -2.271765
    -0.123881    -2.269884
    -0.122207    -2.268043
    -0.120533    -2.266240
    -0.118859    -2.264475
    -0.117185    -2.262747
    -0.115511    -2.261054
    -0.113837    -2.259395
    -0.112163    -2.257770
    -0.110488    -2.256177
    -0.108814    -2.254617
    -0.107140    -2.253087
    -0.105466    -2.251589
    -0.103792    -2.250121
    -0.102118    -2.248682
    -0.100444    -2.247273
    -0.098770    -2.245892
    -0.097096    -2.244540
    -0.095422    -2.243215
    -0.093748    -2.241919
    -0.092074    -2.240649
    -0.090400    -2.239407
    -0.088726    -2.238192
    -0.087051    -2.237004
    -0.085377    -2.235842
    -0.083703    -2.234707
    -0.082029    -2.233597
    -0.080355    -2.232514
    -0.078681    -2.231457
    -0.077007    -2.230426
    -0.075333    -2.229420
    -0.073659    -2.228441
    -0.071985    -2.227486
    -0.070311    -2.226558
    -0.068637    -2.225655
    -0.066963    -2.224778
    -0.065289    -2.223926
    -0.063615    -2.223100
    -0.061940    -2.222299
    -0.060266    -2.221524
    -0.058592    -2.220774
    -0.056918    -2.220050
    -0.055244    -2.219351
    -0.053570    -2.218678
    -0.051896    -2.218031
    -0.050222    -2.217409
    -0.048548    -2.216813
    -0.046874    -2.216242
    -0.045200    -2.215697
    -0.043526    -2.215178
    -0.041852    -2.214685
    -0.040178    -2.214217
    -0.038504    -2.213776
    -0.036829    -2.213360
    -0.035155    -2.212970
    -0.033481    -2.212607
    -0.031807    -2.212269
    -0.030133    -2.211958
    -0.028459    -2.211673
    -0.026785    -2.211413
    -0.025111    -2.211181
    -0.023437    -2.210974
    -0.021763    -2.210794
    -0.020089    -2.210641
    -0.018415    -2.210513
    -0.016741    -2.210413
    -0.015067    -2.210339
    -0.013393    -2.210291
    -0.011718    -2.210271
    -0.010044    -2.210276
    -0.008370    -2.210309
    -0.006696    -2.210369
    -0.005022    -2.210455
    -0.003348    -2.210568
    -0.001674    -2.210709
     0.000000    -2.210866
     0.001674    -2.210702
     0.003348    -2.210562
     0.005022    -2.210449
     0.006696    -2.210363
     0.008370    -2.210303
     0.010044    -2.210271
     0.011718    -2.210265
     0.013393    -2.210286
     0.015067    -2.210334
     0.016741    -2.210408
     0.018415    -2.210509
     0.020089    -2.210636
     0.021763    -2.210790
     0.023437    -2.210970
     0.025111    -2.211177
     0.026785    -2.211410
     0.028459    -2.211669
     0.030133    -2.211955
     0.031807    -2.212266
     0.033481    -2.212604
     0.035155    -2.212968
     0.036829    -2.213358
     0.038504    -2.213774
     0.040178    -2.214216
     0.041852    -2.214684
     0.043526    -2.215177
     0.045200    -2.215696
     0.046874    -2.216242
     0.048548    -2.216812
     0.050222    -2.217409
     0.051896    -2.218031
     0.053570    -2.218679
     0.055244    -2.219352
     0.056918    -2.220051
     0.058592    -2.220776
     0.060266    -2.221526
     0.061940    -2.222301
     0.063615    -2.223102
     0.065289    -2.223929
     0.066963    -2.224781
     0.068637    -2.225659
     0.070311    -2.226562
     0.071985    -2.227490
     0.073659    -2.228445
     0.075333    -2.229425
     0.077007    -2.230431
     0.078681    -2.231462
     0.080355    -2.232520
     0.082029    -2.233603
     0.083703    -2.234712
     0.085377    -2.235848
     0.087051    -2.237010
     0.088726    -2.238199
     0.090400    -2.239414
     0.092074    -2.240657
     0.093748    -2.241926
     0.095422    -2.243223
     0.097096    -2.244547
     0.098770    -2.245900
     0.100444    -2.247281
     0.102118    -2.248691
     0.103792    -2.250130
     0.105466    -2.251598
     0.107140    -2.253097
     0.108814    -2.254626
     0.110488    -2.256187
     0.112163    -2.257779
     0.113837    -2.259405
     0.115511    -2.261064
     0.117185    -2.262757
     0.118859    -2.264486
     0.120533    -2.266251
     0.122207    -2.268053
     0.123881    -2.269895
     0.125555    -2.271776
     0.127229    -2.273699
     0.128903    -2.275666
     0.130577    -2.277677
     0.132251    -2.279735
     0.133925    -2.281842
     0.135599    -2.284001
     0.137274    -2.286213
     0.138948    -2.288482
     0.140622    -2.290809
     0.142296    -2.293200
     0.143970    -2.295656
     0.145644    -2.298182
     0.147318    -2.300781
     0.148992    -2.303459
     0.150666    -2.306219
     0.152340    -2.309068
     0.154014    -2.312009
     0.155688    -2.315050
     0.157362    -2.318197
     0.159036    -2.321455
     0.160710    -2.324833
     0.162385    -2.328337
     0.164059    -2.331976
     0.165733    -2.335757
     0.167407    -2.339688


    -0.167407    -2.127497
    -0.165733    -2.119879
    -0.164059    -2.112165
    -0.162385    -2.104363
    -0.160710    -2.096484
    -0.159036    -2.088537
    -0.157362    -2.080530
    -0.155688    -2.072474
    -0.154014    -2.064376
    -0.152340    -2.056244
    -0.150666    -2.048085
    -0.148992    -2.039908
    -0.147318    -2.031718
    -0.145644    -2.023522
    -0.143970    -2.015325
    -0.142296    -2.007135
    -0.140622    -1.998956
    -0.138948    -1.990793
    -0.137274    -1.982651
    -0.135599    -1.974534
    -0.133925    -1.966447
    -0.132251    -1.958394
    -0.130577    -1.950378
    -0.128903    -1.942404
    -0.127229    -1.934475
    -0.125555    -1.926593
    -0.123881    -1.918762
    -0.122207    -1.910985
    -0.120533    -1.903264
    -0.118859    -1.895602
    -0.117185    -1.888002
    -0.115511    -1.880466
    -0.113837    -1.872995
    -0.112163    -1.865593
    -0.110488    -1.858260
    -0.108814    -1.851000
    -0.107140    -1.843813
    -0.105466    -1.836700
    -0.103792    -1.829665
    -0.102118    -1.822707
    -0.100444    -1.815829
    -0.098770    -1.809032
    -0.097096    -1.802316
    -0.095422    -1.795683
    -0.093748    -1.789133
    -0.092074    -1.782669
    -0.090400    -1.776290
    -0.088726    -1.769998
    -0.087051    -1.763794
    -0.085377    -1.757679
    -0.083703    -1.751657
    -0.082029    -1.745735
    -0.080355    -1.739931
    -0.078681    -1.734280
    -0.077007    -1.728780
    -0.075333    -1.723389
    -0.073659    -1.718083
    -0.071985    -1.712856
    -0.070311    -1.707705
    -0.068637    -1.702629
    -0.066963    -1.697627
    -0.065289    -1.692700
    -0.063615    -1.687847
    -0.061940    -1.683069
    -0.060266    -1.678366
    -0.058592    -1.673738
    -0.056918    -1.669184
    -0.055244    -1.664707
    -0.053570    -1.660305
    -0.051896    -1.655978
    -0.050222    -1.651728
    -0.048548    -1.647555
    -0.046874    -1.643458
    -0.045200    -1.639438
    -0.043526    -1.635496
    -0.041852    -1.631633
    -0.040178    -1.627847
    -0.038504    -1.624141
    -0.036829    -1.620515
    -0.035155    -1.616970
    -0.033481    -1.613506
    -0.031807    -1.610126
    -0.030133    -1.606830
    -0.028459    -1.603620
    -0.026785    -1.600499
    -0.025111    -1.597469
    -0.023437    -1.594533
    -0.021763    -1.591695
    -0.020089    -1.588960
    -0.018415    -1.586334
    -0.016741    -1.583825
    -0.015067    -1.581443
    -0.013393    -1.579200
    -0.011718    -1.577111
    -0.010044    -1.575198
    -0.008370    -1.573484
    -0.006696    -1.571998
    -0.005022    -1.570774
    -0.003348    -1.569849
    -0.001674    -1.569254
     0.000000    -1.569017
     0.001674    -1.569252
     0.003348    -1.569845
     0.005022    -1.570769
     0.006696    -1.571991
     0.008370    -1.573475
     0.010044    -1.575189
     0.011718    -1.577101
     0.013393    -1.579189
     0.015067    -1.581431
     0.016741    -1.583813
     0.018415    -1.586321
     0.020089    -1.588947
     0.021763    -1.591681
     0.023437    -1.594519
     0.025111    -1.597455
     0.026785    -1.600485
     0.028459    -1.603606
     0.030133    -1.606815
     0.031807    -1.610111
     0.033481    -1.613491
     0.035155    -1.616955
     0.036829    -1.620500
     0.038504    -1.624126
     0.040178    -1.627832
     0.041852    -1.631617
     0.043526    -1.635481
     0.045200    -1.639423
     0.046874    -1.643442
     0.048548    -1.647539
     0.050222    -1.651712
     0.051896    -1.655962
     0.053570    -1.660288
     0.055244    -1.664690
     0.056918    -1.669168
     0.058592    -1.673721
     0.060266    -1.678349
     0.061940    -1.683052
     0.063615    -1.687830
     0.065289    -1.692683
     0.066963    -1.697610
     0.068637    -1.702611
     0.070311    -1.707687
     0.071985    -1.712838
     0.073659    -1.718064
     0.075333    -1.723369
     0.077007    -1.728758
     0.078681    -1.734256
     0.080355    -1.739905
     0.082029    -1.745709
     0.083703    -1.751632
     0.085377    -1.757654
     0.087051    -1.763769
     0.088726    -1.769973
     0.090400    -1.776265
     0.092074    -1.782644
     0.093748    -1.789108
     0.095422    -1.795657
     0.097096    -1.802290
     0.098770    -1.809006
     0.100444    -1.815804
     0.102118    -1.822682
     0.103792    -1.829640
     0.105466    -1.836675
     0.107140    -1.843787
     0.108814    -1.850975
     0.110488    -1.858235
     0.112163    -1.865568
     0.113837    -1.872970
     0.115511    -1.880441
     0.117185    -1.887977
     0.118859    -1.895578
     0.120533    -1.903240
     0.122207    -1.910960
     0.123881    -1.918738
     0.125555    -1.926569
     0.127229    -1.934451
     0.128903    -1.942381
     0.130577    -1.950356
     0.132251    -1.958371
     0.133925    -1.966425
     0.135599    -1.974512
     0.137274    -1.982629
     0.138948    -1.990772
     0.140622    -1.998935
     0.142296    -2.007115
     0.143970    -2.015306
     0.145644    -2.023502
     0.147318    -2.031699
     0.148992    -2.039889
     0.150666    -2.048067
     0.152340    -2.056226
     0.154014    -2.064359
     0.155688    -2.072457
     0.157362    -2.080514
     0.159036    -2.088521
     0.160710    -2.096469
     0.162385    -2.104349
     0.164059    -2.112151
     0.165733    -2.119866
     0.167407    -2.127484


    -0.167407    -2.095156
    -0.165733    -2.088054
    -0.164059    -2.080903
    -0.162385    -2.073707
    -0.160710    -2.066470
    -0.159036    -2.059198
    -0.157362    -2.051895
    -0.155688    -2.044565
    -0.154014    -2.037213
    -0.152340    -2.029843
    -0.150666    -2.022460
    -0.148992    -2.015067
    -0.147318    -2.007670
    -0.145644    -2.000271
    -0.143970    -1.992874
    -0.142296    -1.985484
    -0.140622    -1.978104
    -0.138948    -1.970736
    -0.137274    -1.963386
    -0.135599    -1.956055
    -0.133925    -1.948747
    -0.132251    -1.941465
    -0.130577    -1.934212
    -0.128903    -1.926989
    -0.127229    -1.919801
    -0.125555    -1.912649
    -0.123881    -1.905535
    -0.122207    -1.898463
    -0.120533    -1.891433
    -0.118859    -1.884449
    -0.117185    -1.877511
    -0.115511    -1.870623
    -0.113837    -1.863785
    -0.112163    -1.856999
    -0.110488    -1.850266
    -0.108814    -1.843589
    -0.107140    -1.836969
    -0.105466    -1.830406
    -0.103792    -1.823903
    -0.102118    -1.817460
    -0.100444    -1.811078
    -0.098770    -1.804759
    -0.097096    -1.798503
    -0.095422    -1.792311
    -0.093748    -1.786185
    -0.092074    -1.780124
    -0.090400    -1.774129
    -0.088726    -1.768201
    -0.087051    -1.762339
    -0.085377    -1.756544
    -0.083703    -1.750813
    -0.082029    -1.745141
    -0.080355    -1.739509
    -0.078681    -1.733884
    -0.077007    -1.728267
    -0.075333    -1.722702
    -0.073659    -1.717213
    -0.071985    -1.711807
    -0.070311    -1.706487
    -0.068637    -1.701255
    -0.066963    -1.696111
    -0.065289    -1.691055
    -0.063615    -1.686087
    -0.061940    -1.681208
    -0.060266    -1.676417
    -0.058592    -1.671713
    -0.056918    -1.667098
    -0.055244    -1.662571
    -0.053570    -1.658131
    -0.051896    -1.653778
    -0.050222    -1.649513
    -0.048548    -1.645334
    -0.046874    -1.641242
    -0.045200    -1.637236
    -0.043526    -1.633317
    -0.041852    -1.629484
    -0.040178    -1.625738
    -0.038504    -1.622078
    -0.036829    -1.618505
    -0.035155    -1.615018
    -0.033481    -1.611619
    -0.031807    -1.608309
    -0.030133    -1.605087
    -0.028459    -1.601956
    -0.026785    -1.598917
    -0.025111    -1.595971
    -0.023437    -1.593123
    -0.021763    -1.590375
    -0.020089    -1.587732
    -0.018415    -1.585200
    -0.016741    -1.582786
    -0.015067    -1.580500
    -0.013393    -1.578354
    -0.011718    -1.576364
    -0.010044    -1.574551
    -0.008370    -1.572938
    -0.006696    -1.571556
    -0.005022    -1.570439
    -0.003348    -1.569623
    -0.001674    -1.569140
     0.000000    -1.569011
     0.001674    -1.569140
     0.003348    -1.569621
     0.005022    -1.570436
     0.006696    -1.571551
     0.008370    -1.572932
     0.010044    -1.574544
     0.011718    -1.576357
     0.013393    -1.578346
     0.015067    -1.580491
     0.016741    -1.582777
     0.018415    -1.585190
     0.020089    -1.587722
     0.021763    -1.590365
     0.023437    -1.593112
     0.025111    -1.595960
     0.026785    -1.598905
     0.028459    -1.601944
     0.030133    -1.605075
     0.031807    -1.608296
     0.033481    -1.611606
     0.035155    -1.615005
     0.036829    -1.618491
     0.038504    -1.622064
     0.040178    -1.625723
     0.041852    -1.629469
     0.043526    -1.633302
     0.045200    -1.637221
     0.046874    -1.641226
     0.048548    -1.645317
     0.050222    -1.649496
     0.051896    -1.653761
     0.053570    -1.658113
     0.055244    -1.662553
     0.056918    -1.667080
     0.058592    -1.671695
     0.060266    -1.676398
     0.061940    -1.681188
     0.063615    -1.686068
     0.065289    -1.691035
     0.066963    -1.696091
     0.068637    -1.701235
     0.070311    -1.706467
     0.071985    -1.711787
     0.073659    -1.717193
     0.075333    -1.722683
     0.077007    -1.728248
     0.078681    -1.733867
     0.080355    -1.739494
     0.082029    -1.745126
     0.083703    -1.750798
     0.085377    -1.756528
     0.087051    -1.762323
     0.088726    -1.768184
     0.090400    -1.774112
     0.092074    -1.780106
     0.093748    -1.786167
     0.095422    -1.792294
     0.097096    -1.798485
     0.098770    -1.804741
     0.100444    -1.811060
     0.102118    -1.817442
     0.103792    -1.823885
     0.105466    -1.830388
     0.107140    -1.836950
     0.108814    -1.843571
     0.110488    -1.850248
     0.112163    -1.856980
     0.113837    -1.863766
     0.115511    -1.870604
     0.117185    -1.877492
     0.118859    -1.884430
     0.120533    -1.891414
     0.122207    -1.898444
     0.123881    -1.905516
     0.125555    -1.912629
     0.127229    -1.919781
     0.128903    -1.926970
     0.130577    -1.934192
     0.132251    -1.941445
     0.133925    -1.948727
     0.135599    -1.956035
     0.137274    -1.963366
     0.138948    -1.970717
     0.140622    -1.978084
     0.142296    -1.985464
     0.143970    -1.992854
     0.145644    -2.000251
     0.147318    -2.007650
     0.148992    -2.015048
     0.150666    -2.022440
     0.152340    -2.029823
     0.154014    -2.037193
     0.155688    -2.044545
     0.157362    -2.051875
     0.159036    -2.059179
     0.160710    -2.066451
     0.162385    -2.073687
     0.164059    -2.080884
     0.165733    -2.088035
     0.167407    -2.095137


    -0.167407    -1.637942
    -0.165733    -1.634967
    -0.164059    -1.632016
    -0.162385    -1.629089
    -0.160710    -1.626188
    -0.159036    -1.623313
    -0.157362    -1.620465
    -0.155688    -1.617643
    -0.154014    -1.614849
    -0.152340    -1.612084
    -0.150666    -1.609347
    -0.148992    -1.606639
    -0.147318    -1.603961
    -0.145644    -1.601314
    -0.143970    -1.598698
    -0.142296    -1.596113
    -0.140622    -1.593561
    -0.138948    -1.591042
    -0.137274    -1.588556
    -0.135599    -1.586104
    -0.133925    -1.583687
    -0.132251    -1.581306
    -0.130577    -1.578960
    -0.128903    -1.576651
    -0.127229    -1.574378
    -0.125555    -1.572144
    -0.123881    -1.569948
    -0.122207    -1.567791
    -0.120533    -1.565674
    -0.118859    -1.563597
    -0.117185    -1.561561
    -0.115511    -1.559566
    -0.113837    -1.557614
    -0.112163    -1.555704
    -0.110488    -1.553837
    -0.108814    -1.552015
    -0.107140    -1.550236
    -0.105466    -1.548503
    -0.103792    -1.546816
    -0.102118    -1.545175
    -0.100444    -1.543581
    -0.098770    -1.542034
    -0.097096    -1.540535
    -0.095422    -1.539085
    -0.093748    -1.537684
    -0.092074    -1.536333
    -0.090400    -1.535031
    -0.088726    -1.533781
    -0.087051    -1.532582
    -0.085377    -1.531434
    -0.083703    -1.530339
    -0.082029    -1.529297
    -0.080355    -1.528308
    -0.078681    -1.527372
    -0.077007    -1.526491
    -0.075333    -1.525664
    -0.073659    -1.524892
    -0.071985    -1.524176
    -0.070311    -1.523515
    -0.068637    -1.522911
    -0.066963    -1.522363
    -0.065289    -1.521872
    -0.063615    -1.521438
    -0.061940    -1.521062
    -0.060266    -1.520743
    -0.058592    -1.520483
    -0.056918    -1.520281
    -0.055244    -1.520137
    -0.053570    -1.520052
    -0.051896    -1.520026
    -0.050222    -1.520059
    -0.048548    -1.520150
    -0.046874    -1.520301
    -0.045200    -1.520510
    -0.043526    -1.520778
    -0.041852    -1.521105
    -0.040178    -1.521490
    -0.038504    -1.521934
    -0.036829    -1.522434
    -0.035155    -1.522992
    -0.033481    -1.523606
    -0.031807    -1.524276
    -0.030133    -1.525000
    -0.028459    -1.525777
    -0.026785    -1.526606
    -0.025111    -1.527486
    -0.023437    -1.528411
    -0.021763    -1.529378
    -0.020089    -1.530379
    -0.018415    -1.531406
    -0.016741    -1.532451
    -0.015067    -1.533501
    -0.013393    -1.534546
    -0.011718    -1.535568
    -0.010044    -1.536549
    -0.008370    -1.537464
    -0.006696    -1.538283
    -0.005022    -1.538972
    -0.003348    -1.539498
    -0.001674    -1.539826
     0.000000    -1.539935
     0.001674    -1.539818
     0.003348    -1.539487
     0.005022    -1.538961
     0.006696    -1.538273
     0.008370    -1.537455
     0.010044    -1.536541
     0.011718    -1.535561
     0.013393    -1.534540
     0.015067    -1.533496
     0.016741    -1.532447
     0.018415    -1.531404
     0.020089    -1.530378
     0.021763    -1.529380
     0.023437    -1.528416
     0.025111    -1.527493
     0.026785    -1.526617
     0.028459    -1.525789
     0.030133    -1.525013
     0.031807    -1.524290
     0.033481    -1.523621
     0.035155    -1.523007
     0.036829    -1.522450
     0.038504    -1.521949
     0.040178    -1.521506
     0.041852    -1.521121
     0.043526    -1.520794
     0.045200    -1.520526
     0.046874    -1.520316
     0.048548    -1.520165
     0.050222    -1.520074
     0.051896    -1.520041
     0.053570    -1.520067
     0.055244    -1.520152
     0.056918    -1.520295
     0.058592    -1.520497
     0.060266    -1.520757
     0.061940    -1.521076
     0.063615    -1.521452
     0.065289    -1.521885
     0.066963    -1.522376
     0.068637    -1.522924
     0.070311    -1.523528
     0.071985    -1.524188
     0.073659    -1.524904
     0.075333    -1.525676
     0.077007    -1.526503
     0.078681    -1.527384
     0.080355    -1.528319
     0.082029    -1.529308
     0.083703    -1.530350
     0.085377    -1.531445
     0.087051    -1.532592
     0.088726    -1.533791
     0.090400    -1.535041
     0.092074    -1.536342
     0.093748    -1.537693
     0.095422    -1.539094
     0.097096    -1.540544
     0.098770    -1.542043
     0.100444    -1.543589
     0.102118    -1.545183
     0.103792    -1.546824
     0.105466    -1.548511
     0.107140    -1.550243
     0.108814    -1.552021
     0.110488    -1.553844
     0.112163    -1.555710
     0.113837    -1.557620
     0.115511    -1.559572
     0.117185    -1.561566
     0.118859    -1.563602
     0.120533    -1.565679
     0.122207    -1.567796
     0.123881    -1.569952
     0.125555    -1.572148
     0.127229    -1.574382
     0.128903    -1.576654
     0.130577    -1.578963
     0.132251    -1.581308
     0.133925    -1.583690
     0.135599    -1.586107
     0.137274    -1.588558
     0.138948    -1.591044
     0.140622    -1.593563
     0.142296    -1.596115
     0.143970    -1.598699
     0.145644    -1.601315
     0.147318    -1.603962
     0.148992    -1.606639
     0.150666    -1.609347
     0.152340    -1.612084
     0.154014    -1.614849
     0.155688    -1.617643
     0.157362    -1.620464
     0.159036    -1.623313
     0.160710    -1.626188
     0.162385    -1.629088
     0.164059    -1.632015
     0.165733    -1.634966
     0.167407    -1.637941


    -0.167407    -1.616237
    -0.165733    -1.613340
    -0.164059    -1.610481
    -0.162385    -1.607661
    -0.160710    -1.604879
    -0.159036    -1.602136
    -0.157362    -1.599433
    -0.155688    -1.596770
    -0.154014    -1.594147
    -0.152340    -1.591564
    -0.150666    -1.589022
    -0.148992    -1.586521
    -0.147318    -1.584062
    -0.145644    -1.581644
    -0.143970    -1.579268
    -0.142296    -1.576934
    -0.140622    -1.574643
    -0.138948    -1.572394
    -0.137274    -1.570187
    -0.135599    -1.568024
    -0.133925    -1.565904
    -0.132251    -1.563828
    -0.130577    -1.561795
    -0.128903    -1.559805
    -0.127229    -1.557860
    -0.125555    -1.555958
    -0.123881    -1.554101
    -0.122207    -1.552289
    -0.120533    -1.550521
    -0.118859    -1.548797
    -0.117185    -1.547119
    -0.115511    -1.545485
    -0.113837    -1.543897
    -0.112163    -1.542354
    -0.110488    -1.540856
    -0.108814    -1.539404
    -0.107140    -1.537997
    -0.105466    -1.536636
    -0.103792    -1.535322
    -0.102118    -1.534053
    -0.100444    -1.532830
    -0.098770    -1.531654
    -0.097096    -1.530524
    -0.095422    -1.529441
    -0.093748    -1.528405
    -0.092074    -1.527415
    -0.090400    -1.526473
    -0.088726    -1.525577
    -0.087051    -1.524729
    -0.085377    -1.523928
    -0.083703    -1.523174
    -0.082029    -1.522469
    -0.080355    -1.521810
    -0.078681    -1.521200
    -0.077007    -1.520638
    -0.075333    -1.520124
    -0.073659    -1.519659
    -0.071985    -1.519241
    -0.070311    -1.518873
    -0.068637    -1.518552
    -0.066963    -1.518281
    -0.065289    -1.518059
    -0.063615    -1.517885
    -0.061940    -1.517761
    -0.060266    -1.517686
    -0.058592    -1.517660
    -0.056918    -1.517683
    -0.055244    -1.517756
    -0.053570    -1.517879
    -0.051896    -1.518051
    -0.050222    -1.518272
    -0.048548    -1.518542
    -0.046874    -1.518863
    -0.045200    -1.519232
    -0.043526    -1.519650
    -0.041852    -1.520117
    -0.040178    -1.520633
    -0.038504    -1.521197
    -0.036829    -1.521808
    -0.035155    -1.522466
    -0.033481    -1.523170
    -0.031807    -1.523918
    -0.030133    -1.524710
    -0.028459    -1.525543
    -0.026785    -1.526415
    -0.025111    -1.527323
    -0.023437    -1.528265
    -0.021763    -1.529237
    -0.020089    -1.530238
    -0.018415    -1.531263
    -0.016741    -1.532307
    -0.015067    -1.533359
    -0.013393    -1.534409
    -0.011718    -1.535440
    -0.010044    -1.536432
    -0.008370    -1.537360
    -0.006696    -1.538194
    -0.005022    -1.538900
    -0.003348    -1.539441
    -0.001674    -1.539785
     0.000000    -1.539907
     0.001674    -1.539795
     0.003348    -1.539457
     0.005022    -1.538918
     0.006696    -1.538213
     0.008370    -1.537379
     0.010044    -1.536451
     0.011718    -1.535459
     0.013393    -1.534428
     0.015067    -1.533378
     0.016741    -1.532324
     0.018415    -1.531280
     0.020089    -1.530253
     0.021763    -1.529249
     0.023437    -1.528274
     0.025111    -1.527330
     0.026785    -1.526419
     0.028459    -1.525545
     0.030133    -1.524710
     0.031807    -1.523917
     0.033481    -1.523168
     0.035155    -1.522464
     0.036829    -1.521805
     0.038504    -1.521194
     0.040178    -1.520630
     0.041852    -1.520114
     0.043526    -1.519646
     0.045200    -1.519228
     0.046874    -1.518859
     0.048548    -1.518538
     0.050222    -1.518268
     0.051896    -1.518046
     0.053570    -1.517874
     0.055244    -1.517752
     0.056918    -1.517679
     0.058592    -1.517655
     0.060266    -1.517681
     0.061940    -1.517756
     0.063615    -1.517880
     0.065289    -1.518054
     0.066963    -1.518276
     0.068637    -1.518547
     0.070311    -1.518867
     0.071985    -1.519236
     0.073659    -1.519653
     0.075333    -1.520119
     0.077007    -1.520633
     0.078681    -1.521195
     0.080355    -1.521805
     0.082029    -1.522463
     0.083703    -1.523169
     0.085377    -1.523923
     0.087051    -1.524724
     0.088726    -1.525572
     0.090400    -1.526467
     0.092074    -1.527410
     0.093748    -1.528400
     0.095422    -1.529436
     0.097096    -1.530519
     0.098770    -1.531649
     0.100444    -1.532825
     0.102118    -1.534048
     0.103792    -1.535317
     0.105466    -1.536632
     0.107140    -1.537992
     0.108814    -1.539399
     0.110488    -1.540851
     0.112163    -1.542349
     0.113837    -1.543892
     0.115511    -1.545481
     0.117185    -1.547114
     0.118859    -1.548793
     0.120533    -1.550517
     0.122207    -1.552285
     0.123881    -1.554098
     0.125555    -1.555955
     0.127229    -1.557856
     0.128903    -1.559802
     0.130577    -1.561791
     0.132251    -1.563824
     0.133925    -1.565901
     0.135599    -1.568021
     0.137274    -1.570185
     0.138948    -1.572391
     0.140622    -1.574640
     0.142296    -1.576932
     0.143970    -1.579266
     0.145644    -1.581642
     0.147318    -1.584060
     0.148992    -1.586520
     0.150666    -1.589021
     0.152340    -1.591563
     0.154014    -1.594145
     0.155688    -1.596769
     0.157362    -1.599432
     0.159036    -1.602135
     0.160710    -1.604878
     0.162385    -1.607660
     0.164059    -1.610481
     0.165733    -1.613340
     0.167407    -1.616237


    -0.167407    -1.252556
    -0.165733    -1.247136
    -0.164059    -1.241665
    -0.162385    -1.236141
    -0.160710    -1.230566
    -0.159036    -1.224940
    -0.157362    -1.219262
    -0.155688    -1.213533
    -0.154014    -1.207753
    -0.152340    -1.201924
    -0.150666    -1.196055
    -0.148992    -1.190588
    -0.147318    -1.185407
    -0.145644    -1.180186
    -0.143970    -1.174920
    -0.142296    -1.169606
    -0.140622    -1.164245
    -0.138948    -1.158835
    -0.137274    -1.153376
    -0.135599    -1.147867
    -0.133925    -1.142308
    -0.132251    -1.136698
    -0.130577    -1.131037
    -0.128903    -1.125325
    -0.127229    -1.119561
    -0.125555    -1.113745
    -0.123881    -1.107876
    -0.122207    -1.101955
    -0.120533    -1.095981
    -0.118859    -1.089955
    -0.117185    -1.083876
    -0.115511    -1.077744
    -0.113837    -1.071560
    -0.112163    -1.065324
    -0.110488    -1.059036
    -0.108814    -1.052696
    -0.107140    -1.046306
    -0.105466    -1.039865
    -0.103792    -1.033375
    -0.102118    -1.026836
    -0.100444    -1.020249
    -0.098770    -1.013616
    -0.097096    -1.006937
    -0.095422    -1.000214
    -0.093748    -0.993448
    -0.092074    -0.986641
    -0.090400    -0.979794
    -0.088726    -0.972910
    -0.087051    -0.965990
    -0.085377    -0.959037
    -0.083703    -0.952053
    -0.082029    -0.945040
    -0.080355    -0.938001
    -0.078681    -0.930940
    -0.077007    -0.923858
    -0.075333    -0.916761
    -0.073659    -0.909650
    -0.071985    -0.902530
    -0.070311    -0.895404
    -0.068637    -0.888278
    -0.066963    -0.881156
    -0.065289    -0.874041
    -0.063615    -0.866940
    -0.061940    -0.859858
    -0.060266    -0.852801
    -0.058592    -0.845774
    -0.056918    -0.838784
    -0.055244    -0.831837
    -0.053570    -0.824941
    -0.051896    -0.818104
    -0.050222    -0.811332
    -0.048548    -0.804635
    -0.046874    -0.798021
    -0.045200    -0.791500
    -0.043526    -0.785080
    -0.041852    -0.778771
    -0.040178    -0.772585
    -0.038504    -0.766532
    -0.036829    -0.760622
    -0.035155    -0.754868
    -0.033481    -0.749281
    -0.031807    -0.743873
    -0.030133    -0.738657
    -0.028459    -0.733643
    -0.026785    -0.728846
    -0.025111    -0.724276
    -0.023437    -0.719945
    -0.021763    -0.715865
    -0.020089    -0.712047
    -0.018415    -0.708502
    -0.016741    -0.705238
    -0.015067    -0.702265
    -0.013393    -0.699590
    -0.011718    -0.697220
    -0.010044    -0.695161
    -0.008370    -0.693416
    -0.006696    -0.691989
    -0.005022    -0.690881
    -0.003348    -0.690094
    -0.001674    -0.689622
     0.000000    -0.689463
     0.001674    -0.689617
     0.003348    -0.690085
     0.005022    -0.690875
     0.006696    -0.691984
     0.008370    -0.693412
     0.010044    -0.695157
     0.011718    -0.697216
     0.013393    -0.699586
     0.015067    -0.702261
     0.016741    -0.705234
     0.018415    -0.708497
     0.020089    -0.712043
     0.021763    -0.715860
     0.023437    -0.719940
     0.025111    -0.724270
     0.026785    -0.728840
     0.028459    -0.733638
     0.030133    -0.738651
     0.031807    -0.743868
     0.033481    -0.749276
     0.035155    -0.754862
     0.036829    -0.760617
     0.038504    -0.766526
     0.040178    -0.772579
     0.041852    -0.778766
     0.043526    -0.785074
     0.045200    -0.791494
     0.046874    -0.798016
     0.048548    -0.804630
     0.050222    -0.811327
     0.051896    -0.818099
     0.053570    -0.824936
     0.055244    -0.831832
     0.056918    -0.838779
     0.058592    -0.845769
     0.060266    -0.852796
     0.061940    -0.859854
     0.063615    -0.866936
     0.065289    -0.874037
     0.066963    -0.881151
     0.068637    -0.888274
     0.070311    -0.895400
     0.071985    -0.902526
     0.073659    -0.909646
     0.075333    -0.916757
     0.077007    -0.923855
     0.078681    -0.930936
     0.080355    -0.937998
     0.082029    -0.945037
     0.083703    -0.952050
     0.085377    -0.959034
     0.087051    -0.965988
     0.088726    -0.972908
     0.090400    -0.979792
     0.092074    -0.986639
     0.093748    -0.993446
     0.095422    -1.000212
     0.097096    -1.006935
     0.098770    -1.013614
     0.100444    -1.020248
     0.102118    -1.026834
     0.103792    -1.033373
     0.105466    -1.039864
     0.107140    -1.046304
     0.108814    -1.052695
     0.110488    -1.059034
     0.112163    -1.065323
     0.113837    -1.071559
     0.115511    -1.077743
     0.117185    -1.083875
     0.118859    -1.089954
     0.120533    -1.095981
     0.122207    -1.101955
     0.123881    -1.107876
     0.125555    -1.113744
     0.127229    -1.119561
     0.128903    -1.125325
     0.130577    -1.131037
     0.132251    -1.136698
     0.133925    -1.142308
     0.135599    -1.147867
     0.137274    -1.153376
     0.138948    -1.158835
     0.140622    -1.164245
     0.142296    -1.169606
     0.143970    -1.174920
     0.145644    -1.180186
     0.147318    -1.185407
     0.148992    -1.190587
     0.150666    -1.196043
     0.152340    -1.201913
     0.154014    -1.207742
     0.155688    -1.213521
     0.157362    -1.219250
     0.159036    -1.224928
     0.160710    -1.230554
     0.162385    -1.236128
     0.164059    -1.241651
     0.165733    -1.247123
     0.167407    -1.252542


    -0.167407    -1.244630
    -0.165733    -1.239918
    -0.164059    -1.235168
    -0.162385    -1.230379
    -0.160710    -1.225549
    -0.159036    -1.220680
    -0.157362    -1.215769
    -0.155688    -1.210816
    -0.154014    -1.205820
    -0.152340    -1.200779
    -0.150666    -1.195683
    -0.148992    -1.190090
    -0.147318    -1.184117
    -0.145644    -1.178088
    -0.143970    -1.172008
    -0.142296    -1.165880
    -0.140622    -1.159705
    -0.138948    -1.153482
    -0.137274    -1.147213
    -0.135599    -1.140898
    -0.133925    -1.134539
    -0.132251    -1.128136
    -0.130577    -1.121690
    -0.128903    -1.115203
    -0.127229    -1.108675
    -0.125555    -1.102107
    -0.123881    -1.095501
    -0.122207    -1.088857
    -0.120533    -1.082178
    -0.118859    -1.075465
    -0.117185    -1.068718
    -0.115511    -1.061940
    -0.113837    -1.055132
    -0.112163    -1.048296
    -0.110488    -1.041433
    -0.108814    -1.034546
    -0.107140    -1.027635
    -0.105466    -1.020704
    -0.103792    -1.013753
    -0.102118    -1.006786
    -0.100444    -0.999803
    -0.098770    -0.992808
    -0.097096    -0.985802
    -0.095422    -0.978789
    -0.093748    -0.971769
    -0.092074    -0.964746
    -0.090400    -0.957723
    -0.088726    -0.950701
    -0.087051    -0.943685
    -0.085377    -0.936675
    -0.083703    -0.929676
    -0.082029    -0.922690
    -0.080355    -0.915720
    -0.078681    -0.908770
    -0.077007    -0.901842
    -0.075333    -0.894941
    -0.073659    -0.888068
    -0.071985    -0.881228
    -0.070311    -0.874424
    -0.068637    -0.867661
    -0.066963    -0.860941
    -0.065289    -0.854268
    -0.063615    -0.847648
    -0.061940    -0.841083
    -0.060266    -0.834578
    -0.058592    -0.828137
    -0.056918    -0.821765
    -0.055244    -0.815466
    -0.053570    -0.809246
    -0.051896    -0.803109
    -0.050222    -0.797060
    -0.048548    -0.791105
    -0.046874    -0.785248
    -0.045200    -0.779496
    -0.043526    -0.773854
    -0.041852    -0.768329
    -0.040178    -0.762925
    -0.038504    -0.757651
    -0.036829    -0.752511
    -0.035155    -0.747514
    -0.033481    -0.742666
    -0.031807    -0.737975
    -0.030133    -0.733448
    -0.028459    -0.729092
    -0.026785    -0.724915
    -0.025111    -0.720927
    -0.023437    -0.717134
    -0.021763    -0.713546
    -0.020089    -0.710172
    -0.018415    -0.707019
    -0.016741    -0.704097
    -0.015067    -0.701415
    -0.013393    -0.698982
    -0.011718    -0.696806
    -0.010044    -0.694896
    -0.008370    -0.693260
    -0.006696    -0.691906
    -0.005022    -0.690840
    -0.003348    -0.690070
    -0.001674    -0.689605
     0.000000    -0.689451
     0.001674    -0.689610
     0.003348    -0.690077
     0.005022    -0.690845
     0.006696    -0.691908
     0.008370    -0.693261
     0.010044    -0.694896
     0.011718    -0.696806
     0.013393    -0.698981
     0.015067    -0.701414
     0.016741    -0.704096
     0.018415    -0.707017
     0.020089    -0.710170
     0.021763    -0.713544
     0.023437    -0.717132
     0.025111    -0.720924
     0.026785    -0.724913
     0.028459    -0.729089
     0.030133    -0.733445
     0.031807    -0.737972
     0.033481    -0.742664
     0.035155    -0.747512
     0.036829    -0.752509
     0.038504    -0.757648
     0.040178    -0.762923
     0.041852    -0.768326
     0.043526    -0.773852
     0.045200    -0.779494
     0.046874    -0.785246
     0.048548    -0.791103
     0.050222    -0.797059
     0.051896    -0.803108
     0.053570    -0.809245
     0.055244    -0.815465
     0.056918    -0.821764
     0.058592    -0.828136
     0.060266    -0.834577
     0.061940    -0.841082
     0.063615    -0.847647
     0.065289    -0.854268
     0.066963    -0.860940
     0.068637    -0.867660
     0.070311    -0.874424
     0.071985    -0.881228
     0.073659    -0.888068
     0.075333    -0.894940
     0.077007    -0.901842
     0.078681    -0.908770
     0.080355    -0.915721
     0.082029    -0.922690
     0.083703    -0.929676
     0.085377    -0.936675
     0.087051    -0.943685
     0.088726    -0.950702
     0.090400    -0.957723
     0.092074    -0.964746
     0.093748    -0.971769
     0.095422    -0.978788
     0.097096    -0.985802
     0.098770    -0.992808
     0.100444    -0.999803
     0.102118    -1.006785
     0.103792    -1.013752
     0.105466    -1.020703
     0.107140    -1.027634
     0.108814    -1.034544
     0.110488    -1.041432
     0.112163    -1.048294
     0.113837    -1.055130
     0.115511    -1.061938
     0.117185    -1.068715
     0.118859    -1.075462
     0.120533    -1.082175
     0.122207    -1.088854
     0.123881    -1.095497
     0.125555    -1.102103
     0.127229    -1.108670
     0.128903    -1.115198
     0.130577    -1.121685
     0.132251    -1.128131
     0.133925    -1.134533
     0.135599    -1.140892
     0.137274    -1.147206
     0.138948    -1.153475
     0.140622    -1.159698
     0.142296    -1.165873
     0.143970    -1.172000
     0.145644    -1.178079
     0.147318    -1.184109
     0.148992    -1.190083
     0.150666    -1.195686
     0.152340    -1.200781
     0.154014    -1.205821
     0.155688    -1.210817
     0.157362    -1.215770
     0.159036    -1.220681
     0.160710    -1.225551
     0.162385    -1.230380
     0.164059    -1.235170
     0.165733    -1.239920
     0.167407    -1.244632


    -0.167407    -0.469116
    -0.165733    -0.465230
    -0.164059    -0.461389
    -0.162385    -0.457593
    -0.160710    -0.453842
    -0.159036    -0.450138
    -0.157362    -0.446481
    -0.155688    -0.442873
    -0.154014    -0.439312
    -0.152340    -0.435802
    -0.150666    -0.432341
    -0.148992    -0.428931
    -0.147318    -0.425572
    -0.145644    -0.422266
    -0.143970    -0.419013
    -0.142296    -0.415813
    -0.140622    -0.412667
    -0.138948    -0.409577
    -0.137274    -0.406542
    -0.135599    -0.403563
    -0.133925    -0.400640
    -0.132251    -0.397776
    -0.130577    -0.394969
    -0.128903    -0.392221
    -0.127229    -0.389531
    -0.125555    -0.386902
    -0.123881    -0.384333
    -0.122207    -0.381824
    -0.120533    -0.379376
    -0.118859    -0.376990
    -0.117185    -0.374666
    -0.115511    -0.372404
    -0.113837    -0.370204
    -0.112163    -0.368068
    -0.110488    -0.365994
    -0.108814    -0.363984
    -0.107140    -0.362037
    -0.105466    -0.360153
    -0.103792    -0.358334
    -0.102118    -0.356577
    -0.100444    -0.354884
    -0.098770    -0.353254
    -0.097096    -0.351688
    -0.095422    -0.350183
    -0.093748    -0.348742
    -0.092074    -0.347362
    -0.090400    -0.346043
    -0.088726    -0.344784
    -0.087051    -0.343586
    -0.085377    -0.342446
    -0.083703    -0.341363
    -0.082029    -0.340338
    -0.080355    -0.339367
    -0.078681    -0.338451
    -0.077007    -0.337586
    -0.075333    -0.336772
    -0.073659    -0.336006
    -0.071985    -0.335286
    -0.070311    -0.334609
    -0.068637    -0.333974
    -0.066963    -0.333377
    -0.065289    -0.332814
    -0.063615    -0.332283
    -0.061940    -0.331780
    -0.060266    -0.331301
    -0.058592    -0.330842
    -0.056918    -0.330397
    -0.055244    -0.329962
    -0.053570    -0.329531
    -0.051896    -0.329099
    -0.050222    -0.328659
    -0.048548    -0.328206
    -0.046874    -0.327731
    -0.045200    -0.327227
    -0.043526    -0.326687
    -0.041852    -0.326102
    -0.040178    -0.325463
    -0.038504    -0.324762
    -0.036829    -0.323988
    -0.035155    -0.323132
    -0.033481    -0.322184
    -0.031807    -0.321132
    -0.030133    -0.319968
    -0.028459    -0.318679
    -0.026785    -0.317255
    -0.025111    -0.315686
    -0.023437    -0.313960
    -0.021763    -0.312069
    -0.020089    -0.310001
    -0.018415    -0.307749
    -0.016741    -0.305304
    -0.015067    -0.302658
    -0.013393    -0.299805
    -0.011718    -0.296740
    -0.010044    -0.293459
    -0.008370    -0.289959
    -0.006696    -0.286239
    -0.005022    -0.282297
    -0.003348    -0.278137
    -0.001674    -0.273759
     0.000000    -0.269191
     0.001674    -0.273781
     0.003348    -0.278159
     0.005022    -0.282320
     0.006696    -0.286262
     0.008370    -0.289983
     0.010044    -0.293484
     0.011718    -0.296766
     0.013393    -0.299831
     0.015067    -0.302684
     0.016741    -0.305330
     0.018415    -0.307776
     0.020089    -0.310028
     0.021763    -0.312096
     0.023437    -0.313988
     0.025111    -0.315713
     0.026785    -0.317283
     0.028459    -0.318707
     0.030133    -0.319996
     0.031807    -0.321160
     0.033481    -0.322212
     0.035155    -0.323160
     0.036829    -0.324016
     0.038504    -0.324789
     0.040178    -0.325491
     0.041852    -0.326129
     0.043526    -0.326714
     0.045200    -0.327254
     0.046874    -0.327757
     0.048548    -0.328232
     0.050222    -0.328686
     0.051896    -0.329125
     0.053570    -0.329557
     0.055244    -0.329987
     0.056918    -0.330422
     0.058592    -0.330866
     0.060266    -0.331325
     0.061940    -0.331804
     0.063615    -0.332307
     0.065289    -0.332837
     0.066963    -0.333399
     0.068637    -0.333996
     0.070311    -0.334631
     0.071985    -0.335307
     0.073659    -0.336027
     0.075333    -0.336792
     0.077007    -0.337606
     0.078681    -0.338470
     0.080355    -0.339387
     0.082029    -0.340357
     0.083703    -0.341382
     0.085377    -0.342463
     0.087051    -0.343603
     0.088726    -0.344801
     0.090400    -0.346059
     0.092074    -0.347378
     0.093748    -0.348757
     0.095422    -0.350199
     0.097096    -0.351702
     0.098770    -0.353269
     0.100444    -0.354898
     0.102118    -0.356591
     0.103792    -0.358347
     0.105466    -0.360166
     0.107140    -0.362049
     0.108814    -0.363996
     0.110488    -0.366006
     0.112163    -0.368079
     0.113837    -0.370216
     0.115511    -0.372415
     0.117185    -0.374676
     0.118859    -0.377000
     0.120533    -0.379386
     0.122207    -0.381834
     0.123881    -0.384342
     0.125555    -0.386911
     0.127229    -0.389540
     0.128903    -0.392229
     0.130577    -0.394977
     0.132251    -0.397784
     0.133925    -0.400649
     0.135599    -0.403571
     0.137274    -0.406549
     0.138948    -0.409584
     0.140622    -0.412675
     0.142296    -0.415820
     0.143970    -0.419020
     0.145644    -0.422273
     0.147318    -0.425579
     0.148992    -0.428938
     0.150666    -0.432348
     0.152340    -0.435808
     0.154014    -0.439319
     0.155688    -0.442879
     0.157362    -0.446488
     0.159036    -0.450145
     0.160710    -0.453849
     0.162385    -0.457599
     0.164059    -0.461396
     0.165733    -0.465237
     0.167407    -0.469122


    -0.167407    -0.414526
    -0.165733    -0.408644
    -0.164059    -0.402767
    -0.162385    -0.396894
    -0.160710    -0.391027
    -0.159036    -0.385165
    -0.157362    -0.379308
    -0.155688    -0.373457
    -0.154014    -0.367611
    -0.152340    -0.361772
    -0.150666    -0.355939
    -0.148992    -0.350112
    -0.147318    -0.344292
    -0.145644    -0.338478
    -0.143970    -0.332672
    -0.142296    -0.326873
    -0.140622    -0.321081
    -0.138948    -0.315297
    -0.137274    -0.309521
    -0.135599    -0.303754
    -0.133925    -0.297995
    -0.132251    -0.292246
    -0.130577    -0.286506
    -0.128903    -0.280776
    -0.127229    -0.275056
    -0.125555    -0.269348
    -0.123881    -0.263651
    -0.122207    -0.257966
    -0.120533    -0.252295
    -0.118859    -0.246637
    -0.117185    -0.240994
    -0.115511    -0.235366
    -0.113837    -0.229755
    -0.112163    -0.224162
    -0.110488    -0.218588
    -0.108814    -0.213035
    -0.107140    -0.207504
    -0.105466    -0.201998
    -0.103792    -0.196518
    -0.102118    -0.191067
    -0.100444    -0.185648
    -0.098770    -0.180264
    -0.097096    -0.174918
    -0.095422    -0.169615
    -0.093748    -0.164359
    -0.092074    -0.159156
    -0.090400    -0.154011
    -0.088726    -0.148932
    -0.087051    -0.143926
    -0.085377    -0.139004
    -0.083703    -0.134175
    -0.082029    -0.129453
    -0.080355    -0.124851
    -0.078681    -0.120387
    -0.077007    -0.116080
    -0.075333    -0.111951
    -0.073659    -0.108028
    -0.071985    -0.104340
    -0.070311    -0.100919
    -0.068637    -0.097804
    -0.066963    -0.095037
    -0.065289    -0.092664
    -0.063615    -0.090731
    -0.061940    -0.089289
    -0.060266    -0.088384
    -0.058592    -0.088058
    -0.056918    -0.088346
    -0.055244    -0.089271
    -0.053570    -0.090839
    -0.051896    -0.093045
    -0.050222    -0.095866
    -0.048548    -0.099267
    -0.046874    -0.103204
    -0.045200    -0.107624
    -0.043526    -0.112473
    -0.041852    -0.117697
    -0.040178    -0.123242
    -0.038504    -0.129059
    -0.036829    -0.135101
    -0.035155    -0.141326
    -0.033481    -0.147696
    -0.031807    -0.154177
    -0.030133    -0.160738
    -0.028459    -0.167351
    -0.026785    -0.173990
    -0.025111    -0.180633
    -0.023437    -0.187258
    -0.021763    -0.193846
    -0.020089    -0.200379
    -0.018415    -0.206840
    -0.016741    -0.213212
    -0.015067    -0.219482
    -0.013393    -0.225634
    -0.011718    -0.231655
    -0.010044    -0.237534
    -0.008370    -0.243257
    -0.006696    -0.248814
    -0.005022    -0.254195
    -0.003348    -0.259390
    -0.001674    -0.264390
     0.000000    -0.269167
     0.001674    -0.264370
     0.003348    -0.259370
     0.005022    -0.254175
     0.006696    -0.248795
     0.008370    -0.243239
     0.010044    -0.237516
     0.011718    -0.231638
     0.013393    -0.225617
     0.015067    -0.219466
     0.016741    -0.213197
     0.018415    -0.206825
     0.020089    -0.200365
     0.021763    -0.193833
     0.023437    -0.187245
     0.025111    -0.180620
     0.026785    -0.173978
     0.028459    -0.167339
     0.030133    -0.160726
     0.031807    -0.154166
     0.033481    -0.147685
     0.035155    -0.141315
     0.036829    -0.135091
     0.038504    -0.129049
     0.040178    -0.123232
     0.041852    -0.117687
     0.043526    -0.112463
     0.045200    -0.107613
     0.046874    -0.103193
     0.048548    -0.099256
     0.050222    -0.095855
     0.051896    -0.093033
     0.053570    -0.090827
     0.055244    -0.089258
     0.056918    -0.088333
     0.058592    -0.088045
     0.060266    -0.088370
     0.061940    -0.089274
     0.063615    -0.090716
     0.065289    -0.092648
     0.066963    -0.095021
     0.068637    -0.097788
     0.070311    -0.100902
     0.071985    -0.104322
     0.073659    -0.108011
     0.075333    -0.111934
     0.077007    -0.116062
     0.078681    -0.120369
     0.080355    -0.124833
     0.082029    -0.129434
     0.083703    -0.134157
     0.085377    -0.138985
     0.087051    -0.143908
     0.088726    -0.148913
     0.090400    -0.153992
     0.092074    -0.159137
     0.093748    -0.164341
     0.095422    -0.169597
     0.097096    -0.174900
     0.098770    -0.180246
     0.100444    -0.185630
     0.102118    -0.191050
     0.103792    -0.196501
     0.105466    -0.201981
     0.107140    -0.207487
     0.108814    -0.213018
     0.110488    -0.218572
     0.112163    -0.224146
     0.113837    -0.229739
     0.115511    -0.235351
     0.117185    -0.240979
     0.118859    -0.246623
     0.120533    -0.252281
     0.122207    -0.257953
     0.123881    -0.263638
     0.125555    -0.269335
     0.127229    -0.275044
     0.128903    -0.280764
     0.130577    -0.286495
     0.132251    -0.292235
     0.133925    -0.297985
     0.135599    -0.303744
     0.137274    -0.309512
     0.138948    -0.315289
     0.140622    -0.321073
     0.142296    -0.326865
     0.143970    -0.332665
     0.145644    -0.338472
     0.147318    -0.344286
     0.148992    -0.350107
     0.150666    -0.355935
     0.152340    -0.361768
     0.154014    -0.367608
     0.155688    -0.373454
     0.157362    -0.379306
     0.159036    -0.385163
     0.160710    -0.391026
     0.162385    -0.396894
     0.164059    -0.402767
     0.165733    -0.408645
     0.167407    -0.414528


    -0.167407     0.633318
    -0.165733     0.624694
    -0.164059     0.616048
    -0.162385     0.607378
    -0.160710     0.598686
    -0.159036     0.589973
    -0.157362     0.581237
    -0.155688     0.572481
    -0.154014     0.563705
    -0.152340     0.554908
    -0.150666     0.546092
    -0.148992     0.537257
    -0.147318     0.528403
    -0.145644     0.519532
    -0.143970     0.510644
    -0.142296     0.501739
    -0.140622     0.492818
    -0.138948     0.483882
    -0.137274     0.474932
    -0.135599     0.465969
    -0.133925     0.456992
    -0.132251     0.448004
    -0.130577     0.439006
    -0.128903     0.429997
    -0.127229     0.420981
    -0.125555     0.411956
    -0.123881     0.402926
    -0.122207     0.393890
    -0.120533     0.384852
    -0.118859     0.375811
    -0.117185     0.366770
    -0.115511     0.357731
    -0.113837     0.348695
    -0.112163     0.339665
    -0.110488     0.330643
    -0.108814     0.321632
    -0.107140     0.312633
    -0.105466     0.303651
    -0.103792     0.294687
    -0.102118     0.285747
    -0.100444     0.276833
    -0.098770     0.267951
    -0.097096     0.259104
    -0.095422     0.250299
    -0.093748     0.241541
    -0.092074     0.232838
    -0.090400     0.224195
    -0.088726     0.215624
    -0.087051     0.207132
    -0.085377     0.198730
    -0.083703     0.190432
    -0.082029     0.182252
    -0.080355     0.174206
    -0.078681     0.166312
    -0.077007     0.158592
    -0.075333     0.151070
    -0.073659     0.143775
    -0.071985     0.136737
    -0.070311     0.129993
    -0.068637     0.123584
    -0.066963     0.117553
    -0.065289     0.111949
    -0.063615     0.106822
    -0.061940     0.102225
    -0.060266     0.098206
    -0.058592     0.094813
    -0.056918     0.092081
    -0.055244     0.090037
    -0.053570     0.088693
    -0.051896     0.088045
    -0.050222     0.088074
    -0.048548     0.088751
    -0.046874     0.090034
    -0.045200     0.091876
    -0.043526     0.094227
    -0.041852     0.097037
    -0.040178     0.100258
    -0.038504     0.103845
    -0.036829     0.107757
    -0.035155     0.111959
    -0.033481     0.116417
    -0.031807     0.121104
    -0.030133     0.125995
    -0.028459     0.131068
    -0.026785     0.136306
    -0.025111     0.141691
    -0.023437     0.147211
    -0.021763     0.152854
    -0.020089     0.158608
    -0.018415     0.164464
    -0.016741     0.170415
    -0.015067     0.176453
    -0.013393     0.182573
    -0.011718     0.188768
    -0.010044     0.195034
    -0.008370     0.201365
    -0.006696     0.207759
    -0.005022     0.214211
    -0.003348     0.220719
    -0.001674     0.227278
     0.000000     0.233884
     0.001674     0.227278
     0.003348     0.220719
     0.005022     0.214212
     0.006696     0.207760
     0.008370     0.201366
     0.010044     0.195035
     0.011718     0.188770
     0.013393     0.182575
     0.015067     0.176456
     0.016741     0.170418
     0.018415     0.164467
     0.020089     0.158611
     0.021763     0.152858
     0.023437     0.147216
     0.025111     0.141696
     0.026785     0.136311
     0.028459     0.131073
     0.030133     0.126000
     0.031807     0.121110
     0.033481     0.116423
     0.035155     0.111965
     0.036829     0.107764
     0.038504     0.103852
     0.040178     0.100264
     0.041852     0.097043
     0.043526     0.094233
     0.045200     0.091882
     0.046874     0.090040
     0.048548     0.088757
     0.050222     0.088080
     0.051896     0.088050
     0.053570     0.088698
     0.055244     0.090041
     0.056918     0.092085
     0.058592     0.094816
     0.060266     0.098209
     0.061940     0.102227
     0.063615     0.106824
     0.065289     0.111950
     0.066963     0.117554
     0.068637     0.123584
     0.070311     0.129993
     0.071985     0.136736
     0.073659     0.143773
     0.075333     0.151069
     0.077007     0.158590
     0.078681     0.166310
     0.080355     0.174203
     0.082029     0.182249
     0.083703     0.190429
     0.085377     0.198727
     0.087051     0.207128
     0.088726     0.215620
     0.090400     0.224192
     0.092074     0.232833
     0.093748     0.241537
     0.095422     0.250295
     0.097096     0.259100
     0.098770     0.267946
     0.100444     0.276828
     0.102118     0.285742
     0.103792     0.294682
     0.105466     0.303645
     0.107140     0.312628
     0.108814     0.321626
     0.110488     0.330638
     0.112163     0.339660
     0.113837     0.348690
     0.115511     0.357725
     0.117185     0.366764
     0.118859     0.375805
     0.120533     0.384846
     0.122207     0.393884
     0.123881     0.402920
     0.125555     0.411950
     0.127229     0.420974
     0.128903     0.429991
     0.130577     0.439000
     0.132251     0.447998
     0.133925     0.456986
     0.135599     0.465963
     0.137274     0.474926
     0.138948     0.483876
     0.140622     0.492812
     0.142296     0.501733
     0.143970     0.510638
     0.145644     0.519526
     0.147318     0.528398
     0.148992     0.537251
     0.150666     0.546086
     0.152340     0.554902
     0.154014     0.563699
     0.155688     0.572476
     0.157362     0.581232
     0.159036     0.589967
     0.160710     0.598681
     0.162385     0.607373
     0.164059     0.616042
     0.165733     0.624689
     0.167407     0.633313


    -0.167407     0.889874
    -0.165733     0.884364
    -0.164059     0.878836
    -0.162385     0.873290
    -0.160710     0.867726
    -0.159036     0.862143
    -0.157362     0.856541
    -0.155688     0.850920
    -0.154014     0.845279
    -0.152340     0.839617
    -0.150666     0.833935
    -0.148992     0.828232
    -0.147318     0.822507
    -0.145644     0.816761
    -0.143970     0.810991
    -0.142296     0.805199
    -0.140622     0.799383
    -0.138948     0.793544
    -0.137274     0.787680
    -0.135599     0.781791
    -0.133925     0.775878
    -0.132251     0.769938
    -0.130577     0.763973
    -0.128903     0.757981
    -0.127229     0.751962
    -0.125555     0.745915
    -0.123881     0.739841
    -0.122207     0.733739
    -0.120533     0.727608
    -0.118859     0.721449
    -0.117185     0.715260
    -0.115511     0.709042
    -0.113837     0.702795
    -0.112163     0.696517
    -0.110488     0.690209
    -0.108814     0.683872
    -0.107140     0.677503
    -0.105466     0.671104
    -0.103792     0.664675
    -0.102118     0.658215
    -0.100444     0.651724
    -0.098770     0.645203
    -0.097096     0.638651
    -0.095422     0.632069
    -0.093748     0.625457
    -0.092074     0.618815
    -0.090400     0.612143
    -0.088726     0.605442
    -0.087051     0.598713
    -0.085377     0.591955
    -0.083703     0.585169
    -0.082029     0.578355
    -0.080355     0.571515
    -0.078681     0.564648
    -0.077007     0.557756
    -0.075333     0.550840
    -0.073659     0.543899
    -0.071985     0.536936
    -0.070311     0.529950
    -0.068637     0.522943
    -0.066963     0.515916
    -0.065289     0.508869
    -0.063615     0.501805
    -0.061940     0.494723
    -0.060266     0.487626
    -0.058592     0.480514
    -0.056918     0.473389
    -0.055244     0.466252
    -0.053570     0.459104
    -0.051896     0.451947
    -0.050222     0.444782
    -0.048548     0.437610
    -0.046874     0.430433
    -0.045200     0.423253
    -0.043526     0.416070
    -0.041852     0.408887
    -0.040178     0.401705
    -0.038504     0.394525
    -0.036829     0.387350
    -0.035155     0.380180
    -0.033481     0.373017
    -0.031807     0.365863
    -0.030133     0.358719
    -0.028459     0.351588
    -0.026785     0.344471
    -0.025111     0.337369
    -0.023437     0.330284
    -0.021763     0.323218
    -0.020089     0.316172
    -0.018415     0.309149
    -0.016741     0.302149
    -0.015067     0.295176
    -0.013393     0.288230
    -0.011718     0.281313
    -0.010044     0.274428
    -0.008370     0.267576
    -0.006696     0.260759
    -0.005022     0.253979
    -0.003348     0.247239
    -0.001674     0.240541
     0.000000     0.233888
     0.001674     0.240542
     0.003348     0.247240
     0.005022     0.253981
     0.006696     0.260761
     0.008370     0.267578
     0.010044     0.274430
     0.011718     0.281316
     0.013393     0.288233
     0.015067     0.295179
     0.016741     0.302153
     0.018415     0.309152
     0.020089     0.316176
     0.021763     0.323221
     0.023437     0.330288
     0.025111     0.337373
     0.026785     0.344475
     0.028459     0.351592
     0.030133     0.358724
     0.031807     0.365867
     0.033481     0.373021
     0.035155     0.380184
     0.036829     0.387354
     0.038504     0.394529
     0.040178     0.401709
     0.041852     0.408891
     0.043526     0.416074
     0.045200     0.423257
     0.046874     0.430437
     0.048548     0.437614
     0.050222     0.444785
     0.051896     0.451950
     0.053570     0.459108
     0.055244     0.466255
     0.056918     0.473392
     0.058592     0.480517
     0.060266     0.487629
     0.061940     0.494726
     0.063615     0.501807
     0.065289     0.508871
     0.066963     0.515918
     0.068637     0.522945
     0.070311     0.529951
     0.071985     0.536937
     0.073659     0.543900
     0.075333     0.550841
     0.077007     0.557757
     0.078681     0.564649
     0.080355     0.571515
     0.082029     0.578355
     0.083703     0.585168
     0.085377     0.591954
     0.087051     0.598712
     0.088726     0.605441
     0.090400     0.612142
     0.092074     0.618813
     0.093748     0.625455
     0.095422     0.632067
     0.097096     0.638649
     0.098770     0.645200
     0.100444     0.651721
     0.102118     0.658212
     0.103792     0.664672
     0.105466     0.671101
     0.107140     0.677500
     0.108814     0.683868
     0.110488     0.690206
     0.112163     0.696513
     0.113837     0.702791
     0.115511     0.709038
     0.117185     0.715256
     0.118859     0.721444
     0.120533     0.727604
     0.122207     0.733734
     0.123881     0.739836
     0.125555     0.745910
     0.127229     0.751956
     0.128903     0.757975
     0.130577     0.763967
     0.132251     0.769933
     0.133925     0.775872
     0.135599     0.781786
     0.137274     0.787674
     0.138948     0.793538
     0.140622     0.799377
     0.142296     0.805193
     0.143970     0.810985
     0.145644     0.816754
     0.147318     0.822501
     0.148992     0.828226
     0.150666     0.833929
     0.152340     0.839611
     0.154014     0.845273
     0.155688     0.850914
     0.157362     0.856535
     0.159036     0.862137
     0.160710     0.867719
     0.162385     0.873284
     0.164059     0.878830
     0.165733     0.884358
     0.167407     0.889868


    -0.167407     1.824885
    -0.165733     1.817367
    -0.164059     1.809873
    -0.162385     1.802405
    -0.160710     1.794965
    -0.159036     1.787555
    -0.157362     1.780176
    -0.155688     1.772831
    -0.154014     1.765521
    -0.152340     1.758250
    -0.150666     1.751019
    -0.148992     1.743830
    -0.147318     1.736685
    -0.145644     1.729587
    -0.143970     1.722537
    -0.142296     1.715539
    -0.140622     1.708593
    -0.138948     1.701703
    -0.137274     1.694870
    -0.135599     1.688097
    -0.133925     1.681387
    -0.132251     1.674740
    -0.130577     1.668160
    -0.128903     1.661648
    -0.127229     1.655208
    -0.125555     1.648841
    -0.123881     1.642549
    -0.122207     1.636334
    -0.120533     1.630199
    -0.118859     1.624146
    -0.117185     1.618177
    -0.115511     1.612294
    -0.113837     1.606499
    -0.112163     1.600794
    -0.110488     1.595181
    -0.108814     1.589662
    -0.107140     1.584239
    -0.105466     1.578913
    -0.103792     1.573688
    -0.102118     1.568563
    -0.100444     1.563542
    -0.098770     1.558626
    -0.097096     1.553815
    -0.095422     1.549113
    -0.093748     1.544520
    -0.092074     1.540038
    -0.090400     1.535668
    -0.088726     1.531412
    -0.087051     1.527270
    -0.085377     1.523245
    -0.083703     1.519336
    -0.082029     1.515545
    -0.080355     1.511873
    -0.078681     1.508321
    -0.077007     1.504890
    -0.075333     1.501580
    -0.073659     1.498392
    -0.071985     1.495327
    -0.070311     1.492385
    -0.068637     1.489566
    -0.066963     1.486872
    -0.065289     1.484301
    -0.063615     1.481856
    -0.061940     1.479535
    -0.060266     1.477339
    -0.058592     1.475267
    -0.056918     1.473321
    -0.055244     1.471499
    -0.053570     1.469801
    -0.051896     1.468228
    -0.050222     1.466779
    -0.048548     1.465453
    -0.046874     1.464251
    -0.045200     1.463171
    -0.043526     1.462214
    -0.041852     1.461378
    -0.040178     1.460664
    -0.038504     1.460070
    -0.036829     1.459596
    -0.035155     1.459240
    -0.033481     1.459003
    -0.031807     1.458883
    -0.030133     1.458880
    -0.028459     1.458992
    -0.026785     1.459219
    -0.025111     1.459560
    -0.023437     1.460013
    -0.021763     1.460578
    -0.020089     1.461254
    -0.018415     1.462039
    -0.016741     1.462932
    -0.015067     1.463933
    -0.013393     1.465040
    -0.011718     1.466252
    -0.010044     1.467568
    -0.008370     1.468987
    -0.006696     1.470507
    -0.005022     1.472127
    -0.003348     1.473847
    -0.001674     1.475664
     0.000000     1.477567
     0.001674     1.475673
     0.003348     1.473857
     0.005022     1.472138
     0.006696     1.470518
     0.008370     1.468998
     0.010044     1.467580
     0.011718     1.466264
     0.013393     1.465052
     0.015067     1.463945
     0.016741     1.462945
     0.018415     1.462051
     0.020089     1.461267
     0.021763     1.460591
     0.023437     1.460027
     0.025111     1.459574
     0.026785     1.459233
     0.028459     1.459006
     0.030133     1.458894
     0.031807     1.458898
     0.033481     1.459018
     0.035155     1.459255
     0.036829     1.459611
     0.038504     1.460085
     0.040178     1.460680
     0.041852     1.461394
     0.043526     1.462230
     0.045200     1.463187
     0.046874     1.464267
     0.048548     1.465470
     0.050222     1.466795
     0.051896     1.468245
     0.053570     1.469818
     0.055244     1.471515
     0.056918     1.473337
     0.058592     1.475284
     0.060266     1.477356
     0.061940     1.479552
     0.063615     1.481873
     0.065289     1.484319
     0.066963     1.486889
     0.068637     1.489583
     0.070311     1.492402
     0.071985     1.495344
     0.073659     1.498409
     0.075333     1.501597
     0.077007     1.504907
     0.078681     1.508338
     0.080355     1.511890
     0.082029     1.515561
     0.083703     1.519352
     0.085377     1.523261
     0.087051     1.527286
     0.088726     1.531428
     0.090400     1.535684
     0.092074     1.540053
     0.093748     1.544535
     0.095422     1.549128
     0.097096     1.553830
     0.098770     1.558640
     0.100444     1.563556
     0.102118     1.568577
     0.103792     1.573701
     0.105466     1.578926
     0.107140     1.584251
     0.108814     1.589674
     0.110488     1.595193
     0.112163     1.600805
     0.113837     1.606510
     0.115511     1.612305
     0.117185     1.618187
     0.118859     1.624156
     0.120533     1.630209
     0.122207     1.636343
     0.123881     1.642557
     0.125555     1.648849
     0.127229     1.655216
     0.128903     1.661656
     0.130577     1.668167
     0.132251     1.674747
     0.133925     1.681393
     0.135599     1.688103
     0.137274     1.694876
     0.138948     1.701708
     0.140622     1.708598
     0.142296     1.715543
     0.143970     1.722541
     0.145644     1.729590
     0.147318     1.736688
     0.148992     1.743832
     0.150666     1.751021
     0.152340     1.758252
     0.154014     1.765523
     0.155688     1.772832
     0.157362     1.780177
     0.159036     1.787555
     0.160710     1.794965
     0.162385     1.802405
     0.164059     1.809873
     0.165733     1.817366
     0.167407     1.824884


    -0.167407     1.962682
    -0.165733     1.956436
    -0.164059     1.950196
    -0.162385     1.943962
    -0.160710     1.937736
    -0.159036     1.931518
    -0.157362     1.925308
    -0.155688     1.919107
    -0.154014     1.912915
    -0.152340     1.906734
    -0.150666     1.900562
    -0.148992     1.894402
    -0.147318     1.888254
    -0.145644     1.882117
    -0.143970     1.875994
    -0.142296     1.869883
    -0.140622     1.863787
    -0.138948     1.857704
    -0.137274     1.851637
    -0.135599     1.845585
    -0.133925     1.839549
    -0.132251     1.833530
    -0.130577     1.827528
    -0.128903     1.821544
    -0.127229     1.815579
    -0.125555     1.809632
    -0.123881     1.803705
    -0.122207     1.797799
    -0.120533     1.791914
    -0.118859     1.786050
    -0.117185     1.780208
    -0.115511     1.774390
    -0.113837     1.768595
    -0.112163     1.762824
    -0.110488     1.757079
    -0.108814     1.751359
    -0.107140     1.745666
    -0.105466     1.739999
    -0.103792     1.734361
    -0.102118     1.728751
    -0.100444     1.723171
    -0.098770     1.717621
    -0.097096     1.712102
    -0.095422     1.706614
    -0.093748     1.701159
    -0.092074     1.695738
    -0.090400     1.690350
    -0.088726     1.684998
    -0.087051     1.679682
    -0.085377     1.674402
    -0.083703     1.669160
    -0.082029     1.663956
    -0.080355     1.658792
    -0.078681     1.653668
    -0.077007     1.648585
    -0.075333     1.643544
    -0.073659     1.638547
    -0.071985     1.633594
    -0.070311     1.628685
    -0.068637     1.623823
    -0.066963     1.619007
    -0.065289     1.614240
    -0.063615     1.609521
    -0.061940     1.604853
    -0.060266     1.600236
    -0.058592     1.595670
    -0.056918     1.591158
    -0.055244     1.586701
    -0.053570     1.582298
    -0.051896     1.577952
    -0.050222     1.573664
    -0.048548     1.569434
    -0.046874     1.565264
    -0.045200     1.561154
    -0.043526     1.557107
    -0.041852     1.553123
    -0.040178     1.549204
    -0.038504     1.545349
    -0.036829     1.541562
    -0.035155     1.537842
    -0.033481     1.534192
    -0.031807     1.530612
    -0.030133     1.527103
    -0.028459     1.523667
    -0.026785     1.520305
    -0.025111     1.517018
    -0.023437     1.513808
    -0.021763     1.510675
    -0.020089     1.507621
    -0.018415     1.504647
    -0.016741     1.501755
    -0.015067     1.498945
    -0.013393     1.496219
    -0.011718     1.493579
    -0.010044     1.491025
    -0.008370     1.488558
    -0.006696     1.486181
    -0.005022     1.483894
    -0.003348     1.481698
    -0.001674     1.479596
     0.000000     1.477597
     0.001674     1.479587
     0.003348     1.481690
     0.005022     1.483886
     0.006696     1.486173
     0.008370     1.488551
     0.010044     1.491017
     0.011718     1.493572
     0.013393     1.496213
     0.015067     1.498939
     0.016741     1.501749
     0.018415     1.504642
     0.020089     1.507616
     0.021763     1.510670
     0.023437     1.513803
     0.025111     1.517014
     0.026785     1.520301
     0.028459     1.523663
     0.030133     1.527100
     0.031807     1.530609
     0.033481     1.534189
     0.035155     1.537840
     0.036829     1.541560
     0.038504     1.545348
     0.040178     1.549202
     0.041852     1.553122
     0.043526     1.557106
     0.045200     1.561154
     0.046874     1.565263
     0.048548     1.569434
     0.050222     1.573664
     0.051896     1.577953
     0.053570     1.582299
     0.055244     1.586702
     0.056918     1.591160
     0.058592     1.595672
     0.060266     1.600238
     0.061940     1.604855
     0.063615     1.609524
     0.065289     1.614243
     0.066963     1.619010
     0.068637     1.623826
     0.070311     1.628689
     0.071985     1.633597
     0.073659     1.638551
     0.075333     1.643549
     0.077007     1.648590
     0.078681     1.653673
     0.080355     1.658797
     0.082029     1.663961
     0.083703     1.669165
     0.085377     1.674407
     0.087051     1.679687
     0.088726     1.685004
     0.090400     1.690357
     0.092074     1.695744
     0.093748     1.701166
     0.095422     1.706621
     0.097096     1.712109
     0.098770     1.717628
     0.100444     1.723178
     0.102118     1.728759
     0.103792     1.734369
     0.105466     1.740007
     0.107140     1.745674
     0.108814     1.751367
     0.110488     1.757087
     0.112163     1.762833
     0.113837     1.768604
     0.115511     1.774399
     0.117185     1.780217
     0.118859     1.786059
     0.120533     1.791923
     0.122207     1.797808
     0.123881     1.803715
     0.125555     1.809642
     0.127229     1.815588
     0.128903     1.821554
     0.130577     1.827538
     0.132251     1.833540
     0.133925     1.839559
     0.135599     1.845595
     0.137274     1.851647
     0.138948     1.857715
     0.140622     1.863797
     0.142296     1.869894
     0.143970     1.876004
     0.145644     1.882128
     0.147318     1.888265
     0.148992     1.894413
     0.150666     1.900573
     0.152340     1.906744
     0.154014     1.912926
     0.155688     1.919118
     0.157362     1.925319
     0.159036     1.931529
     0.160710     1.937747
     0.162385     1.943973
     0.164059     1.950207
     0.165733     1.956447
     0.167407     1.962693


    -0.167407     2.321366
    -0.165733     2.314441
    -0.164059     2.307553
    -0.162385     2.300704
    -0.160710     2.293894
    -0.159036     2.287126
    -0.157362     2.280399
    -0.155688     2.273715
    -0.154014     2.267074
    -0.152340     2.260479
    -0.150666     2.253929
    -0.148992     2.247426
    -0.147318     2.240970
    -0.145644     2.234563
    -0.143970     2.228205
    -0.142296     2.221897
    -0.140622     2.215640
    -0.138948     2.209435
    -0.137274     2.203282
    -0.135599     2.197183
    -0.133925     2.191138
    -0.132251     2.185148
    -0.130577     2.179213
    -0.128903     2.173335
    -0.127229     2.167514
    -0.125555     2.161750
    -0.123881     2.156045
    -0.122207     2.150400
    -0.120533     2.144814
    -0.118859     2.139288
    -0.117185     2.133824
    -0.115511     2.128421
    -0.113837     2.123081
    -0.112163     2.117804
    -0.110488     2.112590
    -0.108814     2.107441
    -0.107140     2.102356
    -0.105466     2.097336
    -0.103792     2.092382
    -0.102118     2.087495
    -0.100444     2.082675
    -0.098770     2.077922
    -0.097096     2.073237
    -0.095422     2.068621
    -0.093748     2.064074
    -0.092074     2.059596
    -0.090400     2.055189
    -0.088726     2.050852
    -0.087051     2.046586
    -0.085377     2.042392
    -0.083703     2.038269
    -0.082029     2.034219
    -0.080355     2.030242
    -0.078681     2.026339
    -0.077007     2.022509
    -0.075333     2.018754
    -0.073659     2.015073
    -0.071985     2.011468
    -0.070311     2.007938
    -0.068637     2.004484
    -0.066963     2.001107
    -0.065289     1.997806
    -0.063615     1.994583
    -0.061940     1.991437
    -0.060266     1.988370
    -0.058592     1.985380
    -0.056918     1.982470
    -0.055244     1.979639
    -0.053570     1.976887
    -0.051896     1.974216
    -0.050222     1.971624
    -0.048548     1.969114
    -0.046874     1.966684
    -0.045200     1.964336
    -0.043526     1.962069
    -0.041852     1.959885
    -0.040178     1.957783
    -0.038504     1.955763
    -0.036829     1.953827
    -0.035155     1.951973
    -0.033481     1.950204
    -0.031807     1.948518
    -0.030133     1.946917
    -0.028459     1.945400
    -0.026785     1.943968
    -0.025111     1.942621
    -0.023437     1.941359
    -0.021763     1.940183
    -0.020089     1.939093
    -0.018415     1.938090
    -0.016741     1.937173
    -0.015067     1.936343
    -0.013393     1.935600
    -0.011718     1.934945
    -0.010044     1.934377
    -0.008370     1.933896
    -0.006696     1.933502
    -0.005022     1.933196
    -0.003348     1.932975
    -0.001674     1.932841
     0.000000     1.932793
     0.001674     1.932833
     0.003348     1.932960
     0.005022     1.933175
     0.006696     1.933478
     0.008370     1.933869
     0.010044     1.934348
     0.011718     1.934914
     0.013393     1.935569
     0.015067     1.936310
     0.016741     1.937139
     0.018415     1.938055
     0.020089     1.939058
     0.021763     1.940147
     0.023437     1.941323
     0.025111     1.942584
     0.026785     1.943931
     0.028459     1.945363
     0.030133     1.946880
     0.031807     1.948482
     0.033481     1.950168
     0.035155     1.951938
     0.036829     1.953792
     0.038504     1.955729
     0.040178     1.957748
     0.041852     1.959851
     0.043526     1.962036
     0.045200     1.964303
     0.046874     1.966652
     0.048548     1.969082
     0.050222     1.971593
     0.051896     1.974184
     0.053570     1.976856
     0.055244     1.979608
     0.056918     1.982440
     0.058592     1.985350
     0.060266     1.988340
     0.061940     1.991408
     0.063615     1.994554
     0.065289     1.997778
     0.066963     2.001079
     0.068637     2.004457
     0.070311     2.007911
     0.071985     2.011441
     0.073659     2.015047
     0.075333     2.018728
     0.077007     2.022484
     0.078681     2.026314
     0.080355     2.030218
     0.082029     2.034195
     0.083703     2.038246
     0.085377     2.042369
     0.087051     2.046564
     0.088726     2.050830
     0.090400     2.055168
     0.092074     2.059576
     0.093748     2.064054
     0.095422     2.068602
     0.097096     2.073218
     0.098770     2.077904
     0.100444     2.082657
     0.102118     2.087478
     0.103792     2.092366
     0.105466     2.097321
     0.107140     2.102341
     0.108814     2.107426
     0.110488     2.112577
     0.112163     2.117791
     0.113837     2.123069
     0.115511     2.128410
     0.117185     2.133814
     0.118859     2.139279
     0.120533     2.144805
     0.122207     2.150391
     0.123881     2.156038
     0.125555     2.161744
     0.127229     2.167508
     0.128903     2.173330
     0.130577     2.179209
     0.132251     2.185144
     0.133925     2.191135
     0.135599     2.197181
     0.137274     2.203281
     0.138948     2.209434
     0.140622     2.215640
     0.142296     2.221898
     0.143970     2.228207
     0.145644     2.234565
     0.147318     2.240974
     0.148992     2.247430
     0.150666     2.253934
     0.152340     2.260485
     0.154014     2.267081
     0.155688     2.273722
     0.157362     2.280407
     0.159036     2.287134
     0.160710     2.293903
     0.162385     2.300714
     0.164059     2.307563
     0.165733     2.314452
     0.167407     2.321378


    -0.167407     2.338859
    -0.165733     2.331805
    -0.164059     2.324776
    -0.162385     2.317775
    -0.160710     2.310803
    -0.159036     2.303860
    -0.157362     2.296949
    -0.155688     2.290070
    -0.154014     2.283226
    -0.152340     2.276417
    -0.150666     2.269645
    -0.148992     2.262912
    -0.147318     2.256217
    -0.145644     2.249564
    -0.143970     2.242953
    -0.142296     2.236386
    -0.140622     2.229863
    -0.138948     2.223387
    -0.137274     2.216957
    -0.135599     2.210577
    -0.133925     2.204246
    -0.132251     2.197966
    -0.130577     2.191738
    -0.128903     2.185564
    -0.127229     2.179444
    -0.125555     2.173379
    -0.123881     2.167372
    -0.122207     2.161422
    -0.120533     2.155532
    -0.118859     2.149701
    -0.117185     2.143931
    -0.115511     2.138224
    -0.113837     2.132579
    -0.112163     2.126999
    -0.110488     2.121484
    -0.108814     2.116034
    -0.107140     2.110652
    -0.105466     2.105337
    -0.103792     2.100091
    -0.102118     2.094915
    -0.100444     2.089809
    -0.098770     2.084775
    -0.097096     2.079812
    -0.095422     2.074923
    -0.093748     2.070107
    -0.092074     2.065365
    -0.090400     2.060699
    -0.088726     2.056108
    -0.087051     2.051594
    -0.085377     2.047157
    -0.083703     2.042797
    -0.082029     2.038516
    -0.080355     2.034314
    -0.078681     2.030192
    -0.077007     2.026150
    -0.075333     2.022188
    -0.073659     2.018308
    -0.071985     2.014510
    -0.070311     2.010793
    -0.068637     2.007160
    -0.066963     2.003609
    -0.065289     2.000142
    -0.063615     1.996759
    -0.061940     1.993461
    -0.060266     1.990247
    -0.058592     1.987118
    -0.056918     1.984075
    -0.055244     1.981117
    -0.053570     1.978246
    -0.051896     1.975461
    -0.050222     1.972762
    -0.048548     1.970151
    -0.046874     1.967626
    -0.045200     1.965189
    -0.043526     1.962840
    -0.041852     1.960578
    -0.040178     1.958405
    -0.038504     1.956319
    -0.036829     1.954322
    -0.035155     1.952413
    -0.033481     1.950593
    -0.031807     1.948861
    -0.030133     1.947218
    -0.028459     1.945664
    -0.026785     1.944199
    -0.025111     1.942822
    -0.023437     1.941534
    -0.021763     1.940335
    -0.020089     1.939225
    -0.018415     1.938204
    -0.016741     1.937271
    -0.015067     1.936427
    -0.013393     1.935672
    -0.011718     1.935005
    -0.010044     1.934427
    -0.008370     1.933937
    -0.006696     1.933536
    -0.005022     1.933225
    -0.003348     1.933004
    -0.001674     1.932874
     0.000000     1.932833
     0.001674     1.932881
     0.003348     1.933018
     0.005022     1.933244
     0.006696     1.933558
     0.008370     1.933961
     0.010044     1.934452
     0.011718     1.935031
     0.013393     1.935699
     0.015067     1.936455
     0.016741     1.937299
     0.018415     1.938232
     0.020089     1.939254
     0.021763     1.940364
     0.023437     1.941562
     0.025111     1.942850
     0.026785     1.944226
     0.028459     1.945690
     0.030133     1.947244
     0.031807     1.948886
     0.033481     1.950617
     0.035155     1.952437
     0.036829     1.954345
     0.038504     1.956341
     0.040178     1.958426
     0.041852     1.960599
     0.043526     1.962860
     0.045200     1.965208
     0.046874     1.967645
     0.048548     1.970168
     0.050222     1.972779
     0.051896     1.975477
     0.053570     1.978262
     0.055244     1.981132
     0.056918     1.984089
     0.058592     1.987132
     0.060266     1.990260
     0.061940     1.993474
     0.063615     1.996772
     0.065289     2.000154
     0.066963     2.003621
     0.068637     2.007171
     0.070311     2.010804
     0.071985     2.014520
     0.073659     2.018318
     0.075333     2.022198
     0.077007     2.026159
     0.078681     2.030201
     0.080355     2.034323
     0.082029     2.038524
     0.083703     2.042805
     0.085377     2.047164
     0.087051     2.051601
     0.088726     2.056115
     0.090400     2.060705
     0.092074     2.065371
     0.093748     2.070113
     0.095422     2.074928
     0.097096     2.079818
     0.098770     2.084780
     0.100444     2.089814
     0.102118     2.094920
     0.103792     2.100096
     0.105466     2.105342
     0.107140     2.110656
     0.108814     2.116038
     0.110488     2.121487
     0.112163     2.127002
     0.113837     2.132583
     0.115511     2.138227
     0.117185     2.143934
     0.118859     2.149704
     0.120533     2.155534
     0.122207     2.161425
     0.123881     2.167374
     0.125555     2.173382
     0.127229     2.179446
     0.128903     2.185566
     0.130577     2.191740
     0.132251     2.197968
     0.133925     2.204248
     0.135599     2.210579
     0.137274     2.216959
     0.138948     2.223389
     0.140622     2.229865
     0.142296     2.236388
     0.143970     2.242955
     0.145644     2.249566
     0.147318     2.256219
     0.148992     2.262914
     0.150666     2.269647
     0.152340     2.276419
     0.154014     2.283228
     0.155688     2.290073
     0.157362     2.296951
     0.159036     2.303863
     0.160710     2.310805
     0.162385     2.317778
     0.164059     2.324779
     0.165733     2.331808
     0.167407     2.338862


