    -0.167407    -3.927352
    -0.165733    -3.927796
    -0.164059    -3.928239
    -0.162385    -3.928680
    -0.160710    -3.929119
    -0.159036    -3.929556
    -0.157362    -3.929991
    -0.155688    -3.930423
    -0.154014    -3.930853
    -0.152340    -3.931280
    -0.150666    -3.931704
    -0.148992    -3.932125
    -0.147318    -3.932543
    -0.145644    -3.932957
    -0.143970    -3.933367
    -0.142296    -3.933774
    -0.140622    -3.934176
    -0.138948    -3.934575
    -0.137274    -3.934969
    -0.135599    -3.935359
    -0.133925    -3.935744
    -0.132251    -3.936124
    -0.130577    -3.936500
    -0.128903    -3.936871
    -0.127229    -3.937236
    -0.125555    -3.937596
    -0.123881    -3.937951
    -0.122207    -3.938300
    -0.120533    -3.938644
    -0.118859    -3.938981
    -0.117185    -3.939313
    -0.115511    -3.939639
    -0.113837    -3.939959
    -0.112163    -3.940272
    -0.110488    -3.940579
    -0.108814    -3.940879
    -0.107140    -3.941173
    -0.105466    -3.941460
    -0.103792    -3.941740
    -0.102118    -3.942013
    -0.100444    -3.942279
    -0.098770    -3.942538
    -0.097096    -3.942790
    -0.095422    -3.943034
    -0.093748    -3.943271
    -0.092074    -3.943500
    -0.090400    -3.943722
    -0.088726    -3.943936
    -0.087051    -3.944142
    -0.085377    -3.944340
    -0.083703    -3.944531
    -0.082029    -3.944713
    -0.080355    -3.944887
    -0.078681    -3.945053
    -0.077007    -3.945210
    -0.075333    -3.945359
    -0.073659    -3.945500
    -0.071985    -3.945632
    -0.070311    -3.945755
    -0.068637    -3.945870
    -0.066963    -3.945976
    -0.065289    -3.946073
    -0.063615    -3.946161
    -0.061940    -3.946240
    -0.060266    -3.946311
    -0.058592    -3.946372
    -0.056918    -3.946424
    -0.055244    -3.946467
    -0.053570    -3.946500
    -0.051896    -3.946524
    -0.050222    -3.946539
    -0.048548    -3.946545
    -0.046874    -3.946541
    -0.045200    -3.946527
    -0.043526    -3.946504
    -0.041852    -3.946472
    -0.040178    -3.946429
    -0.038504    -3.946377
    -0.036829    -3.946315
    -0.035155    -3.946244
    -0.033481    -3.946162
    -0.031807    -3.946071
    -0.030133    -3.945970
    -0.028459    -3.945859
    -0.026785    -3.945737
    -0.025111    -3.945606
    -0.023437    -3.945465
    -0.021763    -3.945314
    -0.020089    -3.945152
    -0.018415    -3.944981
    -0.016741    -3.944799
    -0.015067    -3.944607
    -0.013393    -3.944405
    -0.011718    -3.944192
    -0.010044    -3.943969
    -0.008370    -3.943736
    -0.006696    -3.943493
    -0.005022    -3.943239
    -0.003348    -3.942975
    -0.001674    -3.942700
     0.000000    -3.942421
     0.001674    -3.942703
     0.003348    -3.942978
     0.005022    -3.943242
     0.006696    -3.943496
     0.008370    -3.943740
     0.010044    -3.943973
     0.011718    -3.944196
     0.013393    -3.944408
     0.015067    -3.944611
     0.016741    -3.944803
     0.018415    -3.944985
     0.020089    -3.945156
     0.021763    -3.945318
     0.023437    -3.945469
     0.025111    -3.945610
     0.026785    -3.945742
     0.028459    -3.945863
     0.030133    -3.945974
     0.031807    -3.946075
     0.033481    -3.946166
     0.035155    -3.946248
     0.036829    -3.946319
     0.038504    -3.946381
     0.040178    -3.946433
     0.041852    -3.946476
     0.043526    -3.946508
     0.045200    -3.946531
     0.046874    -3.946545
     0.048548    -3.946548
     0.050222    -3.946543
     0.051896    -3.946528
     0.053570    -3.946503
     0.055244    -3.946470
     0.056918    -3.946427
     0.058592    -3.946374
     0.060266    -3.946313
     0.061940    -3.946243
     0.063615    -3.946163
     0.065289    -3.946075
     0.066963    -3.945977
     0.068637    -3.945871
     0.070311    -3.945756
     0.071985    -3.945633
     0.073659    -3.945501
     0.075333    -3.945360
     0.077007    -3.945210
     0.078681    -3.945053
     0.080355    -3.944887
     0.082029    -3.944712
     0.083703    -3.944530
     0.085377    -3.944340
     0.087051    -3.944141
     0.088726    -3.943935
     0.090400    -3.943720
     0.092074    -3.943498
     0.093748    -3.943269
     0.095422    -3.943031
     0.097096    -3.942787
     0.098770    -3.942535
     0.100444    -3.942276
     0.102118    -3.942009
     0.103792    -3.941736
     0.105466    -3.941455
     0.107140    -3.941168
     0.108814    -3.940874
     0.110488    -3.940573
     0.112163    -3.940266
     0.113837    -3.939952
     0.115511    -3.939632
     0.117185    -3.939306
     0.118859    -3.938974
     0.120533    -3.938636
     0.122207    -3.938292
     0.123881    -3.937943
     0.125555    -3.937587
     0.127229    -3.937227
     0.128903    -3.936861
     0.130577    -3.936490
     0.132251    -3.936114
     0.133925    -3.935733
     0.135599    -3.935348
     0.137274    -3.934958
     0.138948    -3.934563
     0.140622    -3.934164
     0.142296    -3.933762
     0.143970    -3.933355
     0.145644    -3.932944
     0.147318    -3.932530
     0.148992    -3.932112
     0.150666    -3.931691
     0.152340    -3.931266
     0.154014    -3.930839
     0.155688    -3.930409
     0.157362    -3.929976
     0.159036    -3.929541
     0.160710    -3.929104
     0.162385    -3.928664
     0.164059    -3.928223
     0.165733    -3.927780
     0.167407    -3.927336


    -0.167407    -3.862461
    -0.165733    -3.863712
    -0.164059    -3.864956
    -0.162385    -3.866192
    -0.160710    -3.867421
    -0.159036    -3.868642
    -0.157362    -3.869856
    -0.155688    -3.871063
    -0.154014    -3.872261
    -0.152340    -3.873452
    -0.150666    -3.874635
    -0.148992    -3.875810
    -0.147318    -3.876978
    -0.145644    -3.878137
    -0.143970    -3.879287
    -0.142296    -3.880430
    -0.140622    -3.881564
    -0.138948    -3.882690
    -0.137274    -3.883808
    -0.135599    -3.884917
    -0.133925    -3.886017
    -0.132251    -3.887109
    -0.130577    -3.888192
    -0.128903    -3.889267
    -0.127229    -3.890332
    -0.125555    -3.891389
    -0.123881    -3.892437
    -0.122207    -3.893475
    -0.120533    -3.894505
    -0.118859    -3.895525
    -0.117185    -3.896537
    -0.115511    -3.897539
    -0.113837    -3.898531
    -0.112163    -3.899515
    -0.110488    -3.900489
    -0.108814    -3.901454
    -0.107140    -3.902409
    -0.105466    -3.903354
    -0.103792    -3.904291
    -0.102118    -3.905217
    -0.100444    -3.906134
    -0.098770    -3.907041
    -0.097096    -3.907938
    -0.095422    -3.908826
    -0.093748    -3.909703
    -0.092074    -3.910571
    -0.090400    -3.911429
    -0.088726    -3.912277
    -0.087051    -3.913115
    -0.085377    -3.913943
    -0.083703    -3.914761
    -0.082029    -3.915569
    -0.080355    -3.916367
    -0.078681    -3.917155
    -0.077007    -3.917932
    -0.075333    -3.918700
    -0.073659    -3.919457
    -0.071985    -3.920204
    -0.070311    -3.920940
    -0.068637    -3.921666
    -0.066963    -3.922382
    -0.065289    -3.923088
    -0.063615    -3.923783
    -0.061940    -3.924468
    -0.060266    -3.925143
    -0.058592    -3.925807
    -0.056918    -3.926461
    -0.055244    -3.927104
    -0.053570    -3.927737
    -0.051896    -3.928359
    -0.050222    -3.928971
    -0.048548    -3.929572
    -0.046874    -3.930163
    -0.045200    -3.930743
    -0.043526    -3.931313
    -0.041852    -3.931872
    -0.040178    -3.932420
    -0.038504    -3.932958
    -0.036829    -3.933486
    -0.035155    -3.934003
    -0.033481    -3.934509
    -0.031807    -3.935005
    -0.030133    -3.935490
    -0.028459    -3.935965
    -0.026785    -3.936429
    -0.025111    -3.936882
    -0.023437    -3.937325
    -0.021763    -3.937758
    -0.020089    -3.938179
    -0.018415    -3.938590
    -0.016741    -3.938991
    -0.015067    -3.939381
    -0.013393    -3.939761
    -0.011718    -3.940130
    -0.010044    -3.940488
    -0.008370    -3.940836
    -0.006696    -3.941173
    -0.005022    -3.941500
    -0.003348    -3.941817
    -0.001674    -3.942123
     0.000000    -3.942413
     0.001674    -3.942120
     0.003348    -3.941814
     0.005022    -3.941498
     0.006696    -3.941171
     0.008370    -3.940834
     0.010044    -3.940486
     0.011718    -3.940128
     0.013393    -3.939759
     0.015067    -3.939380
     0.016741    -3.938990
     0.018415    -3.938589
     0.020089    -3.938178
     0.021763    -3.937757
     0.023437    -3.937325
     0.025111    -3.936882
     0.026785    -3.936429
     0.028459    -3.935965
     0.030133    -3.935491
     0.031807    -3.935005
     0.033481    -3.934510
     0.035155    -3.934004
     0.036829    -3.933487
     0.038504    -3.932960
     0.040178    -3.932422
     0.041852    -3.931873
     0.043526    -3.931314
     0.045200    -3.930745
     0.046874    -3.930165
     0.048548    -3.929574
     0.050222    -3.928973
     0.051896    -3.928362
     0.053570    -3.927739
     0.055244    -3.927107
     0.056918    -3.926464
     0.058592    -3.925810
     0.060266    -3.925146
     0.061940    -3.924472
     0.063615    -3.923787
     0.065289    -3.923092
     0.066963    -3.922386
     0.068637    -3.921671
     0.070311    -3.920944
     0.071985    -3.920208
     0.073659    -3.919461
     0.075333    -3.918704
     0.077007    -3.917937
     0.078681    -3.917159
     0.080355    -3.916372
     0.082029    -3.915574
     0.083703    -3.914766
     0.085377    -3.913948
     0.087051    -3.913120
     0.088726    -3.912282
     0.090400    -3.911434
     0.092074    -3.910576
     0.093748    -3.909709
     0.095422    -3.908831
     0.097096    -3.907943
     0.098770    -3.907046
     0.100444    -3.906139
     0.102118    -3.905222
     0.103792    -3.904296
     0.105466    -3.903360
     0.107140    -3.902414
     0.108814    -3.901459
     0.110488    -3.900494
     0.112163    -3.899520
     0.113837    -3.898536
     0.115511    -3.897544
     0.117185    -3.896541
     0.118859    -3.895530
     0.120533    -3.894509
     0.122207    -3.893480
     0.123881    -3.892441
     0.125555    -3.891393
     0.127229    -3.890336
     0.128903    -3.889271
     0.130577    -3.888196
     0.132251    -3.887113
     0.133925    -3.886021
     0.135599    -3.884921
     0.137274    -3.883811
     0.138948    -3.882694
     0.140622    -3.881568
     0.142296    -3.880433
     0.143970    -3.879290
     0.145644    -3.878139
     0.147318    -3.876980
     0.148992    -3.875813
     0.150666    -3.874637
     0.152340    -3.873454
     0.154014    -3.872263
     0.155688    -3.871064
     0.157362    -3.869858
     0.159036    -3.868643
     0.160710    -3.867422
     0.162385    -3.866193
     0.164059    -3.864956
     0.165733    -3.863712
     0.167407    -3.862461


    -0.167407    -2.454020
    -0.165733    -2.449813
    -0.164059    -2.445719
    -0.162385    -2.441733
    -0.160710    -2.437852
    -0.159036    -2.434071
    -0.157362    -2.430386
    -0.155688    -2.426794
    -0.154014    -2.423291
    -0.152340    -2.419874
    -0.150666    -2.416539
    -0.148992    -2.413283
    -0.147318    -2.410103
    -0.145644    -2.406996
    -0.143970    -2.403960
    -0.142296    -2.400991
    -0.140622    -2.398088
    -0.138948    -2.395248
    -0.137274    -2.392469
    -0.135599    -2.389748
    -0.133925    -2.387084
    -0.132251    -2.384475
    -0.130577    -2.381919
    -0.128903    -2.379414
    -0.127229    -2.376960
    -0.125555    -2.374554
    -0.123881    -2.372195
    -0.122207    -2.369881
    -0.120533    -2.367612
    -0.118859    -2.365387
    -0.117185    -2.363204
    -0.115511    -2.361062
    -0.113837    -2.358960
    -0.112163    -2.356897
    -0.110488    -2.354874
    -0.108814    -2.352888
    -0.107140    -2.350938
    -0.105466    -2.349026
    -0.103792    -2.347148
    -0.102118    -2.345306
    -0.100444    -2.343498
    -0.098770    -2.341724
    -0.097096    -2.339983
    -0.095422    -2.338276
    -0.093748    -2.336600
    -0.092074    -2.334957
    -0.090400    -2.333345
    -0.088726    -2.331764
    -0.087051    -2.330214
    -0.085377    -2.328695
    -0.083703    -2.327206
    -0.082029    -2.325746
    -0.080355    -2.324317
    -0.078681    -2.322916
    -0.077007    -2.321545
    -0.075333    -2.320203
    -0.073659    -2.318890
    -0.071985    -2.317605
    -0.070311    -2.316348
    -0.068637    -2.315120
    -0.066963    -2.313919
    -0.065289    -2.312747
    -0.063615    -2.311602
    -0.061940    -2.310485
    -0.060266    -2.309395
    -0.058592    -2.308333
    -0.056918    -2.307297
    -0.055244    -2.306289
    -0.053570    -2.305308
    -0.051896    -2.304354
    -0.050222    -2.303427
    -0.048548    -2.302527
    -0.046874    -2.301653
    -0.045200    -2.300806
    -0.043526    -2.299986
    -0.041852    -2.299192
    -0.040178    -2.298425
    -0.038504    -2.297684
    -0.036829    -2.296970
    -0.035155    -2.296282
    -0.033481    -2.295620
    -0.031807    -2.294985
    -0.030133    -2.294376
    -0.028459    -2.293793
    -0.026785    -2.293236
    -0.025111    -2.292705
    -0.023437    -2.292201
    -0.021763    -2.291722
    -0.020089    -2.291270
    -0.018415    -2.290844
    -0.016741    -2.290443
    -0.015067    -2.290069
    -0.013393    -2.289720
    -0.011718    -2.289397
    -0.010044    -2.289101
    -0.008370    -2.288830
    -0.006696    -2.288585
    -0.005022    -2.288365
    -0.003348    -2.288172
    -0.001674    -2.288004
     0.000000    -2.287874
     0.001674    -2.288014
     0.003348    -2.288182
     0.005022    -2.288376
     0.006696    -2.288596
     0.008370    -2.288841
     0.010044    -2.289112
     0.011718    -2.289409
     0.013393    -2.289731
     0.015067    -2.290080
     0.016741    -2.290455
     0.018415    -2.290855
     0.020089    -2.291282
     0.021763    -2.291734
     0.023437    -2.292213
     0.025111    -2.292717
     0.026785    -2.293248
     0.028459    -2.293805
     0.030133    -2.294388
     0.031807    -2.294997
     0.033481    -2.295632
     0.035155    -2.296294
     0.036829    -2.296982
     0.038504    -2.297696
     0.040178    -2.298437
     0.041852    -2.299204
     0.043526    -2.299998
     0.045200    -2.300818
     0.046874    -2.301665
     0.048548    -2.302538
     0.050222    -2.303439
     0.051896    -2.304366
     0.053570    -2.305320
     0.055244    -2.306301
     0.056918    -2.307309
     0.058592    -2.308344
     0.060266    -2.309406
     0.061940    -2.310496
     0.063615    -2.311613
     0.065289    -2.312758
     0.066963    -2.313930
     0.068637    -2.315130
     0.070311    -2.316359
     0.071985    -2.317615
     0.073659    -2.318900
     0.075333    -2.320213
     0.077007    -2.321555
     0.078681    -2.322926
     0.080355    -2.324327
     0.082029    -2.325756
     0.083703    -2.327215
     0.085377    -2.328704
     0.087051    -2.330223
     0.088726    -2.331773
     0.090400    -2.333354
     0.092074    -2.334966
     0.093748    -2.336609
     0.095422    -2.338284
     0.097096    -2.339992
     0.098770    -2.341733
     0.100444    -2.343507
     0.102118    -2.345315
     0.103792    -2.347157
     0.105466    -2.349034
     0.107140    -2.350947
     0.108814    -2.352896
     0.110488    -2.354882
     0.112163    -2.356906
     0.113837    -2.358968
     0.115511    -2.361070
     0.117185    -2.363212
     0.118859    -2.365395
     0.120533    -2.367620
     0.122207    -2.369889
     0.123881    -2.372202
     0.125555    -2.374561
     0.127229    -2.376968
     0.128903    -2.379422
     0.130577    -2.381926
     0.132251    -2.384482
     0.133925    -2.387091
     0.135599    -2.389755
     0.137274    -2.392476
     0.138948    -2.395255
     0.140622    -2.398095
     0.142296    -2.400998
     0.143970    -2.403967
     0.145644    -2.407003
     0.147318    -2.410110
     0.148992    -2.413290
     0.150666    -2.416546
     0.152340    -2.419881
     0.154014    -2.423298
     0.155688    -2.426801
     0.157362    -2.430393
     0.159036    -2.434077
     0.160710    -2.437858
     0.162385    -2.441739
     0.164059    -2.445725
     0.165733    -2.449819
     0.167407    -2.454025


    -0.167407    -2.410516
    -0.165733    -2.407022
    -0.164059    -2.403659
    -0.162385    -2.400416
    -0.160710    -2.397287
    -0.159036    -2.394265
    -0.157362    -2.391341
    -0.155688    -2.388510
    -0.154014    -2.385766
    -0.152340    -2.383104
    -0.150666    -2.380518
    -0.148992    -2.378004
    -0.147318    -2.375558
    -0.145644    -2.373176
    -0.143970    -2.370854
    -0.142296    -2.368589
    -0.140622    -2.366378
    -0.138948    -2.364219
    -0.137274    -2.362108
    -0.135599    -2.360044
    -0.133925    -2.358025
    -0.132251    -2.356048
    -0.130577    -2.354113
    -0.128903    -2.352217
    -0.127229    -2.350358
    -0.125555    -2.348537
    -0.123881    -2.346750
    -0.122207    -2.344998
    -0.120533    -2.343280
    -0.118859    -2.341594
    -0.117185    -2.339939
    -0.115511    -2.338315
    -0.113837    -2.336721
    -0.112163    -2.335157
    -0.110488    -2.333621
    -0.108814    -2.332114
    -0.107140    -2.330635
    -0.105466    -2.329183
    -0.103792    -2.327759
    -0.102118    -2.326361
    -0.100444    -2.324989
    -0.098770    -2.323643
    -0.097096    -2.322323
    -0.095422    -2.321029
    -0.093748    -2.319760
    -0.092074    -2.318517
    -0.090400    -2.317298
    -0.088726    -2.316104
    -0.087051    -2.314935
    -0.085377    -2.313791
    -0.083703    -2.312671
    -0.082029    -2.311575
    -0.080355    -2.310504
    -0.078681    -2.309457
    -0.077007    -2.308435
    -0.075333    -2.307436
    -0.073659    -2.306462
    -0.071985    -2.305512
    -0.070311    -2.304587
    -0.068637    -2.303685
    -0.066963    -2.302807
    -0.065289    -2.301954
    -0.063615    -2.301125
    -0.061940    -2.300320
    -0.060266    -2.299539
    -0.058592    -2.298783
    -0.056918    -2.298050
    -0.055244    -2.297342
    -0.053570    -2.296659
    -0.051896    -2.295999
    -0.050222    -2.295364
    -0.048548    -2.294754
    -0.046874    -2.294168
    -0.045200    -2.293606
    -0.043526    -2.293069
    -0.041852    -2.292557
    -0.040178    -2.292069
    -0.038504    -2.291606
    -0.036829    -2.291168
    -0.035155    -2.290754
    -0.033481    -2.290366
    -0.031807    -2.290002
    -0.030133    -2.289663
    -0.028459    -2.289349
    -0.026785    -2.289060
    -0.025111    -2.288796
    -0.023437    -2.288557
    -0.021763    -2.288344
    -0.020089    -2.288155
    -0.018415    -2.287992
    -0.016741    -2.287854
    -0.015067    -2.287741
    -0.013393    -2.287654
    -0.011718    -2.287592
    -0.010044    -2.287555
    -0.008370    -2.287544
    -0.006696    -2.287559
    -0.005022    -2.287599
    -0.003348    -2.287664
    -0.001674    -2.287755
     0.000000    -2.287859
     0.001674    -2.287745
     0.003348    -2.287654
     0.005022    -2.287589
     0.006696    -2.287549
     0.008370    -2.287535
     0.010044    -2.287546
     0.011718    -2.287583
     0.013393    -2.287645
     0.015067    -2.287733
     0.016741    -2.287846
     0.018415    -2.287984
     0.020089    -2.288147
     0.021763    -2.288336
     0.023437    -2.288550
     0.025111    -2.288789
     0.026785    -2.289053
     0.028459    -2.289343
     0.030133    -2.289657
     0.031807    -2.289996
     0.033481    -2.290360
     0.035155    -2.290749
     0.036829    -2.291163
     0.038504    -2.291602
     0.040178    -2.292065
     0.041852    -2.292553
     0.043526    -2.293066
     0.045200    -2.293603
     0.046874    -2.294165
     0.048548    -2.294752
     0.050222    -2.295363
     0.051896    -2.295998
     0.053570    -2.296658
     0.055244    -2.297342
     0.056918    -2.298050
     0.058592    -2.298783
     0.060266    -2.299540
     0.061940    -2.300321
     0.063615    -2.301126
     0.065289    -2.301956
     0.066963    -2.302810
     0.068637    -2.303688
     0.070311    -2.304590
     0.071985    -2.305516
     0.073659    -2.306466
     0.075333    -2.307441
     0.077007    -2.308439
     0.078681    -2.309462
     0.080355    -2.310510
     0.082029    -2.311581
     0.083703    -2.312677
     0.085377    -2.313797
     0.087051    -2.314942
     0.088726    -2.316111
     0.090400    -2.317306
     0.092074    -2.318525
     0.093748    -2.319769
     0.095422    -2.321038
     0.097096    -2.322333
     0.098770    -2.323653
     0.100444    -2.324999
     0.102118    -2.326371
     0.103792    -2.327769
     0.105466    -2.329194
     0.107140    -2.330646
     0.108814    -2.332126
     0.110488    -2.333633
     0.112163    -2.335169
     0.113837    -2.336733
     0.115511    -2.338327
     0.117185    -2.339951
     0.118859    -2.341606
     0.120533    -2.343293
     0.122207    -2.345012
     0.123881    -2.346764
     0.125555    -2.348550
     0.127229    -2.350372
     0.128903    -2.352230
     0.130577    -2.354127
     0.132251    -2.356062
     0.133925    -2.358039
     0.135599    -2.360059
     0.137274    -2.362123
     0.138948    -2.364233
     0.140622    -2.366393
     0.142296    -2.368604
     0.143970    -2.370869
     0.145644    -2.373191
     0.147318    -2.375573
     0.148992    -2.378019
     0.150666    -2.380533
     0.152340    -2.383119
     0.154014    -2.385781
     0.155688    -2.388525
     0.157362    -2.391355
     0.159036    -2.394279
     0.160710    -2.397302
     0.162385    -2.400430
     0.164059    -2.403672
     0.165733    -2.407036
     0.167407    -2.410529


    -0.167407    -2.181556
    -0.165733    -2.173028
    -0.164059    -2.164428
    -0.162385    -2.155766
    -0.160710    -2.147054
    -0.159036    -2.138299
    -0.157362    -2.129512
    -0.155688    -2.120698
    -0.154014    -2.111868
    -0.152340    -2.103027
    -0.150666    -2.094183
    -0.148992    -2.085341
    -0.147318    -2.076509
    -0.145644    -2.067692
    -0.143970    -2.058895
    -0.142296    -2.050124
    -0.140622    -2.041382
    -0.138948    -2.032675
    -0.137274    -2.024007
    -0.135599    -2.015382
    -0.133925    -2.006803
    -0.132251    -1.998275
    -0.130577    -1.989801
    -0.128903    -1.981384
    -0.127229    -1.973027
    -0.125555    -1.964733
    -0.123881    -1.956506
    -0.122207    -1.948347
    -0.120533    -1.940260
    -0.118859    -1.932246
    -0.117185    -1.924309
    -0.115511    -1.916449
    -0.113837    -1.908671
    -0.112163    -1.900974
    -0.110488    -1.893362
    -0.108814    -1.885835
    -0.107140    -1.878396
    -0.105466    -1.871046
    -0.103792    -1.863787
    -0.102118    -1.856620
    -0.100444    -1.849547
    -0.098770    -1.842567
    -0.097096    -1.835683
    -0.095422    -1.828896
    -0.093748    -1.822206
    -0.092074    -1.815615
    -0.090400    -1.809122
    -0.088726    -1.802729
    -0.087051    -1.796437
    -0.085377    -1.790245
    -0.083703    -1.784154
    -0.082029    -1.778165
    -0.080355    -1.772278
    -0.078681    -1.766492
    -0.077007    -1.760809
    -0.075333    -1.755228
    -0.073659    -1.749749
    -0.071985    -1.744372
    -0.070311    -1.739098
    -0.068637    -1.733925
    -0.066963    -1.728853
    -0.065289    -1.723884
    -0.063615    -1.719015
    -0.061940    -1.714247
    -0.060266    -1.709579
    -0.058592    -1.705011
    -0.056918    -1.700543
    -0.055244    -1.696174
    -0.053570    -1.691903
    -0.051896    -1.687731
    -0.050222    -1.683657
    -0.048548    -1.679679
    -0.046874    -1.675799
    -0.045200    -1.672014
    -0.043526    -1.668325
    -0.041852    -1.664732
    -0.040178    -1.661233
    -0.038504    -1.657827
    -0.036829    -1.654514
    -0.035155    -1.651293
    -0.033481    -1.648164
    -0.031807    -1.645126
    -0.030133    -1.642178
    -0.028459    -1.639322
    -0.026785    -1.636557
    -0.025111    -1.633885
    -0.023437    -1.631307
    -0.021763    -1.628825
    -0.020089    -1.626443
    -0.018415    -1.624164
    -0.016741    -1.621992
    -0.015067    -1.619936
    -0.013393    -1.618004
    -0.011718    -1.616208
    -0.010044    -1.614562
    -0.008370    -1.613089
    -0.006696    -1.611811
    -0.005022    -1.610761
    -0.003348    -1.609973
    -0.001674    -1.609479
     0.000000    -1.609307
     0.001674    -1.609470
     0.003348    -1.609961
     0.005022    -1.610749
     0.006696    -1.611799
     0.008370    -1.613076
     0.010044    -1.614550
     0.011718    -1.616195
     0.013393    -1.617991
     0.015067    -1.619923
     0.016741    -1.621980
     0.018415    -1.624151
     0.020089    -1.626430
     0.021763    -1.628813
     0.023437    -1.631294
     0.025111    -1.633872
     0.026785    -1.636545
     0.028459    -1.639310
     0.030133    -1.642166
     0.031807    -1.645114
     0.033481    -1.648152
     0.035155    -1.651282
     0.036829    -1.654503
     0.038504    -1.657816
     0.040178    -1.661222
     0.041852    -1.664721
     0.043526    -1.668315
     0.045200    -1.672003
     0.046874    -1.675788
     0.048548    -1.679668
     0.050222    -1.683645
     0.051896    -1.687720
     0.053570    -1.691892
     0.055244    -1.696162
     0.056918    -1.700530
     0.058592    -1.704998
     0.060266    -1.709566
     0.061940    -1.714233
     0.063615    -1.719001
     0.065289    -1.723869
     0.066963    -1.728839
     0.068637    -1.733909
     0.070311    -1.739082
     0.071985    -1.744356
     0.073659    -1.749733
     0.075333    -1.755211
     0.077007    -1.760792
     0.078681    -1.766475
     0.080355    -1.772260
     0.082029    -1.778147
     0.083703    -1.784136
     0.085377    -1.790226
     0.087051    -1.796418
     0.088726    -1.802710
     0.090400    -1.809103
     0.092074    -1.815595
     0.093748    -1.822186
     0.095422    -1.828876
     0.097096    -1.835663
     0.098770    -1.842546
     0.100444    -1.849525
     0.102118    -1.856599
     0.103792    -1.863766
     0.105466    -1.871025
     0.107140    -1.878375
     0.108814    -1.885813
     0.110488    -1.893340
     0.112163    -1.900952
     0.113837    -1.908649
     0.115511    -1.916427
     0.117185    -1.924287
     0.118859    -1.932224
     0.120533    -1.940238
     0.122207    -1.948325
     0.123881    -1.956484
     0.125555    -1.964711
     0.127229    -1.973005
     0.128903    -1.981362
     0.130577    -1.989779
     0.132251    -1.998253
     0.133925    -2.006781
     0.135599    -2.015360
     0.137274    -2.023985
     0.138948    -2.032654
     0.140622    -2.041361
     0.142296    -2.050103
     0.143970    -2.058875
     0.145644    -2.067672
     0.147318    -2.076489
     0.148992    -2.085322
     0.150666    -2.094163
     0.152340    -2.103008
     0.154014    -2.111849
     0.155688    -2.120680
     0.157362    -2.129493
     0.159036    -2.138281
     0.160710    -2.147036
     0.162385    -2.155749
     0.164059    -2.164411
     0.165733    -2.173011
     0.167407    -2.181540


    -0.167407    -2.138762
    -0.165733    -2.130932
    -0.164059    -2.123065
    -0.162385    -2.115166
    -0.160710    -2.107241
    -0.159036    -2.099294
    -0.157362    -2.091332
    -0.155688    -2.083359
    -0.154014    -2.075380
    -0.152340    -2.067400
    -0.150666    -2.059423
    -0.148992    -2.051455
    -0.147318    -2.043499
    -0.145644    -2.035559
    -0.143970    -2.027640
    -0.142296    -2.019745
    -0.140622    -2.011877
    -0.138948    -2.004041
    -0.137274    -1.996240
    -0.135599    -1.988476
    -0.133925    -1.980753
    -0.132251    -1.973074
    -0.130577    -1.965441
    -0.128903    -1.957857
    -0.127229    -1.950325
    -0.125555    -1.942846
    -0.123881    -1.935424
    -0.122207    -1.928059
    -0.120533    -1.920755
    -0.118859    -1.913514
    -0.117185    -1.906336
    -0.115511    -1.899223
    -0.113837    -1.892178
    -0.112163    -1.885202
    -0.110488    -1.878296
    -0.108814    -1.871461
    -0.107140    -1.864699
    -0.105466    -1.858011
    -0.103792    -1.851398
    -0.102118    -1.844861
    -0.100444    -1.838401
    -0.098770    -1.832019
    -0.097096    -1.825715
    -0.095422    -1.819491
    -0.093748    -1.813346
    -0.092074    -1.807283
    -0.090400    -1.801301
    -0.088726    -1.795400
    -0.087051    -1.789582
    -0.085377    -1.783846
    -0.083703    -1.778194
    -0.082029    -1.772625
    -0.080355    -1.767139
    -0.078681    -1.761737
    -0.077007    -1.756420
    -0.075333    -1.751187
    -0.073659    -1.746038
    -0.071985    -1.740974
    -0.070311    -1.735995
    -0.068637    -1.731100
    -0.066963    -1.726291
    -0.065289    -1.721566
    -0.063615    -1.716925
    -0.061940    -1.712370
    -0.060266    -1.707899
    -0.058592    -1.703514
    -0.056918    -1.699212
    -0.055244    -1.694995
    -0.053570    -1.690863
    -0.051896    -1.686815
    -0.050222    -1.682851
    -0.048548    -1.678971
    -0.046874    -1.675176
    -0.045200    -1.671464
    -0.043526    -1.667837
    -0.041852    -1.664293
    -0.040178    -1.660835
    -0.038504    -1.657461
    -0.036829    -1.654173
    -0.035155    -1.650972
    -0.033481    -1.647859
    -0.031807    -1.644833
    -0.030133    -1.641898
    -0.028459    -1.639052
    -0.026785    -1.636298
    -0.025111    -1.633637
    -0.023437    -1.631071
    -0.021763    -1.628602
    -0.020089    -1.626232
    -0.018415    -1.623967
    -0.016741    -1.621809
    -0.015067    -1.619768
    -0.013393    -1.617850
    -0.011718    -1.616069
    -0.010044    -1.614439
    -0.008370    -1.612981
    -0.006696    -1.611720
    -0.005022    -1.610688
    -0.003348    -1.609918
    -0.001674    -1.609442
     0.000000    -1.609285
     0.001674    -1.609450
     0.003348    -1.609926
     0.005022    -1.610695
     0.006696    -1.611726
     0.008370    -1.612986
     0.010044    -1.614443
     0.011718    -1.616072
     0.013393    -1.617852
     0.015067    -1.619769
     0.016741    -1.621810
     0.018415    -1.623967
     0.020089    -1.626232
     0.021763    -1.628601
     0.023437    -1.631069
     0.025111    -1.633635
     0.026785    -1.636295
     0.028459    -1.639048
     0.030133    -1.641893
     0.031807    -1.644828
     0.033481    -1.647853
     0.035155    -1.650966
     0.036829    -1.654166
     0.038504    -1.657453
     0.040178    -1.660826
     0.041852    -1.664284
     0.043526    -1.667827
     0.045200    -1.671454
     0.046874    -1.675165
     0.048548    -1.678960
     0.050222    -1.682840
     0.051896    -1.686803
     0.053570    -1.690851
     0.055244    -1.694983
     0.056918    -1.699200
     0.058592    -1.703501
     0.060266    -1.707887
     0.061940    -1.712357
     0.063615    -1.716913
     0.065289    -1.721553
     0.066963    -1.726277
     0.068637    -1.731087
     0.070311    -1.735982
     0.071985    -1.740961
     0.073659    -1.746025
     0.075333    -1.751173
     0.077007    -1.756406
     0.078681    -1.761723
     0.080355    -1.767125
     0.082029    -1.772610
     0.083703    -1.778179
     0.085377    -1.783832
     0.087051    -1.789567
     0.088726    -1.795385
     0.090400    -1.801286
     0.092074    -1.807268
     0.093748    -1.813331
     0.095422    -1.819475
     0.097096    -1.825700
     0.098770    -1.832003
     0.100444    -1.838385
     0.102118    -1.844845
     0.103792    -1.851382
     0.105466    -1.857995
     0.107140    -1.864683
     0.108814    -1.871445
     0.110488    -1.878280
     0.112163    -1.885186
     0.113837    -1.892162
     0.115511    -1.899207
     0.117185    -1.906319
     0.118859    -1.913497
     0.120533    -1.920739
     0.122207    -1.928042
     0.123881    -1.935407
     0.125555    -1.942829
     0.127229    -1.950307
     0.128903    -1.957840
     0.130577    -1.965424
     0.132251    -1.973056
     0.133925    -1.980736
     0.135599    -1.988458
     0.137274    -1.996222
     0.138948    -2.004024
     0.140622    -2.011860
     0.142296    -2.019727
     0.143970    -2.027622
     0.145644    -2.035541
     0.147318    -2.043481
     0.148992    -2.051437
     0.150666    -2.059406
     0.152340    -2.067382
     0.154014    -2.075362
     0.155688    -2.083341
     0.157362    -2.091315
     0.159036    -2.099277
     0.160710    -2.107224
     0.162385    -2.115149
     0.164059    -2.123049
     0.165733    -2.130916
     0.167407    -2.138745


    -0.167407    -1.705490
    -0.165733    -1.702686
    -0.164059    -1.699902
    -0.162385    -1.697138
    -0.160710    -1.694395
    -0.159036    -1.691672
    -0.157362    -1.688971
    -0.155688    -1.686292
    -0.154014    -1.683634
    -0.152340    -1.680999
    -0.150666    -1.678386
    -0.148992    -1.675797
    -0.147318    -1.673231
    -0.145644    -1.670688
    -0.143970    -1.668170
    -0.142296    -1.665676
    -0.140622    -1.663207
    -0.138948    -1.660763
    -0.137274    -1.658346
    -0.135599    -1.655954
    -0.133925    -1.653589
    -0.132251    -1.651250
    -0.130577    -1.648939
    -0.128903    -1.646656
    -0.127229    -1.644401
    -0.125555    -1.642175
    -0.123881    -1.639978
    -0.122207    -1.637811
    -0.120533    -1.635674
    -0.118859    -1.633567
    -0.117185    -1.631491
    -0.115511    -1.629447
    -0.113837    -1.627435
    -0.112163    -1.625456
    -0.110488    -1.623509
    -0.108814    -1.621597
    -0.107140    -1.619718
    -0.105466    -1.617874
    -0.103792    -1.616065
    -0.102118    -1.614291
    -0.100444    -1.612554
    -0.098770    -1.610854
    -0.097096    -1.609191
    -0.095422    -1.607566
    -0.093748    -1.605979
    -0.092074    -1.604431
    -0.090400    -1.602923
    -0.088726    -1.601456
    -0.087051    -1.600029
    -0.085377    -1.598643
    -0.083703    -1.597299
    -0.082029    -1.595998
    -0.080355    -1.594740
    -0.078681    -1.593525
    -0.077007    -1.592355
    -0.075333    -1.591230
    -0.073659    -1.590150
    -0.071985    -1.589116
    -0.070311    -1.588129
    -0.068637    -1.587190
    -0.066963    -1.586298
    -0.065289    -1.585454
    -0.063615    -1.584659
    -0.061940    -1.583914
    -0.060266    -1.583219
    -0.058592    -1.582575
    -0.056918    -1.581982
    -0.055244    -1.581440
    -0.053570    -1.580951
    -0.051896    -1.580514
    -0.050222    -1.580130
    -0.048548    -1.579800
    -0.046874    -1.579524
    -0.045200    -1.579302
    -0.043526    -1.579135
    -0.041852    -1.579023
    -0.040178    -1.578966
    -0.038504    -1.578964
    -0.036829    -1.579017
    -0.035155    -1.579126
    -0.033481    -1.579290
    -0.031807    -1.579509
    -0.030133    -1.579783
    -0.028459    -1.580110
    -0.026785    -1.580490
    -0.025111    -1.580922
    -0.023437    -1.581403
    -0.021763    -1.581932
    -0.020089    -1.582506
    -0.018415    -1.583120
    -0.016741    -1.583769
    -0.015067    -1.584447
    -0.013393    -1.585144
    -0.011718    -1.585848
    -0.010044    -1.586544
    -0.008370    -1.587210
    -0.006696    -1.587822
    -0.005022    -1.588347
    -0.003348    -1.588751
    -0.001674    -1.589002
     0.000000    -1.589078
     0.001674    -1.589005
     0.003348    -1.588756
     0.005022    -1.588352
     0.006696    -1.587828
     0.008370    -1.587217
     0.010044    -1.586551
     0.011718    -1.585857
     0.013393    -1.585153
     0.015067    -1.584456
     0.016741    -1.583779
     0.018415    -1.583130
     0.020089    -1.582516
     0.021763    -1.581943
     0.023437    -1.581414
     0.025111    -1.580933
     0.026785    -1.580501
     0.028459    -1.580121
     0.030133    -1.579794
     0.031807    -1.579520
     0.033481    -1.579302
     0.035155    -1.579138
     0.036829    -1.579029
     0.038504    -1.578975
     0.040178    -1.578977
     0.041852    -1.579034
     0.043526    -1.579146
     0.045200    -1.579314
     0.046874    -1.579535
     0.048548    -1.579811
     0.050222    -1.580141
     0.051896    -1.580525
     0.053570    -1.580962
     0.055244    -1.581451
     0.056918    -1.581992
     0.058592    -1.582586
     0.060266    -1.583230
     0.061940    -1.583925
     0.063615    -1.584670
     0.065289    -1.585464
     0.066963    -1.586307
     0.068637    -1.587199
     0.070311    -1.588139
     0.071985    -1.589126
     0.073659    -1.590159
     0.075333    -1.591239
     0.077007    -1.592364
     0.078681    -1.593534
     0.080355    -1.594748
     0.082029    -1.596006
     0.083703    -1.597307
     0.085377    -1.598651
     0.087051    -1.600036
     0.088726    -1.601463
     0.090400    -1.602931
     0.092074    -1.604438
     0.093748    -1.605986
     0.095422    -1.607572
     0.097096    -1.609197
     0.098770    -1.610860
     0.100444    -1.612560
     0.102118    -1.614297
     0.103792    -1.616070
     0.105466    -1.617878
     0.107140    -1.619722
     0.108814    -1.621601
     0.110488    -1.623513
     0.112163    -1.625460
     0.113837    -1.627439
     0.115511    -1.629451
     0.117185    -1.631494
     0.118859    -1.633570
     0.120533    -1.635676
     0.122207    -1.637813
     0.123881    -1.639980
     0.125555    -1.642177
     0.127229    -1.644403
     0.128903    -1.646658
     0.130577    -1.648940
     0.132251    -1.651251
     0.133925    -1.653589
     0.135599    -1.655954
     0.137274    -1.658346
     0.138948    -1.660763
     0.140622    -1.663207
     0.142296    -1.665676
     0.143970    -1.668169
     0.145644    -1.670687
     0.147318    -1.673230
     0.148992    -1.675796
     0.150666    -1.678385
     0.152340    -1.680998
     0.154014    -1.683633
     0.155688    -1.686290
     0.157362    -1.688970
     0.159036    -1.691670
     0.160710    -1.694393
     0.162385    -1.697136
     0.164059    -1.699900
     0.165733    -1.702684
     0.167407    -1.705488


    -0.167407    -1.690848
    -0.165733    -1.687960
    -0.164059    -1.685103
    -0.162385    -1.682276
    -0.160710    -1.679482
    -0.159036    -1.676719
    -0.157362    -1.673988
    -0.155688    -1.671290
    -0.154014    -1.668624
    -0.152340    -1.665991
    -0.150666    -1.663391
    -0.148992    -1.660824
    -0.147318    -1.658291
    -0.145644    -1.655791
    -0.143970    -1.653326
    -0.142296    -1.650894
    -0.140622    -1.648498
    -0.138948    -1.646136
    -0.137274    -1.643809
    -0.135599    -1.641517
    -0.133925    -1.639261
    -0.132251    -1.637040
    -0.130577    -1.634855
    -0.128903    -1.632706
    -0.127229    -1.630594
    -0.125555    -1.628518
    -0.123881    -1.626479
    -0.122207    -1.624477
    -0.120533    -1.622512
    -0.118859    -1.620584
    -0.117185    -1.618695
    -0.115511    -1.616843
    -0.113837    -1.615029
    -0.112163    -1.613254
    -0.110488    -1.611517
    -0.108814    -1.609819
    -0.107140    -1.608160
    -0.105466    -1.606540
    -0.103792    -1.604960
    -0.102118    -1.603420
    -0.100444    -1.601919
    -0.098770    -1.600459
    -0.097096    -1.599039
    -0.095422    -1.597660
    -0.093748    -1.596322
    -0.092074    -1.595026
    -0.090400    -1.593770
    -0.088726    -1.592557
    -0.087051    -1.591385
    -0.085377    -1.590256
    -0.083703    -1.589169
    -0.082029    -1.588125
    -0.080355    -1.587124
    -0.078681    -1.586166
    -0.077007    -1.585252
    -0.075333    -1.584382
    -0.073659    -1.583556
    -0.071985    -1.582774
    -0.070311    -1.582037
    -0.068637    -1.581345
    -0.066963    -1.580698
    -0.065289    -1.580097
    -0.063615    -1.579541
    -0.061940    -1.579032
    -0.060266    -1.578569
    -0.058592    -1.578153
    -0.056918    -1.577783
    -0.055244    -1.577461
    -0.053570    -1.577186
    -0.051896    -1.576959
    -0.050222    -1.576780
    -0.048548    -1.576649
    -0.046874    -1.576567
    -0.045200    -1.576533
    -0.043526    -1.576547
    -0.041852    -1.576611
    -0.040178    -1.576724
    -0.038504    -1.576885
    -0.036829    -1.577096
    -0.035155    -1.577355
    -0.033481    -1.577663
    -0.031807    -1.578019
    -0.030133    -1.578423
    -0.028459    -1.578874
    -0.026785    -1.579371
    -0.025111    -1.579913
    -0.023437    -1.580498
    -0.021763    -1.581125
    -0.020089    -1.581789
    -0.018415    -1.582488
    -0.016741    -1.583216
    -0.015067    -1.583967
    -0.013393    -1.584732
    -0.011718    -1.585498
    -0.010044    -1.586252
    -0.008370    -1.586973
    -0.006696    -1.587635
    -0.005022    -1.588209
    -0.003348    -1.588661
    -0.001674    -1.588958
     0.000000    -1.589071
     0.001674    -1.588955
     0.003348    -1.588658
     0.005022    -1.588207
     0.006696    -1.587633
     0.008370    -1.586970
     0.010044    -1.586249
     0.011718    -1.585495
     0.013393    -1.584728
     0.015067    -1.583963
     0.016741    -1.583212
     0.018415    -1.582483
     0.020089    -1.581784
     0.021763    -1.581119
     0.023437    -1.580492
     0.025111    -1.579907
     0.026785    -1.579364
     0.028459    -1.578867
     0.030133    -1.578415
     0.031807    -1.578011
     0.033481    -1.577655
     0.035155    -1.577347
     0.036829    -1.577087
     0.038504    -1.576876
     0.040178    -1.576715
     0.041852    -1.576602
     0.043526    -1.576538
     0.045200    -1.576523
     0.046874    -1.576557
     0.048548    -1.576639
     0.050222    -1.576770
     0.051896    -1.576949
     0.053570    -1.577176
     0.055244    -1.577451
     0.056918    -1.577773
     0.058592    -1.578142
     0.060266    -1.578558
     0.061940    -1.579021
     0.063615    -1.579530
     0.065289    -1.580086
     0.066963    -1.580687
     0.068637    -1.581334
     0.070311    -1.582026
     0.071985    -1.582763
     0.073659    -1.583544
     0.075333    -1.584370
     0.077007    -1.585241
     0.078681    -1.586155
     0.080355    -1.587112
     0.082029    -1.588113
     0.083703    -1.589157
     0.085377    -1.590244
     0.087051    -1.591374
     0.088726    -1.592545
     0.090400    -1.593759
     0.092074    -1.595014
     0.093748    -1.596311
     0.095422    -1.597649
     0.097096    -1.599028
     0.098770    -1.600448
     0.100444    -1.601908
     0.102118    -1.603409
     0.103792    -1.604949
     0.105466    -1.606530
     0.107140    -1.608149
     0.108814    -1.609808
     0.110488    -1.611507
     0.112163    -1.613244
     0.113837    -1.615019
     0.115511    -1.616833
     0.117185    -1.618685
     0.118859    -1.620575
     0.120533    -1.622503
     0.122207    -1.624468
     0.123881    -1.626470
     0.125555    -1.628509
     0.127229    -1.630585
     0.128903    -1.632698
     0.130577    -1.634847
     0.132251    -1.637032
     0.133925    -1.639253
     0.135599    -1.641510
     0.137274    -1.643802
     0.138948    -1.646129
     0.140622    -1.648491
     0.142296    -1.650888
     0.143970    -1.653320
     0.145644    -1.655785
     0.147318    -1.658285
     0.148992    -1.660818
     0.150666    -1.663385
     0.152340    -1.665986
     0.154014    -1.668619
     0.155688    -1.671285
     0.157362    -1.673984
     0.159036    -1.676715
     0.160710    -1.679478
     0.162385    -1.682273
     0.164059    -1.685100
     0.165733    -1.687957
     0.167407    -1.690846


    -0.167407    -1.306100
    -0.165733    -1.300201
    -0.164059    -1.294251
    -0.162385    -1.288251
    -0.160710    -1.282201
    -0.159036    -1.276100
    -0.157362    -1.269948
    -0.155688    -1.263747
    -0.154014    -1.257495
    -0.152340    -1.251194
    -0.150666    -1.244843
    -0.148992    -1.238443
    -0.147318    -1.231994
    -0.145644    -1.225497
    -0.143970    -1.218952
    -0.142296    -1.212363
    -0.140622    -1.205735
    -0.138948    -1.199171
    -0.137274    -1.193058
    -0.135599    -1.187004
    -0.133925    -1.180913
    -0.132251    -1.174778
    -0.130577    -1.168598
    -0.128903    -1.162370
    -0.127229    -1.156096
    -0.125555    -1.149773
    -0.123881    -1.143404
    -0.122207    -1.136986
    -0.120533    -1.130521
    -0.118859    -1.124007
    -0.117185    -1.117446
    -0.115511    -1.110837
    -0.113837    -1.104181
    -0.112163    -1.097478
    -0.110488    -1.090728
    -0.108814    -1.083931
    -0.107140    -1.077090
    -0.105466    -1.070203
    -0.103792    -1.063272
    -0.102118    -1.056297
    -0.100444    -1.049281
    -0.098770    -1.042223
    -0.097096    -1.035125
    -0.095422    -1.027989
    -0.093748    -1.020816
    -0.092074    -1.013607
    -0.090400    -1.006365
    -0.088726    -0.999092
    -0.087051    -0.991789
    -0.085377    -0.984458
    -0.083703    -0.977103
    -0.082029    -0.969726
    -0.080355    -0.962330
    -0.078681    -0.954917
    -0.077007    -0.947491
    -0.075333    -0.940056
    -0.073659    -0.932614
    -0.071985    -0.925171
    -0.070311    -0.917730
    -0.068637    -0.910295
    -0.066963    -0.902871
    -0.065289    -0.895464
    -0.063615    -0.888077
    -0.061940    -0.880718
    -0.060266    -0.873391
    -0.058592    -0.866103
    -0.056918    -0.858860
    -0.055244    -0.851670
    -0.053570    -0.844539
    -0.051896    -0.837475
    -0.050222    -0.830486
    -0.048548    -0.823580
    -0.046874    -0.816766
    -0.045200    -0.810054
    -0.043526    -0.803452
    -0.041852    -0.796971
    -0.040178    -0.790621
    -0.038504    -0.784413
    -0.036829    -0.778357
    -0.035155    -0.772465
    -0.033481    -0.766749
    -0.031807    -0.761219
    -0.030133    -0.755889
    -0.028459    -0.750769
    -0.026785    -0.745872
    -0.025111    -0.741210
    -0.023437    -0.736793
    -0.021763    -0.732633
    -0.020089    -0.728741
    -0.018415    -0.725126
    -0.016741    -0.721799
    -0.015067    -0.718767
    -0.013393    -0.716038
    -0.011718    -0.713620
    -0.010044    -0.711517
    -0.008370    -0.709734
    -0.006696    -0.708274
    -0.005022    -0.707140
    -0.003348    -0.706331
    -0.001674    -0.705846
     0.000000    -0.705683
     0.001674    -0.705841
     0.003348    -0.706319
     0.005022    -0.707128
     0.006696    -0.708263
     0.008370    -0.709723
     0.010044    -0.711506
     0.011718    -0.713609
     0.013393    -0.716027
     0.015067    -0.718756
     0.016741    -0.721787
     0.018415    -0.725115
     0.020089    -0.728729
     0.021763    -0.732622
     0.023437    -0.736781
     0.025111    -0.741198
     0.026785    -0.745861
     0.028459    -0.750758
     0.030133    -0.755878
     0.031807    -0.761208
     0.033481    -0.766738
     0.035155    -0.772454
     0.036829    -0.778346
     0.038504    -0.784402
     0.040178    -0.790611
     0.041852    -0.796961
     0.043526    -0.803442
     0.045200    -0.810044
     0.046874    -0.816757
     0.048548    -0.823571
     0.050222    -0.830477
     0.051896    -0.837466
     0.053570    -0.844531
     0.055244    -0.851662
     0.056918    -0.858853
     0.058592    -0.866096
     0.060266    -0.873384
     0.061940    -0.880711
     0.063615    -0.888071
     0.065289    -0.895457
     0.066963    -0.902865
     0.068637    -0.910289
     0.070311    -0.917724
     0.071985    -0.925166
     0.073659    -0.932610
     0.075333    -0.940051
     0.077007    -0.947487
     0.078681    -0.954913
     0.080355    -0.962326
     0.082029    -0.969723
     0.083703    -0.977100
     0.085377    -0.984455
     0.087051    -0.991786
     0.088726    -0.999089
     0.090400    -1.006363
     0.092074    -1.013605
     0.093748    -1.020814
     0.095422    -1.027987
     0.097096    -1.035124
     0.098770    -1.042222
     0.100444    -1.049280
     0.102118    -1.056296
     0.103792    -1.063271
     0.105466    -1.070202
     0.107140    -1.077089
     0.108814    -1.083931
     0.110488    -1.090727
     0.112163    -1.097477
     0.113837    -1.104181
     0.115511    -1.110837
     0.117185    -1.117446
     0.118859    -1.124007
     0.120533    -1.130521
     0.122207    -1.136986
     0.123881    -1.143404
     0.125555    -1.149774
     0.127229    -1.156096
     0.128903    -1.162370
     0.130577    -1.168598
     0.132251    -1.174778
     0.133925    -1.180913
     0.135599    -1.187003
     0.137274    -1.193055
     0.138948    -1.199156
     0.140622    -1.205721
     0.142296    -1.212349
     0.143970    -1.218939
     0.145644    -1.225483
     0.147318    -1.231980
     0.148992    -1.238428
     0.150666    -1.244828
     0.152340    -1.251179
     0.154014    -1.257480
     0.155688    -1.263731
     0.157362    -1.269932
     0.159036    -1.276083
     0.160710    -1.282183
     0.162385    -1.288233
     0.164059    -1.294233
     0.165733    -1.300182
     0.167407    -1.306081


    -0.167407    -1.294410
    -0.165733    -1.289114
    -0.164059    -1.283780
    -0.162385    -1.278410
    -0.160710    -1.273002
    -0.159036    -1.267556
    -0.157362    -1.262072
    -0.155688    -1.256548
    -0.154014    -1.250984
    -0.152340    -1.245379
    -0.150666    -1.239733
    -0.148992    -1.234045
    -0.147318    -1.228315
    -0.145644    -1.222542
    -0.143970    -1.216724
    -0.142296    -1.210859
    -0.140622    -1.204941
    -0.138948    -1.198869
    -0.137274    -1.192253
    -0.135599    -1.185488
    -0.133925    -1.178669
    -0.132251    -1.171803
    -0.130577    -1.164894
    -0.128903    -1.157943
    -0.127229    -1.150950
    -0.125555    -1.143917
    -0.123881    -1.136846
    -0.122207    -1.129737
    -0.120533    -1.122592
    -0.118859    -1.115412
    -0.117185    -1.108199
    -0.115511    -1.100954
    -0.113837    -1.093679
    -0.112163    -1.086375
    -0.110488    -1.079044
    -0.108814    -1.071688
    -0.107140    -1.064309
    -0.105466    -1.056908
    -0.103792    -1.049489
    -0.102118    -1.042052
    -0.100444    -1.034600
    -0.098770    -1.027136
    -0.097096    -1.019662
    -0.095422    -1.012180
    -0.093748    -1.004693
    -0.092074    -0.997203
    -0.090400    -0.989713
    -0.088726    -0.982227
    -0.087051    -0.974746
    -0.085377    -0.967274
    -0.083703    -0.959814
    -0.082029    -0.952369
    -0.080355    -0.944942
    -0.078681    -0.937537
    -0.077007    -0.930157
    -0.075333    -0.922806
    -0.073659    -0.915488
    -0.071985    -0.908205
    -0.070311    -0.900963
    -0.068637    -0.893765
    -0.066963    -0.886614
    -0.065289    -0.879517
    -0.063615    -0.872476
    -0.061940    -0.865496
    -0.060266    -0.858582
    -0.058592    -0.851739
    -0.056918    -0.844971
    -0.055244    -0.838284
    -0.053570    -0.831682
    -0.051896    -0.825171
    -0.050222    -0.818757
    -0.048548    -0.812446
    -0.046874    -0.806242
    -0.045200    -0.800152
    -0.043526    -0.794182
    -0.041852    -0.788339
    -0.040178    -0.782630
    -0.038504    -0.777060
    -0.036829    -0.771637
    -0.035155    -0.766369
    -0.033481    -0.761262
    -0.031807    -0.756325
    -0.030133    -0.751564
    -0.028459    -0.746988
    -0.026785    -0.742606
    -0.025111    -0.738425
    -0.023437    -0.734454
    -0.021763    -0.730702
    -0.020089    -0.727177
    -0.018415    -0.723888
    -0.016741    -0.720844
    -0.015067    -0.718053
    -0.013393    -0.715525
    -0.011718    -0.713267
    -0.010044    -0.711287
    -0.008370    -0.709595
    -0.006696    -0.708196
    -0.005022    -0.707097
    -0.003348    -0.706306
    -0.001674    -0.705829
     0.000000    -0.705671
     0.001674    -0.705833
     0.003348    -0.706316
     0.005022    -0.707107
     0.006696    -0.708204
     0.008370    -0.709602
     0.010044    -0.711294
     0.011718    -0.713273
     0.013393    -0.715530
     0.015067    -0.718058
     0.016741    -0.720848
     0.018415    -0.723892
     0.020089    -0.727181
     0.021763    -0.730705
     0.023437    -0.734458
     0.025111    -0.738428
     0.026785    -0.742609
     0.028459    -0.746991
     0.030133    -0.751567
     0.031807    -0.756327
     0.033481    -0.761265
     0.035155    -0.766371
     0.036829    -0.771640
     0.038504    -0.777062
     0.040178    -0.782632
     0.041852    -0.788341
     0.043526    -0.794184
     0.045200    -0.800154
     0.046874    -0.806243
     0.048548    -0.812447
     0.050222    -0.818759
     0.051896    -0.825173
     0.053570    -0.831684
     0.055244    -0.838285
     0.056918    -0.844972
     0.058592    -0.851740
     0.060266    -0.858583
     0.061940    -0.865497
     0.063615    -0.872477
     0.065289    -0.879518
     0.066963    -0.886616
     0.068637    -0.893766
     0.070311    -0.900964
     0.071985    -0.908206
     0.073659    -0.915489
     0.075333    -0.922807
     0.077007    -0.930158
     0.078681    -0.937538
     0.080355    -0.944943
     0.082029    -0.952369
     0.083703    -0.959814
     0.085377    -0.967274
     0.087051    -0.974746
     0.088726    -0.982227
     0.090400    -0.989713
     0.092074    -0.997202
     0.093748    -1.004692
     0.095422    -1.012179
     0.097096    -1.019661
     0.098770    -1.027135
     0.100444    -1.034599
     0.102118    -1.042050
     0.103792    -1.049486
     0.105466    -1.056906
     0.107140    -1.064306
     0.108814    -1.071685
     0.110488    -1.079040
     0.112163    -1.086371
     0.113837    -1.093674
     0.115511    -1.100949
     0.117185    -1.108194
     0.118859    -1.115407
     0.120533    -1.122587
     0.122207    -1.129731
     0.123881    -1.136840
     0.125555    -1.143911
     0.127229    -1.150943
     0.128903    -1.157935
     0.130577    -1.164886
     0.132251    -1.171795
     0.133925    -1.178661
     0.135599    -1.185480
     0.137274    -1.192247
     0.138948    -1.198873
     0.140622    -1.204945
     0.142296    -1.210862
     0.143970    -1.216725
     0.145644    -1.222543
     0.147318    -1.228316
     0.148992    -1.234047
     0.150666    -1.239734
     0.152340    -1.245380
     0.154014    -1.250984
     0.155688    -1.256548
     0.157362    -1.262072
     0.159036    -1.267557
     0.160710    -1.273003
     0.162385    -1.278411
     0.164059    -1.283781
     0.165733    -1.289114
     0.167407    -1.294411


    -0.167407    -0.488371
    -0.165733    -0.483906
    -0.164059    -0.479484
    -0.162385    -0.475107
    -0.160710    -0.470774
    -0.159036    -0.466488
    -0.157362    -0.462249
    -0.155688    -0.458058
    -0.154014    -0.453914
    -0.152340    -0.449821
    -0.150666    -0.445777
    -0.148992    -0.441785
    -0.147318    -0.437844
    -0.145644    -0.433956
    -0.143970    -0.430121
    -0.142296    -0.426340
    -0.140622    -0.422615
    -0.138948    -0.418946
    -0.137274    -0.415333
    -0.135599    -0.411777
    -0.133925    -0.408280
    -0.132251    -0.404842
    -0.130577    -0.401463
    -0.128903    -0.398145
    -0.127229    -0.394888
    -0.125555    -0.391693
    -0.123881    -0.388560
    -0.122207    -0.385491
    -0.120533    -0.382485
    -0.118859    -0.379543
    -0.117185    -0.376666
    -0.115511    -0.373855
    -0.113837    -0.371109
    -0.112163    -0.368429
    -0.110488    -0.365816
    -0.108814    -0.363271
    -0.107140    -0.360792
    -0.105466    -0.358381
    -0.103792    -0.356037
    -0.102118    -0.353762
    -0.100444    -0.351554
    -0.098770    -0.349414
    -0.097096    -0.347341
    -0.095422    -0.345336
    -0.093748    -0.343399
    -0.092074    -0.341528
    -0.090400    -0.339723
    -0.088726    -0.337985
    -0.087051    -0.336311
    -0.085377    -0.334702
    -0.083703    -0.333155
    -0.082029    -0.331671
    -0.080355    -0.330248
    -0.078681    -0.328884
    -0.077007    -0.327578
    -0.075333    -0.326328
    -0.073659    -0.325132
    -0.071985    -0.323988
    -0.070311    -0.322893
    -0.068637    -0.321846
    -0.066963    -0.320842
    -0.065289    -0.319878
    -0.063615    -0.318952
    -0.061940    -0.318060
    -0.060266    -0.317197
    -0.058592    -0.316358
    -0.056918    -0.315541
    -0.055244    -0.314738
    -0.053570    -0.313946
    -0.051896    -0.313157
    -0.050222    -0.312366
    -0.048548    -0.311566
    -0.046874    -0.310750
    -0.045200    -0.309910
    -0.043526    -0.309039
    -0.041852    -0.308129
    -0.040178    -0.307169
    -0.038504    -0.306153
    -0.036829    -0.305069
    -0.035155    -0.303908
    -0.033481    -0.302660
    -0.031807    -0.301315
    -0.030133    -0.299862
    -0.028459    -0.298291
    -0.026785    -0.296590
    -0.025111    -0.294750
    -0.023437    -0.292760
    -0.021763    -0.290610
    -0.020089    -0.288291
    -0.018415    -0.285792
    -0.016741    -0.283106
    -0.015067    -0.280226
    -0.013393    -0.277143
    -0.011718    -0.273854
    -0.010044    -0.270352
    -0.008370    -0.266634
    -0.006696    -0.262698
    -0.005022    -0.258542
    -0.003348    -0.254167
    -0.001674    -0.249573
     0.000000    -0.244789
     0.001674    -0.249598
     0.003348    -0.254192
     0.005022    -0.258568
     0.006696    -0.262724
     0.008370    -0.266661
     0.010044    -0.270380
     0.011718    -0.273882
     0.013393    -0.277172
     0.015067    -0.280255
     0.016741    -0.283136
     0.018415    -0.285822
     0.020089    -0.288321
     0.021763    -0.290641
     0.023437    -0.292791
     0.025111    -0.294782
     0.026785    -0.296622
     0.028459    -0.298322
     0.030133    -0.299894
     0.031807    -0.301347
     0.033481    -0.302692
     0.035155    -0.303939
     0.036829    -0.305100
     0.038504    -0.306184
     0.040178    -0.307200
     0.041852    -0.308159
     0.043526    -0.309070
     0.045200    -0.309940
     0.046874    -0.310779
     0.048548    -0.311595
     0.050222    -0.312395
     0.051896    -0.313185
     0.053570    -0.313974
     0.055244    -0.314766
     0.056918    -0.315568
     0.058592    -0.316385
     0.060266    -0.317223
     0.061940    -0.318086
     0.063615    -0.318978
     0.065289    -0.319903
     0.066963    -0.320866
     0.068637    -0.321870
     0.070311    -0.322917
     0.071985    -0.324011
     0.073659    -0.325155
     0.075333    -0.326350
     0.077007    -0.327600
     0.078681    -0.328905
     0.080355    -0.330269
     0.082029    -0.331691
     0.083703    -0.333175
     0.085377    -0.334721
     0.087051    -0.336330
     0.088726    -0.338003
     0.090400    -0.339741
     0.092074    -0.341545
     0.093748    -0.343415
     0.095422    -0.345353
     0.097096    -0.347357
     0.098770    -0.349429
     0.100444    -0.351569
     0.102118    -0.353776
     0.103792    -0.356051
     0.105466    -0.358394
     0.107140    -0.360805
     0.108814    -0.363283
     0.110488    -0.365829
     0.112163    -0.368441
     0.113837    -0.371120
     0.115511    -0.373866
     0.117185    -0.376677
     0.118859    -0.379553
     0.120533    -0.382495
     0.122207    -0.385501
     0.123881    -0.388570
     0.125555    -0.391702
     0.127229    -0.394897
     0.128903    -0.398154
     0.130577    -0.401472
     0.132251    -0.404850
     0.133925    -0.408288
     0.135599    -0.411785
     0.137274    -0.415341
     0.138948    -0.418953
     0.140622    -0.422622
     0.142296    -0.426348
     0.143970    -0.430128
     0.145644    -0.433963
     0.147318    -0.437851
     0.148992    -0.441791
     0.150666    -0.445784
     0.152340    -0.449827
     0.154014    -0.453921
     0.155688    -0.458064
     0.157362    -0.462255
     0.159036    -0.466495
     0.160710    -0.470781
     0.162385    -0.475113
     0.164059    -0.479490
     0.165733    -0.483912
     0.167407    -0.488377


    -0.167407    -0.444998
    -0.165733    -0.438658
    -0.164059    -0.432320
    -0.162385    -0.425985
    -0.160710    -0.419654
    -0.159036    -0.413326
    -0.157362    -0.407002
    -0.155688    -0.400681
    -0.154014    -0.394365
    -0.152340    -0.388052
    -0.150666    -0.381743
    -0.148992    -0.375438
    -0.147318    -0.369138
    -0.145644    -0.362841
    -0.143970    -0.356549
    -0.142296    -0.350262
    -0.140622    -0.343979
    -0.138948    -0.337701
    -0.137274    -0.331428
    -0.135599    -0.325160
    -0.133925    -0.318896
    -0.132251    -0.312638
    -0.130577    -0.306386
    -0.128903    -0.300139
    -0.127229    -0.293898
    -0.125555    -0.287662
    -0.123881    -0.281433
    -0.122207    -0.275210
    -0.120533    -0.268993
    -0.118859    -0.262784
    -0.117185    -0.256581
    -0.115511    -0.250386
    -0.113837    -0.244198
    -0.112163    -0.238019
    -0.110488    -0.231848
    -0.108814    -0.225687
    -0.107140    -0.219535
    -0.105466    -0.213394
    -0.103792    -0.207264
    -0.102118    -0.201147
    -0.100444    -0.195042
    -0.098770    -0.188953
    -0.097096    -0.182879
    -0.095422    -0.176823
    -0.093748    -0.170786
    -0.092074    -0.164771
    -0.090400    -0.158780
    -0.088726    -0.152817
    -0.087051    -0.146884
    -0.085377    -0.140988
    -0.083703    -0.135131
    -0.082029    -0.129322
    -0.080355    -0.123566
    -0.078681    -0.117873
    -0.077007    -0.112254
    -0.075333    -0.106723
    -0.073659    -0.101294
    -0.071985    -0.095988
    -0.070311    -0.090831
    -0.068637    -0.085852
    -0.066963    -0.081090
    -0.065289    -0.076592
    -0.063615    -0.072418
    -0.061940    -0.068641
    -0.060266    -0.065346
    -0.058592    -0.062636
    -0.056918    -0.060622
    -0.055244    -0.059418
    -0.053570    -0.059125
    -0.051896    -0.059813
    -0.050222    -0.061508
    -0.048548    -0.064181
    -0.046874    -0.067757
    -0.045200    -0.072127
    -0.043526    -0.077171
    -0.041852    -0.082768
    -0.040178    -0.088808
    -0.038504    -0.095194
    -0.036829    -0.101846
    -0.035155    -0.108697
    -0.033481    -0.115690
    -0.031807    -0.122780
    -0.030133    -0.129928
    -0.028459    -0.137102
    -0.026785    -0.144274
    -0.025111    -0.151419
    -0.023437    -0.158518
    -0.021763    -0.165550
    -0.020089    -0.172500
    -0.018415    -0.179351
    -0.016741    -0.186089
    -0.015067    -0.192702
    -0.013393    -0.199177
    -0.011718    -0.205502
    -0.010044    -0.211667
    -0.008370    -0.217662
    -0.006696    -0.223477
    -0.005022    -0.229104
    -0.003348    -0.234536
    -0.001674    -0.239766
     0.000000    -0.244763
     0.001674    -0.239743
     0.003348    -0.234513
     0.005022    -0.229082
     0.006696    -0.223455
     0.008370    -0.217641
     0.010044    -0.211647
     0.011718    -0.205483
     0.013393    -0.199158
     0.015067    -0.192684
     0.016741    -0.186072
     0.018415    -0.179334
     0.020089    -0.172484
     0.021763    -0.165535
     0.023437    -0.158503
     0.025111    -0.151405
     0.026785    -0.144260
     0.028459    -0.137089
     0.030133    -0.129915
     0.031807    -0.122768
     0.033481    -0.115678
     0.035155    -0.108685
     0.036829    -0.101834
     0.038504    -0.095182
     0.040178    -0.088796
     0.041852    -0.082756
     0.043526    -0.077159
     0.045200    -0.072114
     0.046874    -0.067743
     0.048548    -0.064167
     0.050222    -0.061493
     0.051896    -0.059798
     0.053570    -0.059108
     0.055244    -0.059401
     0.056918    -0.060605
     0.058592    -0.062618
     0.060266    -0.065328
     0.061940    -0.068623
     0.063615    -0.072401
     0.065289    -0.076574
     0.066963    -0.081072
     0.068637    -0.085834
     0.070311    -0.090813
     0.071985    -0.095971
     0.073659    -0.101276
     0.075333    -0.106705
     0.077007    -0.112237
     0.078681    -0.117856
     0.080355    -0.123549
     0.082029    -0.129305
     0.083703    -0.135114
     0.085377    -0.140971
     0.087051    -0.146868
     0.088726    -0.152800
     0.090400    -0.158764
     0.092074    -0.164755
     0.093748    -0.170770
     0.095422    -0.176807
     0.097096    -0.182864
     0.098770    -0.188938
     0.100444    -0.195028
     0.102118    -0.201132
     0.103792    -0.207250
     0.105466    -0.213380
     0.107140    -0.219522
     0.108814    -0.225674
     0.110488    -0.231836
     0.112163    -0.238007
     0.113837    -0.244187
     0.115511    -0.250374
     0.117185    -0.256570
     0.118859    -0.262773
     0.120533    -0.268984
     0.122207    -0.275201
     0.123881    -0.281424
     0.125555    -0.287654
     0.127229    -0.293890
     0.128903    -0.300132
     0.130577    -0.306379
     0.132251    -0.312632
     0.133925    -0.318891
     0.135599    -0.325155
     0.137274    -0.331423
     0.138948    -0.337697
     0.140622    -0.343976
     0.142296    -0.350259
     0.143970    -0.356547
     0.145644    -0.362840
     0.147318    -0.369137
     0.148992    -0.375438
     0.150666    -0.381743
     0.152340    -0.388053
     0.154014    -0.394366
     0.155688    -0.400683
     0.157362    -0.407005
     0.159036    -0.413329
     0.160710    -0.419658
     0.162385    -0.425989
     0.164059    -0.432324
     0.165733    -0.438663
     0.167407    -0.445004


    -0.167407     0.649646
    -0.165733     0.640912
    -0.164059     0.632153
    -0.162385     0.623368
    -0.160710     0.614559
    -0.159036     0.605724
    -0.157362     0.596866
    -0.155688     0.587983
    -0.154014     0.579077
    -0.152340     0.570147
    -0.150666     0.561194
    -0.148992     0.552219
    -0.147318     0.543221
    -0.145644     0.534202
    -0.143970     0.525161
    -0.142296     0.516100
    -0.140622     0.507018
    -0.138948     0.497917
    -0.137274     0.488796
    -0.135599     0.479656
    -0.133925     0.470498
    -0.132251     0.461323
    -0.130577     0.452131
    -0.128903     0.442922
    -0.127229     0.433698
    -0.125555     0.424459
    -0.123881     0.415207
    -0.122207     0.405941
    -0.120533     0.396663
    -0.118859     0.387374
    -0.117185     0.378074
    -0.115511     0.368766
    -0.113837     0.359449
    -0.112163     0.350126
    -0.110488     0.340797
    -0.108814     0.331465
    -0.107140     0.322130
    -0.105466     0.312794
    -0.103792     0.303460
    -0.102118     0.294129
    -0.100444     0.284803
    -0.098770     0.275485
    -0.097096     0.266178
    -0.095422     0.256883
    -0.093748     0.247606
    -0.092074     0.238348
    -0.090400     0.229115
    -0.088726     0.219911
    -0.087051     0.210741
    -0.085377     0.201610
    -0.083703     0.192527
    -0.082029     0.183499
    -0.080355     0.174534
    -0.078681     0.165645
    -0.077007     0.156844
    -0.075333     0.148145
    -0.073659     0.139568
    -0.071985     0.131135
    -0.070311     0.122872
    -0.068637     0.114814
    -0.066963     0.107001
    -0.065289     0.099483
    -0.063615     0.092322
    -0.061940     0.085594
    -0.060266     0.079389
    -0.058592     0.073811
    -0.056918     0.068976
    -0.055244     0.065000
    -0.053570     0.061988
    -0.051896     0.060015
    -0.050222     0.059110
    -0.048548     0.059248
    -0.046874     0.060358
    -0.045200     0.062337
    -0.043526     0.065068
    -0.041852     0.068436
    -0.040178     0.072335
    -0.038504     0.076675
    -0.036829     0.081381
    -0.035155     0.086390
    -0.033481     0.091653
    -0.031807     0.097131
    -0.030133     0.102790
    -0.028459     0.108605
    -0.026785     0.114556
    -0.025111     0.120624
    -0.023437     0.126797
    -0.021763     0.133063
    -0.020089     0.139411
    -0.018415     0.145835
    -0.016741     0.152328
    -0.015067     0.158883
    -0.013393     0.165495
    -0.011718     0.172162
    -0.010044     0.178878
    -0.008370     0.185641
    -0.006696     0.192447
    -0.005022     0.199295
    -0.003348     0.206181
    -0.001674     0.213103
     0.000000     0.220055
     0.001674     0.213100
     0.003348     0.206177
     0.005022     0.199292
     0.006696     0.192444
     0.008370     0.185638
     0.010044     0.178876
     0.011718     0.172160
     0.013393     0.165494
     0.015067     0.158882
     0.016741     0.152327
     0.018415     0.145835
     0.020089     0.139412
     0.021763     0.133063
     0.023437     0.126798
     0.025111     0.120625
     0.026785     0.114557
     0.028459     0.108607
     0.030133     0.102792
     0.031807     0.097132
     0.033481     0.091655
     0.035155     0.086392
     0.036829     0.081383
     0.038504     0.076677
     0.040178     0.072337
     0.041852     0.068437
     0.043526     0.065069
     0.045200     0.062337
     0.046874     0.060358
     0.048548     0.059247
     0.050222     0.059108
     0.051896     0.060013
     0.053570     0.061985
     0.055244     0.064996
     0.056918     0.068972
     0.058592     0.073807
     0.060266     0.079384
     0.061940     0.085589
     0.063615     0.092317
     0.065289     0.099478
     0.066963     0.106995
     0.068637     0.114809
     0.070311     0.122867
     0.071985     0.131129
     0.073659     0.139562
     0.075333     0.148139
     0.077007     0.156838
     0.078681     0.165639
     0.080355     0.174528
     0.082029     0.183493
     0.083703     0.192521
     0.085377     0.201604
     0.087051     0.210734
     0.088726     0.219905
     0.090400     0.229109
     0.092074     0.238342
     0.093748     0.247600
     0.095422     0.256877
     0.097096     0.266172
     0.098770     0.275479
     0.100444     0.284797
     0.102118     0.294123
     0.103792     0.303454
     0.105466     0.312789
     0.107140     0.322124
     0.108814     0.331459
     0.110488     0.340792
     0.112163     0.350121
     0.113837     0.359444
     0.115511     0.368761
     0.117185     0.378069
     0.118859     0.387369
     0.120533     0.396658
     0.122207     0.405937
     0.123881     0.415203
     0.125555     0.424455
     0.127229     0.433694
     0.128903     0.442919
     0.130577     0.452127
     0.132251     0.461320
     0.133925     0.470495
     0.135599     0.479653
     0.137274     0.488793
     0.138948     0.497914
     0.140622     0.507016
     0.142296     0.516098
     0.143970     0.525160
     0.145644     0.534201
     0.147318     0.543220
     0.148992     0.552218
     0.150666     0.561193
     0.152340     0.570146
     0.154014     0.579076
     0.155688     0.587983
     0.157362     0.596866
     0.159036     0.605725
     0.160710     0.614559
     0.162385     0.623369
     0.164059     0.632154
     0.165733     0.640914
     0.167407     0.649648


    -0.167407     0.887038
    -0.165733     0.881388
    -0.164059     0.875722
    -0.162385     0.870041
    -0.160710     0.864345
    -0.159036     0.858632
    -0.157362     0.852904
    -0.155688     0.847159
    -0.154014     0.841397
    -0.152340     0.835618
    -0.150666     0.829821
    -0.148992     0.824006
    -0.147318     0.818172
    -0.145644     0.812320
    -0.143970     0.806448
    -0.142296     0.800557
    -0.140622     0.794645
    -0.138948     0.788712
    -0.137274     0.782759
    -0.135599     0.776784
    -0.133925     0.770786
    -0.132251     0.764766
    -0.130577     0.758724
    -0.128903     0.752657
    -0.127229     0.746567
    -0.125555     0.740452
    -0.123881     0.734312
    -0.122207     0.728147
    -0.120533     0.721957
    -0.118859     0.715739
    -0.117185     0.709496
    -0.115511     0.703225
    -0.113837     0.696927
    -0.112163     0.690601
    -0.110488     0.684247
    -0.108814     0.677865
    -0.107140     0.671454
    -0.105466     0.665014
    -0.103792     0.658545
    -0.102118     0.652046
    -0.100444     0.645518
    -0.098770     0.638960
    -0.097096     0.632372
    -0.095422     0.625755
    -0.093748     0.619108
    -0.092074     0.612431
    -0.090400     0.605724
    -0.088726     0.598988
    -0.087051     0.592222
    -0.085377     0.585427
    -0.083703     0.578603
    -0.082029     0.571751
    -0.080355     0.564871
    -0.078681     0.557963
    -0.077007     0.551027
    -0.075333     0.544065
    -0.073659     0.537077
    -0.071985     0.530064
    -0.070311     0.523026
    -0.068637     0.515963
    -0.066963     0.508878
    -0.065289     0.501770
    -0.063615     0.494641
    -0.061940     0.487491
    -0.060266     0.480322
    -0.058592     0.473135
    -0.056918     0.465930
    -0.055244     0.458708
    -0.053570     0.451472
    -0.051896     0.444222
    -0.050222     0.436959
    -0.048548     0.429685
    -0.046874     0.422401
    -0.045200     0.415108
    -0.043526     0.407807
    -0.041852     0.400501
    -0.040178     0.393190
    -0.038504     0.385875
    -0.036829     0.378559
    -0.035155     0.371242
    -0.033481     0.363926
    -0.031807     0.356613
    -0.030133     0.349304
    -0.028459     0.341999
    -0.026785     0.334702
    -0.025111     0.327413
    -0.023437     0.320133
    -0.021763     0.312865
    -0.020089     0.305609
    -0.018415     0.298368
    -0.016741     0.291142
    -0.015067     0.283932
    -0.013393     0.276742
    -0.011718     0.269571
    -0.010044     0.262421
    -0.008370     0.255294
    -0.006696     0.248192
    -0.005022     0.241115
    -0.003348     0.234066
    -0.001674     0.227046
     0.000000     0.220061
     0.001674     0.227050
     0.003348     0.234071
     0.005022     0.241120
     0.006696     0.248197
     0.008370     0.255300
     0.010044     0.262427
     0.011718     0.269577
     0.013393     0.276748
     0.015067     0.283939
     0.016741     0.291149
     0.018415     0.298375
     0.020089     0.305617
     0.021763     0.312873
     0.023437     0.320141
     0.025111     0.327421
     0.026785     0.334710
     0.028459     0.342008
     0.030133     0.349312
     0.031807     0.356621
     0.033481     0.363935
     0.035155     0.371251
     0.036829     0.378567
     0.038504     0.385884
     0.040178     0.393198
     0.041852     0.400509
     0.043526     0.407816
     0.045200     0.415116
     0.046874     0.422409
     0.048548     0.429693
     0.050222     0.436967
     0.051896     0.444230
     0.053570     0.451480
     0.055244     0.458716
     0.056918     0.465937
     0.058592     0.473142
     0.060266     0.480329
     0.061940     0.487498
     0.063615     0.494648
     0.065289     0.501777
     0.066963     0.508884
     0.068637     0.515969
     0.070311     0.523031
     0.071985     0.530069
     0.073659     0.537083
     0.075333     0.544071
     0.077007     0.551032
     0.078681     0.557967
     0.080355     0.564875
     0.082029     0.571755
     0.083703     0.578607
     0.085377     0.585431
     0.087051     0.592225
     0.088726     0.598991
     0.090400     0.605727
     0.092074     0.612433
     0.093748     0.619110
     0.095422     0.625757
     0.097096     0.632375
     0.098770     0.638962
     0.100444     0.645520
     0.102118     0.652048
     0.103792     0.658546
     0.105466     0.665015
     0.107140     0.671455
     0.108814     0.677866
     0.110488     0.684248
     0.112163     0.690602
     0.113837     0.696927
     0.115511     0.703225
     0.117185     0.709496
     0.118859     0.715739
     0.120533     0.721956
     0.122207     0.728147
     0.123881     0.734312
     0.125555     0.740451
     0.127229     0.746566
     0.128903     0.752656
     0.130577     0.758723
     0.132251     0.764765
     0.133925     0.770785
     0.135599     0.776782
     0.137274     0.782757
     0.138948     0.788711
     0.140622     0.794643
     0.142296     0.800555
     0.143970     0.806447
     0.145644     0.812318
     0.147318     0.818171
     0.148992     0.824004
     0.150666     0.829819
     0.152340     0.835616
     0.154014     0.841395
     0.155688     0.847157
     0.157362     0.852902
     0.159036     0.858631
     0.160710     0.864343
     0.162385     0.870039
     0.164059     0.875720
     0.165733     0.881386
     0.167407     0.887037


    -0.167407     1.829758
    -0.165733     1.821985
    -0.164059     1.814231
    -0.162385     1.806498
    -0.160710     1.798788
    -0.159036     1.791103
    -0.157362     1.783444
    -0.155688     1.775814
    -0.154014     1.768215
    -0.152340     1.760650
    -0.150666     1.753119
    -0.148992     1.745626
    -0.147318     1.738172
    -0.145644     1.730760
    -0.143970     1.723392
    -0.142296     1.716070
    -0.140622     1.708797
    -0.138948     1.701575
    -0.137274     1.694406
    -0.135599     1.687293
    -0.133925     1.680237
    -0.132251     1.673242
    -0.130577     1.666310
    -0.128903     1.659442
    -0.127229     1.652643
    -0.125555     1.645913
    -0.123881     1.639255
    -0.122207     1.632672
    -0.120533     1.626167
    -0.118859     1.619740
    -0.117185     1.613396
    -0.115511     1.607135
    -0.113837     1.600962
    -0.112163     1.594877
    -0.110488     1.588883
    -0.108814     1.582982
    -0.107140     1.577177
    -0.105466     1.571470
    -0.103792     1.565863
    -0.102118     1.560358
    -0.100444     1.554957
    -0.098770     1.549661
    -0.097096     1.544474
    -0.095422     1.539397
    -0.093748     1.534432
    -0.092074     1.529580
    -0.090400     1.524843
    -0.088726     1.520224
    -0.087051     1.515723
    -0.085377     1.511341
    -0.083703     1.507082
    -0.082029     1.502945
    -0.080355     1.498932
    -0.078681     1.495045
    -0.077007     1.491284
    -0.075333     1.487650
    -0.073659     1.484145
    -0.071985     1.480769
    -0.070311     1.477524
    -0.068637     1.474409
    -0.066963     1.471426
    -0.065289     1.468574
    -0.063615     1.465855
    -0.061940     1.463269
    -0.060266     1.460817
    -0.058592     1.458497
    -0.056918     1.456311
    -0.055244     1.454258
    -0.053570     1.452339
    -0.051896     1.450554
    -0.050222     1.448901
    -0.048548     1.447381
    -0.046874     1.445994
    -0.045200     1.444739
    -0.043526     1.443616
    -0.041852     1.442623
    -0.040178     1.441762
    -0.038504     1.441030
    -0.036829     1.440427
    -0.035155     1.439952
    -0.033481     1.439605
    -0.031807     1.439384
    -0.030133     1.439288
    -0.028459     1.439317
    -0.026785     1.439470
    -0.025111     1.439745
    -0.023437     1.440141
    -0.021763     1.440657
    -0.020089     1.441291
    -0.018415     1.442044
    -0.016741     1.442912
    -0.015067     1.443895
    -0.013393     1.444992
    -0.011718     1.446201
    -0.010044     1.447521
    -0.008370     1.448950
    -0.006696     1.450486
    -0.005022     1.452130
    -0.003348     1.453878
    -0.001674     1.455730
     0.000000     1.457677
     0.001674     1.455739
     0.003348     1.453888
     0.005022     1.452140
     0.006696     1.450497
     0.008370     1.448960
     0.010044     1.447531
     0.011718     1.446212
     0.013393     1.445003
     0.015067     1.443907
     0.016741     1.442924
     0.018415     1.442056
     0.020089     1.441304
     0.021763     1.440669
     0.023437     1.440154
     0.025111     1.439758
     0.026785     1.439484
     0.028459     1.439331
     0.030133     1.439302
     0.031807     1.439398
     0.033481     1.439619
     0.035155     1.439967
     0.036829     1.440442
     0.038504     1.441045
     0.040178     1.441777
     0.041852     1.442639
     0.043526     1.443632
     0.045200     1.444755
     0.046874     1.446011
     0.048548     1.447398
     0.050222     1.448918
     0.051896     1.450571
     0.053570     1.452356
     0.055244     1.454276
     0.056918     1.456328
     0.058592     1.458515
     0.060266     1.460834
     0.061940     1.463287
     0.063615     1.465873
     0.065289     1.468592
     0.066963     1.471443
     0.068637     1.474427
     0.070311     1.477541
     0.071985     1.480787
     0.073659     1.484163
     0.075333     1.487668
     0.077007     1.491301
     0.078681     1.495062
     0.080355     1.498950
     0.082029     1.502962
     0.083703     1.507099
     0.085377     1.511359
     0.087051     1.515740
     0.088726     1.520241
     0.090400     1.524860
     0.092074     1.529597
     0.093748     1.534448
     0.095422     1.539414
     0.097096     1.544490
     0.098770     1.549677
     0.100444     1.554972
     0.102118     1.560373
     0.103792     1.565878
     0.105466     1.571485
     0.107140     1.577192
     0.108814     1.582997
     0.110488     1.588897
     0.112163     1.594890
     0.113837     1.600975
     0.115511     1.607148
     0.117185     1.613408
     0.118859     1.619752
     0.120533     1.626178
     0.122207     1.632684
     0.123881     1.639266
     0.125555     1.645923
     0.127229     1.652653
     0.128903     1.659452
     0.130577     1.666319
     0.132251     1.673251
     0.133925     1.680246
     0.135599     1.687301
     0.137274     1.694413
     0.138948     1.701582
     0.140622     1.708804
     0.142296     1.716076
     0.143970     1.723398
     0.145644     1.730765
     0.147318     1.738177
     0.148992     1.745630
     0.150666     1.753123
     0.152340     1.760653
     0.154014     1.768219
     0.155688     1.775817
     0.157362     1.783446
     0.159036     1.791105
     0.160710     1.798790
     0.162385     1.806499
     0.164059     1.814232
     0.165733     1.821986
     0.167407     1.829758


    -0.167407     1.952198
    -0.165733     1.945770
    -0.164059     1.939351
    -0.162385     1.932943
    -0.160710     1.926546
    -0.159036     1.920161
    -0.157362     1.913787
    -0.155688     1.907426
    -0.154014     1.901078
    -0.152340     1.894744
    -0.150666     1.888423
    -0.148992     1.882118
    -0.147318     1.875828
    -0.145644     1.869553
    -0.143970     1.863295
    -0.142296     1.857054
    -0.140622     1.850829
    -0.138948     1.844623
    -0.137274     1.838435
    -0.135599     1.832266
    -0.133925     1.826117
    -0.132251     1.819987
    -0.130577     1.813878
    -0.128903     1.807789
    -0.127229     1.801723
    -0.125555     1.795678
    -0.123881     1.789655
    -0.122207     1.783656
    -0.120533     1.777680
    -0.118859     1.771729
    -0.117185     1.765802
    -0.115511     1.759900
    -0.113837     1.754023
    -0.112163     1.748174
    -0.110488     1.742350
    -0.108814     1.736555
    -0.107140     1.730787
    -0.105466     1.725048
    -0.103792     1.719338
    -0.102118     1.713657
    -0.100444     1.708007
    -0.098770     1.702388
    -0.097096     1.696800
    -0.095422     1.691245
    -0.093748     1.685723
    -0.092074     1.680234
    -0.090400     1.674779
    -0.088726     1.669360
    -0.087051     1.663976
    -0.085377     1.658628
    -0.083703     1.653318
    -0.082029     1.648045
    -0.080355     1.642812
    -0.078681     1.637617
    -0.077007     1.632464
    -0.075333     1.627351
    -0.073659     1.622280
    -0.071985     1.617253
    -0.070311     1.612269
    -0.068637     1.607330
    -0.066963     1.602437
    -0.065289     1.597591
    -0.063615     1.592792
    -0.061940     1.588042
    -0.060266     1.583342
    -0.058592     1.578692
    -0.056918     1.574095
    -0.055244     1.569550
    -0.053570     1.565060
    -0.051896     1.560624
    -0.050222     1.556246
    -0.048548     1.551925
    -0.046874     1.547662
    -0.045200     1.543460
    -0.043526     1.539319
    -0.041852     1.535241
    -0.040178     1.531227
    -0.038504     1.527278
    -0.036829     1.523395
    -0.035155     1.519580
    -0.033481     1.515835
    -0.031807     1.512160
    -0.030133     1.508557
    -0.028459     1.505028
    -0.026785     1.501573
    -0.025111     1.498195
    -0.023437     1.494894
    -0.021763     1.491673
    -0.020089     1.488533
    -0.018415     1.485474
    -0.016741     1.482500
    -0.015067     1.479611
    -0.013393     1.476808
    -0.011718     1.474094
    -0.010044     1.471469
    -0.008370     1.468936
    -0.006696     1.466495
    -0.005022     1.464149
    -0.003348     1.461899
    -0.001674     1.459746
     0.000000     1.457699
     0.001674     1.459737
     0.003348     1.461890
     0.005022     1.464141
     0.006696     1.466487
     0.008370     1.468928
     0.010044     1.471461
     0.011718     1.474086
     0.013393     1.476801
     0.015067     1.479604
     0.016741     1.482493
     0.018415     1.485468
     0.020089     1.488527
     0.021763     1.491667
     0.023437     1.494889
     0.025111     1.498189
     0.026785     1.501568
     0.028459     1.505023
     0.030133     1.508552
     0.031807     1.512155
     0.033481     1.515830
     0.035155     1.519576
     0.036829     1.523391
     0.038504     1.527274
     0.040178     1.531223
     0.041852     1.535238
     0.043526     1.539316
     0.045200     1.543457
     0.046874     1.547660
     0.048548     1.551922
     0.050222     1.556243
     0.051896     1.560622
     0.053570     1.565057
     0.055244     1.569548
     0.056918     1.574093
     0.058592     1.578690
     0.060266     1.583340
     0.061940     1.588040
     0.063615     1.592790
     0.065289     1.597589
     0.066963     1.602436
     0.068637     1.607329
     0.070311     1.612268
     0.071985     1.617252
     0.073659     1.622280
     0.075333     1.627350
     0.077007     1.632463
     0.078681     1.637617
     0.080355     1.642811
     0.082029     1.648045
     0.083703     1.653317
     0.085377     1.658628
     0.087051     1.663975
     0.088726     1.669360
     0.090400     1.674779
     0.092074     1.680234
     0.093748     1.685723
     0.095422     1.691245
     0.097096     1.696801
     0.098770     1.702388
     0.100444     1.708008
     0.102118     1.713658
     0.103792     1.719338
     0.105466     1.725048
     0.107140     1.730788
     0.108814     1.736556
     0.110488     1.742351
     0.112163     1.748175
     0.113837     1.754025
     0.115511     1.759901
     0.117185     1.765803
     0.118859     1.771730
     0.120533     1.777682
     0.122207     1.783658
     0.123881     1.789657
     0.125555     1.795679
     0.127229     1.801724
     0.128903     1.807791
     0.130577     1.813880
     0.132251     1.819989
     0.133925     1.826119
     0.135599     1.832268
     0.137274     1.838438
     0.138948     1.844625
     0.140622     1.850832
     0.142296     1.857056
     0.143970     1.863297
     0.145644     1.869556
     0.147318     1.875830
     0.148992     1.882121
     0.150666     1.888426
     0.152340     1.894746
     0.154014     1.901081
     0.155688     1.907429
     0.157362     1.913790
     0.159036     1.920163
     0.160710     1.926549
     0.162385     1.932946
     0.164059     1.939354
     0.165733     1.945772
     0.167407     1.952201


    -0.167407     2.319572
    -0.165733     2.312076
    -0.164059     2.304614
    -0.162385     2.297187
    -0.160710     2.289796
    -0.159036     2.282443
    -0.157362     2.275129
    -0.155688     2.267856
    -0.154014     2.260623
    -0.152340     2.253434
    -0.150666     2.246288
    -0.148992     2.239187
    -0.147318     2.232133
    -0.145644     2.225125
    -0.143970     2.218166
    -0.142296     2.211256
    -0.140622     2.204397
    -0.138948     2.197589
    -0.137274     2.190834
    -0.135599     2.184132
    -0.133925     2.177485
    -0.132251     2.170893
    -0.130577     2.164357
    -0.128903     2.157879
    -0.127229     2.151460
    -0.125555     2.145099
    -0.123881     2.138799
    -0.122207     2.132559
    -0.120533     2.126381
    -0.118859     2.120266
    -0.117185     2.114215
    -0.115511     2.108227
    -0.113837     2.102305
    -0.112163     2.096449
    -0.110488     2.090659
    -0.108814     2.084937
    -0.107140     2.079283
    -0.105466     2.073698
    -0.103792     2.068182
    -0.102118     2.062737
    -0.100444     2.057364
    -0.098770     2.052062
    -0.097096     2.046832
    -0.095422     2.041676
    -0.093748     2.036594
    -0.092074     2.031586
    -0.090400     2.026654
    -0.088726     2.021797
    -0.087051     2.017018
    -0.085377     2.012315
    -0.083703     2.007690
    -0.082029     2.003144
    -0.080355     1.998677
    -0.078681     1.994289
    -0.077007     1.989982
    -0.075333     1.985756
    -0.073659     1.981611
    -0.071985     1.977549
    -0.070311     1.973569
    -0.068637     1.969673
    -0.066963     1.965861
    -0.065289     1.962133
    -0.063615     1.958490
    -0.061940     1.954933
    -0.060266     1.951462
    -0.058592     1.948077
    -0.056918     1.944780
    -0.055244     1.941571
    -0.053570     1.938450
    -0.051896     1.935418
    -0.050222     1.932475
    -0.048548     1.929622
    -0.046874     1.926860
    -0.045200     1.924188
    -0.043526     1.921608
    -0.041852     1.919120
    -0.040178     1.916724
    -0.038504     1.914421
    -0.036829     1.912211
    -0.035155     1.910095
    -0.033481     1.908074
    -0.031807     1.906147
    -0.030133     1.904315
    -0.028459     1.902579
    -0.026785     1.900938
    -0.025111     1.899395
    -0.023437     1.897948
    -0.021763     1.896598
    -0.020089     1.895347
    -0.018415     1.894193
    -0.016741     1.893139
    -0.015067     1.892184
    -0.013393     1.891329
    -0.011718     1.890575
    -0.010044     1.889921
    -0.008370     1.889368
    -0.006696     1.888916
    -0.005022     1.888565
    -0.003348     1.888315
    -0.001674     1.888163
     0.000000     1.888109
     0.001674     1.888155
     0.003348     1.888302
     0.005022     1.888549
     0.006696     1.888898
     0.008370     1.889348
     0.010044     1.889899
     0.011718     1.890551
     0.013393     1.891304
     0.015067     1.892157
     0.016741     1.893111
     0.018415     1.894164
     0.020089     1.895316
     0.021763     1.896567
     0.023437     1.897916
     0.025111     1.899362
     0.026785     1.900906
     0.028459     1.902546
     0.030133     1.904282
     0.031807     1.906114
     0.033481     1.908041
     0.035155     1.910063
     0.036829     1.912179
     0.038504     1.914389
     0.040178     1.916692
     0.041852     1.919088
     0.043526     1.921577
     0.045200     1.924157
     0.046874     1.926829
     0.048548     1.929592
     0.050222     1.932445
     0.051896     1.935388
     0.053570     1.938420
     0.055244     1.941541
     0.056918     1.944751
     0.058592     1.948048
     0.060266     1.951433
     0.061940     1.954904
     0.063615     1.958462
     0.065289     1.962105
     0.066963     1.965833
     0.068637     1.969646
     0.070311     1.973542
     0.071985     1.977522
     0.073659     1.981585
     0.075333     1.985730
     0.077007     1.989957
     0.078681     1.994264
     0.080355     1.998652
     0.082029     2.003120
     0.083703     2.007666
     0.085377     2.012292
     0.087051     2.016995
     0.088726     2.021775
     0.090400     2.026632
     0.092074     2.031565
     0.093748     2.036573
     0.095422     2.041656
     0.097096     2.046813
     0.098770     2.052042
     0.100444     2.057345
     0.102118     2.062719
     0.103792     2.068165
     0.105466     2.073681
     0.107140     2.079267
     0.108814     2.084921
     0.110488     2.090644
     0.112163     2.096434
     0.113837     2.102291
     0.115511     2.108214
     0.117185     2.114202
     0.118859     2.120254
     0.120533     2.126370
     0.122207     2.132549
     0.123881     2.138789
     0.125555     2.145090
     0.127229     2.151451
     0.128903     2.157872
     0.130577     2.164350
     0.132251     2.170887
     0.133925     2.177479
     0.135599     2.184127
     0.137274     2.190829
     0.138948     2.197585
     0.140622     2.204394
     0.142296     2.211254
     0.143970     2.218164
     0.145644     2.225124
     0.147318     2.232132
     0.148992     2.239188
     0.150666     2.246289
     0.152340     2.253436
     0.154014     2.260626
     0.155688     2.267859
     0.157362     2.275133
     0.159036     2.282447
     0.160710     2.289801
     0.162385     2.297192
     0.164059     2.304620
     0.165733     2.312082
     0.167407     2.319579


    -0.167407     2.344199
    -0.165733     2.336587
    -0.164059     2.328993
    -0.162385     2.321418
    -0.160710     2.313863
    -0.159036     2.306330
    -0.157362     2.298821
    -0.155688     2.291337
    -0.154014     2.283880
    -0.152340     2.276451
    -0.150666     2.269053
    -0.148992     2.261686
    -0.147318     2.254352
    -0.145644     2.247054
    -0.143970     2.239791
    -0.142296     2.232567
    -0.140622     2.225382
    -0.138948     2.218238
    -0.137274     2.211137
    -0.135599     2.204080
    -0.133925     2.197069
    -0.132251     2.190105
    -0.130577     2.183189
    -0.128903     2.176324
    -0.127229     2.169511
    -0.125555     2.162750
    -0.123881     2.156045
    -0.122207     2.149395
    -0.120533     2.142803
    -0.118859     2.136271
    -0.117185     2.129798
    -0.115511     2.123387
    -0.113837     2.117040
    -0.112163     2.110757
    -0.110488     2.104540
    -0.108814     2.098390
    -0.107140     2.092309
    -0.105466     2.086298
    -0.103792     2.080357
    -0.102118     2.074490
    -0.100444     2.068696
    -0.098770     2.062977
    -0.097096     2.057334
    -0.095422     2.051768
    -0.093748     2.046281
    -0.092074     2.040873
    -0.090400     2.035546
    -0.088726     2.030301
    -0.087051     2.025139
    -0.085377     2.020061
    -0.083703     2.015067
    -0.082029     2.010160
    -0.080355     2.005339
    -0.078681     2.000606
    -0.077007     1.995962
    -0.075333     1.991408
    -0.073659     1.986944
    -0.071985     1.982572
    -0.070311     1.978291
    -0.068637     1.974104
    -0.066963     1.970010
    -0.065289     1.966010
    -0.063615     1.962106
    -0.061940     1.958297
    -0.060266     1.954584
    -0.058592     1.950969
    -0.056918     1.947451
    -0.055244     1.944030
    -0.053570     1.940709
    -0.051896     1.937487
    -0.050222     1.934364
    -0.048548     1.931341
    -0.046874     1.928418
    -0.045200     1.925597
    -0.043526     1.922876
    -0.041852     1.920257
    -0.040178     1.917739
    -0.038504     1.915324
    -0.036829     1.913011
    -0.035155     1.910800
    -0.033481     1.908692
    -0.031807     1.906687
    -0.030133     1.904784
    -0.028459     1.902985
    -0.026785     1.901290
    -0.025111     1.899697
    -0.023437     1.898207
    -0.021763     1.896821
    -0.020089     1.895538
    -0.018415     1.894358
    -0.016741     1.893281
    -0.015067     1.892306
    -0.013393     1.891434
    -0.011718     1.890664
    -0.010044     1.889996
    -0.008370     1.889430
    -0.006696     1.888966
    -0.005022     1.888605
    -0.003348     1.888347
    -0.001674     1.888193
     0.000000     1.888144
     0.001674     1.888199
     0.003348     1.888358
     0.005022     1.888619
     0.006696     1.888982
     0.008370     1.889447
     0.010044     1.890014
     0.011718     1.890683
     0.013393     1.891454
     0.015067     1.892328
     0.016741     1.893303
     0.018415     1.894381
     0.020089     1.895561
     0.021763     1.896844
     0.023437     1.898231
     0.025111     1.899720
     0.026785     1.901312
     0.028459     1.903007
     0.030133     1.904806
     0.031807     1.906708
     0.033481     1.908712
     0.035155     1.910820
     0.036829     1.913030
     0.038504     1.915342
     0.040178     1.917757
     0.041852     1.920274
     0.043526     1.922893
     0.045200     1.925613
     0.046874     1.928434
     0.048548     1.931356
     0.050222     1.934378
     0.051896     1.937501
     0.053570     1.940723
     0.055244     1.944044
     0.056918     1.947463
     0.058592     1.950981
     0.060266     1.954596
     0.061940     1.958308
     0.063615     1.962116
     0.065289     1.966021
     0.066963     1.970020
     0.068637     1.974113
     0.070311     1.978301
     0.071985     1.982581
     0.073659     1.986953
     0.075333     1.991416
     0.077007     1.995971
     0.078681     2.000614
     0.080355     2.005347
     0.082029     2.010167
     0.083703     2.015074
     0.085377     2.020067
     0.087051     2.025145
     0.088726     2.030307
     0.090400     2.035552
     0.092074     2.040879
     0.093748     2.046286
     0.095422     2.051773
     0.097096     2.057339
     0.098770     2.062982
     0.100444     2.068700
     0.102118     2.074494
     0.103792     2.080362
     0.105466     2.086302
     0.107140     2.092313
     0.108814     2.098394
     0.110488     2.104544
     0.112163     2.110760
     0.113837     2.117043
     0.115511     2.123391
     0.117185     2.129801
     0.118859     2.136274
     0.120533     2.142807
     0.122207     2.149398
     0.123881     2.156048
     0.125555     2.162753
     0.127229     2.169514
     0.128903     2.176327
     0.130577     2.183192
     0.132251     2.190107
     0.133925     2.197071
     0.135599     2.204083
     0.137274     2.211140
     0.138948     2.218241
     0.140622     2.225385
     0.142296     2.232570
     0.143970     2.239794
     0.145644     2.247056
     0.147318     2.254355
     0.148992     2.261689
     0.150666     2.269056
     0.152340     2.276454
     0.154014     2.283883
     0.155688     2.291340
     0.157362     2.298824
     0.159036     2.306333
     0.160710     2.313866
     0.162385     2.321421
     0.164059     2.328997
     0.165733     2.336591
     0.167407     2.344203


