    -0.167407    -3.680377
    -0.165733    -3.680495
    -0.164059    -3.680616
    -0.162385    -3.680738
    -0.160710    -3.680861
    -0.159036    -3.680985
    -0.157362    -3.681111
    -0.155688    -3.681237
    -0.154014    -3.681363
    -0.152340    -3.681490
    -0.150666    -3.681617
    -0.148992    -3.681744
    -0.147318    -3.681871
    -0.145644    -3.681997
    -0.143970    -3.682123
    -0.142296    -3.682248
    -0.140622    -3.682371
    -0.138948    -3.682494
    -0.137274    -3.682615
    -0.135599    -3.682735
    -0.133925    -3.682852
    -0.132251    -3.682968
    -0.130577    -3.683082
    -0.128903    -3.683194
    -0.127229    -3.683304
    -0.125555    -3.683410
    -0.123881    -3.683515
    -0.122207    -3.683616
    -0.120533    -3.683715
    -0.118859    -3.683810
    -0.117185    -3.683902
    -0.115511    -3.683991
    -0.113837    -3.684076
    -0.112163    -3.684158
    -0.110488    -3.684236
    -0.108814    -3.684310
    -0.107140    -3.684380
    -0.105466    -3.684445
    -0.103792    -3.684507
    -0.102118    -3.684564
    -0.100444    -3.684617
    -0.098770    -3.684665
    -0.097096    -3.684708
    -0.095422    -3.684746
    -0.093748    -3.684780
    -0.092074    -3.684808
    -0.090400    -3.684832
    -0.088726    -3.684850
    -0.087051    -3.684862
    -0.085377    -3.684870
    -0.083703    -3.684871
    -0.082029    -3.684867
    -0.080355    -3.684858
    -0.078681    -3.684842
    -0.077007    -3.684821
    -0.075333    -3.684794
    -0.073659    -3.684760
    -0.071985    -3.684721
    -0.070311    -3.684675
    -0.068637    -3.684623
    -0.066963    -3.684564
    -0.065289    -3.684499
    -0.063615    -3.684428
    -0.061940    -3.684350
    -0.060266    -3.684265
    -0.058592    -3.684173
    -0.056918    -3.684075
    -0.055244    -3.683970
    -0.053570    -3.683857
    -0.051896    -3.683738
    -0.050222    -3.683612
    -0.048548    -3.683478
    -0.046874    -3.683338
    -0.045200    -3.683190
    -0.043526    -3.683035
    -0.041852    -3.682872
    -0.040178    -3.682702
    -0.038504    -3.682525
    -0.036829    -3.682340
    -0.035155    -3.682148
    -0.033481    -3.681948
    -0.031807    -3.681740
    -0.030133    -3.681525
    -0.028459    -3.681301
    -0.026785    -3.681071
    -0.025111    -3.680832
    -0.023437    -3.680585
    -0.021763    -3.680330
    -0.020089    -3.680068
    -0.018415    -3.679797
    -0.016741    -3.679519
    -0.015067    -3.679232
    -0.013393    -3.678938
    -0.011718    -3.678635
    -0.010044    -3.678324
    -0.008370    -3.678004
    -0.006696    -3.677677
    -0.005022    -3.677341
    -0.003348    -3.676997
    -0.001674    -3.676645
     0.000000    -3.676291
     0.001674    -3.676644
     0.003348    -3.676996
     0.005022    -3.677340
     0.006696    -3.677676
     0.008370    -3.678003
     0.010044    -3.678323
     0.011718    -3.678634
     0.013393    -3.678937
     0.015067    -3.679231
     0.016741    -3.679518
     0.018415    -3.679796
     0.020089    -3.680067
     0.021763    -3.680330
     0.023437    -3.680584
     0.025111    -3.680831
     0.026785    -3.681070
     0.028459    -3.681301
     0.030133    -3.681524
     0.031807    -3.681739
     0.033481    -3.681947
     0.035155    -3.682147
     0.036829    -3.682339
     0.038504    -3.682524
     0.040178    -3.682701
     0.041852    -3.682871
     0.043526    -3.683034
     0.045200    -3.683189
     0.046874    -3.683337
     0.048548    -3.683477
     0.050222    -3.683610
     0.051896    -3.683737
     0.053570    -3.683856
     0.055244    -3.683968
     0.056918    -3.684073
     0.058592    -3.684171
     0.060266    -3.684263
     0.061940    -3.684347
     0.063615    -3.684425
     0.065289    -3.684497
     0.066963    -3.684562
     0.068637    -3.684620
     0.070311    -3.684672
     0.071985    -3.684718
     0.073659    -3.684757
     0.075333    -3.684790
     0.077007    -3.684818
     0.078681    -3.684839
     0.080355    -3.684854
     0.082029    -3.684864
     0.083703    -3.684868
     0.085377    -3.684866
     0.087051    -3.684858
     0.088726    -3.684845
     0.090400    -3.684827
     0.092074    -3.684804
     0.093748    -3.684775
     0.095422    -3.684741
     0.097096    -3.684703
     0.098770    -3.684659
     0.100444    -3.684611
     0.102118    -3.684558
     0.103792    -3.684501
     0.105466    -3.684440
     0.107140    -3.684374
     0.108814    -3.684303
     0.110488    -3.684229
     0.112163    -3.684151
     0.113837    -3.684070
     0.115511    -3.683984
     0.117185    -3.683895
     0.118859    -3.683803
     0.120533    -3.683707
     0.122207    -3.683609
     0.123881    -3.683507
     0.125555    -3.683403
     0.127229    -3.683296
     0.128903    -3.683186
     0.130577    -3.683074
     0.132251    -3.682960
     0.133925    -3.682844
     0.135599    -3.682726
     0.137274    -3.682606
     0.138948    -3.682485
     0.140622    -3.682362
     0.142296    -3.682239
     0.143970    -3.682114
     0.145644    -3.681988
     0.147318    -3.681862
     0.148992    -3.681735
     0.150666    -3.681608
     0.152340    -3.681481
     0.154014    -3.681354
     0.155688    -3.681227
     0.157362    -3.681101
     0.159036    -3.680975
     0.160710    -3.680851
     0.162385    -3.680727
     0.164059    -3.680605
     0.165733    -3.680485
     0.167407    -3.680366


    -0.167407    -3.597830
    -0.165733    -3.598985
    -0.164059    -3.600134
    -0.162385    -3.601277
    -0.160710    -3.602415
    -0.159036    -3.603546
    -0.157362    -3.604672
    -0.155688    -3.605792
    -0.154014    -3.606906
    -0.152340    -3.608014
    -0.150666    -3.609115
    -0.148992    -3.610211
    -0.147318    -3.611299
    -0.145644    -3.612382
    -0.143970    -3.613457
    -0.142296    -3.614527
    -0.140622    -3.615589
    -0.138948    -3.616645
    -0.137274    -3.617694
    -0.135599    -3.618736
    -0.133925    -3.619771
    -0.132251    -3.620798
    -0.130577    -3.621819
    -0.128903    -3.622833
    -0.127229    -3.623839
    -0.125555    -3.624838
    -0.123881    -3.625830
    -0.122207    -3.626814
    -0.120533    -3.627791
    -0.118859    -3.628760
    -0.117185    -3.629721
    -0.115511    -3.630675
    -0.113837    -3.631622
    -0.112163    -3.632560
    -0.110488    -3.633491
    -0.108814    -3.634413
    -0.107140    -3.635328
    -0.105466    -3.636235
    -0.103792    -3.637134
    -0.102118    -3.638025
    -0.100444    -3.638908
    -0.098770    -3.639782
    -0.097096    -3.640649
    -0.095422    -3.641507
    -0.093748    -3.642357
    -0.092074    -3.643199
    -0.090400    -3.644032
    -0.088726    -3.644858
    -0.087051    -3.645674
    -0.085377    -3.646483
    -0.083703    -3.647283
    -0.082029    -3.648074
    -0.080355    -3.648858
    -0.078681    -3.649632
    -0.077007    -3.650398
    -0.075333    -3.651156
    -0.073659    -3.651905
    -0.071985    -3.652645
    -0.070311    -3.653377
    -0.068637    -3.654101
    -0.066963    -3.654815
    -0.065289    -3.655521
    -0.063615    -3.656218
    -0.061940    -3.656907
    -0.060266    -3.657587
    -0.058592    -3.658258
    -0.056918    -3.658921
    -0.055244    -3.659575
    -0.053570    -3.660220
    -0.051896    -3.660857
    -0.050222    -3.661484
    -0.048548    -3.662104
    -0.046874    -3.662714
    -0.045200    -3.663315
    -0.043526    -3.663908
    -0.041852    -3.664493
    -0.040178    -3.665068
    -0.038504    -3.665635
    -0.036829    -3.666193
    -0.035155    -3.666742
    -0.033481    -3.667283
    -0.031807    -3.667814
    -0.030133    -3.668338
    -0.028459    -3.668852
    -0.026785    -3.669358
    -0.025111    -3.669855
    -0.023437    -3.670344
    -0.021763    -3.670824
    -0.020089    -3.671295
    -0.018415    -3.671757
    -0.016741    -3.672211
    -0.015067    -3.672657
    -0.013393    -3.673094
    -0.011718    -3.673522
    -0.010044    -3.673942
    -0.008370    -3.674353
    -0.006696    -3.674756
    -0.005022    -3.675150
    -0.003348    -3.675536
    -0.001674    -3.675914
     0.000000    -3.676276
     0.001674    -3.675915
     0.003348    -3.675538
     0.005022    -3.675152
     0.006696    -3.674758
     0.008370    -3.674355
     0.010044    -3.673944
     0.011718    -3.673524
     0.013393    -3.673096
     0.015067    -3.672659
     0.016741    -3.672214
     0.018415    -3.671760
     0.020089    -3.671297
     0.021763    -3.670826
     0.023437    -3.670346
     0.025111    -3.669858
     0.026785    -3.669361
     0.028459    -3.668855
     0.030133    -3.668340
     0.031807    -3.667817
     0.033481    -3.667285
     0.035155    -3.666745
     0.036829    -3.666196
     0.038504    -3.665638
     0.040178    -3.665071
     0.041852    -3.664496
     0.043526    -3.663912
     0.045200    -3.663319
     0.046874    -3.662717
     0.048548    -3.662107
     0.050222    -3.661488
     0.051896    -3.660860
     0.053570    -3.660224
     0.055244    -3.659579
     0.056918    -3.658925
     0.058592    -3.658262
     0.060266    -3.657591
     0.061940    -3.656911
     0.063615    -3.656223
     0.065289    -3.655525
     0.066963    -3.654819
     0.068637    -3.654105
     0.070311    -3.653381
     0.071985    -3.652650
     0.073659    -3.651909
     0.075333    -3.651160
     0.077007    -3.650403
     0.078681    -3.649637
     0.080355    -3.648862
     0.082029    -3.648079
     0.083703    -3.647287
     0.085377    -3.646487
     0.087051    -3.645679
     0.088726    -3.644862
     0.090400    -3.644037
     0.092074    -3.643203
     0.093748    -3.642361
     0.095422    -3.641511
     0.097096    -3.640653
     0.098770    -3.639786
     0.100444    -3.638911
     0.102118    -3.638028
     0.103792    -3.637138
     0.105466    -3.636239
     0.107140    -3.635332
     0.108814    -3.634417
     0.110488    -3.633494
     0.112163    -3.632563
     0.113837    -3.631625
     0.115511    -3.630678
     0.117185    -3.629724
     0.118859    -3.628763
     0.120533    -3.627793
     0.122207    -3.626816
     0.123881    -3.625832
     0.125555    -3.624840
     0.127229    -3.623841
     0.128903    -3.622835
     0.130577    -3.621821
     0.132251    -3.620800
     0.133925    -3.619772
     0.135599    -3.618737
     0.137274    -3.617695
     0.138948    -3.616646
     0.140622    -3.615590
     0.142296    -3.614527
     0.143970    -3.613458
     0.145644    -3.612382
     0.147318    -3.611299
     0.148992    -3.610210
     0.150666    -3.609115
     0.152340    -3.608013
     0.154014    -3.606905
     0.155688    -3.605791
     0.157362    -3.604671
     0.159036    -3.603545
     0.160710    -3.602413
     0.162385    -3.601275
     0.164059    -3.600132
     0.165733    -3.598982
     0.167407    -3.597828


    -0.167407    -2.366181
    -0.165733    -2.361244
    -0.164059    -2.356425
    -0.162385    -2.351721
    -0.160710    -2.347129
    -0.159036    -2.342647
    -0.157362    -2.338270
    -0.155688    -2.333997
    -0.154014    -2.329825
    -0.152340    -2.325749
    -0.150666    -2.321769
    -0.148992    -2.317880
    -0.147318    -2.314080
    -0.145644    -2.310366
    -0.143970    -2.306735
    -0.142296    -2.303185
    -0.140622    -2.299714
    -0.138948    -2.296319
    -0.137274    -2.292997
    -0.135599    -2.289746
    -0.133925    -2.286565
    -0.132251    -2.283450
    -0.130577    -2.280401
    -0.128903    -2.277414
    -0.127229    -2.274489
    -0.125555    -2.271623
    -0.123881    -2.268816
    -0.122207    -2.266064
    -0.120533    -2.263367
    -0.118859    -2.260723
    -0.117185    -2.258132
    -0.115511    -2.255591
    -0.113837    -2.253099
    -0.112163    -2.250656
    -0.110488    -2.248259
    -0.108814    -2.245909
    -0.107140    -2.243604
    -0.105466    -2.241343
    -0.103792    -2.239125
    -0.102118    -2.236950
    -0.100444    -2.234816
    -0.098770    -2.232723
    -0.097096    -2.230670
    -0.095422    -2.228657
    -0.093748    -2.226683
    -0.092074    -2.224747
    -0.090400    -2.222848
    -0.088726    -2.220987
    -0.087051    -2.219162
    -0.085377    -2.217373
    -0.083703    -2.215621
    -0.082029    -2.213903
    -0.080355    -2.212220
    -0.078681    -2.210572
    -0.077007    -2.208958
    -0.075333    -2.207378
    -0.073659    -2.205831
    -0.071985    -2.204317
    -0.070311    -2.202836
    -0.068637    -2.201388
    -0.066963    -2.199973
    -0.065289    -2.198589
    -0.063615    -2.197237
    -0.061940    -2.195917
    -0.060266    -2.194629
    -0.058592    -2.193372
    -0.056918    -2.192146
    -0.055244    -2.190951
    -0.053570    -2.189786
    -0.051896    -2.188653
    -0.050222    -2.187550
    -0.048548    -2.186477
    -0.046874    -2.185434
    -0.045200    -2.184422
    -0.043526    -2.183439
    -0.041852    -2.182487
    -0.040178    -2.181564
    -0.038504    -2.180671
    -0.036829    -2.179808
    -0.035155    -2.178974
    -0.033481    -2.178169
    -0.031807    -2.177394
    -0.030133    -2.176648
    -0.028459    -2.175931
    -0.026785    -2.175243
    -0.025111    -2.174584
    -0.023437    -2.173954
    -0.021763    -2.173353
    -0.020089    -2.172781
    -0.018415    -2.172238
    -0.016741    -2.171723
    -0.015067    -2.171237
    -0.013393    -2.170779
    -0.011718    -2.170350
    -0.010044    -2.169949
    -0.008370    -2.169577
    -0.006696    -2.169233
    -0.005022    -2.168917
    -0.003348    -2.168629
    -0.001674    -2.168370
     0.000000    -2.168149
     0.001674    -2.168375
     0.003348    -2.168635
     0.005022    -2.168922
     0.006696    -2.169238
     0.008370    -2.169583
     0.010044    -2.169955
     0.011718    -2.170356
     0.013393    -2.170785
     0.015067    -2.171243
     0.016741    -2.171729
     0.018415    -2.172244
     0.020089    -2.172788
     0.021763    -2.173360
     0.023437    -2.173961
     0.025111    -2.174591
     0.026785    -2.175250
     0.028459    -2.175938
     0.030133    -2.176655
     0.031807    -2.177401
     0.033481    -2.178176
     0.035155    -2.178981
     0.036829    -2.179815
     0.038504    -2.180678
     0.040178    -2.181572
     0.041852    -2.182494
     0.043526    -2.183447
     0.045200    -2.184429
     0.046874    -2.185442
     0.048548    -2.186484
     0.050222    -2.187557
     0.051896    -2.188660
     0.053570    -2.189794
     0.055244    -2.190959
     0.056918    -2.192154
     0.058592    -2.193380
     0.060266    -2.194637
     0.061940    -2.195926
     0.063615    -2.197246
     0.065289    -2.198597
     0.066963    -2.199981
     0.068637    -2.201397
     0.070311    -2.202845
     0.071985    -2.204326
     0.073659    -2.205839
     0.075333    -2.207386
     0.077007    -2.208967
     0.078681    -2.210581
     0.080355    -2.212229
     0.082029    -2.213912
     0.083703    -2.215629
     0.085377    -2.217382
     0.087051    -2.219171
     0.088726    -2.220996
     0.090400    -2.222857
     0.092074    -2.224756
     0.093748    -2.226692
     0.095422    -2.228667
     0.097096    -2.230680
     0.098770    -2.232733
     0.100444    -2.234826
     0.102118    -2.236959
     0.103792    -2.239135
     0.105466    -2.241353
     0.107140    -2.243614
     0.108814    -2.245919
     0.110488    -2.248269
     0.112163    -2.250666
     0.113837    -2.253109
     0.115511    -2.255601
     0.117185    -2.258142
     0.118859    -2.260734
     0.120533    -2.263377
     0.122207    -2.266074
     0.123881    -2.268826
     0.125555    -2.271634
     0.127229    -2.274500
     0.128903    -2.277425
     0.130577    -2.280411
     0.132251    -2.283461
     0.133925    -2.286575
     0.135599    -2.289757
     0.137274    -2.293007
     0.138948    -2.296329
     0.140622    -2.299725
     0.142296    -2.303196
     0.143970    -2.306745
     0.145644    -2.310376
     0.147318    -2.314090
     0.148992    -2.317890
     0.150666    -2.321779
     0.152340    -2.325759
     0.154014    -2.329834
     0.155688    -2.334007
     0.157362    -2.338280
     0.159036    -2.342656
     0.160710    -2.347139
     0.162385    -2.351730
     0.164059    -2.356434
     0.165733    -2.361253
     0.167407    -2.366189


    -0.167407    -2.300521
    -0.165733    -2.296329
    -0.164059    -2.292297
    -0.162385    -2.288418
    -0.160710    -2.284684
    -0.159036    -2.281089
    -0.157362    -2.277623
    -0.155688    -2.274281
    -0.154014    -2.271055
    -0.152340    -2.267939
    -0.150666    -2.264927
    -0.148992    -2.262012
    -0.147318    -2.259190
    -0.145644    -2.256454
    -0.143970    -2.253801
    -0.142296    -2.251225
    -0.140622    -2.248723
    -0.138948    -2.246290
    -0.137274    -2.243923
    -0.135599    -2.241619
    -0.133925    -2.239375
    -0.132251    -2.237187
    -0.130577    -2.235053
    -0.128903    -2.232971
    -0.127229    -2.230939
    -0.125555    -2.228954
    -0.123881    -2.227015
    -0.122207    -2.225119
    -0.120533    -2.223266
    -0.118859    -2.221454
    -0.117185    -2.219681
    -0.115511    -2.217947
    -0.113837    -2.216249
    -0.112163    -2.214588
    -0.110488    -2.212962
    -0.108814    -2.211371
    -0.107140    -2.209812
    -0.105466    -2.208287
    -0.103792    -2.206794
    -0.102118    -2.205332
    -0.100444    -2.203901
    -0.098770    -2.202501
    -0.097096    -2.201131
    -0.095422    -2.199790
    -0.093748    -2.198478
    -0.092074    -2.197196
    -0.090400    -2.195942
    -0.088726    -2.194716
    -0.087051    -2.193518
    -0.085377    -2.192347
    -0.083703    -2.191205
    -0.082029    -2.190089
    -0.080355    -2.189001
    -0.078681    -2.187940
    -0.077007    -2.186906
    -0.075333    -2.185898
    -0.073659    -2.184918
    -0.071985    -2.183964
    -0.070311    -2.183036
    -0.068637    -2.182135
    -0.066963    -2.181260
    -0.065289    -2.180412
    -0.063615    -2.179590
    -0.061940    -2.178795
    -0.060266    -2.178026
    -0.058592    -2.177283
    -0.056918    -2.176567
    -0.055244    -2.175877
    -0.053570    -2.175213
    -0.051896    -2.174576
    -0.050222    -2.173965
    -0.048548    -2.173381
    -0.046874    -2.172823
    -0.045200    -2.172292
    -0.043526    -2.171787
    -0.041852    -2.171309
    -0.040178    -2.170857
    -0.038504    -2.170432
    -0.036829    -2.170034
    -0.035155    -2.169662
    -0.033481    -2.169318
    -0.031807    -2.169000
    -0.030133    -2.168709
    -0.028459    -2.168445
    -0.026785    -2.168209
    -0.025111    -2.167999
    -0.023437    -2.167816
    -0.021763    -2.167661
    -0.020089    -2.167533
    -0.018415    -2.167432
    -0.016741    -2.167359
    -0.015067    -2.167313
    -0.013393    -2.167294
    -0.011718    -2.167303
    -0.010044    -2.167340
    -0.008370    -2.167405
    -0.006696    -2.167497
    -0.005022    -2.167616
    -0.003348    -2.167764
    -0.001674    -2.167940
     0.000000    -2.168133
     0.001674    -2.167935
     0.003348    -2.167759
     0.005022    -2.167612
     0.006696    -2.167492
     0.008370    -2.167400
     0.010044    -2.167336
     0.011718    -2.167300
     0.013393    -2.167291
     0.015067    -2.167309
     0.016741    -2.167355
     0.018415    -2.167429
     0.020089    -2.167530
     0.021763    -2.167658
     0.023437    -2.167814
     0.025111    -2.167996
     0.026785    -2.168206
     0.028459    -2.168443
     0.030133    -2.168707
     0.031807    -2.168998
     0.033481    -2.169316
     0.035155    -2.169661
     0.036829    -2.170033
     0.038504    -2.170431
     0.040178    -2.170856
     0.041852    -2.171308
     0.043526    -2.171787
     0.045200    -2.172292
     0.046874    -2.172823
     0.048548    -2.173382
     0.050222    -2.173966
     0.051896    -2.174577
     0.053570    -2.175215
     0.055244    -2.175878
     0.056918    -2.176569
     0.058592    -2.177285
     0.060266    -2.178028
     0.061940    -2.178797
     0.063615    -2.179593
     0.065289    -2.180415
     0.066963    -2.181263
     0.068637    -2.182138
     0.070311    -2.183040
     0.071985    -2.183967
     0.073659    -2.184922
     0.075333    -2.185902
     0.077007    -2.186910
     0.078681    -2.187945
     0.080355    -2.189006
     0.082029    -2.190094
     0.083703    -2.191210
     0.085377    -2.192353
     0.087051    -2.193523
     0.088726    -2.194721
     0.090400    -2.195948
     0.092074    -2.197202
     0.093748    -2.198485
     0.095422    -2.199797
     0.097096    -2.201138
     0.098770    -2.202508
     0.100444    -2.203908
     0.102118    -2.205339
     0.103792    -2.206801
     0.105466    -2.208295
     0.107140    -2.209820
     0.108814    -2.211378
     0.110488    -2.212970
     0.112163    -2.214596
     0.113837    -2.216258
     0.115511    -2.217955
     0.117185    -2.219689
     0.118859    -2.221462
     0.120533    -2.223275
     0.122207    -2.225128
     0.123881    -2.227023
     0.125555    -2.228963
     0.127229    -2.230948
     0.128903    -2.232980
     0.130577    -2.235062
     0.132251    -2.237196
     0.133925    -2.239383
     0.135599    -2.241628
     0.137274    -2.243932
     0.138948    -2.246299
     0.140622    -2.248731
     0.142296    -2.251234
     0.143970    -2.253809
     0.145644    -2.256463
     0.147318    -2.259198
     0.148992    -2.262021
     0.150666    -2.264935
     0.152340    -2.267948
     0.154014    -2.271063
     0.155688    -2.274289
     0.157362    -2.277631
     0.159036    -2.281096
     0.160710    -2.284692
     0.162385    -2.288426
     0.164059    -2.292304
     0.165733    -2.296336
     0.167407    -2.300529


    -0.167407    -2.097439
    -0.165733    -2.090346
    -0.164059    -2.083143
    -0.162385    -2.075839
    -0.160710    -2.068444
    -0.159036    -2.060966
    -0.157362    -2.053416
    -0.155688    -2.045801
    -0.154014    -2.038129
    -0.152340    -2.030410
    -0.150666    -2.022652
    -0.148992    -2.014860
    -0.147318    -2.007044
    -0.145644    -1.999208
    -0.143970    -1.991361
    -0.142296    -1.983508
    -0.140622    -1.975655
    -0.138948    -1.967806
    -0.137274    -1.959969
    -0.135599    -1.952146
    -0.133925    -1.944344
    -0.132251    -1.936565
    -0.130577    -1.928815
    -0.128903    -1.921097
    -0.127229    -1.913415
    -0.125555    -1.905772
    -0.123881    -1.898172
    -0.122207    -1.890617
    -0.120533    -1.883111
    -0.118859    -1.875656
    -0.117185    -1.868255
    -0.115511    -1.860911
    -0.113837    -1.853625
    -0.112163    -1.846399
    -0.110488    -1.839237
    -0.108814    -1.832140
    -0.107140    -1.825110
    -0.105466    -1.818148
    -0.103792    -1.811256
    -0.102118    -1.804437
    -0.100444    -1.797692
    -0.098770    -1.791024
    -0.097096    -1.784441
    -0.095422    -1.777970
    -0.093748    -1.771726
    -0.092074    -1.765682
    -0.090400    -1.759729
    -0.088726    -1.753845
    -0.087051    -1.748025
    -0.085377    -1.742271
    -0.083703    -1.736581
    -0.082029    -1.730957
    -0.080355    -1.725398
    -0.078681    -1.719906
    -0.077007    -1.714480
    -0.075333    -1.709122
    -0.073659    -1.703833
    -0.071985    -1.698612
    -0.070311    -1.693460
    -0.068637    -1.688379
    -0.066963    -1.683368
    -0.065289    -1.678428
    -0.063615    -1.673560
    -0.061940    -1.668764
    -0.060266    -1.664041
    -0.058592    -1.659392
    -0.056918    -1.654817
    -0.055244    -1.650318
    -0.053570    -1.645893
    -0.051896    -1.641546
    -0.050222    -1.637275
    -0.048548    -1.633083
    -0.046874    -1.628971
    -0.045200    -1.624938
    -0.043526    -1.620988
    -0.041852    -1.617120
    -0.040178    -1.613336
    -0.038504    -1.609639
    -0.036829    -1.606029
    -0.035155    -1.602509
    -0.033481    -1.599082
    -0.031807    -1.595750
    -0.030133    -1.592516
    -0.028459    -1.589383
    -0.026785    -1.586355
    -0.025111    -1.583438
    -0.023437    -1.580636
    -0.021763    -1.577954
    -0.020089    -1.575401
    -0.018415    -1.572982
    -0.016741    -1.570708
    -0.015067    -1.568586
    -0.013393    -1.566629
    -0.011718    -1.564847
    -0.010044    -1.563253
    -0.008370    -1.561858
    -0.006696    -1.560677
    -0.005022    -1.559721
    -0.003348    -1.559000
    -0.001674    -1.558523
     0.000000    -1.558299
     0.001674    -1.558522
     0.003348    -1.558998
     0.005022    -1.559717
     0.006696    -1.560672
     0.008370    -1.561852
     0.010044    -1.563245
     0.011718    -1.564839
     0.013393    -1.566620
     0.015067    -1.568576
     0.016741    -1.570697
     0.018415    -1.572971
     0.020089    -1.575389
     0.021763    -1.577942
     0.023437    -1.580623
     0.025111    -1.583424
     0.026785    -1.586341
     0.028459    -1.589368
     0.030133    -1.592501
     0.031807    -1.595735
     0.033481    -1.599067
     0.035155    -1.602494
     0.036829    -1.606013
     0.038504    -1.609623
     0.040178    -1.613320
     0.041852    -1.617103
     0.043526    -1.620971
     0.045200    -1.624922
     0.046874    -1.628954
     0.048548    -1.633066
     0.050222    -1.637258
     0.051896    -1.641528
     0.053570    -1.645876
     0.055244    -1.650300
     0.056918    -1.654800
     0.058592    -1.659374
     0.060266    -1.664023
     0.061940    -1.668746
     0.063615    -1.673542
     0.065289    -1.678410
     0.066963    -1.683349
     0.068637    -1.688360
     0.070311    -1.693441
     0.071985    -1.698593
     0.073659    -1.703814
     0.075333    -1.709103
     0.077007    -1.714461
     0.078681    -1.719886
     0.080355    -1.725378
     0.082029    -1.730937
     0.083703    -1.736561
     0.085377    -1.742251
     0.087051    -1.748005
     0.088726    -1.753824
     0.090400    -1.759707
     0.092074    -1.765659
     0.093748    -1.771699
     0.095422    -1.777939
     0.097096    -1.784411
     0.098770    -1.790996
     0.100444    -1.797664
     0.102118    -1.804409
     0.103792    -1.811229
     0.105466    -1.818120
     0.107140    -1.825082
     0.108814    -1.832113
     0.110488    -1.839210
     0.112163    -1.846373
     0.113837    -1.853598
     0.115511    -1.860884
     0.117185    -1.868229
     0.118859    -1.875631
     0.120533    -1.883086
     0.122207    -1.890592
     0.123881    -1.898147
     0.125555    -1.905748
     0.127229    -1.913391
     0.128903    -1.921074
     0.130577    -1.928792
     0.132251    -1.936542
     0.133925    -1.944321
     0.135599    -1.952124
     0.137274    -1.959947
     0.138948    -1.967785
     0.140622    -1.975634
     0.142296    -1.983488
     0.143970    -1.991342
     0.145644    -1.999189
     0.147318    -2.007025
     0.148992    -2.014842
     0.150666    -2.022634
     0.152340    -2.030394
     0.154014    -2.038113
     0.155688    -2.045785
     0.157362    -2.053401
     0.159036    -2.060952
     0.160710    -2.068430
     0.162385    -2.075826
     0.164059    -2.083130
     0.165733    -2.090334
     0.167407    -2.097428


    -0.167407    -2.070051
    -0.165733    -2.063357
    -0.164059    -2.056610
    -0.162385    -2.049812
    -0.160710    -2.042970
    -0.159036    -2.036086
    -0.157362    -2.029164
    -0.155688    -2.022209
    -0.154014    -2.015224
    -0.152340    -2.008214
    -0.150666    -2.001182
    -0.148992    -1.994133
    -0.147318    -1.987070
    -0.145644    -1.979997
    -0.143970    -1.972918
    -0.142296    -1.965835
    -0.140622    -1.958754
    -0.138948    -1.951676
    -0.137274    -1.944606
    -0.135599    -1.937546
    -0.133925    -1.930500
    -0.132251    -1.923471
    -0.130577    -1.916460
    -0.128903    -1.909472
    -0.127229    -1.902509
    -0.125555    -1.895572
    -0.123881    -1.888666
    -0.122207    -1.881791
    -0.120533    -1.874951
    -0.118859    -1.868147
    -0.117185    -1.861381
    -0.115511    -1.854655
    -0.113837    -1.847972
    -0.112163    -1.841333
    -0.110488    -1.834739
    -0.108814    -1.828192
    -0.107140    -1.821694
    -0.105466    -1.815246
    -0.103792    -1.808848
    -0.102118    -1.802504
    -0.100444    -1.796212
    -0.098770    -1.789972
    -0.097096    -1.783780
    -0.095422    -1.777610
    -0.093748    -1.771349
    -0.092074    -1.765027
    -0.090400    -1.758754
    -0.088726    -1.752553
    -0.087051    -1.746431
    -0.085377    -1.740390
    -0.083703    -1.734430
    -0.082029    -1.728553
    -0.080355    -1.722759
    -0.078681    -1.717049
    -0.077007    -1.711423
    -0.075333    -1.705882
    -0.073659    -1.700426
    -0.071985    -1.695055
    -0.070311    -1.689770
    -0.068637    -1.684572
    -0.066963    -1.679459
    -0.065289    -1.674433
    -0.063615    -1.669493
    -0.061940    -1.664640
    -0.060266    -1.659874
    -0.058592    -1.655196
    -0.056918    -1.650604
    -0.055244    -1.646101
    -0.053570    -1.641685
    -0.051896    -1.637358
    -0.050222    -1.633119
    -0.048548    -1.628969
    -0.046874    -1.624909
    -0.045200    -1.620939
    -0.043526    -1.617060
    -0.041852    -1.613272
    -0.040178    -1.609577
    -0.038504    -1.605976
    -0.036829    -1.602470
    -0.035155    -1.599061
    -0.033481    -1.595751
    -0.031807    -1.592542
    -0.030133    -1.589437
    -0.028459    -1.586438
    -0.026785    -1.583550
    -0.025111    -1.580777
    -0.023437    -1.578124
    -0.021763    -1.575595
    -0.020089    -1.573199
    -0.018415    -1.570942
    -0.016741    -1.568833
    -0.015067    -1.566882
    -0.013393    -1.565099
    -0.011718    -1.563495
    -0.010044    -1.562083
    -0.008370    -1.560876
    -0.006696    -1.559886
    -0.005022    -1.559124
    -0.003348    -1.558600
    -0.001674    -1.558323
     0.000000    -1.558294
     0.001674    -1.558321
     0.003348    -1.558598
     0.005022    -1.559120
     0.006696    -1.559881
     0.008370    -1.560870
     0.010044    -1.562076
     0.011718    -1.563487
     0.013393    -1.565090
     0.015067    -1.566872
     0.016741    -1.568823
     0.018415    -1.570931
     0.020089    -1.573187
     0.021763    -1.575583
     0.023437    -1.578110
     0.025111    -1.580763
     0.026785    -1.583536
     0.028459    -1.586423
     0.030133    -1.589421
     0.031807    -1.592526
     0.033481    -1.595734
     0.035155    -1.599044
     0.036829    -1.602453
     0.038504    -1.605958
     0.040178    -1.609559
     0.041852    -1.613253
     0.043526    -1.617040
     0.045200    -1.620919
     0.046874    -1.624889
     0.048548    -1.628949
     0.050222    -1.633098
     0.051896    -1.637337
     0.053570    -1.641664
     0.055244    -1.646079
     0.056918    -1.650582
     0.058592    -1.655173
     0.060266    -1.659852
     0.061940    -1.664617
     0.063615    -1.669470
     0.065289    -1.674409
     0.066963    -1.679435
     0.068637    -1.684548
     0.070311    -1.689746
     0.071985    -1.695031
     0.073659    -1.700401
     0.075333    -1.705857
     0.077007    -1.711398
     0.078681    -1.717024
     0.080355    -1.722734
     0.082029    -1.728527
     0.083703    -1.734405
     0.085377    -1.740364
     0.087051    -1.746406
     0.088726    -1.752528
     0.090400    -1.758729
     0.092074    -1.765003
     0.093748    -1.771329
     0.095422    -1.777595
     0.097096    -1.783763
     0.098770    -1.789954
     0.100444    -1.796193
     0.102118    -1.802485
     0.103792    -1.808829
     0.105466    -1.815226
     0.107140    -1.821674
     0.108814    -1.828172
     0.110488    -1.834719
     0.112163    -1.841313
     0.113837    -1.847952
     0.115511    -1.854635
     0.117185    -1.861361
     0.118859    -1.868126
     0.120533    -1.874930
     0.122207    -1.881771
     0.123881    -1.888645
     0.125555    -1.895552
     0.127229    -1.902488
     0.128903    -1.909451
     0.130577    -1.916440
     0.132251    -1.923450
     0.133925    -1.930479
     0.135599    -1.937526
     0.137274    -1.944585
     0.138948    -1.951655
     0.140622    -1.958733
     0.142296    -1.965814
     0.143970    -1.972897
     0.145644    -1.979976
     0.147318    -1.987049
     0.148992    -1.994112
     0.150666    -2.001161
     0.152340    -2.008193
     0.154014    -2.015203
     0.155688    -2.022188
     0.157362    -2.029143
     0.159036    -2.036065
     0.160710    -2.042949
     0.162385    -2.049792
     0.164059    -2.056590
     0.165733    -2.063337
     0.167407    -2.070032


    -0.167407    -1.602019
    -0.165733    -1.598939
    -0.164059    -1.595885
    -0.162385    -1.592858
    -0.160710    -1.589859
    -0.159036    -1.586887
    -0.157362    -1.583945
    -0.155688    -1.581032
    -0.154014    -1.578150
    -0.152340    -1.575299
    -0.150666    -1.572479
    -0.148992    -1.569692
    -0.147318    -1.566938
    -0.145644    -1.564217
    -0.143970    -1.561532
    -0.142296    -1.558881
    -0.140622    -1.556267
    -0.138948    -1.553689
    -0.137274    -1.551149
    -0.135599    -1.548646
    -0.133925    -1.546183
    -0.132251    -1.543759
    -0.130577    -1.541375
    -0.128903    -1.539033
    -0.127229    -1.536732
    -0.125555    -1.534473
    -0.123881    -1.532257
    -0.122207    -1.530085
    -0.120533    -1.527958
    -0.118859    -1.525875
    -0.117185    -1.523838
    -0.115511    -1.521847
    -0.113837    -1.519904
    -0.112163    -1.518007
    -0.110488    -1.516159
    -0.108814    -1.514360
    -0.107140    -1.512610
    -0.105466    -1.510909
    -0.103792    -1.509259
    -0.102118    -1.507661
    -0.100444    -1.506113
    -0.098770    -1.504618
    -0.097096    -1.503175
    -0.095422    -1.501785
    -0.093748    -1.500448
    -0.092074    -1.499165
    -0.090400    -1.497937
    -0.088726    -1.496763
    -0.087051    -1.495644
    -0.085377    -1.494580
    -0.083703    -1.493572
    -0.082029    -1.492620
    -0.080355    -1.491724
    -0.078681    -1.490885
    -0.077007    -1.490102
    -0.075333    -1.489377
    -0.073659    -1.488708
    -0.071985    -1.488097
    -0.070311    -1.487543
    -0.068637    -1.487047
    -0.066963    -1.486608
    -0.065289    -1.486227
    -0.063615    -1.485903
    -0.061940    -1.485636
    -0.060266    -1.485427
    -0.058592    -1.485275
    -0.056918    -1.485180
    -0.055244    -1.485141
    -0.053570    -1.485158
    -0.051896    -1.485232
    -0.050222    -1.485360
    -0.048548    -1.485544
    -0.046874    -1.485781
    -0.045200    -1.486071
    -0.043526    -1.486414
    -0.041852    -1.486807
    -0.040178    -1.487251
    -0.038504    -1.487743
    -0.036829    -1.488282
    -0.035155    -1.488866
    -0.033481    -1.489493
    -0.031807    -1.490162
    -0.030133    -1.490869
    -0.028459    -1.491612
    -0.026785    -1.492385
    -0.025111    -1.493182
    -0.023437    -1.493996
    -0.021763    -1.494820
    -0.020089    -1.495645
    -0.018415    -1.496464
    -0.016741    -1.497268
    -0.015067    -1.498047
    -0.013393    -1.498792
    -0.011718    -1.499490
    -0.010044    -1.500129
    -0.008370    -1.500698
    -0.006696    -1.501184
    -0.005022    -1.501575
    -0.003348    -1.501860
    -0.001674    -1.502034
     0.000000    -1.502089
     0.001674    -1.502027
     0.003348    -1.501850
     0.005022    -1.501563
     0.006696    -1.501172
     0.008370    -1.500687
     0.010044    -1.500119
     0.011718    -1.499480
     0.013393    -1.498783
     0.015067    -1.498039
     0.016741    -1.497261
     0.018415    -1.496458
     0.020089    -1.495640
     0.021763    -1.494815
     0.023437    -1.493993
     0.025111    -1.493181
     0.026785    -1.492387
     0.028459    -1.491617
     0.030133    -1.490878
     0.031807    -1.490173
     0.033481    -1.489506
     0.035155    -1.488880
     0.036829    -1.488297
     0.038504    -1.487758
     0.040178    -1.487267
     0.041852    -1.486823
     0.043526    -1.486430
     0.045200    -1.486087
     0.046874    -1.485797
     0.048548    -1.485560
     0.050222    -1.485377
     0.051896    -1.485248
     0.053570    -1.485175
     0.055244    -1.485157
     0.056918    -1.485195
     0.058592    -1.485291
     0.060266    -1.485443
     0.061940    -1.485652
     0.063615    -1.485918
     0.065289    -1.486242
     0.066963    -1.486623
     0.068637    -1.487061
     0.070311    -1.487558
     0.071985    -1.488111
     0.073659    -1.488722
     0.075333    -1.489390
     0.077007    -1.490116
     0.078681    -1.490898
     0.080355    -1.491737
     0.082029    -1.492633
     0.083703    -1.493584
     0.085377    -1.494592
     0.087051    -1.495656
     0.088726    -1.496774
     0.090400    -1.497948
     0.092074    -1.499176
     0.093748    -1.500459
     0.095422    -1.501795
     0.097096    -1.503185
     0.098770    -1.504628
     0.100444    -1.506123
     0.102118    -1.507670
     0.103792    -1.509269
     0.105466    -1.510918
     0.107140    -1.512618
     0.108814    -1.514368
     0.110488    -1.516167
     0.112163    -1.518015
     0.113837    -1.519911
     0.115511    -1.521854
     0.117185    -1.523845
     0.118859    -1.525882
     0.120533    -1.527964
     0.122207    -1.530091
     0.123881    -1.532263
     0.125555    -1.534478
     0.127229    -1.536737
     0.128903    -1.539038
     0.130577    -1.541380
     0.132251    -1.543763
     0.133925    -1.546187
     0.135599    -1.548650
     0.137274    -1.551152
     0.138948    -1.553692
     0.140622    -1.556269
     0.142296    -1.558884
     0.143970    -1.561534
     0.145644    -1.564219
     0.147318    -1.566939
     0.148992    -1.569693
     0.150666    -1.572480
     0.152340    -1.575300
     0.154014    -1.578151
     0.155688    -1.581033
     0.157362    -1.583946
     0.159036    -1.586888
     0.160710    -1.589859
     0.162385    -1.592858
     0.164059    -1.595885
     0.165733    -1.598939
     0.167407    -1.602018


    -0.167407    -1.575983
    -0.165733    -1.573076
    -0.164059    -1.570210
    -0.162385    -1.567386
    -0.160710    -1.564605
    -0.159036    -1.561866
    -0.157362    -1.559171
    -0.155688    -1.556519
    -0.154014    -1.553912
    -0.152340    -1.551348
    -0.150666    -1.548830
    -0.148992    -1.546356
    -0.147318    -1.543927
    -0.145644    -1.541544
    -0.143970    -1.539207
    -0.142296    -1.536915
    -0.140622    -1.534670
    -0.138948    -1.532471
    -0.137274    -1.530318
    -0.135599    -1.528212
    -0.133925    -1.526153
    -0.132251    -1.524141
    -0.130577    -1.522175
    -0.128903    -1.520258
    -0.127229    -1.518387
    -0.125555    -1.516564
    -0.123881    -1.514788
    -0.122207    -1.513059
    -0.120533    -1.511379
    -0.118859    -1.509746
    -0.117185    -1.508161
    -0.115511    -1.506623
    -0.113837    -1.505134
    -0.112163    -1.503692
    -0.110488    -1.502298
    -0.108814    -1.500952
    -0.107140    -1.499654
    -0.105466    -1.498404
    -0.103792    -1.497202
    -0.102118    -1.496048
    -0.100444    -1.494942
    -0.098770    -1.493884
    -0.097096    -1.492874
    -0.095422    -1.491912
    -0.093748    -1.490998
    -0.092074    -1.490132
    -0.090400    -1.489314
    -0.088726    -1.488544
    -0.087051    -1.487822
    -0.085377    -1.487148
    -0.083703    -1.486522
    -0.082029    -1.485944
    -0.080355    -1.485413
    -0.078681    -1.484930
    -0.077007    -1.484495
    -0.075333    -1.484108
    -0.073659    -1.483768
    -0.071985    -1.483476
    -0.070311    -1.483231
    -0.068637    -1.483034
    -0.066963    -1.482883
    -0.065289    -1.482780
    -0.063615    -1.482723
    -0.061940    -1.482713
    -0.060266    -1.482749
    -0.058592    -1.482832
    -0.056918    -1.482960
    -0.055244    -1.483134
    -0.053570    -1.483352
    -0.051896    -1.483616
    -0.050222    -1.483923
    -0.048548    -1.484273
    -0.046874    -1.484667
    -0.045200    -1.485102
    -0.043526    -1.485578
    -0.041852    -1.486094
    -0.040178    -1.486649
    -0.038504    -1.487241
    -0.036829    -1.487868
    -0.035155    -1.488529
    -0.033481    -1.489220
    -0.031807    -1.489940
    -0.030133    -1.490684
    -0.028459    -1.491449
    -0.026785    -1.492233
    -0.025111    -1.493033
    -0.023437    -1.493846
    -0.021763    -1.494668
    -0.020089    -1.495493
    -0.018415    -1.496314
    -0.016741    -1.497122
    -0.015067    -1.497909
    -0.013393    -1.498662
    -0.011718    -1.499371
    -0.010044    -1.500023
    -0.008370    -1.500605
    -0.006696    -1.501103
    -0.005022    -1.501508
    -0.003348    -1.501806
    -0.001674    -1.501991
     0.000000    -1.502057
     0.001674    -1.502000
     0.003348    -1.501820
     0.005022    -1.501525
     0.006696    -1.501122
     0.008370    -1.500624
     0.010044    -1.500043
     0.011718    -1.499392
     0.013393    -1.498683
     0.015067    -1.497930
     0.016741    -1.497143
     0.018415    -1.496334
     0.020089    -1.495513
     0.021763    -1.494687
     0.023437    -1.493865
     0.025111    -1.493050
     0.026785    -1.492247
     0.028459    -1.491460
     0.030133    -1.490692
     0.031807    -1.489945
     0.033481    -1.489224
     0.035155    -1.488531
     0.036829    -1.487870
     0.038504    -1.487242
     0.040178    -1.486650
     0.041852    -1.486094
     0.043526    -1.485578
     0.045200    -1.485102
     0.046874    -1.484666
     0.048548    -1.484273
     0.050222    -1.483922
     0.051896    -1.483615
     0.053570    -1.483351
     0.055244    -1.483133
     0.056918    -1.482959
     0.058592    -1.482831
     0.060266    -1.482748
     0.061940    -1.482712
     0.063615    -1.482722
     0.065289    -1.482778
     0.066963    -1.482882
     0.068637    -1.483032
     0.070311    -1.483230
     0.071985    -1.483475
     0.073659    -1.483767
     0.075333    -1.484106
     0.077007    -1.484494
     0.078681    -1.484929
     0.080355    -1.485411
     0.082029    -1.485942
     0.083703    -1.486520
     0.085377    -1.487146
     0.087051    -1.487820
     0.088726    -1.488542
     0.090400    -1.489312
     0.092074    -1.490130
     0.093748    -1.490996
     0.095422    -1.491910
     0.097096    -1.492872
     0.098770    -1.493882
     0.100444    -1.494940
     0.102118    -1.496046
     0.103792    -1.497200
     0.105466    -1.498402
     0.107140    -1.499652
     0.108814    -1.500951
     0.110488    -1.502296
     0.112163    -1.503690
     0.113837    -1.505132
     0.115511    -1.506622
     0.117185    -1.508159
     0.118859    -1.509745
     0.120533    -1.511378
     0.122207    -1.513058
     0.123881    -1.514787
     0.125555    -1.516562
     0.127229    -1.518386
     0.128903    -1.520257
     0.130577    -1.522175
     0.132251    -1.524140
     0.133925    -1.526152
     0.135599    -1.528211
     0.137274    -1.530317
     0.138948    -1.532470
     0.140622    -1.534669
     0.142296    -1.536915
     0.143970    -1.539206
     0.145644    -1.541544
     0.147318    -1.543927
     0.148992    -1.546356
     0.150666    -1.548830
     0.152340    -1.551348
     0.154014    -1.553912
     0.155688    -1.556520
     0.157362    -1.559171
     0.159036    -1.561867
     0.160710    -1.564605
     0.162385    -1.567387
     0.164059    -1.570211
     0.165733    -1.573077
     0.167407    -1.575984


    -0.167407    -1.222573
    -0.165733    -1.217438
    -0.164059    -1.212250
    -0.162385    -1.207010
    -0.160710    -1.201718
    -0.159036    -1.196374
    -0.157362    -1.190978
    -0.155688    -1.185532
    -0.154014    -1.180252
    -0.152340    -1.175544
    -0.150666    -1.170798
    -0.148992    -1.166008
    -0.147318    -1.161170
    -0.145644    -1.156285
    -0.143970    -1.151351
    -0.142296    -1.146369
    -0.140622    -1.141336
    -0.138948    -1.136252
    -0.137274    -1.131118
    -0.135599    -1.125931
    -0.133925    -1.120692
    -0.132251    -1.115399
    -0.130577    -1.110054
    -0.128903    -1.104654
    -0.127229    -1.099200
    -0.125555    -1.093690
    -0.123881    -1.088126
    -0.122207    -1.082507
    -0.120533    -1.076832
    -0.118859    -1.071101
    -0.117185    -1.065315
    -0.115511    -1.059473
    -0.113837    -1.053576
    -0.112163    -1.047623
    -0.110488    -1.041615
    -0.108814    -1.035552
    -0.107140    -1.029436
    -0.105466    -1.023265
    -0.103792    -1.017042
    -0.102118    -1.010767
    -0.100444    -1.004440
    -0.098770    -0.998063
    -0.097096    -0.991637
    -0.095422    -0.985163
    -0.093748    -0.978642
    -0.092074    -0.972077
    -0.090400    -0.965468
    -0.088726    -0.958817
    -0.087051    -0.952127
    -0.085377    -0.945400
    -0.083703    -0.938637
    -0.082029    -0.931842
    -0.080355    -0.925017
    -0.078681    -0.918164
    -0.077007    -0.911288
    -0.075333    -0.904390
    -0.073659    -0.897475
    -0.071985    -0.890546
    -0.070311    -0.883607
    -0.068637    -0.876663
    -0.066963    -0.869717
    -0.065289    -0.862774
    -0.063615    -0.855840
    -0.061940    -0.848919
    -0.060266    -0.842017
    -0.058592    -0.835141
    -0.056918    -0.828296
    -0.055244    -0.821489
    -0.053570    -0.814727
    -0.051896    -0.808018
    -0.050222    -0.801368
    -0.048548    -0.794788
    -0.046874    -0.788284
    -0.045200    -0.781867
    -0.043526    -0.775546
    -0.041852    -0.769330
    -0.040178    -0.763231
    -0.038504    -0.757258
    -0.036829    -0.751424
    -0.035155    -0.745740
    -0.033481    -0.740218
    -0.031807    -0.734870
    -0.030133    -0.729708
    -0.028459    -0.724744
    -0.026785    -0.719992
    -0.025111    -0.715464
    -0.023437    -0.711171
    -0.021763    -0.707126
    -0.020089    -0.703340
    -0.018415    -0.699823
    -0.016741    -0.696586
    -0.015067    -0.693637
    -0.013393    -0.690984
    -0.011718    -0.688634
    -0.010044    -0.686592
    -0.008370    -0.684863
    -0.006696    -0.683450
    -0.005022    -0.682354
    -0.003348    -0.681576
    -0.001674    -0.681112
     0.000000    -0.680955
     0.001674    -0.681107
     0.003348    -0.681571
     0.005022    -0.682351
     0.006696    -0.683449
     0.008370    -0.684863
     0.010044    -0.686593
     0.011718    -0.688634
     0.013393    -0.690984
     0.015067    -0.693637
     0.016741    -0.696585
     0.018415    -0.699823
     0.020089    -0.703339
     0.021763    -0.707125
     0.023437    -0.711170
     0.025111    -0.715462
     0.026785    -0.719990
     0.028459    -0.724742
     0.030133    -0.729705
     0.031807    -0.734867
     0.033481    -0.740215
     0.035155    -0.745738
     0.036829    -0.751422
     0.038504    -0.757255
     0.040178    -0.763228
     0.041852    -0.769327
     0.043526    -0.775542
     0.045200    -0.781864
     0.046874    -0.788281
     0.048548    -0.794784
     0.050222    -0.801365
     0.051896    -0.808014
     0.053570    -0.814723
     0.055244    -0.821485
     0.056918    -0.828292
     0.058592    -0.835137
     0.060266    -0.842014
     0.061940    -0.848915
     0.063615    -0.855836
     0.065289    -0.862770
     0.066963    -0.869713
     0.068637    -0.876659
     0.070311    -0.883604
     0.071985    -0.890543
     0.073659    -0.897472
     0.075333    -0.904387
     0.077007    -0.911284
     0.078681    -0.918161
     0.080355    -0.925014
     0.082029    -0.931839
     0.083703    -0.938634
     0.085377    -0.945397
     0.087051    -0.952124
     0.088726    -0.958814
     0.090400    -0.965465
     0.092074    -0.972074
     0.093748    -0.978639
     0.095422    -0.985160
     0.097096    -0.991634
     0.098770    -0.998060
     0.100444    -1.004438
     0.102118    -1.010764
     0.103792    -1.017040
     0.105466    -1.023263
     0.107140    -1.029434
     0.108814    -1.035551
     0.110488    -1.041613
     0.112163    -1.047621
     0.113837    -1.053574
     0.115511    -1.059471
     0.117185    -1.065313
     0.118859    -1.071100
     0.120533    -1.076831
     0.122207    -1.082506
     0.123881    -1.088125
     0.125555    -1.093689
     0.127229    -1.099199
     0.128903    -1.104653
     0.130577    -1.110053
     0.132251    -1.115399
     0.133925    -1.120691
     0.135599    -1.125930
     0.137274    -1.131117
     0.138948    -1.136252
     0.140622    -1.141336
     0.142296    -1.146369
     0.143970    -1.151352
     0.145644    -1.156285
     0.147318    -1.161171
     0.148992    -1.166008
     0.150666    -1.170799
     0.152340    -1.175544
     0.154014    -1.180251
     0.155688    -1.185523
     0.157362    -1.190969
     0.159036    -1.196365
     0.160710    -1.201708
     0.162385    -1.207000
     0.164059    -1.212240
     0.165733    -1.217427
     0.167407    -1.222562


    -0.167407    -1.216293
    -0.165733    -1.211928
    -0.164059    -1.207524
    -0.162385    -1.203080
    -0.160710    -1.198596
    -0.159036    -1.194070
    -0.157362    -1.189502
    -0.155688    -1.184889
    -0.154014    -1.180015
    -0.152340    -1.174473
    -0.150666    -1.168872
    -0.148992    -1.163219
    -0.147318    -1.157515
    -0.145644    -1.151762
    -0.143970    -1.145959
    -0.142296    -1.140108
    -0.140622    -1.134208
    -0.138948    -1.128261
    -0.137274    -1.122268
    -0.135599    -1.116228
    -0.133925    -1.110144
    -0.132251    -1.104016
    -0.130577    -1.097844
    -0.128903    -1.091631
    -0.127229    -1.085377
    -0.125555    -1.079083
    -0.123881    -1.072750
    -0.122207    -1.066380
    -0.120533    -1.059975
    -0.118859    -1.053535
    -0.117185    -1.047061
    -0.115511    -1.040556
    -0.113837    -1.034022
    -0.112163    -1.027458
    -0.110488    -1.020868
    -0.108814    -1.014253
    -0.107140    -1.007616
    -0.105466    -1.000956
    -0.103792    -0.994278
    -0.102118    -0.987582
    -0.100444    -0.980871
    -0.098770    -0.974147
    -0.097096    -0.967412
    -0.095422    -0.960668
    -0.093748    -0.953918
    -0.092074    -0.947164
    -0.090400    -0.940408
    -0.088726    -0.933654
    -0.087051    -0.926903
    -0.085377    -0.920158
    -0.083703    -0.913423
    -0.082029    -0.906700
    -0.080355    -0.899991
    -0.078681    -0.893300
    -0.077007    -0.886629
    -0.075333    -0.879983
    -0.073659    -0.873364
    -0.071985    -0.866775
    -0.070311    -0.860221
    -0.068637    -0.853703
    -0.066963    -0.847227
    -0.065289    -0.840795
    -0.063615    -0.834411
    -0.061940    -0.828080
    -0.060266    -0.821805
    -0.058592    -0.815591
    -0.056918    -0.809442
    -0.055244    -0.803361
    -0.053570    -0.797355
    -0.051896    -0.791426
    -0.050222    -0.785582
    -0.048548    -0.779825
    -0.046874    -0.774162
    -0.045200    -0.768597
    -0.043526    -0.763137
    -0.041852    -0.757787
    -0.040178    -0.752553
    -0.038504    -0.747441
    -0.036829    -0.742457
    -0.035155    -0.737609
    -0.033481    -0.732903
    -0.031807    -0.728345
    -0.030133    -0.723944
    -0.028459    -0.719707
    -0.026785    -0.715642
    -0.025111    -0.711757
    -0.023437    -0.708060
    -0.021763    -0.704559
    -0.020089    -0.701263
    -0.018415    -0.698182
    -0.016741    -0.695324
    -0.015067    -0.692698
    -0.013393    -0.690313
    -0.011718    -0.688179
    -0.010044    -0.686303
    -0.008370    -0.684695
    -0.006696    -0.683363
    -0.005022    -0.682313
    -0.003348    -0.681553
    -0.001674    -0.681093
     0.000000    -0.680940
     0.001674    -0.681096
     0.003348    -0.681557
     0.005022    -0.682314
     0.006696    -0.683361
     0.008370    -0.684692
     0.010044    -0.686299
     0.011718    -0.688175
     0.013393    -0.690309
     0.015067    -0.692693
     0.016741    -0.695319
     0.018415    -0.698177
     0.020089    -0.701258
     0.021763    -0.704553
     0.023437    -0.708054
     0.025111    -0.711751
     0.026785    -0.715637
     0.028459    -0.719702
     0.030133    -0.723939
     0.031807    -0.728340
     0.033481    -0.732897
     0.035155    -0.737604
     0.036829    -0.742452
     0.038504    -0.747436
     0.040178    -0.752548
     0.041852    -0.757782
     0.043526    -0.763133
     0.045200    -0.768593
     0.046874    -0.774158
     0.048548    -0.779821
     0.050222    -0.785578
     0.051896    -0.791423
     0.053570    -0.797351
     0.055244    -0.803358
     0.056918    -0.809439
     0.058592    -0.815588
     0.060266    -0.821803
     0.061940    -0.828078
     0.063615    -0.834409
     0.065289    -0.840793
     0.066963    -0.847225
     0.068637    -0.853702
     0.070311    -0.860219
     0.071985    -0.866774
     0.073659    -0.873363
     0.075333    -0.879982
     0.077007    -0.886629
     0.078681    -0.893299
     0.080355    -0.899990
     0.082029    -0.906699
     0.083703    -0.913423
     0.085377    -0.920158
     0.087051    -0.926903
     0.088726    -0.933654
     0.090400    -0.940408
     0.092074    -0.947164
     0.093748    -0.953918
     0.095422    -0.960668
     0.097096    -0.967412
     0.098770    -0.974147
     0.100444    -0.980871
     0.102118    -0.987582
     0.103792    -0.994278
     0.105466    -1.000956
     0.107140    -1.007615
     0.108814    -1.014253
     0.110488    -1.020868
     0.112163    -1.027458
     0.113837    -1.034021
     0.115511    -1.040555
     0.117185    -1.047060
     0.118859    -1.053533
     0.120533    -1.059973
     0.122207    -1.066378
     0.123881    -1.072748
     0.125555    -1.079080
     0.127229    -1.085374
     0.128903    -1.091628
     0.130577    -1.097841
     0.132251    -1.104012
     0.133925    -1.110140
     0.135599    -1.116224
     0.137274    -1.122263
     0.138948    -1.128256
     0.140622    -1.134203
     0.142296    -1.140102
     0.143970    -1.145953
     0.145644    -1.151756
     0.147318    -1.157509
     0.148992    -1.163212
     0.150666    -1.168865
     0.152340    -1.174466
     0.154014    -1.180009
     0.155688    -1.184891
     0.157362    -1.189504
     0.159036    -1.194072
     0.160710    -1.198597
     0.162385    -1.203082
     0.164059    -1.207525
     0.165733    -1.211930
     0.167407    -1.216295


    -0.167407    -0.458730
    -0.165733    -0.455185
    -0.164059    -0.451684
    -0.162385    -0.448229
    -0.160710    -0.444820
    -0.159036    -0.441457
    -0.157362    -0.438141
    -0.155688    -0.434874
    -0.154014    -0.431655
    -0.152340    -0.428485
    -0.150666    -0.425365
    -0.148992    -0.422296
    -0.147318    -0.419277
    -0.145644    -0.416311
    -0.143970    -0.413397
    -0.142296    -0.410535
    -0.140622    -0.407728
    -0.138948    -0.404974
    -0.137274    -0.402275
    -0.135599    -0.399632
    -0.133925    -0.397044
    -0.132251    -0.394512
    -0.130577    -0.392038
    -0.128903    -0.389621
    -0.127229    -0.387261
    -0.125555    -0.384960
    -0.123881    -0.382717
    -0.122207    -0.380534
    -0.120533    -0.378409
    -0.118859    -0.376345
    -0.117185    -0.374341
    -0.115511    -0.372397
    -0.113837    -0.370513
    -0.112163    -0.368691
    -0.110488    -0.366929
    -0.108814    -0.365229
    -0.107140    -0.363589
    -0.105466    -0.362011
    -0.103792    -0.360494
    -0.102118    -0.359038
    -0.100444    -0.357642
    -0.098770    -0.356308
    -0.097096    -0.355033
    -0.095422    -0.353819
    -0.093748    -0.352664
    -0.092074    -0.351569
    -0.090400    -0.350531
    -0.088726    -0.349551
    -0.087051    -0.348629
    -0.085377    -0.347761
    -0.083703    -0.346949
    -0.082029    -0.346191
    -0.080355    -0.345484
    -0.078681    -0.344829
    -0.077007    -0.344222
    -0.075333    -0.343663
    -0.073659    -0.343149
    -0.071985    -0.342679
    -0.070311    -0.342249
    -0.068637    -0.341858
    -0.066963    -0.341502
    -0.065289    -0.341178
    -0.063615    -0.340883
    -0.061940    -0.340613
    -0.060266    -0.340364
    -0.058592    -0.340133
    -0.056918    -0.339914
    -0.055244    -0.339702
    -0.053570    -0.339493
    -0.051896    -0.339280
    -0.050222    -0.339058
    -0.048548    -0.338819
    -0.046874    -0.338557
    -0.045200    -0.338264
    -0.043526    -0.337933
    -0.041852    -0.337555
    -0.040178    -0.337121
    -0.038504    -0.336623
    -0.036829    -0.336051
    -0.035155    -0.335394
    -0.033481    -0.334642
    -0.031807    -0.333785
    -0.030133    -0.332812
    -0.028459    -0.331713
    -0.026785    -0.330475
    -0.025111    -0.329089
    -0.023437    -0.327544
    -0.021763    -0.325829
    -0.020089    -0.323935
    -0.018415    -0.321852
    -0.016741    -0.319573
    -0.015067    -0.317090
    -0.013393    -0.314395
    -0.011718    -0.311486
    -0.010044    -0.308356
    -0.008370    -0.305005
    -0.006696    -0.301431
    -0.005022    -0.297634
    -0.003348    -0.293616
    -0.001674    -0.289380
     0.000000    -0.284953
     0.001674    -0.289400
     0.003348    -0.293636
     0.005022    -0.297655
     0.006696    -0.301452
     0.008370    -0.305027
     0.010044    -0.308379
     0.011718    -0.311509
     0.013393    -0.314419
     0.015067    -0.317113
     0.016741    -0.319597
     0.018415    -0.321877
     0.020089    -0.323960
     0.021763    -0.325854
     0.023437    -0.327569
     0.025111    -0.329115
     0.026785    -0.330501
     0.028459    -0.331739
     0.030133    -0.332838
     0.031807    -0.333811
     0.033481    -0.334668
     0.035155    -0.335419
     0.036829    -0.336076
     0.038504    -0.336649
     0.040178    -0.337147
     0.041852    -0.337581
     0.043526    -0.337958
     0.045200    -0.338289
     0.046874    -0.338582
     0.048548    -0.338844
     0.050222    -0.339082
     0.051896    -0.339304
     0.053570    -0.339517
     0.055244    -0.339726
     0.056918    -0.339937
     0.058592    -0.340156
     0.060266    -0.340387
     0.061940    -0.340635
     0.063615    -0.340905
     0.065289    -0.341199
     0.066963    -0.341523
     0.068637    -0.341879
     0.070311    -0.342270
     0.071985    -0.342699
     0.073659    -0.343169
     0.075333    -0.343683
     0.077007    -0.344241
     0.078681    -0.344847
     0.080355    -0.345502
     0.082029    -0.346208
     0.083703    -0.346967
     0.085377    -0.347779
     0.087051    -0.348645
     0.088726    -0.349568
     0.090400    -0.350547
     0.092074    -0.351584
     0.093748    -0.352680
     0.095422    -0.353834
     0.097096    -0.355048
     0.098770    -0.356322
     0.100444    -0.357656
     0.102118    -0.359051
     0.103792    -0.360507
     0.105466    -0.362024
     0.107140    -0.363602
     0.108814    -0.365241
     0.110488    -0.366941
     0.112163    -0.368702
     0.113837    -0.370524
     0.115511    -0.372408
     0.117185    -0.374351
     0.118859    -0.376355
     0.120533    -0.378419
     0.122207    -0.380543
     0.123881    -0.382727
     0.125555    -0.384969
     0.127229    -0.387270
     0.128903    -0.389629
     0.130577    -0.392046
     0.132251    -0.394521
     0.133925    -0.397052
     0.135599    -0.399640
     0.137274    -0.402283
     0.138948    -0.404982
     0.140622    -0.407735
     0.142296    -0.410543
     0.143970    -0.413404
     0.145644    -0.416318
     0.147318    -0.419285
     0.148992    -0.422303
     0.150666    -0.425372
     0.152340    -0.428492
     0.154014    -0.431662
     0.155688    -0.434881
     0.157362    -0.438148
     0.159036    -0.441464
     0.160710    -0.444826
     0.162385    -0.448236
     0.164059    -0.451691
     0.165733    -0.455191
     0.167407    -0.458736


    -0.167407    -0.397320
    -0.165733    -0.391720
    -0.164059    -0.386126
    -0.162385    -0.380538
    -0.160710    -0.374957
    -0.159036    -0.369382
    -0.157362    -0.363815
    -0.155688    -0.358255
    -0.154014    -0.352702
    -0.152340    -0.347158
    -0.150666    -0.341621
    -0.148992    -0.336093
    -0.147318    -0.330573
    -0.145644    -0.325062
    -0.143970    -0.319561
    -0.142296    -0.314069
    -0.140622    -0.308587
    -0.138948    -0.303116
    -0.137274    -0.297656
    -0.135599    -0.292207
    -0.133925    -0.286770
    -0.132251    -0.281346
    -0.130577    -0.275935
    -0.128903    -0.270537
    -0.127229    -0.265155
    -0.125555    -0.259787
    -0.123881    -0.254437
    -0.122207    -0.249103
    -0.120533    -0.243788
    -0.118859    -0.238493
    -0.117185    -0.233218
    -0.115511    -0.227966
    -0.113837    -0.222738
    -0.112163    -0.217536
    -0.110488    -0.212362
    -0.108814    -0.207218
    -0.107140    -0.202106
    -0.105466    -0.197030
    -0.103792    -0.191993
    -0.102118    -0.186998
    -0.100444    -0.182049
    -0.098770    -0.177150
    -0.097096    -0.172307
    -0.095422    -0.167525
    -0.093748    -0.162811
    -0.092074    -0.158171
    -0.090400    -0.153614
    -0.088726    -0.149149
    -0.087051    -0.144786
    -0.085377    -0.140538
    -0.083703    -0.136417
    -0.082029    -0.132439
    -0.080355    -0.128620
    -0.078681    -0.124980
    -0.077007    -0.121540
    -0.075333    -0.118323
    -0.073659    -0.115356
    -0.071985    -0.112667
    -0.070311    -0.110287
    -0.068637    -0.108248
    -0.066963    -0.106584
    -0.065289    -0.105327
    -0.063615    -0.104511
    -0.061940    -0.104164
    -0.060266    -0.104312
    -0.058592    -0.104974
    -0.056918    -0.106161
    -0.055244    -0.107877
    -0.053570    -0.110114
    -0.051896    -0.112858
    -0.050222    -0.116086
    -0.048548    -0.119769
    -0.046874    -0.123874
    -0.045200    -0.128362
    -0.043526    -0.133196
    -0.041852    -0.138335
    -0.040178    -0.143742
    -0.038504    -0.149381
    -0.036829    -0.155215
    -0.035155    -0.161213
    -0.033481    -0.167343
    -0.031807    -0.173578
    -0.030133    -0.179890
    -0.028459    -0.186257
    -0.026785    -0.192654
    -0.025111    -0.199060
    -0.023437    -0.205457
    -0.021763    -0.211824
    -0.020089    -0.218144
    -0.018415    -0.224401
    -0.016741    -0.230578
    -0.015067    -0.236661
    -0.013393    -0.242634
    -0.011718    -0.248483
    -0.010044    -0.254196
    -0.008370    -0.259759
    -0.006696    -0.265161
    -0.005022    -0.270392
    -0.003348    -0.275439
    -0.001674    -0.280295
     0.000000    -0.284931
     0.001674    -0.280277
     0.003348    -0.275421
     0.005022    -0.270374
     0.006696    -0.265144
     0.008370    -0.259743
     0.010044    -0.254180
     0.011718    -0.248468
     0.013393    -0.242619
     0.015067    -0.236646
     0.016741    -0.230565
     0.018415    -0.224388
     0.020089    -0.218132
     0.021763    -0.211812
     0.023437    -0.205445
     0.025111    -0.199049
     0.026785    -0.192643
     0.028459    -0.186246
     0.030133    -0.179880
     0.031807    -0.173568
     0.033481    -0.167333
     0.035155    -0.161203
     0.036829    -0.155206
     0.038504    -0.149371
     0.040178    -0.143733
     0.041852    -0.138326
     0.043526    -0.133187
     0.045200    -0.128353
     0.046874    -0.123865
     0.048548    -0.119760
     0.050222    -0.116076
     0.051896    -0.112848
     0.053570    -0.110103
     0.055244    -0.107866
     0.056918    -0.106150
     0.058592    -0.104963
     0.060266    -0.104300
     0.061940    -0.104151
     0.063615    -0.104497
     0.065289    -0.105313
     0.066963    -0.106569
     0.068637    -0.108233
     0.070311    -0.110272
     0.071985    -0.112651
     0.073659    -0.115340
     0.075333    -0.118307
     0.077007    -0.121523
     0.078681    -0.124963
     0.080355    -0.128603
     0.082029    -0.132421
     0.083703    -0.136399
     0.085377    -0.140520
     0.087051    -0.144768
     0.088726    -0.149130
     0.090400    -0.153595
     0.092074    -0.158152
     0.093748    -0.162792
     0.095422    -0.167506
     0.097096    -0.172288
     0.098770    -0.177131
     0.100444    -0.182030
     0.102118    -0.186979
     0.103792    -0.191974
     0.105466    -0.197012
     0.107140    -0.202088
     0.108814    -0.207200
     0.110488    -0.212344
     0.112163    -0.217518
     0.113837    -0.222721
     0.115511    -0.227949
     0.117185    -0.233201
     0.118859    -0.238476
     0.120533    -0.243772
     0.122207    -0.249087
     0.123881    -0.254421
     0.125555    -0.259773
     0.127229    -0.265140
     0.128903    -0.270523
     0.130577    -0.275921
     0.132251    -0.281333
     0.133925    -0.286757
     0.135599    -0.292195
     0.137274    -0.297644
     0.138948    -0.303105
     0.140622    -0.308577
     0.142296    -0.314059
     0.143970    -0.319551
     0.145644    -0.325053
     0.147318    -0.330565
     0.148992    -0.336085
     0.150666    -0.341614
     0.152340    -0.347151
     0.154014    -0.352697
     0.155688    -0.358250
     0.157362    -0.363810
     0.159036    -0.369378
     0.160710    -0.374953
     0.162385    -0.380535
     0.164059    -0.386123
     0.165733    -0.391718
     0.167407    -0.397319


    -0.167407     0.623610
    -0.165733     0.615065
    -0.164059     0.606499
    -0.162385     0.597913
    -0.160710     0.589306
    -0.159036     0.580679
    -0.157362     0.572034
    -0.155688     0.563370
    -0.154014     0.554687
    -0.152340     0.545988
    -0.150666     0.537272
    -0.148992     0.528539
    -0.147318     0.519791
    -0.145644     0.511029
    -0.143970     0.502252
    -0.142296     0.493463
    -0.140622     0.484661
    -0.138948     0.475848
    -0.137274     0.467025
    -0.135599     0.458192
    -0.133925     0.449351
    -0.132251     0.440503
    -0.130577     0.431649
    -0.128903     0.422790
    -0.127229     0.413928
    -0.125555     0.405065
    -0.123881     0.396201
    -0.122207     0.387340
    -0.120533     0.378481
    -0.118859     0.369628
    -0.117185     0.360783
    -0.115511     0.351948
    -0.113837     0.343125
    -0.112163     0.334317
    -0.110488     0.325528
    -0.108814     0.316760
    -0.107140     0.308017
    -0.105466     0.299302
    -0.103792     0.290621
    -0.102118     0.281977
    -0.100444     0.273376
    -0.098770     0.264824
    -0.097096     0.256326
    -0.095422     0.247890
    -0.093748     0.239523
    -0.092074     0.231235
    -0.090400     0.223034
    -0.088726     0.214931
    -0.087051     0.206938
    -0.085377     0.199070
    -0.083703     0.191340
    -0.082029     0.183765
    -0.080355     0.176365
    -0.078681     0.169161
    -0.077007     0.162174
    -0.075333     0.155432
    -0.073659     0.148963
    -0.071985     0.142797
    -0.070311     0.136967
    -0.068637     0.131508
    -0.066963     0.126455
    -0.065289     0.121846
    -0.063615     0.117714
    -0.061940     0.114092
    -0.060266     0.111008
    -0.058592     0.108484
    -0.056918     0.106534
    -0.055244     0.105166
    -0.053570     0.104375
    -0.051896     0.104151
    -0.050222     0.104475
    -0.048548     0.105322
    -0.046874     0.106660
    -0.045200     0.108459
    -0.043526     0.110683
    -0.041852     0.113298
    -0.040178     0.116270
    -0.038504     0.119569
    -0.036829     0.123163
    -0.035155     0.127027
    -0.033481     0.131136
    -0.031807     0.135466
    -0.030133     0.139999
    -0.028459     0.144716
    -0.026785     0.149601
    -0.025111     0.154641
    -0.023437     0.159822
    -0.021763     0.165134
    -0.020089     0.170567
    -0.018415     0.176111
    -0.016741     0.181760
    -0.015067     0.187505
    -0.013393     0.193340
    -0.011718     0.199260
    -0.010044     0.205260
    -0.008370     0.211335
    -0.006696     0.217480
    -0.005022     0.223692
    -0.003348     0.229966
    -0.001674     0.236300
     0.000000     0.242688
     0.001674     0.236303
     0.003348     0.229969
     0.005022     0.223695
     0.006696     0.217483
     0.008370     0.211339
     0.010044     0.205264
     0.011718     0.199265
     0.013393     0.193345
     0.015067     0.187510
     0.016741     0.181765
     0.018415     0.176117
     0.020089     0.170573
     0.021763     0.165141
     0.023437     0.159829
     0.025111     0.154648
     0.026785     0.149609
     0.028459     0.144724
     0.030133     0.140008
     0.031807     0.135475
     0.033481     0.131145
     0.035155     0.127037
     0.036829     0.123173
     0.038504     0.119579
     0.040178     0.116280
     0.041852     0.113308
     0.043526     0.110693
     0.045200     0.108469
     0.046874     0.106671
     0.048548     0.105332
     0.050222     0.104485
     0.051896     0.104161
     0.053570     0.104384
     0.055244     0.105175
     0.056918     0.106543
     0.058592     0.108492
     0.060266     0.111015
     0.061940     0.114098
     0.063615     0.117720
     0.065289     0.121851
     0.066963     0.126460
     0.068637     0.131512
     0.070311     0.136971
     0.071985     0.142800
     0.073659     0.148966
     0.075333     0.155435
     0.077007     0.162176
     0.078681     0.169162
     0.080355     0.176366
     0.082029     0.183766
     0.083703     0.191340
     0.085377     0.199069
     0.087051     0.206937
     0.088726     0.214929
     0.090400     0.223032
     0.092074     0.231232
     0.093748     0.239521
     0.095422     0.247887
     0.097096     0.256323
     0.098770     0.264820
     0.100444     0.273373
     0.102118     0.281973
     0.103792     0.290617
     0.105466     0.299298
     0.107140     0.308012
     0.108814     0.316755
     0.110488     0.325523
     0.112163     0.334312
     0.113837     0.343119
     0.115511     0.351942
     0.117185     0.360777
     0.118859     0.369622
     0.120533     0.378475
     0.122207     0.387333
     0.123881     0.396195
     0.125555     0.405058
     0.127229     0.413921
     0.128903     0.422783
     0.130577     0.431641
     0.132251     0.440495
     0.133925     0.449343
     0.135599     0.458184
     0.137274     0.467017
     0.138948     0.475840
     0.140622     0.484653
     0.142296     0.493455
     0.143970     0.502244
     0.145644     0.511021
     0.147318     0.519783
     0.148992     0.528531
     0.150666     0.537263
     0.152340     0.545979
     0.154014     0.554679
     0.155688     0.563361
     0.157362     0.572025
     0.159036     0.580671
     0.160710     0.589297
     0.162385     0.597904
     0.164059     0.606490
     0.165733     0.615056
     0.167407     0.623601


    -0.167407     0.891163
    -0.165733     0.885732
    -0.164059     0.880282
    -0.162385     0.874813
    -0.160710     0.869324
    -0.159036     0.863815
    -0.157362     0.858285
    -0.155688     0.852734
    -0.154014     0.847162
    -0.152340     0.841568
    -0.150666     0.835951
    -0.148992     0.830312
    -0.147318     0.824649
    -0.145644     0.818963
    -0.143970     0.813252
    -0.142296     0.807517
    -0.140622     0.801757
    -0.138948     0.795972
    -0.137274     0.790160
    -0.135599     0.784322
    -0.133925     0.778458
    -0.132251     0.772566
    -0.130577     0.766646
    -0.128903     0.760699
    -0.127229     0.754723
    -0.125555     0.748719
    -0.123881     0.742685
    -0.122207     0.736622
    -0.120533     0.730529
    -0.118859     0.724407
    -0.117185     0.718254
    -0.115511     0.712071
    -0.113837     0.705857
    -0.112163     0.699613
    -0.110488     0.693337
    -0.108814     0.687031
    -0.107140     0.680694
    -0.105466     0.674326
    -0.103792     0.667927
    -0.102118     0.661497
    -0.100444     0.655036
    -0.098770     0.648545
    -0.097096     0.642023
    -0.095422     0.635471
    -0.093748     0.628890
    -0.092074     0.622279
    -0.090400     0.615638
    -0.088726     0.608970
    -0.087051     0.602273
    -0.085377     0.595549
    -0.083703     0.588797
    -0.082029     0.582020
    -0.080355     0.575216
    -0.078681     0.568388
    -0.077007     0.561536
    -0.075333     0.554661
    -0.073659     0.547764
    -0.071985     0.540845
    -0.070311     0.533906
    -0.068637     0.526948
    -0.066963     0.519972
    -0.065289     0.512978
    -0.063615     0.505969
    -0.061940     0.498945
    -0.060266     0.491908
    -0.058592     0.484859
    -0.056918     0.477799
    -0.055244     0.470730
    -0.053570     0.463653
    -0.051896     0.456570
    -0.050222     0.449481
    -0.048548     0.442389
    -0.046874     0.435295
    -0.045200     0.428201
    -0.043526     0.421107
    -0.041852     0.414017
    -0.040178     0.406931
    -0.038504     0.399850
    -0.036829     0.392778
    -0.035155     0.385714
    -0.033481     0.378662
    -0.031807     0.371622
    -0.030133     0.364597
    -0.028459     0.357588
    -0.026785     0.350596
    -0.025111     0.343625
    -0.023437     0.336674
    -0.021763     0.329747
    -0.020089     0.322846
    -0.018415     0.315970
    -0.016741     0.309124
    -0.015067     0.302309
    -0.013393     0.295526
    -0.011718     0.288778
    -0.010044     0.282066
    -0.008370     0.275394
    -0.006696     0.268762
    -0.005022     0.262174
    -0.003348     0.255631
    -0.001674     0.249137
     0.000000     0.242696
     0.001674     0.249135
     0.003348     0.255630
     0.005022     0.262173
     0.006696     0.268761
     0.008370     0.275393
     0.010044     0.282066
     0.011718     0.288778
     0.013393     0.295526
     0.015067     0.302309
     0.016741     0.309125
     0.018415     0.315971
     0.020089     0.322846
     0.021763     0.329748
     0.023437     0.336675
     0.025111     0.343626
     0.026785     0.350597
     0.028459     0.357589
     0.030133     0.364598
     0.031807     0.371623
     0.033481     0.378663
     0.035155     0.385716
     0.036829     0.392779
     0.038504     0.399851
     0.040178     0.406932
     0.041852     0.414018
     0.043526     0.421108
     0.045200     0.428202
     0.046874     0.435296
     0.048548     0.442390
     0.050222     0.449482
     0.051896     0.456570
     0.053570     0.463654
     0.055244     0.470730
     0.056918     0.477799
     0.058592     0.484859
     0.060266     0.491908
     0.061940     0.498945
     0.063615     0.505968
     0.065289     0.512977
     0.066963     0.519971
     0.068637     0.526947
     0.070311     0.533905
     0.071985     0.540843
     0.073659     0.547762
     0.075333     0.554659
     0.077007     0.561534
     0.078681     0.568386
     0.080355     0.575214
     0.082029     0.582017
     0.083703     0.588794
     0.085377     0.595545
     0.087051     0.602269
     0.088726     0.608966
     0.090400     0.615634
     0.092074     0.622274
     0.093748     0.628885
     0.095422     0.635467
     0.097096     0.642018
     0.098770     0.648540
     0.100444     0.655031
     0.102118     0.661491
     0.103792     0.667921
     0.105466     0.674320
     0.107140     0.680688
     0.108814     0.687025
     0.110488     0.693331
     0.112163     0.699606
     0.113837     0.705850
     0.115511     0.712064
     0.117185     0.718247
     0.118859     0.724400
     0.120533     0.730522
     0.122207     0.736614
     0.123881     0.742677
     0.125555     0.748711
     0.127229     0.754715
     0.128903     0.760691
     0.130577     0.766638
     0.132251     0.772558
     0.133925     0.778449
     0.135599     0.784314
     0.137274     0.790152
     0.138948     0.795963
     0.140622     0.801749
     0.142296     0.807509
     0.143970     0.813244
     0.145644     0.818954
     0.147318     0.824640
     0.148992     0.830303
     0.150666     0.835942
     0.152340     0.841559
     0.154014     0.847153
     0.155688     0.852725
     0.157362     0.858276
     0.159036     0.863806
     0.160710     0.869315
     0.162385     0.874804
     0.164059     0.880274
     0.165733     0.885723
     0.167407     0.891154


    -0.167407     1.821928
    -0.165733     1.814563
    -0.164059     1.807225
    -0.162385     1.799915
    -0.160710     1.792637
    -0.159036     1.785391
    -0.157362     1.778179
    -0.155688     1.771004
    -0.154014     1.763868
    -0.152340     1.756773
    -0.150666     1.749721
    -0.148992     1.742714
    -0.147318     1.735754
    -0.145644     1.728843
    -0.143970     1.721984
    -0.142296     1.715178
    -0.140622     1.708427
    -0.138948     1.701735
    -0.137274     1.695102
    -0.135599     1.688531
    -0.133925     1.682025
    -0.132251     1.675585
    -0.130577     1.669213
    -0.128903     1.662912
    -0.127229     1.656684
    -0.125555     1.650530
    -0.123881     1.644454
    -0.122207     1.638456
    -0.120533     1.632539
    -0.118859     1.626704
    -0.117185     1.620955
    -0.115511     1.615292
    -0.113837     1.609718
    -0.112163     1.604234
    -0.110488     1.598843
    -0.108814     1.593545
    -0.107140     1.588343
    -0.105466     1.583239
    -0.103792     1.578234
    -0.102118     1.573329
    -0.100444     1.568527
    -0.098770     1.563828
    -0.097096     1.559234
    -0.095422     1.554747
    -0.093748     1.550367
    -0.092074     1.546096
    -0.090400     1.541935
    -0.088726     1.537886
    -0.087051     1.533948
    -0.085377     1.530124
    -0.083703     1.526414
    -0.082029     1.522820
    -0.080355     1.519340
    -0.078681     1.515978
    -0.077007     1.512732
    -0.075333     1.509604
    -0.073659     1.506595
    -0.071985     1.503704
    -0.070311     1.500932
    -0.068637     1.498279
    -0.066963     1.495746
    -0.065289     1.493333
    -0.063615     1.491040
    -0.061940     1.488866
    -0.060266     1.486813
    -0.058592     1.484880
    -0.056918     1.483066
    -0.055244     1.481372
    -0.053570     1.479797
    -0.051896     1.478342
    -0.050222     1.477006
    -0.048548     1.475787
    -0.046874     1.474687
    -0.045200     1.473705
    -0.043526     1.472839
    -0.041852     1.472090
    -0.040178     1.471457
    -0.038504     1.470939
    -0.036829     1.470535
    -0.035155     1.470245
    -0.033481     1.470068
    -0.031807     1.470004
    -0.030133     1.470051
    -0.028459     1.470209
    -0.026785     1.470476
    -0.025111     1.470852
    -0.023437     1.471337
    -0.021763     1.471928
    -0.020089     1.472625
    -0.018415     1.473427
    -0.016741     1.474334
    -0.015067     1.475343
    -0.013393     1.476455
    -0.011718     1.477667
    -0.010044     1.478979
    -0.008370     1.480390
    -0.006696     1.481899
    -0.005022     1.483505
    -0.003348     1.485206
    -0.001674     1.487001
     0.000000     1.488878
     0.001674     1.487011
     0.003348     1.485216
     0.005022     1.483515
     0.006696     1.481910
     0.008370     1.480401
     0.010044     1.478990
     0.011718     1.477678
     0.013393     1.476466
     0.015067     1.475355
     0.016741     1.474346
     0.018415     1.473440
     0.020089     1.472638
     0.021763     1.471941
     0.023437     1.471350
     0.025111     1.470866
     0.026785     1.470490
     0.028459     1.470223
     0.030133     1.470066
     0.031807     1.470019
     0.033481     1.470084
     0.035155     1.470260
     0.036829     1.470550
     0.038504     1.470954
     0.040178     1.471472
     0.041852     1.472106
     0.043526     1.472855
     0.045200     1.473721
     0.046874     1.474704
     0.048548     1.475804
     0.050222     1.477022
     0.051896     1.478359
     0.053570     1.479814
     0.055244     1.481389
     0.056918     1.483083
     0.058592     1.484896
     0.060266     1.486830
     0.061940     1.488883
     0.063615     1.491056
     0.065289     1.493350
     0.066963     1.495763
     0.068637     1.498296
     0.070311     1.500948
     0.071985     1.503720
     0.073659     1.506611
     0.075333     1.509620
     0.077007     1.512748
     0.078681     1.515994
     0.080355     1.519356
     0.082029     1.522835
     0.083703     1.526430
     0.085377     1.530140
     0.087051     1.533963
     0.088726     1.537900
     0.090400     1.541950
     0.092074     1.546110
     0.093748     1.550381
     0.095422     1.554760
     0.097096     1.559247
     0.098770     1.563841
     0.100444     1.568539
     0.102118     1.573342
     0.103792     1.578246
     0.105466     1.583251
     0.107140     1.588355
     0.108814     1.593556
     0.110488     1.598853
     0.112163     1.604244
     0.113837     1.609728
     0.115511     1.615302
     0.117185     1.620964
     0.118859     1.626713
     0.120533     1.632547
     0.122207     1.638464
     0.123881     1.644461
     0.125555     1.650538
     0.127229     1.656691
     0.128903     1.662919
     0.130577     1.669219
     0.132251     1.675591
     0.133925     1.682030
     0.135599     1.688536
     0.137274     1.695106
     0.138948     1.701739
     0.140622     1.708431
     0.142296     1.715181
     0.143970     1.721986
     0.145644     1.728845
     0.147318     1.735756
     0.148992     1.742716
     0.150666     1.749722
     0.152340     1.756774
     0.154014     1.763869
     0.155688     1.771005
     0.157362     1.778179
     0.159036     1.785390
     0.160710     1.792636
     0.162385     1.799914
     0.164059     1.807223
     0.165733     1.814561
     0.167407     1.821926


    -0.167407     1.968327
    -0.165733     1.962170
    -0.164059     1.956017
    -0.162385     1.949869
    -0.160710     1.943727
    -0.159036     1.937591
    -0.157362     1.931461
    -0.155688     1.925338
    -0.154014     1.919223
    -0.152340     1.913116
    -0.150666     1.907018
    -0.148992     1.900929
    -0.147318     1.894850
    -0.145644     1.888782
    -0.143970     1.882725
    -0.142296     1.876679
    -0.140622     1.870646
    -0.138948     1.864625
    -0.137274     1.858618
    -0.135599     1.852625
    -0.133925     1.846647
    -0.132251     1.840684
    -0.130577     1.834738
    -0.128903     1.828808
    -0.127229     1.822896
    -0.125555     1.817001
    -0.123881     1.811126
    -0.122207     1.805270
    -0.120533     1.799434
    -0.118859     1.793619
    -0.117185     1.787826
    -0.115511     1.782055
    -0.113837     1.776308
    -0.112163     1.770584
    -0.110488     1.764885
    -0.108814     1.759212
    -0.107140     1.753565
    -0.105466     1.747944
    -0.103792     1.742352
    -0.102118     1.736788
    -0.100444     1.731254
    -0.098770     1.725750
    -0.097096     1.720278
    -0.095422     1.714837
    -0.093748     1.709430
    -0.092074     1.704056
    -0.090400     1.698716
    -0.088726     1.693412
    -0.087051     1.688145
    -0.085377     1.682915
    -0.083703     1.677723
    -0.082029     1.672570
    -0.080355     1.667458
    -0.078681     1.662386
    -0.077007     1.657356
    -0.075333     1.652369
    -0.073659     1.647426
    -0.071985     1.642528
    -0.070311     1.637675
    -0.068637     1.632870
    -0.066963     1.628111
    -0.065289     1.623402
    -0.063615     1.618742
    -0.061940     1.614133
    -0.060266     1.609576
    -0.058592     1.605071
    -0.056918     1.600621
    -0.055244     1.596225
    -0.053570     1.591884
    -0.051896     1.587601
    -0.050222     1.583375
    -0.048548     1.579209
    -0.046874     1.575102
    -0.045200     1.571056
    -0.043526     1.567073
    -0.041852     1.563152
    -0.040178     1.559296
    -0.038504     1.555506
    -0.036829     1.551781
    -0.035155     1.548124
    -0.033481     1.544536
    -0.031807     1.541018
    -0.030133     1.537570
    -0.028459     1.534194
    -0.026785     1.530891
    -0.025111     1.527663
    -0.023437     1.524510
    -0.021763     1.521433
    -0.020089     1.518433
    -0.018415     1.515513
    -0.016741     1.512672
    -0.015067     1.509912
    -0.013393     1.507234
    -0.011718     1.504639
    -0.010044     1.502128
    -0.008370     1.499703
    -0.006696     1.497365
    -0.005022     1.495114
    -0.003348     1.492952
    -0.001674     1.490880
     0.000000     1.488912
     0.001674     1.490871
     0.003348     1.492944
     0.005022     1.495106
     0.006696     1.497357
     0.008370     1.499696
     0.010044     1.502121
     0.011718     1.504632
     0.013393     1.507227
     0.015067     1.509906
     0.016741     1.512666
     0.018415     1.515507
     0.020089     1.518429
     0.021763     1.521428
     0.023437     1.524506
     0.025111     1.527659
     0.026785     1.530888
     0.028459     1.534191
     0.030133     1.537568
     0.031807     1.541016
     0.033481     1.544534
     0.035155     1.548123
     0.036829     1.551780
     0.038504     1.555505
     0.040178     1.559296
     0.041852     1.563153
     0.043526     1.567073
     0.045200     1.571057
     0.046874     1.575103
     0.048548     1.579210
     0.050222     1.583377
     0.051896     1.587603
     0.053570     1.591887
     0.055244     1.596228
     0.056918     1.600624
     0.058592     1.605075
     0.060266     1.609580
     0.061940     1.614138
     0.063615     1.618747
     0.065289     1.623407
     0.066963     1.628117
     0.068637     1.632875
     0.070311     1.637681
     0.071985     1.642534
     0.073659     1.647433
     0.075333     1.652376
     0.077007     1.657363
     0.078681     1.662393
     0.080355     1.667465
     0.082029     1.672578
     0.083703     1.677731
     0.085377     1.682924
     0.087051     1.688154
     0.088726     1.693422
     0.090400     1.698726
     0.092074     1.704065
     0.093748     1.709440
     0.095422     1.714847
     0.097096     1.720288
     0.098770     1.725761
     0.100444     1.731265
     0.102118     1.736800
     0.103792     1.742363
     0.105466     1.747956
     0.107140     1.753576
     0.108814     1.759224
     0.110488     1.764897
     0.112163     1.770597
     0.113837     1.776320
     0.115511     1.782068
     0.117185     1.787839
     0.118859     1.793632
     0.120533     1.799447
     0.122207     1.805283
     0.123881     1.811139
     0.125555     1.817015
     0.127229     1.822909
     0.128903     1.828822
     0.130577     1.834752
     0.132251     1.840699
     0.133925     1.846661
     0.135599     1.852640
     0.137274     1.858633
     0.138948     1.864640
     0.140622     1.870660
     0.142296     1.876694
     0.143970     1.882740
     0.145644     1.888797
     0.147318     1.894866
     0.148992     1.900944
     0.150666     1.907033
     0.152340     1.913131
     0.154014     1.919238
     0.155688     1.925353
     0.157362     1.931476
     0.159036     1.937606
     0.160710     1.943742
     0.162385     1.949885
     0.164059     1.956032
     0.165733     1.962185
     0.167407     1.968342


    -0.167407     2.323014
    -0.165733     2.316408
    -0.164059     2.309842
    -0.162385     2.303316
    -0.160710     2.296831
    -0.159036     2.290389
    -0.157362     2.283989
    -0.155688     2.277634
    -0.154014     2.271323
    -0.152340     2.265058
    -0.150666     2.258839
    -0.148992     2.252667
    -0.147318     2.246544
    -0.145644     2.240469
    -0.143970     2.234444
    -0.142296     2.228469
    -0.140622     2.222545
    -0.138948     2.216673
    -0.137274     2.210853
    -0.135599     2.205086
    -0.133925     2.199373
    -0.132251     2.193714
    -0.130577     2.188110
    -0.128903     2.182562
    -0.127229     2.177070
    -0.125555     2.171635
    -0.123881     2.166257
    -0.122207     2.160937
    -0.120533     2.155676
    -0.118859     2.150474
    -0.117185     2.145331
    -0.115511     2.140248
    -0.113837     2.135227
    -0.112163     2.130266
    -0.110488     2.125367
    -0.108814     2.120530
    -0.107140     2.115756
    -0.105466     2.111045
    -0.103792     2.106398
    -0.102118     2.101814
    -0.100444     2.097295
    -0.098770     2.092842
    -0.097096     2.088453
    -0.095422     2.084131
    -0.093748     2.079874
    -0.092074     2.075685
    -0.090400     2.071562
    -0.088726     2.067508
    -0.087051     2.063520
    -0.085377     2.059602
    -0.083703     2.055752
    -0.082029     2.051971
    -0.080355     2.048259
    -0.078681     2.044618
    -0.077007     2.041046
    -0.075333     2.037545
    -0.073659     2.034115
    -0.071985     2.030757
    -0.070311     2.027470
    -0.068637     2.024254
    -0.066963     2.021112
    -0.065289     2.018041
    -0.063615     2.015044
    -0.061940     2.012120
    -0.060266     2.009269
    -0.058592     2.006493
    -0.056918     2.003790
    -0.055244     2.001162
    -0.053570     1.998609
    -0.051896     1.996131
    -0.050222     1.993728
    -0.048548     1.991401
    -0.046874     1.989149
    -0.045200     1.986974
    -0.043526     1.984875
    -0.041852     1.982853
    -0.040178     1.980908
    -0.038504     1.979040
    -0.036829     1.977249
    -0.035155     1.975536
    -0.033481     1.973901
    -0.031807     1.972343
    -0.030133     1.970865
    -0.028459     1.969464
    -0.026785     1.968143
    -0.025111     1.966901
    -0.023437     1.965737
    -0.021763     1.964654
    -0.020089     1.963649
    -0.018415     1.962725
    -0.016741     1.961881
    -0.015067     1.961117
    -0.013393     1.960433
    -0.011718     1.959829
    -0.010044     1.959306
    -0.008370     1.958862
    -0.006696     1.958499
    -0.005022     1.958215
    -0.003348     1.958010
    -0.001674     1.957886
     0.000000     1.957842
     0.001674     1.957878
     0.003348     1.957995
     0.005022     1.958193
     0.006696     1.958473
     0.008370     1.958833
     0.010044     1.959273
     0.011718     1.959795
     0.013393     1.960397
     0.015067     1.961080
     0.016741     1.961843
     0.018415     1.962687
     0.020089     1.963611
     0.021763     1.964615
     0.023437     1.965698
     0.025111     1.966861
     0.026785     1.968104
     0.028459     1.969425
     0.030133     1.970826
     0.031807     1.972305
     0.033481     1.973862
     0.035155     1.975498
     0.036829     1.977212
     0.038504     1.979003
     0.040178     1.980871
     0.041852     1.982817
     0.043526     1.984840
     0.045200     1.986939
     0.046874     1.989115
     0.048548     1.991367
     0.050222     1.993695
     0.051896     1.996098
     0.053570     1.998577
     0.055244     2.001130
     0.056918     2.003759
     0.058592     2.006462
     0.060266     2.009239
     0.061940     2.012090
     0.063615     2.015014
     0.065289     2.018012
     0.066963     2.021083
     0.068637     2.024226
     0.070311     2.027442
     0.071985     2.030730
     0.073659     2.034089
     0.075333     2.037519
     0.077007     2.041021
     0.078681     2.044593
     0.080355     2.048235
     0.082029     2.051947
     0.083703     2.055728
     0.085377     2.059579
     0.087051     2.063498
     0.088726     2.067486
     0.090400     2.071541
     0.092074     2.075665
     0.093748     2.079855
     0.095422     2.084112
     0.097096     2.088435
     0.098770     2.092824
     0.100444     2.097278
     0.102118     2.101798
     0.103792     2.106382
     0.105466     2.111030
     0.107140     2.115742
     0.108814     2.120517
     0.110488     2.125354
     0.112163     2.130254
     0.113837     2.135215
     0.115511     2.140238
     0.117185     2.145321
     0.118859     2.150465
     0.120533     2.155668
     0.122207     2.160930
     0.123881     2.166251
     0.125555     2.171629
     0.127229     2.177066
     0.128903     2.182558
     0.130577     2.188107
     0.132251     2.193712
     0.133925     2.199372
     0.135599     2.205086
     0.137274     2.210854
     0.138948     2.216674
     0.140622     2.222547
     0.142296     2.228472
     0.143970     2.234448
     0.145644     2.240474
     0.147318     2.246549
     0.148992     2.252674
     0.150666     2.258846
     0.152340     2.265066
     0.154014     2.271332
     0.155688     2.277643
     0.157362     2.284000
     0.159036     2.290400
     0.160710     2.296843
     0.162385     2.303329
     0.164059     2.309855
     0.165733     2.316422
     0.167407     2.323029


    -0.167407     2.336431
    -0.165733     2.329703
    -0.164059     2.323004
    -0.162385     2.316338
    -0.160710     2.309704
    -0.159036     2.303104
    -0.157362     2.296539
    -0.155688     2.290012
    -0.154014     2.283522
    -0.152340     2.277071
    -0.150666     2.270661
    -0.148992     2.264292
    -0.147318     2.257966
    -0.145644     2.251683
    -0.143970     2.245446
    -0.142296     2.239254
    -0.140622     2.233110
    -0.138948     2.227014
    -0.137274     2.220968
    -0.135599     2.214972
    -0.133925     2.209027
    -0.132251     2.203135
    -0.130577     2.197296
    -0.128903     2.191512
    -0.127229     2.185782
    -0.125555     2.180110
    -0.123881     2.174494
    -0.122207     2.168936
    -0.120533     2.163438
    -0.118859     2.157999
    -0.117185     2.152621
    -0.115511     2.147304
    -0.113837     2.142050
    -0.112163     2.136858
    -0.110488     2.131731
    -0.108814     2.126668
    -0.107140     2.121670
    -0.105466     2.116738
    -0.103792     2.111873
    -0.102118     2.107075
    -0.100444     2.102345
    -0.098770     2.097683
    -0.097096     2.093091
    -0.095422     2.088569
    -0.093748     2.084116
    -0.092074     2.079735
    -0.090400     2.075425
    -0.088726     2.071187
    -0.087051     2.067021
    -0.085377     2.062929
    -0.083703     2.058909
    -0.082029     2.054964
    -0.080355     2.051093
    -0.078681     2.047296
    -0.077007     2.043575
    -0.075333     2.039929
    -0.073659     2.036359
    -0.071985     2.032865
    -0.070311     2.029448
    -0.068637     2.026107
    -0.066963     2.022844
    -0.065289     2.019659
    -0.063615     2.016551
    -0.061940     2.013521
    -0.060266     2.010570
    -0.058592     2.007697
    -0.056918     2.004904
    -0.055244     2.002189
    -0.053570     1.999554
    -0.051896     1.996998
    -0.050222     1.994522
    -0.048548     1.992126
    -0.046874     1.989810
    -0.045200     1.987575
    -0.043526     1.985419
    -0.041852     1.983345
    -0.040178     1.981351
    -0.038504     1.979438
    -0.036829     1.977605
    -0.035155     1.975854
    -0.033481     1.974184
    -0.031807     1.972595
    -0.030133     1.971088
    -0.028459     1.969661
    -0.026785     1.968316
    -0.025111     1.967053
    -0.023437     1.965870
    -0.021763     1.964770
    -0.020089     1.963750
    -0.018415     1.962812
    -0.016741     1.961955
    -0.015067     1.961180
    -0.013393     1.960486
    -0.011718     1.959873
    -0.010044     1.959342
    -0.008370     1.958893
    -0.006696     1.958527
    -0.005022     1.958242
    -0.003348     1.958041
    -0.001674     1.957922
     0.000000     1.957885
     0.001674     1.957929
     0.003348     1.958055
     0.005022     1.958262
     0.006696     1.958551
     0.008370     1.958920
     0.010044     1.959371
     0.011718     1.959903
     0.013393     1.960517
     0.015067     1.961211
     0.016741     1.961987
     0.018415     1.962844
     0.020089     1.963782
     0.021763     1.964801
     0.023437     1.965902
     0.025111     1.967084
     0.026785     1.968347
     0.028459     1.969691
     0.030133     1.971117
     0.031807     1.972624
     0.033481     1.974212
     0.035155     1.975881
     0.036829     1.977631
     0.038504     1.979463
     0.040178     1.981375
     0.041852     1.983368
     0.043526     1.985442
     0.045200     1.987596
     0.046874     1.989831
     0.048548     1.992146
     0.050222     1.994541
     0.051896     1.997017
     0.053570     1.999572
     0.055244     2.002206
     0.056918     2.004920
     0.058592     2.007713
     0.060266     2.010585
     0.061940     2.013536
     0.063615     2.016565
     0.065289     2.019672
     0.066963     2.022857
     0.068637     2.026120
     0.070311     2.029460
     0.071985     2.032876
     0.073659     2.036370
     0.075333     2.039939
     0.077007     2.043585
     0.078681     2.047306
     0.080355     2.051102
     0.082029     2.054973
     0.083703     2.058918
     0.085377     2.062937
     0.087051     2.067029
     0.088726     2.071195
     0.090400     2.075432
     0.092074     2.079742
     0.093748     2.084123
     0.095422     2.088575
     0.097096     2.093097
     0.098770     2.097689
     0.100444     2.102350
     0.102118     2.107080
     0.103792     2.111878
     0.105466     2.116743
     0.107140     2.121674
     0.108814     2.126672
     0.110488     2.131735
     0.112163     2.136862
     0.113837     2.142053
     0.115511     2.147308
     0.117185     2.152624
     0.118859     2.158002
     0.120533     2.163441
     0.122207     2.168939
     0.123881     2.174497
     0.125555     2.180112
     0.127229     2.185785
     0.128903     2.191514
     0.130577     2.197298
     0.132251     2.203137
     0.133925     2.209029
     0.135599     2.214974
     0.137274     2.220970
     0.138948     2.227016
     0.140622     2.233112
     0.142296     2.239256
     0.143970     2.245448
     0.145644     2.251685
     0.147318     2.257967
     0.148992     2.264294
     0.150666     2.270663
     0.152340     2.277073
     0.154014     2.283524
     0.155688     2.290014
     0.157362     2.296542
     0.159036     2.303106
     0.160710     2.309706
     0.162385     2.316340
     0.164059     2.323007
     0.165733     2.329705
     0.167407     2.336434


