    -0.167407    -3.735636
    -0.165733    -3.735835
    -0.164059    -3.736036
    -0.162385    -3.736238
    -0.160710    -3.736440
    -0.159036    -3.736642
    -0.157362    -3.736845
    -0.155688    -3.737047
    -0.154014    -3.737250
    -0.152340    -3.737451
    -0.150666    -3.737653
    -0.148992    -3.737853
    -0.147318    -3.738052
    -0.145644    -3.738250
    -0.143970    -3.738447
    -0.142296    -3.738642
    -0.140622    -3.738835
    -0.138948    -3.739026
    -0.137274    -3.739215
    -0.135599    -3.739402
    -0.133925    -3.739587
    -0.132251    -3.739769
    -0.130577    -3.739948
    -0.128903    -3.740124
    -0.127229    -3.740298
    -0.125555    -3.740468
    -0.123881    -3.740634
    -0.122207    -3.740798
    -0.120533    -3.740957
    -0.118859    -3.741113
    -0.117185    -3.741265
    -0.115511    -3.741413
    -0.113837    -3.741556
    -0.112163    -3.741696
    -0.110488    -3.741831
    -0.108814    -3.741961
    -0.107140    -3.742087
    -0.105466    -3.742208
    -0.103792    -3.742324
    -0.102118    -3.742435
    -0.100444    -3.742541
    -0.098770    -3.742641
    -0.097096    -3.742736
    -0.095422    -3.742826
    -0.093748    -3.742910
    -0.092074    -3.742989
    -0.090400    -3.743062
    -0.088726    -3.743129
    -0.087051    -3.743190
    -0.085377    -3.743244
    -0.083703    -3.743293
    -0.082029    -3.743336
    -0.080355    -3.743372
    -0.078681    -3.743402
    -0.077007    -3.743425
    -0.075333    -3.743441
    -0.073659    -3.743451
    -0.071985    -3.743455
    -0.070311    -3.743451
    -0.068637    -3.743441
    -0.066963    -3.743423
    -0.065289    -3.743399
    -0.063615    -3.743367
    -0.061940    -3.743328
    -0.060266    -3.743282
    -0.058592    -3.743229
    -0.056918    -3.743168
    -0.055244    -3.743100
    -0.053570    -3.743024
    -0.051896    -3.742941
    -0.050222    -3.742850
    -0.048548    -3.742751
    -0.046874    -3.742645
    -0.045200    -3.742530
    -0.043526    -3.742408
    -0.041852    -3.742278
    -0.040178    -3.742140
    -0.038504    -3.741994
    -0.036829    -3.741840
    -0.035155    -3.741678
    -0.033481    -3.741508
    -0.031807    -3.741330
    -0.030133    -3.741143
    -0.028459    -3.740948
    -0.026785    -3.740744
    -0.025111    -3.740533
    -0.023437    -3.740312
    -0.021763    -3.740084
    -0.020089    -3.739847
    -0.018415    -3.739601
    -0.016741    -3.739347
    -0.015067    -3.739084
    -0.013393    -3.738813
    -0.011718    -3.738533
    -0.010044    -3.738244
    -0.008370    -3.737947
    -0.006696    -3.737641
    -0.005022    -3.737326
    -0.003348    -3.737002
    -0.001674    -3.736669
     0.000000    -3.736334
     0.001674    -3.736669
     0.003348    -3.737002
     0.005022    -3.737325
     0.006696    -3.737640
     0.008370    -3.737947
     0.010044    -3.738244
     0.011718    -3.738533
     0.013393    -3.738813
     0.015067    -3.739084
     0.016741    -3.739347
     0.018415    -3.739601
     0.020089    -3.739847
     0.021763    -3.740084
     0.023437    -3.740313
     0.025111    -3.740533
     0.026785    -3.740744
     0.028459    -3.740948
     0.030133    -3.741143
     0.031807    -3.741330
     0.033481    -3.741508
     0.035155    -3.741678
     0.036829    -3.741840
     0.038504    -3.741994
     0.040178    -3.742140
     0.041852    -3.742278
     0.043526    -3.742408
     0.045200    -3.742530
     0.046874    -3.742644
     0.048548    -3.742751
     0.050222    -3.742849
     0.051896    -3.742940
     0.053570    -3.743023
     0.055244    -3.743099
     0.056918    -3.743167
     0.058592    -3.743228
     0.060266    -3.743281
     0.061940    -3.743327
     0.063615    -3.743366
     0.065289    -3.743397
     0.066963    -3.743422
     0.068637    -3.743439
     0.070311    -3.743449
     0.071985    -3.743453
     0.073659    -3.743449
     0.075333    -3.743439
     0.077007    -3.743422
     0.078681    -3.743399
     0.080355    -3.743369
     0.082029    -3.743333
     0.083703    -3.743290
     0.085377    -3.743241
     0.087051    -3.743186
     0.088726    -3.743125
     0.090400    -3.743058
     0.092074    -3.742985
     0.093748    -3.742906
     0.095422    -3.742822
     0.097096    -3.742732
     0.098770    -3.742636
     0.100444    -3.742535
     0.102118    -3.742429
     0.103792    -3.742318
     0.105466    -3.742202
     0.107140    -3.742081
     0.108814    -3.741955
     0.110488    -3.741824
     0.112163    -3.741689
     0.113837    -3.741550
     0.115511    -3.741406
     0.117185    -3.741258
     0.118859    -3.741106
     0.120533    -3.740950
     0.122207    -3.740790
     0.123881    -3.740626
     0.125555    -3.740459
     0.127229    -3.740289
     0.128903    -3.740116
     0.130577    -3.739939
     0.132251    -3.739760
     0.133925    -3.739578
     0.135599    -3.739393
     0.137274    -3.739206
     0.138948    -3.739017
     0.140622    -3.738825
     0.142296    -3.738632
     0.143970    -3.738436
     0.145644    -3.738240
     0.147318    -3.738042
     0.148992    -3.737842
     0.150666    -3.737642
     0.152340    -3.737440
     0.154014    -3.737239
     0.155688    -3.737036
     0.157362    -3.736833
     0.159036    -3.736631
     0.160710    -3.736428
     0.162385    -3.736226
     0.164059    -3.736024
     0.165733    -3.735823
     0.167407    -3.735624


    -0.167407    -3.657571
    -0.165733    -3.658748
    -0.164059    -3.659920
    -0.162385    -3.661085
    -0.160710    -3.662245
    -0.159036    -3.663398
    -0.157362    -3.664545
    -0.155688    -3.665686
    -0.154014    -3.666820
    -0.152340    -3.667948
    -0.150666    -3.669069
    -0.148992    -3.670183
    -0.147318    -3.671290
    -0.145644    -3.672391
    -0.143970    -3.673485
    -0.142296    -3.674571
    -0.140622    -3.675651
    -0.138948    -3.676723
    -0.137274    -3.677788
    -0.135599    -3.678846
    -0.133925    -3.679896
    -0.132251    -3.680939
    -0.130577    -3.681975
    -0.128903    -3.683003
    -0.127229    -3.684023
    -0.125555    -3.685035
    -0.123881    -3.686040
    -0.122207    -3.687037
    -0.120533    -3.688026
    -0.118859    -3.689007
    -0.117185    -3.689980
    -0.115511    -3.690945
    -0.113837    -3.691902
    -0.112163    -3.692851
    -0.110488    -3.693792
    -0.108814    -3.694724
    -0.107140    -3.695648
    -0.105466    -3.696564
    -0.103792    -3.697471
    -0.102118    -3.698370
    -0.100444    -3.699261
    -0.098770    -3.700143
    -0.097096    -3.701016
    -0.095422    -3.701881
    -0.093748    -3.702737
    -0.092074    -3.703584
    -0.090400    -3.704423
    -0.088726    -3.705253
    -0.087051    -3.706075
    -0.085377    -3.706887
    -0.083703    -3.707691
    -0.082029    -3.708486
    -0.080355    -3.709272
    -0.078681    -3.710049
    -0.077007    -3.710817
    -0.075333    -3.711577
    -0.073659    -3.712327
    -0.071985    -3.713068
    -0.070311    -3.713801
    -0.068637    -3.714524
    -0.066963    -3.715238
    -0.065289    -3.715943
    -0.063615    -3.716639
    -0.061940    -3.717326
    -0.060266    -3.718004
    -0.058592    -3.718673
    -0.056918    -3.719333
    -0.055244    -3.719984
    -0.053570    -3.720625
    -0.051896    -3.721257
    -0.050222    -3.721881
    -0.048548    -3.722495
    -0.046874    -3.723099
    -0.045200    -3.723695
    -0.043526    -3.724282
    -0.041852    -3.724859
    -0.040178    -3.725427
    -0.038504    -3.725986
    -0.036829    -3.726536
    -0.035155    -3.727077
    -0.033481    -3.727608
    -0.031807    -3.728130
    -0.030133    -3.728644
    -0.028459    -3.729148
    -0.026785    -3.729643
    -0.025111    -3.730128
    -0.023437    -3.730605
    -0.021763    -3.731073
    -0.020089    -3.731531
    -0.018415    -3.731980
    -0.016741    -3.732421
    -0.015067    -3.732852
    -0.013393    -3.733274
    -0.011718    -3.733687
    -0.010044    -3.734091
    -0.008370    -3.734486
    -0.006696    -3.734872
    -0.005022    -3.735249
    -0.003348    -3.735618
    -0.001674    -3.735977
     0.000000    -3.736321
     0.001674    -3.735978
     0.003348    -3.735618
     0.005022    -3.735250
     0.006696    -3.734873
     0.008370    -3.734487
     0.010044    -3.734092
     0.011718    -3.733688
     0.013393    -3.733275
     0.015067    -3.732853
     0.016741    -3.732422
     0.018415    -3.731982
     0.020089    -3.731533
     0.021763    -3.731074
     0.023437    -3.730607
     0.025111    -3.730130
     0.026785    -3.729645
     0.028459    -3.729150
     0.030133    -3.728646
     0.031807    -3.728133
     0.033481    -3.727611
     0.035155    -3.727079
     0.036829    -3.726539
     0.038504    -3.725989
     0.040178    -3.725430
     0.041852    -3.724862
     0.043526    -3.724285
     0.045200    -3.723698
     0.046874    -3.723103
     0.048548    -3.722498
     0.050222    -3.721884
     0.051896    -3.721261
     0.053570    -3.720629
     0.055244    -3.719987
     0.056918    -3.719337
     0.058592    -3.718677
     0.060266    -3.718008
     0.061940    -3.717331
     0.063615    -3.716644
     0.065289    -3.715948
     0.066963    -3.715242
     0.068637    -3.714528
     0.070311    -3.713805
     0.071985    -3.713073
     0.073659    -3.712331
     0.075333    -3.711581
     0.077007    -3.710822
     0.078681    -3.710054
     0.080355    -3.709276
     0.082029    -3.708490
     0.083703    -3.707696
     0.085377    -3.706892
     0.087051    -3.706079
     0.088726    -3.705258
     0.090400    -3.704428
     0.092074    -3.703589
     0.093748    -3.702741
     0.095422    -3.701885
     0.097096    -3.701020
     0.098770    -3.700147
     0.100444    -3.699265
     0.102118    -3.698374
     0.103792    -3.697475
     0.105466    -3.696568
     0.107140    -3.695652
     0.108814    -3.694728
     0.110488    -3.693796
     0.112163    -3.692855
     0.113837    -3.691906
     0.115511    -3.690949
     0.117185    -3.689984
     0.118859    -3.689010
     0.120533    -3.688029
     0.122207    -3.687040
     0.123881    -3.686043
     0.125555    -3.685038
     0.127229    -3.684025
     0.128903    -3.683005
     0.130577    -3.681977
     0.132251    -3.680941
     0.133925    -3.679898
     0.135599    -3.678848
     0.137274    -3.677790
     0.138948    -3.676724
     0.140622    -3.675652
     0.142296    -3.674572
     0.143970    -3.673485
     0.145644    -3.672392
     0.147318    -3.671291
     0.148992    -3.670183
     0.150666    -3.669069
     0.152340    -3.667948
     0.154014    -3.666820
     0.155688    -3.665685
     0.157362    -3.664545
     0.159036    -3.663397
     0.160710    -3.662244
     0.162385    -3.661084
     0.164059    -3.659918
     0.165733    -3.658747
     0.167407    -3.657569


    -0.167407    -2.384984
    -0.165733    -2.380220
    -0.164059    -2.375575
    -0.162385    -2.371044
    -0.160710    -2.366624
    -0.159036    -2.362313
    -0.157362    -2.358106
    -0.155688    -2.354002
    -0.154014    -2.349995
    -0.152340    -2.346085
    -0.150666    -2.342266
    -0.148992    -2.338537
    -0.147318    -2.334894
    -0.145644    -2.331335
    -0.143970    -2.327856
    -0.142296    -2.324455
    -0.140622    -2.321130
    -0.138948    -2.317878
    -0.137274    -2.314697
    -0.135599    -2.311584
    -0.133925    -2.308537
    -0.132251    -2.305554
    -0.130577    -2.302634
    -0.128903    -2.299773
    -0.127229    -2.296972
    -0.125555    -2.294227
    -0.123881    -2.291537
    -0.122207    -2.288901
    -0.120533    -2.286317
    -0.118859    -2.283784
    -0.117185    -2.281300
    -0.115511    -2.278864
    -0.113837    -2.276476
    -0.112163    -2.274134
    -0.110488    -2.271836
    -0.108814    -2.269583
    -0.107140    -2.267372
    -0.105466    -2.265204
    -0.103792    -2.263076
    -0.102118    -2.260990
    -0.100444    -2.258943
    -0.098770    -2.256935
    -0.097096    -2.254965
    -0.095422    -2.253033
    -0.093748    -2.251139
    -0.092074    -2.249281
    -0.090400    -2.247459
    -0.088726    -2.245672
    -0.087051    -2.243921
    -0.085377    -2.242204
    -0.083703    -2.240522
    -0.082029    -2.238873
    -0.080355    -2.237258
    -0.078681    -2.235676
    -0.077007    -2.234127
    -0.075333    -2.232611
    -0.073659    -2.231126
    -0.071985    -2.229674
    -0.070311    -2.228253
    -0.068637    -2.226864
    -0.066963    -2.225506
    -0.065289    -2.224179
    -0.063615    -2.222883
    -0.061940    -2.221617
    -0.060266    -2.220382
    -0.058592    -2.219177
    -0.056918    -2.218002
    -0.055244    -2.216857
    -0.053570    -2.215742
    -0.051896    -2.214657
    -0.050222    -2.213601
    -0.048548    -2.212574
    -0.046874    -2.211577
    -0.045200    -2.210609
    -0.043526    -2.209671
    -0.041852    -2.208761
    -0.040178    -2.207880
    -0.038504    -2.207028
    -0.036829    -2.206205
    -0.035155    -2.205410
    -0.033481    -2.204644
    -0.031807    -2.203906
    -0.030133    -2.203197
    -0.028459    -2.202517
    -0.026785    -2.201864
    -0.025111    -2.201240
    -0.023437    -2.200644
    -0.021763    -2.200076
    -0.020089    -2.199537
    -0.018415    -2.199025
    -0.016741    -2.198541
    -0.015067    -2.198085
    -0.013393    -2.197657
    -0.011718    -2.197257
    -0.010044    -2.196885
    -0.008370    -2.196540
    -0.006696    -2.196223
    -0.005022    -2.195933
    -0.003348    -2.195671
    -0.001674    -2.195437
     0.000000    -2.195240
     0.001674    -2.195443
     0.003348    -2.195677
     0.005022    -2.195940
     0.006696    -2.196229
     0.008370    -2.196546
     0.010044    -2.196891
     0.011718    -2.197264
     0.013393    -2.197664
     0.015067    -2.198092
     0.016741    -2.198548
     0.018415    -2.199032
     0.020089    -2.199544
     0.021763    -2.200084
     0.023437    -2.200652
     0.025111    -2.201248
     0.026785    -2.201872
     0.028459    -2.202524
     0.030133    -2.203205
     0.031807    -2.203914
     0.033481    -2.204652
     0.035155    -2.205418
     0.036829    -2.206213
     0.038504    -2.207036
     0.040178    -2.207888
     0.041852    -2.208769
     0.043526    -2.209679
     0.045200    -2.210618
     0.046874    -2.211586
     0.048548    -2.212583
     0.050222    -2.213609
     0.051896    -2.214665
     0.053570    -2.215751
     0.055244    -2.216866
     0.056918    -2.218011
     0.058592    -2.219185
     0.060266    -2.220390
     0.061940    -2.221626
     0.063615    -2.222891
     0.065289    -2.224188
     0.066963    -2.225515
     0.068637    -2.226873
     0.070311    -2.228262
     0.071985    -2.229683
     0.073659    -2.231135
     0.075333    -2.232619
     0.077007    -2.234136
     0.078681    -2.235685
     0.080355    -2.237267
     0.082029    -2.238882
     0.083703    -2.240531
     0.085377    -2.242213
     0.087051    -2.243930
     0.088726    -2.245681
     0.090400    -2.247468
     0.092074    -2.249290
     0.093748    -2.251148
     0.095422    -2.253043
     0.097096    -2.254974
     0.098770    -2.256944
     0.100444    -2.258952
     0.102118    -2.260999
     0.103792    -2.263086
     0.105466    -2.265213
     0.107140    -2.267381
     0.108814    -2.269592
     0.110488    -2.271846
     0.112163    -2.274143
     0.113837    -2.276486
     0.115511    -2.278874
     0.117185    -2.281309
     0.118859    -2.283793
     0.120533    -2.286326
     0.122207    -2.288910
     0.123881    -2.291547
     0.125555    -2.294236
     0.127229    -2.296981
     0.128903    -2.299783
     0.130577    -2.302643
     0.132251    -2.305564
     0.133925    -2.308547
     0.135599    -2.311594
     0.137274    -2.314707
     0.138948    -2.317888
     0.140622    -2.321140
     0.142296    -2.324465
     0.143970    -2.327866
     0.145644    -2.331344
     0.147318    -2.334904
     0.148992    -2.338547
     0.150666    -2.342276
     0.152340    -2.346094
     0.154014    -2.350005
     0.155688    -2.354011
     0.157362    -2.358115
     0.159036    -2.362321
     0.160710    -2.366633
     0.162385    -2.371052
     0.164059    -2.375583
     0.165733    -2.380228
     0.167407    -2.384992


    -0.167407    -2.325332
    -0.165733    -2.321307
    -0.164059    -2.317436
    -0.162385    -2.313711
    -0.160710    -2.310125
    -0.159036    -2.306669
    -0.157362    -2.303337
    -0.155688    -2.300121
    -0.154014    -2.297014
    -0.152340    -2.294011
    -0.150666    -2.291104
    -0.148992    -2.288289
    -0.147318    -2.285560
    -0.145644    -2.282912
    -0.143970    -2.280341
    -0.142296    -2.277842
    -0.140622    -2.275412
    -0.138948    -2.273047
    -0.137274    -2.270744
    -0.135599    -2.268499
    -0.133925    -2.266310
    -0.132251    -2.264174
    -0.130577    -2.262089
    -0.128903    -2.260052
    -0.127229    -2.258062
    -0.125555    -2.256117
    -0.123881    -2.254215
    -0.122207    -2.252354
    -0.120533    -2.250534
    -0.118859    -2.248752
    -0.117185    -2.247007
    -0.115511    -2.245299
    -0.113837    -2.243627
    -0.112163    -2.241989
    -0.110488    -2.240384
    -0.108814    -2.238812
    -0.107140    -2.237273
    -0.105466    -2.235764
    -0.103792    -2.234287
    -0.102118    -2.232840
    -0.100444    -2.231423
    -0.098770    -2.230035
    -0.097096    -2.228676
    -0.095422    -2.227345
    -0.093748    -2.226043
    -0.092074    -2.224769
    -0.090400    -2.223522
    -0.088726    -2.222303
    -0.087051    -2.221111
    -0.085377    -2.219946
    -0.083703    -2.218808
    -0.082029    -2.217696
    -0.080355    -2.216611
    -0.078681    -2.215552
    -0.077007    -2.214520
    -0.075333    -2.213513
    -0.073659    -2.212533
    -0.071985    -2.211579
    -0.070311    -2.210650
    -0.068637    -2.209748
    -0.066963    -2.208871
    -0.065289    -2.208020
    -0.063615    -2.207195
    -0.061940    -2.206396
    -0.060266    -2.205623
    -0.058592    -2.204876
    -0.056918    -2.204154
    -0.055244    -2.203458
    -0.053570    -2.202788
    -0.051896    -2.202144
    -0.050222    -2.201526
    -0.048548    -2.200933
    -0.046874    -2.200367
    -0.045200    -2.199827
    -0.043526    -2.199312
    -0.041852    -2.198824
    -0.040178    -2.198362
    -0.038504    -2.197926
    -0.036829    -2.197516
    -0.035155    -2.197133
    -0.033481    -2.196776
    -0.031807    -2.196445
    -0.030133    -2.196140
    -0.028459    -2.195862
    -0.026785    -2.195611
    -0.025111    -2.195386
    -0.023437    -2.195188
    -0.021763    -2.195016
    -0.020089    -2.194871
    -0.018415    -2.194753
    -0.016741    -2.194662
    -0.015067    -2.194597
    -0.013393    -2.194560
    -0.011718    -2.194549
    -0.010044    -2.194566
    -0.008370    -2.194610
    -0.006696    -2.194680
    -0.005022    -2.194778
    -0.003348    -2.194903
    -0.001674    -2.195056
     0.000000    -2.195225
     0.001674    -2.195050
     0.003348    -2.194898
     0.005022    -2.194773
     0.006696    -2.194675
     0.008370    -2.194604
     0.010044    -2.194561
     0.011718    -2.194545
     0.013393    -2.194555
     0.015067    -2.194593
     0.016741    -2.194658
     0.018415    -2.194749
     0.020089    -2.194867
     0.021763    -2.195013
     0.023437    -2.195184
     0.025111    -2.195383
     0.026785    -2.195608
     0.028459    -2.195860
     0.030133    -2.196138
     0.031807    -2.196443
     0.033481    -2.196774
     0.035155    -2.197131
     0.036829    -2.197515
     0.038504    -2.197925
     0.040178    -2.198361
     0.041852    -2.198823
     0.043526    -2.199312
     0.045200    -2.199826
     0.046874    -2.200367
     0.048548    -2.200934
     0.050222    -2.201526
     0.051896    -2.202145
     0.053570    -2.202789
     0.055244    -2.203459
     0.056918    -2.204155
     0.058592    -2.204877
     0.060266    -2.205625
     0.061940    -2.206399
     0.063615    -2.207198
     0.065289    -2.208023
     0.066963    -2.208874
     0.068637    -2.209751
     0.070311    -2.210654
     0.071985    -2.211582
     0.073659    -2.212537
     0.075333    -2.213518
     0.077007    -2.214524
     0.078681    -2.215557
     0.080355    -2.216616
     0.082029    -2.217702
     0.083703    -2.218813
     0.085377    -2.219952
     0.087051    -2.221117
     0.088726    -2.222310
     0.090400    -2.223529
     0.092074    -2.224776
     0.093748    -2.226050
     0.095422    -2.227353
     0.097096    -2.228683
     0.098770    -2.230042
     0.100444    -2.231431
     0.102118    -2.232848
     0.103792    -2.234295
     0.105466    -2.235773
     0.107140    -2.237281
     0.108814    -2.238821
     0.110488    -2.240393
     0.112163    -2.241998
     0.113837    -2.243636
     0.115511    -2.245309
     0.117185    -2.247017
     0.118859    -2.248762
     0.120533    -2.250544
     0.122207    -2.252364
     0.123881    -2.254225
     0.125555    -2.256127
     0.127229    -2.258073
     0.128903    -2.260063
     0.130577    -2.262099
     0.132251    -2.264184
     0.133925    -2.266320
     0.135599    -2.268509
     0.137274    -2.270754
     0.138948    -2.273057
     0.140622    -2.275422
     0.142296    -2.277853
     0.143970    -2.280351
     0.145644    -2.282922
     0.147318    -2.285570
     0.148992    -2.288299
     0.150666    -2.291114
     0.152340    -2.294021
     0.154014    -2.297024
     0.155688    -2.300131
     0.157362    -2.303347
     0.159036    -2.306679
     0.160710    -2.310134
     0.162385    -2.313720
     0.164059    -2.317445
     0.165733    -2.321316
     0.167407    -2.325341


    -0.167407    -2.116491
    -0.165733    -2.109063
    -0.164059    -2.101533
    -0.162385    -2.093912
    -0.160710    -2.086207
    -0.159036    -2.078429
    -0.157362    -2.070588
    -0.155688    -2.062690
    -0.154014    -2.054746
    -0.152340    -2.046763
    -0.150666    -2.038749
    -0.148992    -2.030710
    -0.147318    -2.022655
    -0.145644    -2.014589
    -0.143970    -2.006519
    -0.142296    -1.998450
    -0.140622    -1.990389
    -0.138948    -1.982339
    -0.137274    -1.974307
    -0.135599    -1.966297
    -0.133925    -1.958313
    -0.132251    -1.950359
    -0.130577    -1.942439
    -0.128903    -1.934558
    -0.127229    -1.926718
    -0.125555    -1.918922
    -0.123881    -1.911174
    -0.122207    -1.903478
    -0.120533    -1.895834
    -0.118859    -1.888247
    -0.117185    -1.880719
    -0.115511    -1.873251
    -0.113837    -1.865847
    -0.112163    -1.858509
    -0.110488    -1.851237
    -0.108814    -1.844035
    -0.107140    -1.836904
    -0.105466    -1.829845
    -0.103792    -1.822861
    -0.102118    -1.815952
    -0.100444    -1.809120
    -0.098770    -1.802366
    -0.097096    -1.795693
    -0.095422    -1.789100
    -0.093748    -1.782589
    -0.092074    -1.776162
    -0.090400    -1.769821
    -0.088726    -1.763571
    -0.087051    -1.757427
    -0.085377    -1.751435
    -0.083703    -1.745632
    -0.082029    -1.739957
    -0.080355    -1.734367
    -0.078681    -1.728853
    -0.077007    -1.723412
    -0.075333    -1.718043
    -0.073659    -1.712745
    -0.071985    -1.707518
    -0.070311    -1.702364
    -0.068637    -1.697281
    -0.066963    -1.692271
    -0.065289    -1.687334
    -0.063615    -1.682470
    -0.061940    -1.677680
    -0.060266    -1.672963
    -0.058592    -1.668321
    -0.056918    -1.663753
    -0.055244    -1.659260
    -0.053570    -1.654843
    -0.051896    -1.650502
    -0.050222    -1.646237
    -0.048548    -1.642049
    -0.046874    -1.637938
    -0.045200    -1.633906
    -0.043526    -1.629953
    -0.041852    -1.626079
    -0.040178    -1.622286
    -0.038504    -1.618574
    -0.036829    -1.614945
    -0.035155    -1.611400
    -0.033481    -1.607941
    -0.031807    -1.604570
    -0.030133    -1.601288
    -0.028459    -1.598099
    -0.026785    -1.595005
    -0.025111    -1.592010
    -0.023437    -1.589118
    -0.021763    -1.586334
    -0.020089    -1.583664
    -0.018415    -1.581117
    -0.016741    -1.578700
    -0.015067    -1.576423
    -0.013393    -1.574301
    -0.011718    -1.572348
    -0.010044    -1.570580
    -0.008370    -1.569018
    -0.006696    -1.567682
    -0.005022    -1.566596
    -0.003348    -1.565781
    -0.001674    -1.565253
     0.000000    -1.565030
     0.001674    -1.565251
     0.003348    -1.565777
     0.005022    -1.566592
     0.006696    -1.567676
     0.008370    -1.569010
     0.010044    -1.570572
     0.011718    -1.572338
     0.013393    -1.574291
     0.015067    -1.576413
     0.016741    -1.578688
     0.018415    -1.581105
     0.020089    -1.583652
     0.021763    -1.586321
     0.023437    -1.589104
     0.025111    -1.591996
     0.026785    -1.594991
     0.028459    -1.598085
     0.030133    -1.601274
     0.031807    -1.604555
     0.033481    -1.607926
     0.035155    -1.611385
     0.036829    -1.614930
     0.038504    -1.618558
     0.040178    -1.622270
     0.041852    -1.626063
     0.043526    -1.629936
     0.045200    -1.633890
     0.046874    -1.637922
     0.048548    -1.642032
     0.050222    -1.646220
     0.051896    -1.650485
     0.053570    -1.654826
     0.055244    -1.659243
     0.056918    -1.663736
     0.058592    -1.668303
     0.060266    -1.672946
     0.061940    -1.677662
     0.063615    -1.682453
     0.065289    -1.687316
     0.066963    -1.692253
     0.068637    -1.697263
     0.070311    -1.702346
     0.071985    -1.707500
     0.073659    -1.712726
     0.075333    -1.718024
     0.077007    -1.723393
     0.078681    -1.728834
     0.080355    -1.734347
     0.082029    -1.739935
     0.083703    -1.745609
     0.085377    -1.751409
     0.087051    -1.757399
     0.088726    -1.763544
     0.090400    -1.769794
     0.092074    -1.776135
     0.093748    -1.782562
     0.095422    -1.789073
     0.097096    -1.795666
     0.098770    -1.802340
     0.100444    -1.809094
     0.102118    -1.815926
     0.103792    -1.822835
     0.105466    -1.829819
     0.107140    -1.836878
     0.108814    -1.844009
     0.110488    -1.851212
     0.112163    -1.858483
     0.113837    -1.865822
     0.115511    -1.873226
     0.117185    -1.880694
     0.118859    -1.888222
     0.120533    -1.895810
     0.122207    -1.903453
     0.123881    -1.911150
     0.125555    -1.918898
     0.127229    -1.926694
     0.128903    -1.934534
     0.130577    -1.942416
     0.132251    -1.950336
     0.133925    -1.958290
     0.135599    -1.966275
     0.137274    -1.974286
     0.138948    -1.982318
     0.140622    -1.990368
     0.142296    -1.998430
     0.143970    -2.006499
     0.145644    -2.014570
     0.147318    -2.022636
     0.148992    -2.030692
     0.150666    -2.038731
     0.152340    -2.046746
     0.154014    -2.054729
     0.155688    -2.062674
     0.157362    -2.070572
     0.159036    -2.078414
     0.160710    -2.086193
     0.162385    -2.093898
     0.164059    -2.101520
     0.165733    -2.109050
     0.167407    -2.116479


    -0.167407    -2.086034
    -0.165733    -2.079081
    -0.164059    -2.072077
    -0.162385    -2.065026
    -0.160710    -2.057933
    -0.159036    -2.050802
    -0.157362    -2.043637
    -0.155688    -2.036442
    -0.154014    -2.029223
    -0.152340    -2.021983
    -0.150666    -2.014726
    -0.148992    -2.007457
    -0.147318    -2.000180
    -0.145644    -1.992898
    -0.143970    -1.985615
    -0.142296    -1.978335
    -0.140622    -1.971061
    -0.138948    -1.963797
    -0.137274    -1.956546
    -0.135599    -1.949312
    -0.133925    -1.942097
    -0.132251    -1.934904
    -0.130577    -1.927737
    -0.128903    -1.920597
    -0.127229    -1.913488
    -0.125555    -1.906412
    -0.123881    -1.899371
    -0.122207    -1.892368
    -0.120533    -1.885404
    -0.118859    -1.878482
    -0.117185    -1.871604
    -0.115511    -1.864772
    -0.113837    -1.857987
    -0.112163    -1.851252
    -0.110488    -1.844566
    -0.108814    -1.837934
    -0.107140    -1.831354
    -0.105466    -1.824830
    -0.103792    -1.818362
    -0.102118    -1.811952
    -0.100444    -1.805600
    -0.098770    -1.799308
    -0.097096    -1.793076
    -0.095422    -1.786906
    -0.093748    -1.780797
    -0.092074    -1.774750
    -0.090400    -1.768765
    -0.088726    -1.762837
    -0.087051    -1.756955
    -0.085377    -1.751072
    -0.083703    -1.745152
    -0.082029    -1.739259
    -0.080355    -1.733435
    -0.078681    -1.727691
    -0.077007    -1.722032
    -0.075333    -1.716457
    -0.073659    -1.710970
    -0.071985    -1.705569
    -0.070311    -1.700256
    -0.068637    -1.695030
    -0.066963    -1.689892
    -0.065289    -1.684841
    -0.063615    -1.679878
    -0.061940    -1.675003
    -0.060266    -1.670215
    -0.058592    -1.665515
    -0.056918    -1.660903
    -0.055244    -1.656377
    -0.053570    -1.651940
    -0.051896    -1.647590
    -0.050222    -1.643327
    -0.048548    -1.639151
    -0.046874    -1.635063
    -0.045200    -1.631062
    -0.043526    -1.627150
    -0.041852    -1.623325
    -0.040178    -1.619589
    -0.038504    -1.615941
    -0.036829    -1.612384
    -0.035155    -1.608916
    -0.033481    -1.605541
    -0.031807    -1.602258
    -0.030133    -1.599070
    -0.028459    -1.595978
    -0.026785    -1.592986
    -0.025111    -1.590097
    -0.023437    -1.587313
    -0.021763    -1.584641
    -0.020089    -1.582086
    -0.018415    -1.579655
    -0.016741    -1.577357
    -0.015067    -1.575203
    -0.013393    -1.573205
    -0.011718    -1.571378
    -0.010044    -1.569740
    -0.008370    -1.568310
    -0.006696    -1.567111
    -0.005022    -1.566164
    -0.003348    -1.565490
    -0.001674    -1.565107
     0.000000    -1.565024
     0.001674    -1.565106
     0.003348    -1.565488
     0.005022    -1.566160
     0.006696    -1.567106
     0.008370    -1.568304
     0.010044    -1.569733
     0.011718    -1.571370
     0.013393    -1.573196
     0.015067    -1.575194
     0.016741    -1.577348
     0.018415    -1.579645
     0.020089    -1.582075
     0.021763    -1.584630
     0.023437    -1.587301
     0.025111    -1.590084
     0.026785    -1.592974
     0.028459    -1.595965
     0.030133    -1.599056
     0.031807    -1.602244
     0.033481    -1.605526
     0.035155    -1.608902
     0.036829    -1.612369
     0.038504    -1.615926
     0.040178    -1.619573
     0.041852    -1.623309
     0.043526    -1.627133
     0.045200    -1.631045
     0.046874    -1.635045
     0.048548    -1.639133
     0.050222    -1.643308
     0.051896    -1.647571
     0.053570    -1.651921
     0.055244    -1.656358
     0.056918    -1.660883
     0.058592    -1.665495
     0.060266    -1.670195
     0.061940    -1.674982
     0.063615    -1.679857
     0.065289    -1.684820
     0.066963    -1.689870
     0.068637    -1.695008
     0.070311    -1.700234
     0.071985    -1.705547
     0.073659    -1.710947
     0.075333    -1.716435
     0.077007    -1.722009
     0.078681    -1.727669
     0.080355    -1.733413
     0.082029    -1.739238
     0.083703    -1.745133
     0.085377    -1.751055
     0.087051    -1.756939
     0.088726    -1.762821
     0.090400    -1.768748
     0.092074    -1.774733
     0.093748    -1.780779
     0.095422    -1.786888
     0.097096    -1.793058
     0.098770    -1.799290
     0.100444    -1.805582
     0.102118    -1.811934
     0.103792    -1.818344
     0.105466    -1.824812
     0.107140    -1.831336
     0.108814    -1.837915
     0.110488    -1.844547
     0.112163    -1.851232
     0.113837    -1.857968
     0.115511    -1.864753
     0.117185    -1.871585
     0.118859    -1.878463
     0.120533    -1.885384
     0.122207    -1.892348
     0.123881    -1.899351
     0.125555    -1.906392
     0.127229    -1.913468
     0.128903    -1.920577
     0.130577    -1.927717
     0.132251    -1.934884
     0.133925    -1.942077
     0.135599    -1.949292
     0.137274    -1.956526
     0.138948    -1.963777
     0.140622    -1.971041
     0.142296    -1.978314
     0.143970    -1.985594
     0.145644    -1.992877
     0.147318    -2.000160
     0.148992    -2.007437
     0.150666    -2.014706
     0.152340    -2.021963
     0.154014    -2.029203
     0.155688    -2.036422
     0.157362    -2.043617
     0.159036    -2.050782
     0.160710    -2.057913
     0.162385    -2.065007
     0.164059    -2.072058
     0.165733    -2.079062
     0.167407    -2.086015


    -0.167407    -1.624650
    -0.165733    -1.621637
    -0.164059    -1.618649
    -0.162385    -1.615687
    -0.160710    -1.612751
    -0.159036    -1.609841
    -0.157362    -1.606959
    -0.155688    -1.604105
    -0.154014    -1.601280
    -0.152340    -1.598484
    -0.150666    -1.595718
    -0.148992    -1.592982
    -0.147318    -1.590278
    -0.145644    -1.587605
    -0.143970    -1.584965
    -0.142296    -1.582358
    -0.140622    -1.579784
    -0.138948    -1.577245
    -0.137274    -1.574740
    -0.135599    -1.572272
    -0.133925    -1.569839
    -0.132251    -1.567444
    -0.130577    -1.565086
    -0.128903    -1.562766
    -0.127229    -1.560485
    -0.125555    -1.558243
    -0.123881    -1.556042
    -0.122207    -1.553881
    -0.120533    -1.551762
    -0.118859    -1.549685
    -0.117185    -1.547650
    -0.115511    -1.545659
    -0.113837    -1.543711
    -0.112163    -1.541809
    -0.110488    -1.539951
    -0.108814    -1.538139
    -0.107140    -1.536373
    -0.105466    -1.534654
    -0.103792    -1.532983
    -0.102118    -1.531360
    -0.100444    -1.529785
    -0.098770    -1.528260
    -0.097096    -1.526784
    -0.095422    -1.525359
    -0.093748    -1.523984
    -0.092074    -1.522661
    -0.090400    -1.521389
    -0.088726    -1.520170
    -0.087051    -1.519003
    -0.085377    -1.517889
    -0.083703    -1.516830
    -0.082029    -1.515824
    -0.080355    -1.514873
    -0.078681    -1.513976
    -0.077007    -1.513135
    -0.075333    -1.512349
    -0.073659    -1.511620
    -0.071985    -1.510946
    -0.070311    -1.510329
    -0.068637    -1.509769
    -0.066963    -1.509267
    -0.065289    -1.508821
    -0.063615    -1.508433
    -0.061940    -1.508102
    -0.060266    -1.507830
    -0.058592    -1.507615
    -0.056918    -1.507459
    -0.055244    -1.507360
    -0.053570    -1.507319
    -0.051896    -1.507337
    -0.050222    -1.507412
    -0.048548    -1.507545
    -0.046874    -1.507735
    -0.045200    -1.507982
    -0.043526    -1.508286
    -0.041852    -1.508646
    -0.040178    -1.509061
    -0.038504    -1.509532
    -0.036829    -1.510056
    -0.035155    -1.510633
    -0.033481    -1.511261
    -0.031807    -1.511940
    -0.030133    -1.512667
    -0.028459    -1.513442
    -0.026785    -1.514260
    -0.025111    -1.515119
    -0.023437    -1.516012
    -0.021763    -1.516932
    -0.020089    -1.517871
    -0.018415    -1.518821
    -0.016741    -1.519772
    -0.015067    -1.520713
    -0.013393    -1.521631
    -0.011718    -1.522512
    -0.010044    -1.523339
    -0.008370    -1.524092
    -0.006696    -1.524750
    -0.005022    -1.525290
    -0.003348    -1.525693
    -0.001674    -1.525940
     0.000000    -1.526020
     0.001674    -1.525932
     0.003348    -1.525682
     0.005022    -1.525278
     0.006696    -1.524738
     0.008370    -1.524082
     0.010044    -1.523330
     0.011718    -1.522504
     0.013393    -1.521624
     0.015067    -1.520706
     0.016741    -1.519766
     0.018415    -1.518816
     0.020089    -1.517868
     0.021763    -1.516930
     0.023437    -1.516013
     0.025111    -1.515123
     0.026785    -1.514267
     0.028459    -1.513451
     0.030133    -1.512679
     0.031807    -1.511953
     0.033481    -1.511275
     0.035155    -1.510647
     0.036829    -1.510071
     0.038504    -1.509547
     0.040178    -1.509077
     0.041852    -1.508662
     0.043526    -1.508302
     0.045200    -1.507998
     0.046874    -1.507751
     0.048548    -1.507560
     0.050222    -1.507427
     0.051896    -1.507352
     0.053570    -1.507335
     0.055244    -1.507375
     0.056918    -1.507474
     0.058592    -1.507630
     0.060266    -1.507844
     0.061940    -1.508117
     0.063615    -1.508447
     0.065289    -1.508835
     0.066963    -1.509280
     0.068637    -1.509783
     0.070311    -1.510343
     0.071985    -1.510959
     0.073659    -1.511633
     0.075333    -1.512362
     0.077007    -1.513147
     0.078681    -1.513988
     0.080355    -1.514885
     0.082029    -1.515836
     0.083703    -1.516841
     0.085377    -1.517901
     0.087051    -1.519014
     0.088726    -1.520180
     0.090400    -1.521399
     0.092074    -1.522671
     0.093748    -1.523994
     0.095422    -1.525368
     0.097096    -1.526793
     0.098770    -1.528269
     0.100444    -1.529794
     0.102118    -1.531368
     0.103792    -1.532991
     0.105466    -1.534662
     0.107140    -1.536381
     0.108814    -1.538146
     0.110488    -1.539958
     0.112163    -1.541815
     0.113837    -1.543718
     0.115511    -1.545665
     0.117185    -1.547656
     0.118859    -1.549690
     0.120533    -1.551767
     0.122207    -1.553886
     0.123881    -1.556047
     0.125555    -1.558248
     0.127229    -1.560489
     0.128903    -1.562770
     0.130577    -1.565089
     0.132251    -1.567447
     0.133925    -1.569842
     0.135599    -1.572275
     0.137274    -1.574743
     0.138948    -1.577247
     0.140622    -1.579786
     0.142296    -1.582360
     0.143970    -1.584967
     0.145644    -1.587607
     0.147318    -1.590279
     0.148992    -1.592983
     0.150666    -1.595719
     0.152340    -1.598485
     0.154014    -1.601281
     0.155688    -1.604106
     0.157362    -1.606959
     0.159036    -1.609841
     0.160710    -1.612750
     0.162385    -1.615686
     0.164059    -1.618648
     0.165733    -1.621636
     0.167407    -1.624649


    -0.167407    -1.601398
    -0.165733    -1.598498
    -0.164059    -1.595637
    -0.162385    -1.592816
    -0.160710    -1.590035
    -0.159036    -1.587294
    -0.157362    -1.584594
    -0.155688    -1.581936
    -0.154014    -1.579319
    -0.152340    -1.576745
    -0.150666    -1.574212
    -0.148992    -1.571722
    -0.147318    -1.569275
    -0.145644    -1.566871
    -0.143970    -1.564510
    -0.142296    -1.562192
    -0.140622    -1.559918
    -0.138948    -1.557689
    -0.137274    -1.555503
    -0.135599    -1.553362
    -0.133925    -1.551266
    -0.132251    -1.549214
    -0.130577    -1.547207
    -0.128903    -1.545245
    -0.127229    -1.543328
    -0.125555    -1.541457
    -0.123881    -1.539631
    -0.122207    -1.537851
    -0.120533    -1.536116
    -0.118859    -1.534428
    -0.117185    -1.532785
    -0.115511    -1.531188
    -0.113837    -1.529638
    -0.112163    -1.528134
    -0.110488    -1.526676
    -0.108814    -1.525265
    -0.107140    -1.523900
    -0.105466    -1.522582
    -0.103792    -1.521311
    -0.102118    -1.520087
    -0.100444    -1.518909
    -0.098770    -1.517779
    -0.097096    -1.516696
    -0.095422    -1.515660
    -0.093748    -1.514671
    -0.092074    -1.513730
    -0.090400    -1.512836
    -0.088726    -1.511989
    -0.087051    -1.511191
    -0.085377    -1.510440
    -0.083703    -1.509736
    -0.082029    -1.509081
    -0.080355    -1.508473
    -0.078681    -1.507914
    -0.077007    -1.507402
    -0.075333    -1.506939
    -0.073659    -1.506524
    -0.071985    -1.506157
    -0.070311    -1.505838
    -0.068637    -1.505568
    -0.066963    -1.505346
    -0.065289    -1.505172
    -0.063615    -1.505047
    -0.061940    -1.504970
    -0.060266    -1.504942
    -0.058592    -1.504962
    -0.056918    -1.505030
    -0.055244    -1.505146
    -0.053570    -1.505310
    -0.051896    -1.505522
    -0.050222    -1.505782
    -0.048548    -1.506089
    -0.046874    -1.506443
    -0.045200    -1.506844
    -0.043526    -1.507292
    -0.041852    -1.507785
    -0.040178    -1.508323
    -0.038504    -1.508905
    -0.036829    -1.509531
    -0.035155    -1.510198
    -0.033481    -1.510906
    -0.031807    -1.511652
    -0.030133    -1.512434
    -0.028459    -1.513249
    -0.026785    -1.514094
    -0.025111    -1.514967
    -0.023437    -1.515864
    -0.021763    -1.516783
    -0.020089    -1.517720
    -0.018415    -1.518669
    -0.016741    -1.519622
    -0.015067    -1.520568
    -0.013393    -1.521494
    -0.011718    -1.522385
    -0.010044    -1.523225
    -0.008370    -1.523991
    -0.006696    -1.524664
    -0.005022    -1.525219
    -0.003348    -1.525637
    -0.001674    -1.525898
     0.000000    -1.525991
     0.001674    -1.525908
     0.003348    -1.525652
     0.005022    -1.525237
     0.006696    -1.524683
     0.008370    -1.524011
     0.010044    -1.523244
     0.011718    -1.522405
     0.013393    -1.521514
     0.015067    -1.520587
     0.016741    -1.519641
     0.018415    -1.518688
     0.020089    -1.517738
     0.021763    -1.516799
     0.023437    -1.515878
     0.025111    -1.514978
     0.026785    -1.514102
     0.028459    -1.513254
     0.030133    -1.512437
     0.031807    -1.511653
     0.033481    -1.510906
     0.035155    -1.510197
     0.036829    -1.509529
     0.038504    -1.508904
     0.040178    -1.508321
     0.041852    -1.507783
     0.043526    -1.507289
     0.045200    -1.506842
     0.046874    -1.506441
     0.048548    -1.506086
     0.050222    -1.505779
     0.051896    -1.505519
     0.053570    -1.505307
     0.055244    -1.505143
     0.056918    -1.505026
     0.058592    -1.504958
     0.060266    -1.504938
     0.061940    -1.504967
     0.063615    -1.505044
     0.065289    -1.505169
     0.066963    -1.505342
     0.068637    -1.505564
     0.070311    -1.505835
     0.071985    -1.506153
     0.073659    -1.506520
     0.075333    -1.506935
     0.077007    -1.507399
     0.078681    -1.507910
     0.080355    -1.508470
     0.082029    -1.509077
     0.083703    -1.509732
     0.085377    -1.510436
     0.087051    -1.511187
     0.088726    -1.511985
     0.090400    -1.512832
     0.092074    -1.513726
     0.093748    -1.514667
     0.095422    -1.515656
     0.097096    -1.516692
     0.098770    -1.517775
     0.100444    -1.518905
     0.102118    -1.520083
     0.103792    -1.521307
     0.105466    -1.522579
     0.107140    -1.523897
     0.108814    -1.525261
     0.110488    -1.526673
     0.112163    -1.528130
     0.113837    -1.529635
     0.115511    -1.531185
     0.117185    -1.532782
     0.118859    -1.534424
     0.120533    -1.536113
     0.122207    -1.537848
     0.123881    -1.539628
     0.125555    -1.541454
     0.127229    -1.543326
     0.128903    -1.545242
     0.130577    -1.547204
     0.132251    -1.549211
     0.133925    -1.551263
     0.135599    -1.553360
     0.137274    -1.555501
     0.138948    -1.557687
     0.140622    -1.559917
     0.142296    -1.562190
     0.143970    -1.564508
     0.145644    -1.566869
     0.147318    -1.569273
     0.148992    -1.571721
     0.150666    -1.574211
     0.152340    -1.576744
     0.154014    -1.579319
     0.155688    -1.581935
     0.157362    -1.584594
     0.159036    -1.587294
     0.160710    -1.590034
     0.162385    -1.592815
     0.164059    -1.595637
     0.165733    -1.598498
     0.167407    -1.601398


    -0.167407    -1.241589
    -0.165733    -1.236272
    -0.164059    -1.230902
    -0.162385    -1.225481
    -0.160710    -1.220008
    -0.159036    -1.214483
    -0.157362    -1.208906
    -0.155688    -1.203278
    -0.154014    -1.197600
    -0.152340    -1.191881
    -0.150666    -1.186618
    -0.148992    -1.181606
    -0.147318    -1.176552
    -0.145644    -1.171452
    -0.143970    -1.166305
    -0.142296    -1.161110
    -0.140622    -1.155867
    -0.138948    -1.150574
    -0.137274    -1.145231
    -0.135599    -1.139837
    -0.133925    -1.134393
    -0.132251    -1.128897
    -0.130577    -1.123349
    -0.128903    -1.117748
    -0.127229    -1.112095
    -0.125555    -1.106389
    -0.123881    -1.100629
    -0.122207    -1.094816
    -0.120533    -1.088949
    -0.118859    -1.083028
    -0.117185    -1.077054
    -0.115511    -1.071026
    -0.113837    -1.064944
    -0.112163    -1.058809
    -0.110488    -1.052621
    -0.108814    -1.046381
    -0.107140    -1.040089
    -0.105466    -1.033745
    -0.103792    -1.027350
    -0.102118    -1.020905
    -0.100444    -1.014412
    -0.098770    -1.007870
    -0.097096    -1.001282
    -0.095422    -0.994648
    -0.093748    -0.987970
    -0.092074    -0.981249
    -0.090400    -0.974488
    -0.088726    -0.967687
    -0.087051    -0.960850
    -0.085377    -0.953978
    -0.083703    -0.947073
    -0.082029    -0.940138
    -0.080355    -0.933176
    -0.078681    -0.926189
    -0.077007    -0.919182
    -0.075333    -0.912156
    -0.073659    -0.905115
    -0.071985    -0.898064
    -0.070311    -0.891006
    -0.068637    -0.883945
    -0.066963    -0.876886
    -0.065289    -0.869833
    -0.063615    -0.862793
    -0.061940    -0.855769
    -0.060266    -0.848768
    -0.058592    -0.841795
    -0.056918    -0.834857
    -0.055244    -0.827961
    -0.053570    -0.821114
    -0.051896    -0.814323
    -0.050222    -0.807596
    -0.048548    -0.800942
    -0.046874    -0.794368
    -0.045200    -0.787884
    -0.043526    -0.781501
    -0.041852    -0.775226
    -0.040178    -0.769072
    -0.038504    -0.763049
    -0.036829    -0.757167
    -0.035155    -0.751440
    -0.033481    -0.745877
    -0.031807    -0.740491
    -0.030133    -0.735295
    -0.028459    -0.730301
    -0.026785    -0.725521
    -0.025111    -0.720967
    -0.023437    -0.716651
    -0.021763    -0.712585
    -0.020089    -0.708780
    -0.018415    -0.705246
    -0.016741    -0.701992
    -0.015067    -0.699029
    -0.013393    -0.696363
    -0.011718    -0.694001
    -0.010044    -0.691948
    -0.008370    -0.690210
    -0.006696    -0.688788
    -0.005022    -0.687685
    -0.003348    -0.686901
    -0.001674    -0.686433
     0.000000    -0.686275
     0.001674    -0.686428
     0.003348    -0.686894
     0.005022    -0.687680
     0.006696    -0.688785
     0.008370    -0.690207
     0.010044    -0.691946
     0.011718    -0.693998
     0.013393    -0.696360
     0.015067    -0.699026
     0.016741    -0.701990
     0.018415    -0.705243
     0.020089    -0.708776
     0.021763    -0.712582
     0.023437    -0.716648
     0.025111    -0.720963
     0.026785    -0.725517
     0.028459    -0.730297
     0.030133    -0.735291
     0.031807    -0.740487
     0.033481    -0.745872
     0.035155    -0.751435
     0.036829    -0.757163
     0.038504    -0.763044
     0.040178    -0.769067
     0.041852    -0.775222
     0.043526    -0.781496
     0.045200    -0.787880
     0.046874    -0.794363
     0.048548    -0.800937
     0.050222    -0.807592
     0.051896    -0.814319
     0.053570    -0.821110
     0.055244    -0.827957
     0.056918    -0.834853
     0.058592    -0.841791
     0.060266    -0.848763
     0.061940    -0.855764
     0.063615    -0.862788
     0.065289    -0.869829
     0.066963    -0.876882
     0.068637    -0.883941
     0.070311    -0.891002
     0.071985    -0.898060
     0.073659    -0.905112
     0.075333    -0.912152
     0.077007    -0.919178
     0.078681    -0.926186
     0.080355    -0.933173
     0.082029    -0.940135
     0.083703    -0.947070
     0.085377    -0.953975
     0.087051    -0.960847
     0.088726    -0.967685
     0.090400    -0.974485
     0.092074    -0.981247
     0.093748    -0.987967
     0.095422    -0.994645
     0.097096    -1.001280
     0.098770    -1.007868
     0.100444    -1.014410
     0.102118    -1.020904
     0.103792    -1.027348
     0.105466    -1.033743
     0.107140    -1.040087
     0.108814    -1.046380
     0.110488    -1.052620
     0.112163    -1.058808
     0.113837    -1.064943
     0.115511    -1.071025
     0.117185    -1.077053
     0.118859    -1.083027
     0.120533    -1.088948
     0.122207    -1.094815
     0.123881    -1.100628
     0.125555    -1.106388
     0.127229    -1.112095
     0.128903    -1.117748
     0.130577    -1.123349
     0.132251    -1.128897
     0.133925    -1.134393
     0.135599    -1.139837
     0.137274    -1.145231
     0.138948    -1.150574
     0.140622    -1.155867
     0.142296    -1.161111
     0.143970    -1.166306
     0.145644    -1.171453
     0.147318    -1.176553
     0.148992    -1.181606
     0.150666    -1.186617
     0.152340    -1.191870
     0.154014    -1.197590
     0.155688    -1.203268
     0.157362    -1.208895
     0.159036    -1.214471
     0.160710    -1.219996
     0.162385    -1.225469
     0.164059    -1.230890
     0.165733    -1.236259
     0.167407    -1.241576


    -0.167407    -1.234303
    -0.165733    -1.229716
    -0.164059    -1.225090
    -0.162385    -1.220425
    -0.160710    -1.215720
    -0.159036    -1.210974
    -0.157362    -1.206187
    -0.155688    -1.201356
    -0.154014    -1.196482
    -0.152340    -1.191554
    -0.150666    -1.186074
    -0.148992    -1.180248
    -0.147318    -1.174367
    -0.145644    -1.168436
    -0.143970    -1.162456
    -0.142296    -1.156428
    -0.140622    -1.150351
    -0.138948    -1.144228
    -0.137274    -1.138058
    -0.135599    -1.131842
    -0.133925    -1.125582
    -0.132251    -1.119278
    -0.130577    -1.112931
    -0.128903    -1.106542
    -0.127229    -1.100112
    -0.125555    -1.093643
    -0.123881    -1.087136
    -0.122207    -1.080591
    -0.120533    -1.074011
    -0.118859    -1.067396
    -0.117185    -1.060748
    -0.115511    -1.054068
    -0.113837    -1.047359
    -0.112163    -1.040621
    -0.110488    -1.033857
    -0.108814    -1.027068
    -0.107140    -1.020256
    -0.105466    -1.013423
    -0.103792    -1.006571
    -0.102118    -0.999701
    -0.100444    -0.992817
    -0.098770    -0.985920
    -0.097096    -0.979012
    -0.095422    -0.972096
    -0.093748    -0.965174
    -0.092074    -0.958249
    -0.090400    -0.951323
    -0.088726    -0.944398
    -0.087051    -0.937477
    -0.085377    -0.930564
    -0.083703    -0.923661
    -0.082029    -0.916770
    -0.080355    -0.909895
    -0.078681    -0.903039
    -0.077007    -0.896204
    -0.075333    -0.889395
    -0.073659    -0.882615
    -0.071985    -0.875866
    -0.070311    -0.869153
    -0.068637    -0.862479
    -0.066963    -0.855847
    -0.065289    -0.849262
    -0.063615    -0.842728
    -0.061940    -0.836248
    -0.060266    -0.829827
    -0.058592    -0.823468
    -0.056918    -0.817177
    -0.055244    -0.810958
    -0.053570    -0.804816
    -0.051896    -0.798755
    -0.050222    -0.792780
    -0.048548    -0.786898
    -0.046874    -0.781111
    -0.045200    -0.775428
    -0.043526    -0.769852
    -0.041852    -0.764391
    -0.040178    -0.759049
    -0.038504    -0.753834
    -0.036829    -0.748752
    -0.035155    -0.743809
    -0.033481    -0.739013
    -0.031807    -0.734371
    -0.030133    -0.729890
    -0.028459    -0.725578
    -0.026785    -0.721443
    -0.025111    -0.717492
    -0.023437    -0.713735
    -0.021763    -0.710179
    -0.020089    -0.706834
    -0.018415    -0.703707
    -0.016741    -0.700809
    -0.015067    -0.698148
    -0.013393    -0.695733
    -0.011718    -0.693572
    -0.010044    -0.691675
    -0.008370    -0.690050
    -0.006696    -0.688704
    -0.005022    -0.687644
    -0.003348    -0.686878
    -0.001674    -0.686415
     0.000000    -0.686262
     0.001674    -0.686419
     0.003348    -0.686884
     0.005022    -0.687647
     0.006696    -0.688704
     0.008370    -0.690049
     0.010044    -0.691674
     0.011718    -0.693570
     0.013393    -0.695731
     0.015067    -0.698145
     0.016741    -0.700806
     0.018415    -0.703704
     0.020089    -0.706830
     0.021763    -0.710176
     0.023437    -0.713731
     0.025111    -0.717488
     0.026785    -0.721439
     0.028459    -0.725574
     0.030133    -0.729887
     0.031807    -0.734368
     0.033481    -0.739010
     0.035155    -0.743806
     0.036829    -0.748749
     0.038504    -0.753831
     0.040178    -0.759046
     0.041852    -0.764388
     0.043526    -0.769849
     0.045200    -0.775425
     0.046874    -0.781109
     0.048548    -0.786895
     0.050222    -0.792778
     0.051896    -0.798753
     0.053570    -0.804814
     0.055244    -0.810956
     0.056918    -0.817176
     0.058592    -0.823467
     0.060266    -0.829825
     0.061940    -0.836246
     0.063615    -0.842727
     0.065289    -0.849261
     0.066963    -0.855846
     0.068637    -0.862478
     0.070311    -0.869152
     0.071985    -0.875865
     0.073659    -0.882614
     0.075333    -0.889395
     0.077007    -0.896204
     0.078681    -0.903038
     0.080355    -0.909895
     0.082029    -0.916770
     0.083703    -0.923661
     0.085377    -0.930564
     0.087051    -0.937477
     0.088726    -0.944398
     0.090400    -0.951323
     0.092074    -0.958249
     0.093748    -0.965174
     0.095422    -0.972096
     0.097096    -0.979012
     0.098770    -0.985920
     0.100444    -0.992817
     0.102118    -0.999701
     0.103792    -1.006570
     0.105466    -1.013422
     0.107140    -1.020255
     0.108814    -1.027067
     0.110488    -1.033856
     0.112163    -1.040620
     0.113837    -1.047357
     0.115511    -1.054066
     0.117185    -1.060745
     0.118859    -1.067393
     0.120533    -1.074008
     0.122207    -1.080588
     0.123881    -1.087133
     0.125555    -1.093640
     0.127229    -1.100109
     0.128903    -1.106538
     0.130577    -1.112926
     0.132251    -1.119273
     0.133925    -1.125577
     0.135599    -1.131837
     0.137274    -1.138052
     0.138948    -1.144221
     0.140622    -1.150345
     0.142296    -1.156421
     0.143970    -1.162449
     0.145644    -1.168429
     0.147318    -1.174359
     0.148992    -1.180240
     0.150666    -1.186067
     0.152340    -1.191557
     0.154014    -1.196484
     0.155688    -1.201358
     0.157362    -1.206188
     0.159036    -1.210976
     0.160710    -1.215722
     0.162385    -1.220427
     0.164059    -1.225092
     0.165733    -1.229718
     0.167407    -1.234305


    -0.167407    -0.465259
    -0.165733    -0.461497
    -0.164059    -0.457778
    -0.162385    -0.454105
    -0.160710    -0.450477
    -0.159036    -0.446896
    -0.157362    -0.443363
    -0.155688    -0.439877
    -0.154014    -0.436440
    -0.152340    -0.433052
    -0.150666    -0.429714
    -0.148992    -0.426427
    -0.147318    -0.423192
    -0.145644    -0.420008
    -0.143970    -0.416877
    -0.142296    -0.413800
    -0.140622    -0.410776
    -0.138948    -0.407807
    -0.137274    -0.404893
    -0.135599    -0.402036
    -0.133925    -0.399234
    -0.132251    -0.396490
    -0.130577    -0.393803
    -0.128903    -0.391175
    -0.127229    -0.388605
    -0.125555    -0.386094
    -0.123881    -0.383643
    -0.122207    -0.381252
    -0.120533    -0.378921
    -0.118859    -0.376651
    -0.117185    -0.374443
    -0.115511    -0.372296
    -0.113837    -0.370211
    -0.112163    -0.368188
    -0.110488    -0.366227
    -0.108814    -0.364329
    -0.107140    -0.362493
    -0.105466    -0.360720
    -0.103792    -0.359010
    -0.102118    -0.357362
    -0.100444    -0.355777
    -0.098770    -0.354254
    -0.097096    -0.352793
    -0.095422    -0.351394
    -0.093748    -0.350056
    -0.092074    -0.348779
    -0.090400    -0.347562
    -0.088726    -0.346404
    -0.087051    -0.345305
    -0.085377    -0.344264
    -0.083703    -0.343280
    -0.082029    -0.342350
    -0.080355    -0.341475
    -0.078681    -0.340653
    -0.077007    -0.339882
    -0.075333    -0.339160
    -0.073659    -0.338485
    -0.071985    -0.337855
    -0.070311    -0.337267
    -0.068637    -0.336720
    -0.066963    -0.336209
    -0.065289    -0.335733
    -0.063615    -0.335287
    -0.061940    -0.334868
    -0.060266    -0.334472
    -0.058592    -0.334094
    -0.056918    -0.333730
    -0.055244    -0.333375
    -0.053570    -0.333024
    -0.051896    -0.332670
    -0.050222    -0.332308
    -0.048548    -0.331931
    -0.046874    -0.331532
    -0.045200    -0.331103
    -0.043526    -0.330638
    -0.041852    -0.330126
    -0.040178    -0.329560
    -0.038504    -0.328931
    -0.036829    -0.328228
    -0.035155    -0.327443
    -0.033481    -0.326564
    -0.031807    -0.325581
    -0.030133    -0.324484
    -0.028459    -0.323262
    -0.026785    -0.321903
    -0.025111    -0.320398
    -0.023437    -0.318736
    -0.021763    -0.316906
    -0.020089    -0.314900
    -0.018415    -0.312707
    -0.016741    -0.310320
    -0.015067    -0.307731
    -0.013393    -0.304934
    -0.011718    -0.301923
    -0.010044    -0.298696
    -0.008370    -0.295248
    -0.006696    -0.291579
    -0.005022    -0.287689
    -0.003348    -0.283579
    -0.001674    -0.279252
     0.000000    -0.274734
     0.001674    -0.279273
     0.003348    -0.283600
     0.005022    -0.287711
     0.006696    -0.291602
     0.008370    -0.295271
     0.010044    -0.298720
     0.011718    -0.301948
     0.013393    -0.304958
     0.015067    -0.307756
     0.016741    -0.310345
     0.018415    -0.312733
     0.020089    -0.314926
     0.021763    -0.316933
     0.023437    -0.318763
     0.025111    -0.320425
     0.026785    -0.321930
     0.028459    -0.323289
     0.030133    -0.324511
     0.031807    -0.325608
     0.033481    -0.326591
     0.035155    -0.327470
     0.036829    -0.328255
     0.038504    -0.328958
     0.040178    -0.329587
     0.041852    -0.330153
     0.043526    -0.330664
     0.045200    -0.331130
     0.046874    -0.331558
     0.048548    -0.331957
     0.050222    -0.332334
     0.051896    -0.332695
     0.053570    -0.333049
     0.055244    -0.333400
     0.056918    -0.333754
     0.058592    -0.334118
     0.060266    -0.334495
     0.061940    -0.334891
     0.063615    -0.335310
     0.065289    -0.335755
     0.066963    -0.336232
     0.068637    -0.336742
     0.070311    -0.337289
     0.071985    -0.337876
     0.073659    -0.338505
     0.075333    -0.339180
     0.077007    -0.339901
     0.078681    -0.340672
     0.080355    -0.341494
     0.082029    -0.342369
     0.083703    -0.343298
     0.085377    -0.344282
     0.087051    -0.345322
     0.088726    -0.346421
     0.090400    -0.347578
     0.092074    -0.348795
     0.093748    -0.350071
     0.095422    -0.351409
     0.097096    -0.352808
     0.098770    -0.354268
     0.100444    -0.355791
     0.102118    -0.357376
     0.103792    -0.359023
     0.105466    -0.360733
     0.107140    -0.362506
     0.108814    -0.364341
     0.110488    -0.366239
     0.112163    -0.368199
     0.113837    -0.370222
     0.115511    -0.372307
     0.117185    -0.374453
     0.118859    -0.376662
     0.120533    -0.378931
     0.122207    -0.381261
     0.123881    -0.383652
     0.125555    -0.386103
     0.127229    -0.388614
     0.128903    -0.391184
     0.130577    -0.393812
     0.132251    -0.396498
     0.133925    -0.399243
     0.135599    -0.402044
     0.137274    -0.404901
     0.138948    -0.407815
     0.140622    -0.410784
     0.142296    -0.413807
     0.143970    -0.416884
     0.145644    -0.420015
     0.147318    -0.423199
     0.148992    -0.426434
     0.150666    -0.429721
     0.152340    -0.433059
     0.154014    -0.436447
     0.155688    -0.439884
     0.157362    -0.443369
     0.159036    -0.446903
     0.160710    -0.450484
     0.162385    -0.454111
     0.164059    -0.457785
     0.165733    -0.461503
     0.167407    -0.465266


    -0.167407    -0.408231
    -0.165733    -0.402449
    -0.164059    -0.396672
    -0.162385    -0.390901
    -0.160710    -0.385136
    -0.159036    -0.379376
    -0.157362    -0.373623
    -0.155688    -0.367875
    -0.154014    -0.362134
    -0.152340    -0.356399
    -0.150666    -0.350671
    -0.148992    -0.344951
    -0.147318    -0.339237
    -0.145644    -0.333531
    -0.143970    -0.327833
    -0.142296    -0.322143
    -0.140622    -0.316461
    -0.138948    -0.310788
    -0.137274    -0.305124
    -0.135599    -0.299469
    -0.133925    -0.293824
    -0.132251    -0.288189
    -0.130577    -0.282566
    -0.128903    -0.276953
    -0.127229    -0.271352
    -0.125555    -0.265764
    -0.123881    -0.260189
    -0.122207    -0.254628
    -0.120533    -0.249082
    -0.118859    -0.243551
    -0.117185    -0.238038
    -0.115511    -0.232542
    -0.113837    -0.227065
    -0.112163    -0.221609
    -0.110488    -0.216175
    -0.108814    -0.210765
    -0.107140    -0.205381
    -0.105466    -0.200025
    -0.103792    -0.194700
    -0.102118    -0.189408
    -0.100444    -0.184153
    -0.098770    -0.178938
    -0.097096    -0.173768
    -0.095422    -0.168646
    -0.093748    -0.163579
    -0.092074    -0.158573
    -0.090400    -0.153633
    -0.088726    -0.148768
    -0.087051    -0.143988
    -0.085377    -0.139301
    -0.083703    -0.134721
    -0.082029    -0.130261
    -0.080355    -0.125935
    -0.078681    -0.121763
    -0.077007    -0.117764
    -0.075333    -0.113962
    -0.073659    -0.110383
    -0.071985    -0.107057
    -0.070311    -0.104016
    -0.068637    -0.101298
    -0.066963    -0.098941
    -0.065289    -0.096987
    -0.063615    -0.095478
    -0.061940    -0.094456
    -0.060266    -0.093959
    -0.058592    -0.094020
    -0.056918    -0.094662
    -0.055244    -0.095899
    -0.053570    -0.097732
    -0.051896    -0.100151
    -0.050222    -0.103132
    -0.048548    -0.106642
    -0.046874    -0.110641
    -0.045200    -0.115084
    -0.043526    -0.119922
    -0.041852    -0.125108
    -0.040178    -0.130594
    -0.038504    -0.136337
    -0.036829    -0.142294
    -0.035155    -0.148427
    -0.033481    -0.154701
    -0.031807    -0.161085
    -0.030133    -0.167548
    -0.028459    -0.174065
    -0.026785    -0.180611
    -0.025111    -0.187163
    -0.023437    -0.193701
    -0.021763    -0.200205
    -0.020089    -0.206658
    -0.018415    -0.213042
    -0.016741    -0.219342
    -0.015067    -0.225541
    -0.013393    -0.231627
    -0.011718    -0.237585
    -0.010044    -0.243403
    -0.008370    -0.249067
    -0.006696    -0.254568
    -0.005022    -0.259894
    -0.003348    -0.265036
    -0.001674    -0.269985
     0.000000    -0.274710
     0.001674    -0.269965
     0.003348    -0.265016
     0.005022    -0.259875
     0.006696    -0.254550
     0.008370    -0.249050
     0.010044    -0.243386
     0.011718    -0.237569
     0.013393    -0.231611
     0.015067    -0.225526
     0.016741    -0.219327
     0.018415    -0.213028
     0.020089    -0.206644
     0.021763    -0.200192
     0.023437    -0.193688
     0.025111    -0.187151
     0.026785    -0.180599
     0.028459    -0.174054
     0.030133    -0.167537
     0.031807    -0.161074
     0.033481    -0.154691
     0.035155    -0.148416
     0.036829    -0.142283
     0.038504    -0.136327
     0.040178    -0.130584
     0.041852    -0.125098
     0.043526    -0.119912
     0.045200    -0.115074
     0.046874    -0.110631
     0.048548    -0.106632
     0.050222    -0.103121
     0.051896    -0.100140
     0.053570    -0.097721
     0.055244    -0.095887
     0.056918    -0.094649
     0.058592    -0.094007
     0.060266    -0.093946
     0.061940    -0.094442
     0.063615    -0.095464
     0.065289    -0.096972
     0.066963    -0.098926
     0.068637    -0.101282
     0.070311    -0.104000
     0.071985    -0.107040
     0.073659    -0.110366
     0.075333    -0.113945
     0.077007    -0.117747
     0.078681    -0.121745
     0.080355    -0.125917
     0.082029    -0.130242
     0.083703    -0.134703
     0.085377    -0.139283
     0.087051    -0.143969
     0.088726    -0.148750
     0.090400    -0.153614
     0.092074    -0.158554
     0.093748    -0.163561
     0.095422    -0.168628
     0.097096    -0.173749
     0.098770    -0.178920
     0.100444    -0.184135
     0.102118    -0.189390
     0.103792    -0.194682
     0.105466    -0.200008
     0.107140    -0.205364
     0.108814    -0.210748
     0.110488    -0.216158
     0.112163    -0.221593
     0.113837    -0.227049
     0.115511    -0.232526
     0.117185    -0.238022
     0.118859    -0.243536
     0.120533    -0.249067
     0.122207    -0.254614
     0.123881    -0.260175
     0.125555    -0.265751
     0.127229    -0.271339
     0.128903    -0.276941
     0.130577    -0.282554
     0.132251    -0.288178
     0.133925    -0.293813
     0.135599    -0.299458
     0.137274    -0.305114
     0.138948    -0.310778
     0.140622    -0.316452
     0.142296    -0.322134
     0.143970    -0.327825
     0.145644    -0.333524
     0.147318    -0.339231
     0.148992    -0.344945
     0.150666    -0.350666
     0.152340    -0.356395
     0.154014    -0.362130
     0.155688    -0.367871
     0.157362    -0.373620
     0.159036    -0.379374
     0.160710    -0.385134
     0.162385    -0.390900
     0.164059    -0.396672
     0.165733    -0.402449
     0.167407    -0.408231


    -0.167407     0.629865
    -0.165733     0.621269
    -0.164059     0.612650
    -0.162385     0.604009
    -0.160710     0.595346
    -0.159036     0.586663
    -0.157362     0.577959
    -0.155688     0.569234
    -0.154014     0.560490
    -0.152340     0.551727
    -0.150666     0.542945
    -0.148992     0.534145
    -0.147318     0.525328
    -0.145644     0.516494
    -0.143970     0.507644
    -0.142296     0.498779
    -0.140622     0.489899
    -0.138948     0.481005
    -0.137274     0.472099
    -0.135599     0.463180
    -0.133925     0.454250
    -0.132251     0.445310
    -0.130577     0.436361
    -0.128903     0.427404
    -0.127229     0.418440
    -0.125555     0.409471
    -0.123881     0.400497
    -0.122207     0.391521
    -0.120533     0.382544
    -0.118859     0.373568
    -0.117185     0.364594
    -0.115511     0.355625
    -0.113837     0.346662
    -0.112163     0.337708
    -0.110488     0.328765
    -0.108814     0.319837
    -0.107140     0.310926
    -0.105466     0.302035
    -0.103792     0.293168
    -0.102118     0.284329
    -0.100444     0.275523
    -0.098770     0.266753
    -0.097096     0.258026
    -0.095422     0.249348
    -0.093748     0.240725
    -0.092074     0.232164
    -0.090400     0.223674
    -0.088726     0.215264
    -0.087051     0.206945
    -0.085377     0.198729
    -0.083703     0.190629
    -0.082029     0.182660
    -0.080355     0.174841
    -0.078681     0.167190
    -0.077007     0.159731
    -0.075333     0.152487
    -0.073659     0.145489
    -0.071985     0.138768
    -0.070311     0.132358
    -0.068637     0.126300
    -0.066963     0.120634
    -0.065289     0.115406
    -0.063615     0.110659
    -0.061940     0.106438
    -0.060266     0.102785
    -0.058592     0.099735
    -0.056918     0.097315
    -0.055244     0.095543
    -0.053570     0.094422
    -0.051896     0.093946
    -0.050222     0.094095
    -0.048548     0.094840
    -0.046874     0.096146
    -0.045200     0.097970
    -0.043526     0.100270
    -0.041852     0.103002
    -0.040178     0.106124
    -0.038504     0.109598
    -0.036829     0.113386
    -0.035155     0.117456
    -0.033481     0.121779
    -0.031807     0.126329
    -0.030133     0.131083
    -0.028459     0.136022
    -0.026785     0.141126
    -0.025111     0.146382
    -0.023437     0.151776
    -0.021763     0.157295
    -0.020089     0.162930
    -0.018415     0.168671
    -0.016741     0.174511
    -0.015067     0.180442
    -0.013393     0.186458
    -0.011718     0.192552
    -0.010044     0.198721
    -0.008370     0.204960
    -0.006696     0.211264
    -0.005022     0.217629
    -0.003348     0.224053
    -0.001674     0.230531
     0.000000     0.237059
     0.001674     0.230532
     0.003348     0.224054
     0.005022     0.217631
     0.006696     0.211265
     0.008370     0.204962
     0.010044     0.198724
     0.011718     0.192555
     0.013393     0.186461
     0.015067     0.180445
     0.016741     0.174515
     0.018415     0.168676
     0.020089     0.162935
     0.021763     0.157300
     0.023437     0.151781
     0.025111     0.146388
     0.026785     0.141132
     0.028459     0.136028
     0.030133     0.131090
     0.031807     0.126336
     0.033481     0.121786
     0.035155     0.117463
     0.036829     0.113393
     0.038504     0.109605
     0.040178     0.106132
     0.041852     0.103010
     0.043526     0.100278
     0.045200     0.097978
     0.046874     0.096153
     0.048548     0.094848
     0.050222     0.094102
     0.051896     0.093953
     0.053570     0.094428
     0.055244     0.095549
     0.056918     0.097321
     0.058592     0.099740
     0.060266     0.102790
     0.061940     0.106442
     0.063615     0.110662
     0.065289     0.115408
     0.066963     0.120636
     0.068637     0.126301
     0.070311     0.132359
     0.071985     0.138768
     0.073659     0.145489
     0.075333     0.152487
     0.077007     0.159730
     0.078681     0.167189
     0.080355     0.174840
     0.082029     0.182659
     0.083703     0.190627
     0.085377     0.198726
     0.087051     0.206942
     0.088726     0.215261
     0.090400     0.223671
     0.092074     0.232160
     0.093748     0.240721
     0.095422     0.249344
     0.097096     0.258022
     0.098770     0.266749
     0.100444     0.275518
     0.102118     0.284324
     0.103792     0.293163
     0.105466     0.302030
     0.107140     0.310920
     0.108814     0.319831
     0.110488     0.328760
     0.112163     0.337702
     0.113837     0.346656
     0.115511     0.355619
     0.117185     0.364588
     0.118859     0.373562
     0.120533     0.382538
     0.122207     0.391515
     0.123881     0.400491
     0.125555     0.409464
     0.127229     0.418434
     0.128903     0.427397
     0.130577     0.436354
     0.132251     0.445303
     0.133925     0.454243
     0.135599     0.463173
     0.137274     0.472092
     0.138948     0.480999
     0.140622     0.489892
     0.142296     0.498772
     0.143970     0.507637
     0.145644     0.516487
     0.147318     0.525321
     0.148992     0.534138
     0.150666     0.542938
     0.152340     0.551720
     0.154014     0.560483
     0.155688     0.569227
     0.157362     0.577952
     0.159036     0.586656
     0.160710     0.595340
     0.162385     0.604002
     0.164059     0.612643
     0.165733     0.621262
     0.167407     0.629859


    -0.167407     0.890408
    -0.165733     0.884926
    -0.164059     0.879427
    -0.162385     0.873909
    -0.160710     0.868372
    -0.159036     0.862816
    -0.157362     0.857240
    -0.155688     0.851645
    -0.154014     0.846029
    -0.152340     0.840392
    -0.150666     0.834733
    -0.148992     0.829053
    -0.147318     0.823351
    -0.145644     0.817626
    -0.143970     0.811878
    -0.142296     0.806107
    -0.140622     0.800311
    -0.138948     0.794492
    -0.137274     0.788647
    -0.135599     0.782776
    -0.133925     0.776880
    -0.132251     0.770958
    -0.130577     0.765009
    -0.128903     0.759033
    -0.127229     0.753030
    -0.125555     0.746998
    -0.123881     0.740939
    -0.122207     0.734851
    -0.120533     0.728734
    -0.118859     0.722587
    -0.117185     0.716411
    -0.115511     0.710206
    -0.113837     0.703970
    -0.112163     0.697704
    -0.110488     0.691408
    -0.108814     0.685081
    -0.107140     0.678723
    -0.105466     0.672335
    -0.103792     0.665916
    -0.102118     0.659466
    -0.100444     0.652986
    -0.098770     0.646475
    -0.097096     0.639933
    -0.095422     0.633361
    -0.093748     0.626760
    -0.092074     0.620128
    -0.090400     0.613467
    -0.088726     0.606777
    -0.087051     0.600058
    -0.085377     0.593311
    -0.083703     0.586537
    -0.082029     0.579735
    -0.080355     0.572907
    -0.078681     0.566054
    -0.077007     0.559175
    -0.075333     0.552273
    -0.073659     0.545347
    -0.071985     0.538398
    -0.070311     0.531428
    -0.068637     0.524437
    -0.066963     0.517427
    -0.065289     0.510399
    -0.063615     0.503353
    -0.061940     0.496291
    -0.060266     0.489214
    -0.058592     0.482124
    -0.056918     0.475021
    -0.055244     0.467907
    -0.053570     0.460783
    -0.051896     0.453651
    -0.050222     0.446512
    -0.048548     0.439368
    -0.046874     0.432220
    -0.045200     0.425069
    -0.043526     0.417917
    -0.041852     0.410766
    -0.040178     0.403617
    -0.038504     0.396472
    -0.036829     0.389332
    -0.035155     0.382199
    -0.033481     0.375075
    -0.031807     0.367961
    -0.030133     0.360858
    -0.028459     0.353770
    -0.026785     0.346696
    -0.025111     0.339640
    -0.023437     0.332602
    -0.021763     0.325585
    -0.020089     0.318590
    -0.018415     0.311619
    -0.016741     0.304674
    -0.015067     0.297756
    -0.013393     0.290868
    -0.011718     0.284011
    -0.010044     0.277187
    -0.008370     0.270399
    -0.006696     0.263648
    -0.005022     0.256936
    -0.003348     0.250267
    -0.001674     0.243641
     0.000000     0.237064
     0.001674     0.243641
     0.003348     0.250267
     0.005022     0.256937
     0.006696     0.263649
     0.008370     0.270400
     0.010044     0.277189
     0.011718     0.284012
     0.013393     0.290870
     0.015067     0.297758
     0.016741     0.304676
     0.018415     0.311621
     0.020089     0.318593
     0.021763     0.325588
     0.023437     0.332605
     0.025111     0.339643
     0.026785     0.346699
     0.028459     0.353773
     0.030133     0.360861
     0.031807     0.367964
     0.033481     0.375078
     0.035155     0.382202
     0.036829     0.389335
     0.038504     0.396475
     0.040178     0.403620
     0.041852     0.410769
     0.043526     0.417920
     0.045200     0.425072
     0.046874     0.432223
     0.048548     0.439371
     0.050222     0.446515
     0.051896     0.453654
     0.053570     0.460786
     0.055244     0.467909
     0.056918     0.475023
     0.058592     0.482126
     0.060266     0.489216
     0.061940     0.496293
     0.063615     0.503354
     0.065289     0.510400
     0.066963     0.517428
     0.068637     0.524438
     0.070311     0.531428
     0.071985     0.538398
     0.073659     0.545346
     0.075333     0.552272
     0.077007     0.559175
     0.078681     0.566053
     0.080355     0.572907
     0.082029     0.579734
     0.083703     0.586535
     0.085377     0.593310
     0.087051     0.600056
     0.088726     0.606775
     0.090400     0.613465
     0.092074     0.620125
     0.093748     0.626757
     0.095422     0.633358
     0.097096     0.639930
     0.098770     0.646471
     0.100444     0.652982
     0.102118     0.659462
     0.103792     0.665912
     0.105466     0.672331
     0.107140     0.678719
     0.108814     0.685076
     0.110488     0.691403
     0.112163     0.697699
     0.113837     0.703965
     0.115511     0.710200
     0.117185     0.716406
     0.118859     0.722582
     0.120533     0.728728
     0.122207     0.734845
     0.123881     0.740933
     0.125555     0.746992
     0.127229     0.753024
     0.128903     0.759027
     0.130577     0.765003
     0.132251     0.770952
     0.133925     0.776874
     0.135599     0.782770
     0.137274     0.788640
     0.138948     0.794485
     0.140622     0.800305
     0.142296     0.806100
     0.143970     0.811872
     0.145644     0.817619
     0.147318     0.823344
     0.148992     0.829046
     0.150666     0.834726
     0.152340     0.840385
     0.154014     0.846021
     0.155688     0.851638
     0.157362     0.857233
     0.159036     0.862809
     0.160710     0.868365
     0.162385     0.873902
     0.164059     0.879420
     0.165733     0.884919
     0.167407     0.890401


    -0.167407     1.823866
    -0.165733     1.816403
    -0.164059     1.808965
    -0.162385     1.801554
    -0.160710     1.794172
    -0.159036     1.786820
    -0.157362     1.779502
    -0.155688     1.772218
    -0.154014     1.764970
    -0.152340     1.757762
    -0.150666     1.750595
    -0.148992     1.743471
    -0.147318     1.736393
    -0.145644     1.729362
    -0.143970     1.722381
    -0.142296     1.715451
    -0.140622     1.708576
    -0.138948     1.701757
    -0.137274     1.694996
    -0.135599     1.688296
    -0.133925     1.681658
    -0.132251     1.675086
    -0.130577     1.668581
    -0.128903     1.662145
    -0.127229     1.655781
    -0.125555     1.649491
    -0.123881     1.643276
    -0.122207     1.637140
    -0.120533     1.631083
    -0.118859     1.625109
    -0.117185     1.619219
    -0.115511     1.613416
    -0.113837     1.607700
    -0.112163     1.602075
    -0.110488     1.596542
    -0.108814     1.591103
    -0.107140     1.585760
    -0.105466     1.580515
    -0.103792     1.575369
    -0.102118     1.570324
    -0.100444     1.565382
    -0.098770     1.560545
    -0.097096     1.555813
    -0.095422     1.551188
    -0.093748     1.546673
    -0.092074     1.542267
    -0.090400     1.537973
    -0.088726     1.533792
    -0.087051     1.529725
    -0.085377     1.525772
    -0.083703     1.521936
    -0.082029     1.518216
    -0.080355     1.514614
    -0.078681     1.511131
    -0.077007     1.507768
    -0.075333     1.504524
    -0.073659     1.501401
    -0.071985     1.498399
    -0.070311     1.495519
    -0.068637     1.492761
    -0.066963     1.490125
    -0.065289     1.487612
    -0.063615     1.485222
    -0.061940     1.482955
    -0.060266     1.480811
    -0.058592     1.478790
    -0.056918     1.476892
    -0.055244     1.475117
    -0.053570     1.473464
    -0.051896     1.471934
    -0.050222     1.470526
    -0.048548     1.469240
    -0.046874     1.468075
    -0.045200     1.467031
    -0.043526     1.466107
    -0.041852     1.465303
    -0.040178     1.464618
    -0.038504     1.464052
    -0.036829     1.463603
    -0.035155     1.463272
    -0.033481     1.463057
    -0.031807     1.462958
    -0.030133     1.462973
    -0.028459     1.463102
    -0.026785     1.463344
    -0.025111     1.463697
    -0.023437     1.464162
    -0.021763     1.464737
    -0.020089     1.465420
    -0.018415     1.466212
    -0.016741     1.467110
    -0.015067     1.468114
    -0.013393     1.469223
    -0.011718     1.470435
    -0.010044     1.471750
    -0.008370     1.473166
    -0.006696     1.474682
    -0.005022     1.476297
    -0.003348     1.478010
    -0.001674     1.479820
     0.000000     1.481714
     0.001674     1.479829
     0.003348     1.478020
     0.005022     1.476308
     0.006696     1.474693
     0.008370     1.473177
     0.010044     1.471761
     0.011718     1.470447
     0.013393     1.469235
     0.015067     1.468126
     0.016741     1.467122
     0.018415     1.466224
     0.020089     1.465433
     0.021763     1.464750
     0.023437     1.464175
     0.025111     1.463711
     0.026785     1.463358
     0.028459     1.463116
     0.030133     1.462987
     0.031807     1.462972
     0.033481     1.463072
     0.035155     1.463287
     0.036829     1.463619
     0.038504     1.464067
     0.040178     1.464634
     0.041852     1.465319
     0.043526     1.466123
     0.045200     1.467047
     0.046874     1.468091
     0.048548     1.469256
     0.050222     1.470543
     0.051896     1.471951
     0.053570     1.473481
     0.055244     1.475134
     0.056918     1.476909
     0.058592     1.478807
     0.060266     1.480828
     0.061940     1.482972
     0.063615     1.485239
     0.065289     1.487629
     0.066963     1.490142
     0.068637     1.492778
     0.070311     1.495536
     0.071985     1.498416
     0.073659     1.501418
     0.075333     1.504540
     0.077007     1.507784
     0.078681     1.511148
     0.080355     1.514631
     0.082029     1.518232
     0.083703     1.521952
     0.085377     1.525788
     0.087051     1.529740
     0.088726     1.533807
     0.090400     1.537989
     0.092074     1.542282
     0.093748     1.546687
     0.095422     1.551203
     0.097096     1.555827
     0.098770     1.560558
     0.100444     1.565396
     0.102118     1.570337
     0.103792     1.575382
     0.105466     1.580527
     0.107140     1.585772
     0.108814     1.591115
     0.110488     1.596554
     0.112163     1.602086
     0.113837     1.607711
     0.115511     1.613426
     0.117185     1.619229
     0.118859     1.625119
     0.120533     1.631093
     0.122207     1.637149
     0.123881     1.643285
     0.125555     1.649499
     0.127229     1.655789
     0.128903     1.662152
     0.130577     1.668588
     0.132251     1.675092
     0.133925     1.681664
     0.135599     1.688301
     0.137274     1.695001
     0.138948     1.701761
     0.140622     1.708580
     0.142296     1.715455
     0.143970     1.722384
     0.145644     1.729365
     0.147318     1.736396
     0.148992     1.743474
     0.150666     1.750597
     0.152340     1.757764
     0.154014     1.764972
     0.155688     1.772218
     0.157362     1.779502
     0.159036     1.786820
     0.160710     1.794172
     0.162385     1.801554
     0.164059     1.808965
     0.165733     1.816402
     0.167407     1.823865


    -0.167407     1.964802
    -0.165733     1.958589
    -0.164059     1.952382
    -0.162385     1.946180
    -0.160710     1.939986
    -0.159036     1.933798
    -0.157362     1.927618
    -0.155688     1.921447
    -0.154014     1.915284
    -0.152340     1.909130
    -0.150666     1.902987
    -0.148992     1.896853
    -0.147318     1.890731
    -0.145644     1.884620
    -0.143970     1.878521
    -0.142296     1.872435
    -0.140622     1.866362
    -0.138948     1.860303
    -0.137274     1.854258
    -0.135599     1.848228
    -0.133925     1.842213
    -0.132251     1.836215
    -0.130577     1.830234
    -0.128903     1.824270
    -0.127229     1.818324
    -0.125555     1.812396
    -0.123881     1.806488
    -0.122207     1.800600
    -0.120533     1.794733
    -0.118859     1.788887
    -0.117185     1.783063
    -0.115511     1.777261
    -0.113837     1.771483
    -0.112163     1.765730
    -0.110488     1.760001
    -0.108814     1.754297
    -0.107140     1.748620
    -0.105466     1.742970
    -0.103792     1.737348
    -0.102118     1.731754
    -0.100444     1.726190
    -0.098770     1.720656
    -0.097096     1.715153
    -0.095422     1.709682
    -0.093748     1.704243
    -0.092074     1.698838
    -0.090400     1.693467
    -0.088726     1.688132
    -0.087051     1.682832
    -0.085377     1.677569
    -0.083703     1.672344
    -0.082029     1.667158
    -0.080355     1.662012
    -0.078681     1.656906
    -0.077007     1.651841
    -0.075333     1.646819
    -0.073659     1.641840
    -0.071985     1.636905
    -0.070311     1.632016
    -0.068637     1.627173
    -0.066963     1.622378
    -0.065289     1.617630
    -0.063615     1.612932
    -0.061940     1.608284
    -0.060266     1.603688
    -0.058592     1.599143
    -0.056918     1.594653
    -0.055244     1.590216
    -0.053570     1.585835
    -0.051896     1.581511
    -0.050222     1.577244
    -0.048548     1.573037
    -0.046874     1.568889
    -0.045200     1.564802
    -0.043526     1.560777
    -0.041852     1.556815
    -0.040178     1.552918
    -0.038504     1.549086
    -0.036829     1.545321
    -0.035155     1.541623
    -0.033481     1.537995
    -0.031807     1.534436
    -0.030133     1.530949
    -0.028459     1.527535
    -0.026785     1.524193
    -0.025111     1.520927
    -0.023437     1.517737
    -0.021763     1.514624
    -0.020089     1.511590
    -0.018415     1.508635
    -0.016741     1.505761
    -0.015067     1.502969
    -0.013393     1.500260
    -0.011718     1.497636
    -0.010044     1.495097
    -0.008370     1.492645
    -0.006696     1.490282
    -0.005022     1.488008
    -0.003348     1.485824
    -0.001674     1.483733
     0.000000     1.481745
     0.001674     1.483724
     0.003348     1.485816
     0.005022     1.488000
     0.006696     1.490274
     0.008370     1.492638
     0.010044     1.495090
     0.011718     1.497629
     0.013393     1.500253
     0.015067     1.502963
     0.016741     1.505755
     0.018415     1.508629
     0.020089     1.511585
     0.021763     1.514619
     0.023437     1.517733
     0.025111     1.520923
     0.026785     1.524190
     0.028459     1.527531
     0.030133     1.530946
     0.031807     1.534434
     0.033481     1.537992
     0.035155     1.541621
     0.036829     1.545319
     0.038504     1.549085
     0.040178     1.552917
     0.041852     1.556815
     0.043526     1.560777
     0.045200     1.564802
     0.046874     1.568889
     0.048548     1.573037
     0.050222     1.577245
     0.051896     1.581512
     0.053570     1.585837
     0.055244     1.590218
     0.056918     1.594655
     0.058592     1.599146
     0.060266     1.603690
     0.061940     1.608287
     0.063615     1.612935
     0.065289     1.617634
     0.066963     1.622382
     0.068637     1.627178
     0.070311     1.632021
     0.071985     1.636910
     0.073659     1.641845
     0.075333     1.646824
     0.077007     1.651846
     0.078681     1.656911
     0.080355     1.662018
     0.082029     1.667164
     0.083703     1.672351
     0.085377     1.677576
     0.087051     1.682839
     0.088726     1.688139
     0.090400     1.693475
     0.092074     1.698846
     0.093748     1.704251
     0.095422     1.709690
     0.097096     1.715161
     0.098770     1.720664
     0.100444     1.726199
     0.102118     1.731763
     0.103792     1.737357
     0.105466     1.742979
     0.107140     1.748629
     0.108814     1.754307
     0.110488     1.760010
     0.112163     1.765740
     0.113837     1.771493
     0.115511     1.777272
     0.117185     1.783073
     0.118859     1.788897
     0.120533     1.794744
     0.122207     1.800611
     0.123881     1.806499
     0.125555     1.812407
     0.127229     1.818335
     0.128903     1.824281
     0.130577     1.830245
     0.132251     1.836227
     0.133925     1.842225
     0.135599     1.848240
     0.137274     1.854270
     0.138948     1.860315
     0.140622     1.866374
     0.142296     1.872447
     0.143970     1.878533
     0.145644     1.884632
     0.147318     1.890743
     0.148992     1.896866
     0.150666     1.902999
     0.152340     1.909143
     0.154014     1.915296
     0.155688     1.921459
     0.157362     1.927631
     0.159036     1.933811
     0.160710     1.939998
     0.162385     1.946193
     0.164059     1.952394
     0.165733     1.958601
     0.167407     1.964814


    -0.167407     2.321953
    -0.165733     2.315144
    -0.164059     2.308373
    -0.162385     2.301642
    -0.160710     2.294951
    -0.159036     2.288301
    -0.157362     2.281694
    -0.155688     2.275130
    -0.154014     2.268610
    -0.152340     2.262135
    -0.150666     2.255706
    -0.148992     2.249324
    -0.147318     2.242989
    -0.145644     2.236703
    -0.143970     2.230467
    -0.142296     2.224281
    -0.140622     2.218146
    -0.138948     2.212062
    -0.137274     2.206031
    -0.135599     2.200054
    -0.133925     2.194130
    -0.132251     2.188261
    -0.130577     2.182447
    -0.128903     2.176690
    -0.127229     2.170989
    -0.125555     2.165346
    -0.123881     2.159761
    -0.122207     2.154234
    -0.120533     2.148767
    -0.118859     2.143360
    -0.117185     2.138014
    -0.115511     2.132728
    -0.113837     2.127505
    -0.112163     2.122344
    -0.110488     2.117245
    -0.108814     2.112210
    -0.107140     2.107239
    -0.105466     2.102333
    -0.103792     2.097491
    -0.102118     2.092716
    -0.100444     2.088006
    -0.098770     2.083363
    -0.097096     2.078787
    -0.095422     2.074278
    -0.093748     2.069838
    -0.092074     2.065466
    -0.090400     2.061163
    -0.088726     2.056929
    -0.087051     2.052766
    -0.085377     2.048673
    -0.083703     2.044650
    -0.082029     2.040699
    -0.080355     2.036820
    -0.078681     2.033012
    -0.077007     2.029278
    -0.075333     2.025616
    -0.073659     2.022027
    -0.071985     2.018512
    -0.070311     2.015072
    -0.068637     2.011706
    -0.066963     2.008414
    -0.065289     2.005198
    -0.063615     2.002058
    -0.061940     1.998994
    -0.060266     1.996006
    -0.058592     1.993095
    -0.056918     1.990261
    -0.055244     1.987505
    -0.053570     1.984826
    -0.051896     1.982226
    -0.050222     1.979704
    -0.048548     1.977261
    -0.046874     1.974897
    -0.045200     1.972612
    -0.043526     1.970407
    -0.041852     1.968283
    -0.040178     1.966238
    -0.038504     1.964274
    -0.036829     1.962392
    -0.035155     1.960590
    -0.033481     1.958870
    -0.031807     1.957232
    -0.030133     1.955675
    -0.028459     1.954201
    -0.026785     1.952810
    -0.025111     1.951502
    -0.023437     1.950276
    -0.021763     1.949135
    -0.020089     1.948076
    -0.018415     1.947102
    -0.016741     1.946212
    -0.015067     1.945406
    -0.013393     1.944685
    -0.011718     1.944049
    -0.010044     1.943497
    -0.008370     1.943031
    -0.006696     1.942648
    -0.005022     1.942350
    -0.003348     1.942135
    -0.001674     1.942004
     0.000000     1.941958
     0.001674     1.941996
     0.003348     1.942120
     0.005022     1.942329
     0.006696     1.942623
     0.008370     1.943002
     0.010044     1.943467
     0.011718     1.944017
     0.013393     1.944652
     0.015067     1.945372
     0.016741     1.946177
     0.018415     1.947066
     0.020089     1.948040
     0.021763     1.949098
     0.023437     1.950239
     0.025111     1.951464
     0.026785     1.952773
     0.028459     1.954164
     0.030133     1.955638
     0.031807     1.957195
     0.033481     1.958833
     0.035155     1.960554
     0.036829     1.962356
     0.038504     1.964239
     0.040178     1.966203
     0.041852     1.968248
     0.043526     1.970373
     0.045200     1.972579
     0.046874     1.974864
     0.048548     1.977228
     0.050222     1.979672
     0.051896     1.982194
     0.053570     1.984795
     0.055244     1.987474
     0.056918     1.990231
     0.058592     1.993065
     0.060266     1.995976
     0.061940     1.998965
     0.063615     2.002029
     0.065289     2.005170
     0.066963     2.008386
     0.068637     2.011678
     0.070311     2.015044
     0.071985     2.018486
     0.073659     2.022001
     0.075333     2.025590
     0.077007     2.029252
     0.078681     2.032988
     0.080355     2.036795
     0.082029     2.040675
     0.083703     2.044627
     0.085377     2.048650
     0.087051     2.052744
     0.088726     2.056908
     0.090400     2.061142
     0.092074     2.065445
     0.093748     2.069818
     0.095422     2.074259
     0.097096     2.078768
     0.098770     2.083345
     0.100444     2.087989
     0.102118     2.092699
     0.103792     2.097475
     0.105466     2.102318
     0.107140     2.107225
     0.108814     2.112196
     0.110488     2.117232
     0.112163     2.122331
     0.113837     2.127493
     0.115511     2.132718
     0.117185     2.138004
     0.118859     2.143351
     0.120533     2.148759
     0.122207     2.154227
     0.123881     2.159754
     0.125555     2.165340
     0.127229     2.170984
     0.128903     2.176685
     0.130577     2.182443
     0.132251     2.188258
     0.133925     2.194128
     0.135599     2.200052
     0.137274     2.206031
     0.138948     2.212062
     0.140622     2.218147
     0.142296     2.224283
     0.143970     2.230470
     0.145644     2.236707
     0.147318     2.242993
     0.148992     2.249329
     0.150666     2.255711
     0.152340     2.262141
     0.154014     2.268617
     0.155688     2.275137
     0.157362     2.281702
     0.159036     2.288311
     0.160710     2.294961
     0.162385     2.301653
     0.164059     2.308385
     0.165733     2.315156
     0.167407     2.321966


    -0.167407     2.337964
    -0.165733     2.331028
    -0.164059     2.324119
    -0.162385     2.317238
    -0.160710     2.310388
    -0.159036     2.303569
    -0.157362     2.296784
    -0.155688     2.290032
    -0.154014     2.283316
    -0.152340     2.276637
    -0.150666     2.269996
    -0.148992     2.263394
    -0.147318     2.256833
    -0.145644     2.250314
    -0.143970     2.243839
    -0.142296     2.237408
    -0.140622     2.231023
    -0.138948     2.224684
    -0.137274     2.218394
    -0.135599     2.212153
    -0.133925     2.205963
    -0.132251     2.199824
    -0.130577     2.193737
    -0.128903     2.187705
    -0.127229     2.181727
    -0.125555     2.175806
    -0.123881     2.169941
    -0.122207     2.164134
    -0.120533     2.158387
    -0.118859     2.152699
    -0.117185     2.147072
    -0.115511     2.141508
    -0.113837     2.136006
    -0.112163     2.130568
    -0.110488     2.125194
    -0.108814     2.119886
    -0.107140     2.114645
    -0.105466     2.109470
    -0.103792     2.104364
    -0.102118     2.099326
    -0.100444     2.094358
    -0.098770     2.089461
    -0.097096     2.084634
    -0.095422     2.079879
    -0.093748     2.075197
    -0.092074     2.070588
    -0.090400     2.066052
    -0.088726     2.061591
    -0.087051     2.057205
    -0.085377     2.052895
    -0.083703     2.048661
    -0.082029     2.044503
    -0.080355     2.040423
    -0.078681     2.036421
    -0.077007     2.032497
    -0.075333     2.028652
    -0.073659     2.024886
    -0.071985     2.021200
    -0.070311     2.017594
    -0.068637     2.014069
    -0.066963     2.010624
    -0.065289     2.007261
    -0.063615     2.003980
    -0.061940     2.000781
    -0.060266     1.997664
    -0.058592     1.994630
    -0.056918     1.991679
    -0.055244     1.988811
    -0.053570     1.986027
    -0.051896     1.983327
    -0.050222     1.980711
    -0.048548     1.978179
    -0.046874     1.975732
    -0.045200     1.973369
    -0.043526     1.971092
    -0.041852     1.968899
    -0.040178     1.966792
    -0.038504     1.964770
    -0.036829     1.962834
    -0.035155     1.960984
    -0.033481     1.959219
    -0.031807     1.957540
    -0.030133     1.955947
    -0.028459     1.954440
    -0.026785     1.953019
    -0.025111     1.951685
    -0.023437     1.950436
    -0.021763     1.949273
    -0.020089     1.948197
    -0.018415     1.947206
    -0.016741     1.946302
    -0.015067     1.945483
    -0.013393     1.944750
    -0.011718     1.944103
    -0.010044     1.943542
    -0.008370     1.943068
    -0.006696     1.942680
    -0.005022     1.942378
    -0.003348     1.942165
    -0.001674     1.942038
     0.000000     1.941999
     0.001674     1.942046
     0.003348     1.942179
     0.005022     1.942398
     0.006696     1.942702
     0.008370     1.943093
     0.010044     1.943569
     0.011718     1.944131
     0.013393     1.944778
     0.015067     1.945512
     0.016741     1.946331
     0.018415     1.947236
     0.020089     1.948226
     0.021763     1.949303
     0.023437     1.950465
     0.025111     1.951713
     0.026785     1.953048
     0.028459     1.954468
     0.030133     1.955974
     0.031807     1.957566
     0.033481     1.959244
     0.035155     1.961008
     0.036829     1.962858
     0.038504     1.964793
     0.040178     1.966814
     0.041852     1.968920
     0.043526     1.971112
     0.045200     1.973389
     0.046874     1.975751
     0.048548     1.978197
     0.050222     1.980728
     0.051896     1.983344
     0.053570     1.986043
     0.055244     1.988827
     0.056918     1.991694
     0.058592     1.994645
     0.060266     1.997678
     0.061940     2.000794
     0.063615     2.003993
     0.065289     2.007274
     0.066963     2.010636
     0.068637     2.014080
     0.070311     2.017605
     0.071985     2.021211
     0.073659     2.024896
     0.075333     2.028662
     0.077007     2.032507
     0.078681     2.036430
     0.080355     2.040432
     0.082029     2.044512
     0.083703     2.048669
     0.085377     2.052903
     0.087051     2.057213
     0.088726     2.061598
     0.090400     2.066059
     0.092074     2.070594
     0.093748     2.075203
     0.095422     2.079885
     0.097096     2.084640
     0.098770     2.089466
     0.100444     2.094363
     0.102118     2.099331
     0.103792     2.104369
     0.105466     2.109475
     0.107140     2.114649
     0.108814     2.119890
     0.110488     2.125198
     0.112163     2.130571
     0.113837     2.136009
     0.115511     2.141511
     0.117185     2.147075
     0.118859     2.152702
     0.120533     2.158390
     0.122207     2.164137
     0.123881     2.169944
     0.125555     2.175808
     0.127229     2.181730
     0.128903     2.187707
     0.130577     2.193740
     0.132251     2.199826
     0.133925     2.205965
     0.135599     2.212155
     0.137274     2.218396
     0.138948     2.224686
     0.140622     2.231025
     0.142296     2.237410
     0.143970     2.243841
     0.145644     2.250316
     0.147318     2.256835
     0.148992     2.263396
     0.150666     2.269998
     0.152340     2.276639
     0.154014     2.283318
     0.155688     2.290034
     0.157362     2.296786
     0.159036     2.303572
     0.160710     2.310391
     0.162385     2.317241
     0.164059     2.324121
     0.165733     2.331031
     0.167407     2.337967


