    -0.167407    -3.978275
    -0.165733    -3.978776
    -0.164059    -3.979275
    -0.162385    -3.979772
    -0.160710    -3.980266
    -0.159036    -3.980758
    -0.157362    -3.981247
    -0.155688    -3.981733
    -0.154014    -3.982215
    -0.152340    -3.982695
    -0.150666    -3.983171
    -0.148992    -3.983643
    -0.147318    -3.984111
    -0.145644    -3.984575
    -0.143970    -3.985036
    -0.142296    -3.985491
    -0.140622    -3.985943
    -0.138948    -3.986390
    -0.137274    -3.986831
    -0.135599    -3.987268
    -0.133925    -3.987700
    -0.132251    -3.988127
    -0.130577    -3.988548
    -0.128903    -3.988964
    -0.127229    -3.989375
    -0.125555    -3.989779
    -0.123881    -3.990178
    -0.122207    -3.990570
    -0.120533    -3.990956
    -0.118859    -3.991337
    -0.117185    -3.991710
    -0.115511    -3.992078
    -0.113837    -3.992438
    -0.112163    -3.992792
    -0.110488    -3.993139
    -0.108814    -3.993479
    -0.107140    -3.993812
    -0.105466    -3.994137
    -0.103792    -3.994456
    -0.102118    -3.994767
    -0.100444    -3.995070
    -0.098770    -3.995366
    -0.097096    -3.995654
    -0.095422    -3.995935
    -0.093748    -3.996207
    -0.092074    -3.996471
    -0.090400    -3.996728
    -0.088726    -3.996976
    -0.087051    -3.997216
    -0.085377    -3.997448
    -0.083703    -3.997671
    -0.082029    -3.997885
    -0.080355    -3.998092
    -0.078681    -3.998289
    -0.077007    -3.998478
    -0.075333    -3.998658
    -0.073659    -3.998828
    -0.071985    -3.998990
    -0.070311    -3.999143
    -0.068637    -3.999287
    -0.066963    -3.999422
    -0.065289    -3.999547
    -0.063615    -3.999663
    -0.061940    -3.999770
    -0.060266    -3.999867
    -0.058592    -3.999955
    -0.056918    -4.000033
    -0.055244    -4.000102
    -0.053570    -4.000161
    -0.051896    -4.000210
    -0.050222    -4.000250
    -0.048548    -4.000279
    -0.046874    -4.000299
    -0.045200    -4.000309
    -0.043526    -4.000309
    -0.041852    -4.000299
    -0.040178    -4.000278
    -0.038504    -4.000248
    -0.036829    -4.000208
    -0.035155    -4.000157
    -0.033481    -4.000096
    -0.031807    -4.000025
    -0.030133    -3.999943
    -0.028459    -3.999852
    -0.026785    -3.999749
    -0.025111    -3.999637
    -0.023437    -3.999514
    -0.021763    -3.999380
    -0.020089    -3.999236
    -0.018415    -3.999081
    -0.016741    -3.998916
    -0.015067    -3.998740
    -0.013393    -3.998554
    -0.011718    -3.998357
    -0.010044    -3.998149
    -0.008370    -3.997931
    -0.006696    -3.997702
    -0.005022    -3.997462
    -0.003348    -3.997211
    -0.001674    -3.996950
     0.000000    -3.996684
     0.001674    -3.996954
     0.003348    -3.997216
     0.005022    -3.997466
     0.006696    -3.997706
     0.008370    -3.997935
     0.010044    -3.998154
     0.011718    -3.998362
     0.013393    -3.998559
     0.015067    -3.998745
     0.016741    -3.998921
     0.018415    -3.999087
     0.020089    -3.999241
     0.021763    -3.999385
     0.023437    -3.999519
     0.025111    -3.999642
     0.026785    -3.999755
     0.028459    -3.999857
     0.030133    -3.999949
     0.031807    -4.000030
     0.033481    -4.000101
     0.035155    -4.000162
     0.036829    -4.000213
     0.038504    -4.000253
     0.040178    -4.000284
     0.041852    -4.000304
     0.043526    -4.000314
     0.045200    -4.000314
     0.046874    -4.000304
     0.048548    -4.000284
     0.050222    -4.000254
     0.051896    -4.000215
     0.053570    -4.000165
     0.055244    -4.000106
     0.056918    -4.000038
     0.058592    -3.999959
     0.060266    -3.999871
     0.061940    -3.999774
     0.063615    -3.999667
     0.065289    -3.999550
     0.066963    -3.999425
     0.068637    -3.999290
     0.070311    -3.999146
     0.071985    -3.998993
     0.073659    -3.998830
     0.075333    -3.998659
     0.077007    -3.998479
     0.078681    -3.998290
     0.080355    -3.998092
     0.082029    -3.997886
     0.083703    -3.997671
     0.085377    -3.997448
     0.087051    -3.997216
     0.088726    -3.996975
     0.090400    -3.996727
     0.092074    -3.996470
     0.093748    -3.996205
     0.095422    -3.995932
     0.097096    -3.995652
     0.098770    -3.995363
     0.100444    -3.995067
     0.102118    -3.994763
     0.103792    -3.994452
     0.105466    -3.994133
     0.107140    -3.993807
     0.108814    -3.993474
     0.110488    -3.993133
     0.112163    -3.992786
     0.113837    -3.992432
     0.115511    -3.992071
     0.117185    -3.991703
     0.118859    -3.991329
     0.120533    -3.990949
     0.122207    -3.990562
     0.123881    -3.990169
     0.125555    -3.989770
     0.127229    -3.989365
     0.128903    -3.988955
     0.130577    -3.988539
     0.132251    -3.988117
     0.133925    -3.987690
     0.135599    -3.987258
     0.137274    -3.986820
     0.138948    -3.986378
     0.140622    -3.985931
     0.142296    -3.985479
     0.143970    -3.985023
     0.145644    -3.984562
     0.147318    -3.984098
     0.148992    -3.983629
     0.150666    -3.983157
     0.152340    -3.982680
     0.154014    -3.982201
     0.155688    -3.981718
     0.157362    -3.981231
     0.159036    -3.980742
     0.160710    -3.980250
     0.162385    -3.979756
     0.164059    -3.979259
     0.165733    -3.978759
     0.167407    -3.978258


    -0.167407    -3.916370
    -0.165733    -3.917639
    -0.164059    -3.918900
    -0.162385    -3.920154
    -0.160710    -3.921400
    -0.159036    -3.922638
    -0.157362    -3.923869
    -0.155688    -3.925092
    -0.154014    -3.926306
    -0.152340    -3.927513
    -0.150666    -3.928711
    -0.148992    -3.929902
    -0.147318    -3.931084
    -0.145644    -3.932257
    -0.143970    -3.933422
    -0.142296    -3.934579
    -0.140622    -3.935727
    -0.138948    -3.936867
    -0.137274    -3.937997
    -0.135599    -3.939119
    -0.133925    -3.940232
    -0.132251    -3.941336
    -0.130577    -3.942432
    -0.128903    -3.943518
    -0.127229    -3.944595
    -0.125555    -3.945662
    -0.123881    -3.946721
    -0.122207    -3.947770
    -0.120533    -3.948810
    -0.118859    -3.949841
    -0.117185    -3.950862
    -0.115511    -3.951874
    -0.113837    -3.952876
    -0.112163    -3.953868
    -0.110488    -3.954851
    -0.108814    -3.955824
    -0.107140    -3.956787
    -0.105466    -3.957741
    -0.103792    -3.958684
    -0.102118    -3.959618
    -0.100444    -3.960542
    -0.098770    -3.961456
    -0.097096    -3.962359
    -0.095422    -3.963253
    -0.093748    -3.964137
    -0.092074    -3.965010
    -0.090400    -3.965873
    -0.088726    -3.966726
    -0.087051    -3.967569
    -0.085377    -3.968401
    -0.083703    -3.969223
    -0.082029    -3.970035
    -0.080355    -3.970836
    -0.078681    -3.971627
    -0.077007    -3.972408
    -0.075333    -3.973178
    -0.073659    -3.973937
    -0.071985    -3.974686
    -0.070311    -3.975424
    -0.068637    -3.976152
    -0.066963    -3.976869
    -0.065289    -3.977576
    -0.063615    -3.978272
    -0.061940    -3.978957
    -0.060266    -3.979631
    -0.058592    -3.980295
    -0.056918    -3.980948
    -0.055244    -3.981590
    -0.053570    -3.982221
    -0.051896    -3.982842
    -0.050222    -3.983452
    -0.048548    -3.984051
    -0.046874    -3.984639
    -0.045200    -3.985216
    -0.043526    -3.985782
    -0.041852    -3.986338
    -0.040178    -3.986883
    -0.038504    -3.987416
    -0.036829    -3.987939
    -0.035155    -3.988451
    -0.033481    -3.988952
    -0.031807    -3.989442
    -0.030133    -3.989922
    -0.028459    -3.990390
    -0.026785    -3.990847
    -0.025111    -3.991294
    -0.023437    -3.991729
    -0.021763    -3.992154
    -0.020089    -3.992568
    -0.018415    -3.992970
    -0.016741    -3.993362
    -0.015067    -3.993743
    -0.013393    -3.994113
    -0.011718    -3.994472
    -0.010044    -3.994820
    -0.008370    -3.995158
    -0.006696    -3.995484
    -0.005022    -3.995800
    -0.003348    -3.996105
    -0.001674    -3.996399
     0.000000    -3.996676
     0.001674    -3.996395
     0.003348    -3.996101
     0.005022    -3.995797
     0.006696    -3.995481
     0.008370    -3.995155
     0.010044    -3.994818
     0.011718    -3.994470
     0.013393    -3.994111
     0.015067    -3.993741
     0.016741    -3.993360
     0.018415    -3.992968
     0.020089    -3.992566
     0.021763    -3.992152
     0.023437    -3.991728
     0.025111    -3.991293
     0.026785    -3.990846
     0.028459    -3.990389
     0.030133    -3.989921
     0.031807    -3.989442
     0.033481    -3.988952
     0.035155    -3.988451
     0.036829    -3.987940
     0.038504    -3.987417
     0.040178    -3.986884
     0.041852    -3.986339
     0.043526    -3.985784
     0.045200    -3.985218
     0.046874    -3.984640
     0.048548    -3.984053
     0.050222    -3.983454
     0.051896    -3.982844
     0.053570    -3.982224
     0.055244    -3.981593
     0.056918    -3.980951
     0.058592    -3.980298
     0.060266    -3.979634
     0.061940    -3.978960
     0.063615    -3.978275
     0.065289    -3.977579
     0.066963    -3.976873
     0.068637    -3.976156
     0.070311    -3.975429
     0.071985    -3.974690
     0.073659    -3.973942
     0.075333    -3.973182
     0.077007    -3.972412
     0.078681    -3.971632
     0.080355    -3.970841
     0.082029    -3.970040
     0.083703    -3.969228
     0.085377    -3.968406
     0.087051    -3.967574
     0.088726    -3.966731
     0.090400    -3.965878
     0.092074    -3.965015
     0.093748    -3.964142
     0.095422    -3.963258
     0.097096    -3.962365
     0.098770    -3.961461
     0.100444    -3.960547
     0.102118    -3.959623
     0.103792    -3.958690
     0.105466    -3.957746
     0.107140    -3.956793
     0.108814    -3.955829
     0.110488    -3.954856
     0.112163    -3.953873
     0.113837    -3.952881
     0.115511    -3.951879
     0.117185    -3.950867
     0.118859    -3.949846
     0.120533    -3.948815
     0.122207    -3.947775
     0.123881    -3.946726
     0.125555    -3.945667
     0.127229    -3.944599
     0.128903    -3.943522
     0.130577    -3.942436
     0.132251    -3.941341
     0.133925    -3.940236
     0.135599    -3.939123
     0.137274    -3.938001
     0.138948    -3.936870
     0.140622    -3.935731
     0.142296    -3.934582
     0.143970    -3.933426
     0.145644    -3.932260
     0.147318    -3.931087
     0.148992    -3.929904
     0.150666    -3.928714
     0.152340    -3.927515
     0.154014    -3.926308
     0.155688    -3.925094
     0.157362    -3.923871
     0.159036    -3.922640
     0.160710    -3.921401
     0.162385    -3.920155
     0.164059    -3.918901
     0.165733    -3.917640
     0.167407    -3.916371


    -0.167407    -2.473208
    -0.165733    -2.469134
    -0.164059    -2.465170
    -0.162385    -2.461313
    -0.160710    -2.457557
    -0.159036    -2.453899
    -0.157362    -2.450334
    -0.155688    -2.446859
    -0.154014    -2.443470
    -0.152340    -2.440164
    -0.150666    -2.436937
    -0.148992    -2.433786
    -0.147318    -2.430709
    -0.145644    -2.427702
    -0.143970    -2.424763
    -0.142296    -2.421889
    -0.140622    -2.419078
    -0.138948    -2.416327
    -0.137274    -2.413635
    -0.135599    -2.410999
    -0.133925    -2.408418
    -0.132251    -2.405889
    -0.130577    -2.403411
    -0.128903    -2.400983
    -0.127229    -2.398603
    -0.125555    -2.396269
    -0.123881    -2.393980
    -0.122207    -2.391736
    -0.120533    -2.389534
    -0.118859    -2.387373
    -0.117185    -2.385254
    -0.115511    -2.383174
    -0.113837    -2.381133
    -0.112163    -2.379130
    -0.110488    -2.377164
    -0.108814    -2.375234
    -0.107140    -2.373340
    -0.105466    -2.371481
    -0.103792    -2.369656
    -0.102118    -2.367866
    -0.100444    -2.366108
    -0.098770    -2.364383
    -0.097096    -2.362691
    -0.095422    -2.361030
    -0.093748    -2.359400
    -0.092074    -2.357802
    -0.090400    -2.356234
    -0.088726    -2.354697
    -0.087051    -2.353189
    -0.085377    -2.351711
    -0.083703    -2.350262
    -0.082029    -2.348843
    -0.080355    -2.347452
    -0.078681    -2.346090
    -0.077007    -2.344756
    -0.075333    -2.343450
    -0.073659    -2.342173
    -0.071985    -2.340923
    -0.070311    -2.339700
    -0.068637    -2.338506
    -0.066963    -2.337338
    -0.065289    -2.336198
    -0.063615    -2.335085
    -0.061940    -2.333998
    -0.060266    -2.332939
    -0.058592    -2.331906
    -0.056918    -2.330900
    -0.055244    -2.329921
    -0.053570    -2.328968
    -0.051896    -2.328041
    -0.050222    -2.327140
    -0.048548    -2.326266
    -0.046874    -2.325418
    -0.045200    -2.324597
    -0.043526    -2.323801
    -0.041852    -2.323031
    -0.040178    -2.322288
    -0.038504    -2.321570
    -0.036829    -2.320878
    -0.035155    -2.320212
    -0.033481    -2.319572
    -0.031807    -2.318958
    -0.030133    -2.318369
    -0.028459    -2.317807
    -0.026785    -2.317270
    -0.025111    -2.316758
    -0.023437    -2.316272
    -0.021763    -2.315812
    -0.020089    -2.315378
    -0.018415    -2.314969
    -0.016741    -2.314586
    -0.015067    -2.314228
    -0.013393    -2.313896
    -0.011718    -2.313589
    -0.010044    -2.313307
    -0.008370    -2.313052
    -0.006696    -2.312821
    -0.005022    -2.312616
    -0.003348    -2.312436
    -0.001674    -2.312282
     0.000000    -2.312167
     0.001674    -2.312294
     0.003348    -2.312448
     0.005022    -2.312628
     0.006696    -2.312833
     0.008370    -2.313064
     0.010044    -2.313320
     0.011718    -2.313601
     0.013393    -2.313908
     0.015067    -2.314241
     0.016741    -2.314599
     0.018415    -2.314982
     0.020089    -2.315391
     0.021763    -2.315825
     0.023437    -2.316286
     0.025111    -2.316771
     0.026785    -2.317283
     0.028459    -2.317820
     0.030133    -2.318383
     0.031807    -2.318971
     0.033481    -2.319585
     0.035155    -2.320225
     0.036829    -2.320891
     0.038504    -2.321583
     0.040178    -2.322301
     0.041852    -2.323044
     0.043526    -2.323814
     0.045200    -2.324609
     0.046874    -2.325431
     0.048548    -2.326279
     0.050222    -2.327153
     0.051896    -2.328053
     0.053570    -2.328980
     0.055244    -2.329933
     0.056918    -2.330912
     0.058592    -2.331918
     0.060266    -2.332951
     0.061940    -2.334010
     0.063615    -2.335096
     0.065289    -2.336209
     0.066963    -2.337350
     0.068637    -2.338517
     0.070311    -2.339712
     0.071985    -2.340934
     0.073659    -2.342183
     0.075333    -2.343461
     0.077007    -2.344767
     0.078681    -2.346100
     0.080355    -2.347462
     0.082029    -2.348853
     0.083703    -2.350272
     0.085377    -2.351721
     0.087051    -2.353199
     0.088726    -2.354706
     0.090400    -2.356244
     0.092074    -2.357811
     0.093748    -2.359410
     0.095422    -2.361039
     0.097096    -2.362699
     0.098770    -2.364392
     0.100444    -2.366117
     0.102118    -2.367874
     0.103792    -2.369665
     0.105466    -2.371489
     0.107140    -2.373348
     0.108814    -2.375242
     0.110488    -2.377172
     0.112163    -2.379138
     0.113837    -2.381141
     0.115511    -2.383182
     0.117185    -2.385262
     0.118859    -2.387381
     0.120533    -2.389541
     0.122207    -2.391743
     0.123881    -2.393988
     0.125555    -2.396276
     0.127229    -2.398610
     0.128903    -2.400990
     0.130577    -2.403418
     0.132251    -2.405896
     0.133925    -2.408425
     0.135599    -2.411006
     0.137274    -2.413642
     0.138948    -2.416334
     0.140622    -2.419084
     0.142296    -2.421896
     0.143970    -2.424769
     0.145644    -2.427708
     0.147318    -2.430715
     0.148992    -2.433793
     0.150666    -2.436943
     0.152340    -2.440170
     0.154014    -2.443476
     0.155688    -2.446865
     0.157362    -2.450340
     0.159036    -2.453904
     0.160710    -2.457563
     0.162385    -2.461319
     0.164059    -2.465176
     0.165733    -2.469139
     0.167407    -2.473213


    -0.167407    -2.432962
    -0.165733    -2.429598
    -0.164059    -2.426357
    -0.162385    -2.423231
    -0.160710    -2.420211
    -0.159036    -2.417291
    -0.157362    -2.414464
    -0.155688    -2.411724
    -0.154014    -2.409066
    -0.152340    -2.406484
    -0.150666    -2.403973
    -0.148992    -2.401530
    -0.147318    -2.399150
    -0.145644    -2.396829
    -0.143970    -2.394565
    -0.142296    -2.392355
    -0.140622    -2.390196
    -0.138948    -2.388084
    -0.137274    -2.386019
    -0.135599    -2.383998
    -0.133925    -2.382018
    -0.132251    -2.380079
    -0.130577    -2.378179
    -0.128903    -2.376316
    -0.127229    -2.374489
    -0.125555    -2.372696
    -0.123881    -2.370938
    -0.122207    -2.369212
    -0.120533    -2.367517
    -0.118859    -2.365854
    -0.117185    -2.364221
    -0.115511    -2.362617
    -0.113837    -2.361043
    -0.112163    -2.359496
    -0.110488    -2.357978
    -0.108814    -2.356486
    -0.107140    -2.355022
    -0.105466    -2.353584
    -0.103792    -2.352172
    -0.102118    -2.350787
    -0.100444    -2.349426
    -0.098770    -2.348091
    -0.097096    -2.346781
    -0.095422    -2.345496
    -0.093748    -2.344236
    -0.092074    -2.343000
    -0.090400    -2.341789
    -0.088726    -2.340602
    -0.087051    -2.339439
    -0.085377    -2.338300
    -0.083703    -2.337186
    -0.082029    -2.336095
    -0.080355    -2.335028
    -0.078681    -2.333985
    -0.077007    -2.332965
    -0.075333    -2.331970
    -0.073659    -2.330998
    -0.071985    -2.330050
    -0.070311    -2.329126
    -0.068637    -2.328225
    -0.066963    -2.327348
    -0.065289    -2.326495
    -0.063615    -2.325666
    -0.061940    -2.324861
    -0.060266    -2.324079
    -0.058592    -2.323322
    -0.056918    -2.322588
    -0.055244    -2.321878
    -0.053570    -2.321192
    -0.051896    -2.320530
    -0.050222    -2.319893
    -0.048548    -2.319279
    -0.046874    -2.318690
    -0.045200    -2.318124
    -0.043526    -2.317583
    -0.041852    -2.317066
    -0.040178    -2.316574
    -0.038504    -2.316106
    -0.036829    -2.315662
    -0.035155    -2.315243
    -0.033481    -2.314848
    -0.031807    -2.314478
    -0.030133    -2.314132
    -0.028459    -2.313812
    -0.026785    -2.313515
    -0.025111    -2.313244
    -0.023437    -2.312997
    -0.021763    -2.312775
    -0.020089    -2.312578
    -0.018415    -2.312406
    -0.016741    -2.312259
    -0.015067    -2.312136
    -0.013393    -2.312039
    -0.011718    -2.311967
    -0.010044    -2.311920
    -0.008370    -2.311897
    -0.006696    -2.311901
    -0.005022    -2.311929
    -0.003348    -2.311982
    -0.001674    -2.312061
     0.000000    -2.312151
     0.001674    -2.312049
     0.003348    -2.311971
     0.005022    -2.311917
     0.006696    -2.311889
     0.008370    -2.311887
     0.010044    -2.311909
     0.011718    -2.311956
     0.013393    -2.312029
     0.015067    -2.312126
     0.016741    -2.312249
     0.018415    -2.312396
     0.020089    -2.312569
     0.021763    -2.312766
     0.023437    -2.312989
     0.025111    -2.313236
     0.026785    -2.313507
     0.028459    -2.313804
     0.030133    -2.314125
     0.031807    -2.314471
     0.033481    -2.314842
     0.035155    -2.315237
     0.036829    -2.315656
     0.038504    -2.316100
     0.040178    -2.316569
     0.041852    -2.317062
     0.043526    -2.317579
     0.045200    -2.318120
     0.046874    -2.318686
     0.048548    -2.319276
     0.050222    -2.319890
     0.051896    -2.320528
     0.053570    -2.321190
     0.055244    -2.321877
     0.056918    -2.322587
     0.058592    -2.323321
     0.060266    -2.324079
     0.061940    -2.324861
     0.063615    -2.325667
     0.065289    -2.326497
     0.066963    -2.327350
     0.068637    -2.328227
     0.070311    -2.329128
     0.071985    -2.330053
     0.073659    -2.331001
     0.075333    -2.331974
     0.077007    -2.332970
     0.078681    -2.333989
     0.080355    -2.335033
     0.082029    -2.336100
     0.083703    -2.337192
     0.085377    -2.338307
     0.087051    -2.339446
     0.088726    -2.340609
     0.090400    -2.341797
     0.092074    -2.343008
     0.093748    -2.344245
     0.095422    -2.345505
     0.097096    -2.346791
     0.098770    -2.348101
     0.100444    -2.349436
     0.102118    -2.350797
     0.103792    -2.352183
     0.105466    -2.353595
     0.107140    -2.355033
     0.108814    -2.356498
     0.110488    -2.357990
     0.112163    -2.359508
     0.113837    -2.361055
     0.115511    -2.362630
     0.117185    -2.364234
     0.118859    -2.365867
     0.120533    -2.367531
     0.122207    -2.369225
     0.123881    -2.370951
     0.125555    -2.372710
     0.127229    -2.374503
     0.128903    -2.376330
     0.130577    -2.378193
     0.132251    -2.380094
     0.133925    -2.382033
     0.135599    -2.384013
     0.137274    -2.386034
     0.138948    -2.388100
     0.140622    -2.390211
     0.142296    -2.392371
     0.143970    -2.394581
     0.145644    -2.396845
     0.147318    -2.399165
     0.148992    -2.401545
     0.150666    -2.403989
     0.152340    -2.406499
     0.154014    -2.409081
     0.155688    -2.411740
     0.157362    -2.414480
     0.159036    -2.417307
     0.160710    -2.420227
     0.162385    -2.423246
     0.164059    -2.426372
     0.165733    -2.429613
     0.167407    -2.432977


    -0.167407    -2.198583
    -0.165733    -2.189775
    -0.164059    -2.180904
    -0.162385    -2.171981
    -0.160710    -2.163014
    -0.159036    -2.154014
    -0.157362    -2.144988
    -0.155688    -2.135944
    -0.154014    -2.126890
    -0.152340    -2.117833
    -0.150666    -2.108780
    -0.148992    -2.099737
    -0.147318    -2.090709
    -0.145644    -2.081702
    -0.143970    -2.072721
    -0.142296    -2.063771
    -0.140622    -2.054858
    -0.138948    -2.045984
    -0.137274    -2.037155
    -0.135599    -2.028374
    -0.133925    -2.019645
    -0.132251    -2.010972
    -0.130577    -2.002357
    -0.128903    -1.993805
    -0.127229    -1.985318
    -0.125555    -1.976900
    -0.123881    -1.968552
    -0.122207    -1.960278
    -0.120533    -1.952081
    -0.118859    -1.943962
    -0.117185    -1.935924
    -0.115511    -1.927970
    -0.113837    -1.920101
    -0.112163    -1.912319
    -0.110488    -1.904627
    -0.108814    -1.897026
    -0.107140    -1.889518
    -0.105466    -1.882104
    -0.103792    -1.874786
    -0.102118    -1.867566
    -0.100444    -1.860444
    -0.098770    -1.853422
    -0.097096    -1.846502
    -0.095422    -1.839684
    -0.093748    -1.832969
    -0.092074    -1.826358
    -0.090400    -1.819852
    -0.088726    -1.813452
    -0.087051    -1.807159
    -0.085377    -1.800972
    -0.083703    -1.794893
    -0.082029    -1.788921
    -0.080355    -1.783058
    -0.078681    -1.777304
    -0.077007    -1.771658
    -0.075333    -1.766121
    -0.073659    -1.760693
    -0.071985    -1.755374
    -0.070311    -1.750165
    -0.068637    -1.745064
    -0.066963    -1.740072
    -0.065289    -1.735189
    -0.063615    -1.730414
    -0.061940    -1.725748
    -0.060266    -1.721189
    -0.058592    -1.716739
    -0.056918    -1.712395
    -0.055244    -1.708159
    -0.053570    -1.704030
    -0.051896    -1.700008
    -0.050222    -1.696091
    -0.048548    -1.692281
    -0.046874    -1.688576
    -0.045200    -1.684977
    -0.043526    -1.681484
    -0.041852    -1.678095
    -0.040178    -1.674813
    -0.038504    -1.671635
    -0.036829    -1.668563
    -0.035155    -1.665597
    -0.033481    -1.662737
    -0.031807    -1.659985
    -0.030133    -1.657339
    -0.028459    -1.654803
    -0.026785    -1.652377
    -0.025111    -1.650062
    -0.023437    -1.647861
    -0.021763    -1.645777
    -0.020089    -1.643812
    -0.018415    -1.641971
    -0.016741    -1.640258
    -0.015067    -1.638678
    -0.013393    -1.637236
    -0.011718    -1.635939
    -0.010044    -1.634793
    -0.008370    -1.633806
    -0.006696    -1.632985
    -0.005022    -1.632335
    -0.003348    -1.631863
    -0.001674    -1.631574
     0.000000    -1.631471
     0.001674    -1.631565
     0.003348    -1.631852
     0.005022    -1.632324
     0.006696    -1.632973
     0.008370    -1.633795
     0.010044    -1.634782
     0.011718    -1.635928
     0.013393    -1.637225
     0.015067    -1.638667
     0.016741    -1.640248
     0.018415    -1.641961
     0.020089    -1.643803
     0.021763    -1.645768
     0.023437    -1.647853
     0.025111    -1.650054
     0.026785    -1.652369
     0.028459    -1.654796
     0.030133    -1.657333
     0.031807    -1.659978
     0.033481    -1.662731
     0.035155    -1.665591
     0.036829    -1.668557
     0.038504    -1.671629
     0.040178    -1.674806
     0.041852    -1.678089
     0.043526    -1.681477
     0.045200    -1.684970
     0.046874    -1.688569
     0.048548    -1.692273
     0.050222    -1.696083
     0.051896    -1.699999
     0.053570    -1.704021
     0.055244    -1.708150
     0.056918    -1.712386
     0.058592    -1.716728
     0.060266    -1.721179
     0.061940    -1.725736
     0.063615    -1.730402
     0.065289    -1.735177
     0.066963    -1.740059
     0.068637    -1.745051
     0.070311    -1.750151
     0.071985    -1.755360
     0.073659    -1.760679
     0.075333    -1.766106
     0.077007    -1.771643
     0.078681    -1.777288
     0.080355    -1.783042
     0.082029    -1.788905
     0.083703    -1.794876
     0.085377    -1.800955
     0.087051    -1.807141
     0.088726    -1.813435
     0.090400    -1.819834
     0.092074    -1.826340
     0.093748    -1.832950
     0.095422    -1.839665
     0.097096    -1.846483
     0.098770    -1.853403
     0.100444    -1.860424
     0.102118    -1.867546
     0.103792    -1.874766
     0.105466    -1.882083
     0.107140    -1.889497
     0.108814    -1.897005
     0.110488    -1.904606
     0.112163    -1.912298
     0.113837    -1.920080
     0.115511    -1.927949
     0.117185    -1.935903
     0.118859    -1.943941
     0.120533    -1.952059
     0.122207    -1.960257
     0.123881    -1.968531
     0.125555    -1.976878
     0.127229    -1.985297
     0.128903    -1.993784
     0.130577    -2.002336
     0.132251    -2.010950
     0.133925    -2.019624
     0.135599    -2.028353
     0.137274    -2.037134
     0.138948    -2.045963
     0.140622    -2.054837
     0.142296    -2.063751
     0.143970    -2.072700
     0.145644    -2.081681
     0.147318    -2.090688
     0.148992    -2.099716
     0.150666    -2.108760
     0.152340    -2.117814
     0.154014    -2.126871
     0.155688    -2.135925
     0.157362    -2.144969
     0.159036    -2.153995
     0.160710    -2.162996
     0.162385    -2.171962
     0.164059    -2.180886
     0.165733    -2.189757
     0.167407    -2.198566


    -0.167407    -2.152140
    -0.165733    -2.144085
    -0.164059    -2.135998
    -0.162385    -2.127883
    -0.160710    -2.119747
    -0.159036    -2.111596
    -0.157362    -2.103434
    -0.155688    -2.095267
    -0.154014    -2.087100
    -0.152340    -2.078938
    -0.150666    -2.070785
    -0.148992    -2.062646
    -0.147318    -2.054525
    -0.145644    -2.046427
    -0.143970    -2.038354
    -0.142296    -2.030313
    -0.140622    -2.022304
    -0.138948    -2.014334
    -0.137274    -2.006403
    -0.135599    -1.998517
    -0.133925    -1.990677
    -0.132251    -1.982887
    -0.130577    -1.975149
    -0.128903    -1.967467
    -0.127229    -1.959842
    -0.125555    -1.952277
    -0.123881    -1.944774
    -0.122207    -1.937335
    -0.120533    -1.929962
    -0.118859    -1.922658
    -0.117185    -1.915423
    -0.115511    -1.908260
    -0.113837    -1.901171
    -0.112163    -1.894156
    -0.110488    -1.887217
    -0.108814    -1.880356
    -0.107140    -1.873574
    -0.105466    -1.866871
    -0.103792    -1.860250
    -0.102118    -1.853710
    -0.100444    -1.847254
    -0.098770    -1.840882
    -0.097096    -1.834594
    -0.095422    -1.828392
    -0.093748    -1.822275
    -0.092074    -1.816246
    -0.090400    -1.810304
    -0.088726    -1.804450
    -0.087051    -1.798684
    -0.085377    -1.793007
    -0.083703    -1.787419
    -0.082029    -1.781921
    -0.080355    -1.776512
    -0.078681    -1.771194
    -0.077007    -1.765966
    -0.075333    -1.760829
    -0.073659    -1.755783
    -0.071985    -1.750828
    -0.070311    -1.745964
    -0.068637    -1.741191
    -0.066963    -1.736509
    -0.065289    -1.731919
    -0.063615    -1.727421
    -0.061940    -1.723015
    -0.060266    -1.718700
    -0.058592    -1.714477
    -0.056918    -1.710346
    -0.055244    -1.706308
    -0.053570    -1.702361
    -0.051896    -1.698507
    -0.050222    -1.694746
    -0.048548    -1.691077
    -0.046874    -1.687501
    -0.045200    -1.684019
    -0.043526    -1.680630
    -0.041852    -1.677336
    -0.040178    -1.674136
    -0.038504    -1.671032
    -0.036829    -1.668024
    -0.035155    -1.665113
    -0.033481    -1.662300
    -0.031807    -1.659588
    -0.030133    -1.656977
    -0.028459    -1.654469
    -0.026785    -1.652067
    -0.025111    -1.649774
    -0.023437    -1.647592
    -0.021763    -1.645525
    -0.020089    -1.643576
    -0.018415    -1.641750
    -0.016741    -1.640052
    -0.015067    -1.638487
    -0.013393    -1.637061
    -0.011718    -1.635781
    -0.010044    -1.634654
    -0.008370    -1.633685
    -0.006696    -1.632884
    -0.005022    -1.632255
    -0.003348    -1.631804
    -0.001674    -1.631536
     0.000000    -1.631452
     0.001674    -1.631544
     0.003348    -1.631813
     0.005022    -1.632264
     0.006696    -1.632892
     0.008370    -1.633693
     0.010044    -1.634660
     0.011718    -1.635787
     0.013393    -1.637066
     0.015067    -1.638491
     0.016741    -1.640055
     0.018415    -1.641752
     0.020089    -1.643576
     0.021763    -1.645524
     0.023437    -1.647590
     0.025111    -1.649771
     0.026785    -1.652064
     0.028459    -1.654464
     0.030133    -1.656971
     0.031807    -1.659581
     0.033481    -1.662293
     0.035155    -1.665105
     0.036829    -1.668015
     0.038504    -1.671022
     0.040178    -1.674126
     0.041852    -1.677326
     0.043526    -1.680620
     0.045200    -1.684008
     0.046874    -1.687490
     0.048548    -1.691066
     0.050222    -1.694734
     0.051896    -1.698496
     0.053570    -1.702350
     0.055244    -1.706296
     0.056918    -1.710335
     0.058592    -1.714465
     0.060266    -1.718688
     0.061940    -1.723003
     0.063615    -1.727409
     0.065289    -1.731907
     0.066963    -1.736497
     0.068637    -1.741178
     0.070311    -1.745951
     0.071985    -1.750815
     0.073659    -1.755770
     0.075333    -1.760816
     0.077007    -1.765953
     0.078681    -1.771181
     0.080355    -1.776499
     0.082029    -1.781907
     0.083703    -1.787406
     0.085377    -1.792993
     0.087051    -1.798670
     0.088726    -1.804436
     0.090400    -1.810290
     0.092074    -1.816232
     0.093748    -1.822261
     0.095422    -1.828377
     0.097096    -1.834580
     0.098770    -1.840867
     0.100444    -1.847240
     0.102118    -1.853696
     0.103792    -1.860235
     0.105466    -1.866856
     0.107140    -1.873559
     0.108814    -1.880341
     0.110488    -1.887202
     0.112163    -1.894140
     0.113837    -1.901155
     0.115511    -1.908245
     0.117185    -1.915407
     0.118859    -1.922642
     0.120533    -1.929946
     0.122207    -1.937319
     0.123881    -1.944757
     0.125555    -1.952260
     0.127229    -1.959825
     0.128903    -1.967450
     0.130577    -1.975133
     0.132251    -1.982871
     0.133925    -1.990660
     0.135599    -1.998500
     0.137274    -2.006387
     0.138948    -2.014317
     0.140622    -2.022288
     0.142296    -2.030296
     0.143970    -2.038338
     0.145644    -2.046410
     0.147318    -2.054508
     0.148992    -2.062629
     0.150666    -2.070768
     0.152340    -2.078921
     0.154014    -2.087083
     0.155688    -2.095251
     0.157362    -2.103418
     0.159036    -2.111580
     0.160710    -2.119731
     0.162385    -2.127867
     0.164059    -2.135982
     0.165733    -2.144069
     0.167407    -2.152124


    -0.167407    -1.727476
    -0.165733    -1.724721
    -0.164059    -1.721983
    -0.162385    -1.719265
    -0.160710    -1.716565
    -0.159036    -1.713885
    -0.157362    -1.711224
    -0.155688    -1.708582
    -0.154014    -1.705961
    -0.152340    -1.703360
    -0.150666    -1.700780
    -0.148992    -1.698221
    -0.147318    -1.695682
    -0.145644    -1.693166
    -0.143970    -1.690671
    -0.142296    -1.688198
    -0.140622    -1.685748
    -0.138948    -1.683321
    -0.137274    -1.680916
    -0.135599    -1.678536
    -0.133925    -1.676179
    -0.132251    -1.673846
    -0.130577    -1.671537
    -0.128903    -1.669254
    -0.127229    -1.666995
    -0.125555    -1.664762
    -0.123881    -1.662555
    -0.122207    -1.660375
    -0.120533    -1.658221
    -0.118859    -1.656094
    -0.117185    -1.653995
    -0.115511    -1.651924
    -0.113837    -1.649881
    -0.112163    -1.647867
    -0.110488    -1.645882
    -0.108814    -1.643927
    -0.107140    -1.642001
    -0.105466    -1.640107
    -0.103792    -1.638243
    -0.102118    -1.636411
    -0.100444    -1.634610
    -0.098770    -1.632842
    -0.097096    -1.631107
    -0.095422    -1.629404
    -0.093748    -1.627736
    -0.092074    -1.626102
    -0.090400    -1.624503
    -0.088726    -1.622939
    -0.087051    -1.621411
    -0.085377    -1.619919
    -0.083703    -1.618464
    -0.082029    -1.617046
    -0.080355    -1.615666
    -0.078681    -1.614324
    -0.077007    -1.613021
    -0.075333    -1.611758
    -0.073659    -1.610534
    -0.071985    -1.609351
    -0.070311    -1.608208
    -0.068637    -1.607107
    -0.066963    -1.606047
    -0.065289    -1.605030
    -0.063615    -1.604055
    -0.061940    -1.603124
    -0.060266    -1.602236
    -0.058592    -1.601393
    -0.056918    -1.600593
    -0.055244    -1.599839
    -0.053570    -1.599129
    -0.051896    -1.598465
    -0.050222    -1.597847
    -0.048548    -1.597274
    -0.046874    -1.596747
    -0.045200    -1.596266
    -0.043526    -1.595830
    -0.041852    -1.595441
    -0.040178    -1.595097
    -0.038504    -1.594798
    -0.036829    -1.594544
    -0.035155    -1.594334
    -0.033481    -1.594168
    -0.031807    -1.594043
    -0.030133    -1.593960
    -0.028459    -1.593916
    -0.026785    -1.593909
    -0.025111    -1.593937
    -0.023437    -1.593998
    -0.021763    -1.594089
    -0.020089    -1.594205
    -0.018415    -1.594342
    -0.016741    -1.594496
    -0.015067    -1.594661
    -0.013393    -1.594831
    -0.011718    -1.594999
    -0.010044    -1.595159
    -0.008370    -1.595303
    -0.006696    -1.595423
    -0.005022    -1.595514
    -0.003348    -1.595570
    -0.001674    -1.595585
     0.000000    -1.595562
     0.001674    -1.595588
     0.003348    -1.595573
     0.005022    -1.595518
     0.006696    -1.595427
     0.008370    -1.595307
     0.010044    -1.595163
     0.011718    -1.595004
     0.013393    -1.594836
     0.015067    -1.594667
     0.016741    -1.594502
     0.018415    -1.594348
     0.020089    -1.594211
     0.021763    -1.594096
     0.023437    -1.594006
     0.025111    -1.593945
     0.026785    -1.593917
     0.028459    -1.593924
     0.030133    -1.593968
     0.031807    -1.594052
     0.033481    -1.594176
     0.035155    -1.594343
     0.036829    -1.594553
     0.038504    -1.594807
     0.040178    -1.595106
     0.041852    -1.595450
     0.043526    -1.595840
     0.045200    -1.596275
     0.046874    -1.596756
     0.048548    -1.597283
     0.050222    -1.597856
     0.051896    -1.598475
     0.053570    -1.599139
     0.055244    -1.599848
     0.056918    -1.600603
     0.058592    -1.601402
     0.060266    -1.602246
     0.061940    -1.603133
     0.063615    -1.604064
     0.065289    -1.605039
     0.066963    -1.606056
     0.068637    -1.607115
     0.070311    -1.608216
     0.071985    -1.609359
     0.073659    -1.610542
     0.075333    -1.611766
     0.077007    -1.613029
     0.078681    -1.614332
     0.080355    -1.615673
     0.082029    -1.617053
     0.083703    -1.618471
     0.085377    -1.619926
     0.087051    -1.621418
     0.088726    -1.622946
     0.090400    -1.624509
     0.092074    -1.626108
     0.093748    -1.627742
     0.095422    -1.629410
     0.097096    -1.631112
     0.098770    -1.632847
     0.100444    -1.634615
     0.102118    -1.636415
     0.103792    -1.638247
     0.105466    -1.640111
     0.107140    -1.642005
     0.108814    -1.643930
     0.110488    -1.645885
     0.112163    -1.647870
     0.113837    -1.649884
     0.115511    -1.651927
     0.117185    -1.653998
     0.118859    -1.656097
     0.120533    -1.658223
     0.122207    -1.660377
     0.123881    -1.662557
     0.125555    -1.664764
     0.127229    -1.666996
     0.128903    -1.669254
     0.130577    -1.671538
     0.132251    -1.673846
     0.133925    -1.676179
     0.135599    -1.678536
     0.137274    -1.680916
     0.138948    -1.683320
     0.140622    -1.685748
     0.142296    -1.688198
     0.143970    -1.690670
     0.145644    -1.693165
     0.147318    -1.695681
     0.148992    -1.698219
     0.150666    -1.700778
     0.152340    -1.703358
     0.154014    -1.705959
     0.155688    -1.708580
     0.157362    -1.711221
     0.159036    -1.713882
     0.160710    -1.716563
     0.162385    -1.719262
     0.164059    -1.721981
     0.165733    -1.724718
     0.167407    -1.727474


    -0.167407    -1.714872
    -0.165733    -1.711984
    -0.164059    -1.709125
    -0.162385    -1.706295
    -0.160710    -1.703494
    -0.159036    -1.700722
    -0.157362    -1.697980
    -0.155688    -1.695267
    -0.154014    -1.692585
    -0.152340    -1.689932
    -0.150666    -1.687310
    -0.148992    -1.684718
    -0.147318    -1.682158
    -0.145644    -1.679628
    -0.143970    -1.677129
    -0.142296    -1.674662
    -0.140622    -1.672227
    -0.138948    -1.669823
    -0.137274    -1.667451
    -0.135599    -1.665112
    -0.133925    -1.662805
    -0.132251    -1.660531
    -0.130577    -1.658290
    -0.128903    -1.656082
    -0.127229    -1.653907
    -0.125555    -1.651766
    -0.123881    -1.649659
    -0.122207    -1.647585
    -0.120533    -1.645546
    -0.118859    -1.643541
    -0.117185    -1.641570
    -0.115511    -1.639635
    -0.113837    -1.637734
    -0.112163    -1.635869
    -0.110488    -1.634039
    -0.108814    -1.632244
    -0.107140    -1.630486
    -0.105466    -1.628764
    -0.103792    -1.627078
    -0.102118    -1.625428
    -0.100444    -1.623815
    -0.098770    -1.622240
    -0.097096    -1.620701
    -0.095422    -1.619200
    -0.093748    -1.617736
    -0.092074    -1.616311
    -0.090400    -1.614923
    -0.088726    -1.613574
    -0.087051    -1.612263
    -0.085377    -1.610992
    -0.083703    -1.609759
    -0.082029    -1.608565
    -0.080355    -1.607411
    -0.078681    -1.606296
    -0.077007    -1.605222
    -0.075333    -1.604187
    -0.073659    -1.603193
    -0.071985    -1.602239
    -0.070311    -1.601326
    -0.068637    -1.600454
    -0.066963    -1.599623
    -0.065289    -1.598834
    -0.063615    -1.598085
    -0.061940    -1.597379
    -0.060266    -1.596714
    -0.058592    -1.596091
    -0.056918    -1.595511
    -0.055244    -1.594972
    -0.053570    -1.594475
    -0.051896    -1.594021
    -0.050222    -1.593609
    -0.048548    -1.593239
    -0.046874    -1.592911
    -0.045200    -1.592625
    -0.043526    -1.592381
    -0.041852    -1.592178
    -0.040178    -1.592016
    -0.038504    -1.591895
    -0.036829    -1.591813
    -0.035155    -1.591771
    -0.033481    -1.591767
    -0.031807    -1.591800
    -0.030133    -1.591869
    -0.028459    -1.591973
    -0.026785    -1.592109
    -0.025111    -1.592275
    -0.023437    -1.592469
    -0.021763    -1.592688
    -0.020089    -1.592928
    -0.018415    -1.593185
    -0.016741    -1.593455
    -0.015067    -1.593733
    -0.013393    -1.594013
    -0.011718    -1.594289
    -0.010044    -1.594553
    -0.008370    -1.594801
    -0.006696    -1.595024
    -0.005022    -1.595216
    -0.003348    -1.595372
    -0.001674    -1.595488
     0.000000    -1.595555
     0.001674    -1.595484
     0.003348    -1.595369
     0.005022    -1.595213
     0.006696    -1.595020
     0.008370    -1.594797
     0.010044    -1.594549
     0.011718    -1.594284
     0.013393    -1.594008
     0.015067    -1.593728
     0.016741    -1.593450
     0.018415    -1.593179
     0.020089    -1.592922
     0.021763    -1.592681
     0.023437    -1.592462
     0.025111    -1.592268
     0.026785    -1.592101
     0.028459    -1.591965
     0.030133    -1.591861
     0.031807    -1.591791
     0.033481    -1.591758
     0.035155    -1.591761
     0.036829    -1.591803
     0.038504    -1.591885
     0.040178    -1.592006
     0.041852    -1.592167
     0.043526    -1.592370
     0.045200    -1.592614
     0.046874    -1.592900
     0.048548    -1.593227
     0.050222    -1.593597
     0.051896    -1.594009
     0.053570    -1.594463
     0.055244    -1.594960
     0.056918    -1.595498
     0.058592    -1.596079
     0.060266    -1.596701
     0.061940    -1.597366
     0.063615    -1.598072
     0.065289    -1.598820
     0.066963    -1.599610
     0.068637    -1.600441
     0.070311    -1.601313
     0.071985    -1.602226
     0.073659    -1.603179
     0.075333    -1.604173
     0.077007    -1.605208
     0.078681    -1.606283
     0.080355    -1.607397
     0.082029    -1.608551
     0.083703    -1.609745
     0.085377    -1.610978
     0.087051    -1.612250
     0.088726    -1.613561
     0.090400    -1.614910
     0.092074    -1.616298
     0.093748    -1.617723
     0.095422    -1.619187
     0.097096    -1.620688
     0.098770    -1.622227
     0.100444    -1.623803
     0.102118    -1.625415
     0.103792    -1.627065
     0.105466    -1.628751
     0.107140    -1.630474
     0.108814    -1.632232
     0.110488    -1.634027
     0.112163    -1.635857
     0.113837    -1.637722
     0.115511    -1.639623
     0.117185    -1.641559
     0.118859    -1.643530
     0.120533    -1.645535
     0.122207    -1.647574
     0.123881    -1.649648
     0.125555    -1.651756
     0.127229    -1.653897
     0.128903    -1.656072
     0.130577    -1.658281
     0.132251    -1.660522
     0.133925    -1.662796
     0.135599    -1.665103
     0.137274    -1.667443
     0.138948    -1.669815
     0.140622    -1.672219
     0.142296    -1.674654
     0.143970    -1.677122
     0.145644    -1.679621
     0.147318    -1.682151
     0.148992    -1.684712
     0.150666    -1.687304
     0.152340    -1.689926
     0.154014    -1.692579
     0.155688    -1.695262
     0.157362    -1.697975
     0.159036    -1.700718
     0.160710    -1.703490
     0.162385    -1.706291
     0.164059    -1.709122
     0.165733    -1.711981
     0.167407    -1.714869


    -0.167407    -1.322824
    -0.165733    -1.316783
    -0.164059    -1.310691
    -0.162385    -1.304550
    -0.160710    -1.298358
    -0.159036    -1.292116
    -0.157362    -1.285824
    -0.155688    -1.279483
    -0.154014    -1.273091
    -0.152340    -1.266650
    -0.150666    -1.260159
    -0.148992    -1.253620
    -0.147318    -1.247031
    -0.145644    -1.240395
    -0.143970    -1.233710
    -0.142296    -1.226978
    -0.140622    -1.220201
    -0.138948    -1.213378
    -0.137274    -1.206516
    -0.135599    -1.199641
    -0.133925    -1.193039
    -0.132251    -1.186710
    -0.130577    -1.180368
    -0.128903    -1.173987
    -0.127229    -1.167561
    -0.125555    -1.161091
    -0.123881    -1.154574
    -0.122207    -1.148011
    -0.120533    -1.141401
    -0.118859    -1.134745
    -0.117185    -1.128043
    -0.115511    -1.121294
    -0.113837    -1.114499
    -0.112163    -1.107659
    -0.110488    -1.100774
    -0.108814    -1.093843
    -0.107140    -1.086869
    -0.105466    -1.079851
    -0.103792    -1.072790
    -0.102118    -1.065688
    -0.100444    -1.058544
    -0.098770    -1.051362
    -0.097096    -1.044140
    -0.095422    -1.036882
    -0.093748    -1.029589
    -0.092074    -1.022261
    -0.090400    -1.014902
    -0.088726    -1.007513
    -0.087051    -1.000096
    -0.085377    -0.992654
    -0.083703    -0.985188
    -0.082029    -0.977702
    -0.080355    -0.970199
    -0.078681    -0.962681
    -0.077007    -0.955152
    -0.075333    -0.947616
    -0.073659    -0.940075
    -0.071985    -0.932534
    -0.070311    -0.924998
    -0.068637    -0.917470
    -0.066963    -0.909955
    -0.065289    -0.902458
    -0.063615    -0.894985
    -0.061940    -0.887541
    -0.060266    -0.880132
    -0.058592    -0.872764
    -0.056918    -0.865443
    -0.055244    -0.858177
    -0.053570    -0.850973
    -0.051896    -0.843838
    -0.050222    -0.836781
    -0.048548    -0.829809
    -0.046874    -0.822932
    -0.045200    -0.816159
    -0.043526    -0.809499
    -0.041852    -0.802962
    -0.040178    -0.796558
    -0.038504    -0.790299
    -0.036829    -0.784195
    -0.035155    -0.778256
    -0.033481    -0.772496
    -0.031807    -0.766925
    -0.030133    -0.761555
    -0.028459    -0.756398
    -0.026785    -0.751466
    -0.025111    -0.746770
    -0.023437    -0.742322
    -0.021763    -0.738133
    -0.020089    -0.734213
    -0.018415    -0.730573
    -0.016741    -0.727222
    -0.015067    -0.724168
    -0.013393    -0.721420
    -0.011718    -0.718983
    -0.010044    -0.716864
    -0.008370    -0.715067
    -0.006696    -0.713596
    -0.005022    -0.712451
    -0.003348    -0.711635
    -0.001674    -0.711145
     0.000000    -0.710980
     0.001674    -0.711141
     0.003348    -0.711624
     0.005022    -0.712438
     0.006696    -0.713582
     0.008370    -0.715054
     0.010044    -0.716851
     0.011718    -0.718970
     0.013393    -0.721407
     0.015067    -0.724155
     0.016741    -0.727209
     0.018415    -0.730560
     0.020089    -0.734200
     0.021763    -0.738120
     0.023437    -0.742309
     0.025111    -0.746757
     0.026785    -0.751453
     0.028459    -0.756385
     0.030133    -0.761542
     0.031807    -0.766912
     0.033481    -0.772483
     0.035155    -0.778244
     0.036829    -0.784182
     0.038504    -0.790287
     0.040178    -0.796547
     0.041852    -0.802950
     0.043526    -0.809487
     0.045200    -0.816148
     0.046874    -0.822921
     0.048548    -0.829799
     0.050222    -0.836771
     0.051896    -0.843828
     0.053570    -0.850964
     0.055244    -0.858168
     0.056918    -0.865434
     0.058592    -0.872755
     0.060266    -0.880124
     0.061940    -0.887533
     0.063615    -0.894978
     0.065289    -0.902451
     0.066963    -0.909948
     0.068637    -0.917464
     0.070311    -0.924992
     0.071985    -0.932529
     0.073659    -0.940070
     0.075333    -0.947611
     0.077007    -0.955148
     0.078681    -0.962677
     0.080355    -0.970195
     0.082029    -0.977699
     0.083703    -0.985185
     0.085377    -0.992650
     0.087051    -1.000093
     0.088726    -1.007510
     0.090400    -1.014900
     0.092074    -1.022259
     0.093748    -1.029587
     0.095422    -1.036881
     0.097096    -1.044139
     0.098770    -1.051360
     0.100444    -1.058543
     0.102118    -1.065687
     0.103792    -1.072789
     0.105466    -1.079850
     0.107140    -1.086868
     0.108814    -1.093843
     0.110488    -1.100773
     0.112163    -1.107659
     0.113837    -1.114499
     0.115511    -1.121294
     0.117185    -1.128043
     0.118859    -1.134745
     0.120533    -1.141401
     0.122207    -1.148010
     0.123881    -1.154574
     0.125555    -1.161090
     0.127229    -1.167561
     0.128903    -1.173986
     0.130577    -1.180367
     0.132251    -1.186707
     0.133925    -1.193031
     0.135599    -1.199624
     0.137274    -1.206502
     0.138948    -1.213364
     0.140622    -1.220187
     0.142296    -1.226964
     0.143970    -1.233696
     0.145644    -1.240380
     0.147318    -1.247016
     0.148992    -1.253604
     0.150666    -1.260143
     0.152340    -1.266634
     0.154014    -1.273074
     0.155688    -1.279465
     0.157362    -1.285807
     0.159036    -1.292098
     0.160710    -1.298340
     0.162385    -1.304531
     0.164059    -1.310672
     0.165733    -1.316763
     0.167407    -1.322804


    -0.167407    -1.309754
    -0.165733    -1.304284
    -0.164059    -1.298779
    -0.162385    -1.293237
    -0.160710    -1.287659
    -0.159036    -1.282044
    -0.157362    -1.276390
    -0.155688    -1.270699
    -0.154014    -1.264968
    -0.152340    -1.259197
    -0.150666    -1.253387
    -0.148992    -1.247535
    -0.147318    -1.241642
    -0.145644    -1.235708
    -0.143970    -1.229730
    -0.142296    -1.223710
    -0.140622    -1.217645
    -0.138948    -1.211534
    -0.137274    -1.205373
    -0.135599    -1.199135
    -0.133925    -1.192534
    -0.132251    -1.185572
    -0.130577    -1.178533
    -0.128903    -1.171446
    -0.127229    -1.164316
    -0.125555    -1.157145
    -0.123881    -1.149934
    -0.122207    -1.142686
    -0.120533    -1.135401
    -0.118859    -1.128081
    -0.117185    -1.120727
    -0.115511    -1.113341
    -0.113837    -1.105925
    -0.112163    -1.098479
    -0.110488    -1.091007
    -0.108814    -1.083509
    -0.107140    -1.075987
    -0.105466    -1.068445
    -0.103792    -1.060882
    -0.102118    -1.053303
    -0.100444    -1.045709
    -0.098770    -1.038102
    -0.097096    -1.030484
    -0.095422    -1.022859
    -0.093748    -1.015229
    -0.092074    -1.007596
    -0.090400    -0.999963
    -0.088726    -0.992334
    -0.087051    -0.984711
    -0.085377    -0.977097
    -0.083703    -0.969495
    -0.082029    -0.961908
    -0.080355    -0.954341
    -0.078681    -0.946795
    -0.077007    -0.939276
    -0.075333    -0.931786
    -0.073659    -0.924329
    -0.071985    -0.916910
    -0.070311    -0.909531
    -0.068637    -0.902198
    -0.066963    -0.894915
    -0.065289    -0.887684
    -0.063615    -0.880513
    -0.061940    -0.873404
    -0.060266    -0.866362
    -0.058592    -0.859393
    -0.056918    -0.852502
    -0.055244    -0.845693
    -0.053570    -0.838972
    -0.051896    -0.832344
    -0.050222    -0.825815
    -0.048548    -0.819391
    -0.046874    -0.813078
    -0.045200    -0.806881
    -0.043526    -0.800808
    -0.041852    -0.794865
    -0.040178    -0.789058
    -0.038504    -0.783395
    -0.036829    -0.777882
    -0.035155    -0.772527
    -0.033481    -0.767337
    -0.031807    -0.762321
    -0.030133    -0.757485
    -0.028459    -0.752839
    -0.026785    -0.748390
    -0.025111    -0.744147
    -0.023437    -0.740118
    -0.021763    -0.736312
    -0.020089    -0.732738
    -0.018415    -0.729404
    -0.016741    -0.726319
    -0.015067    -0.723492
    -0.013393    -0.720932
    -0.011718    -0.718647
    -0.010044    -0.716644
    -0.008370    -0.714932
    -0.006696    -0.713517
    -0.005022    -0.712407
    -0.003348    -0.711609
    -0.001674    -0.711127
     0.000000    -0.710968
     0.001674    -0.711131
     0.003348    -0.711618
     0.005022    -0.712419
     0.006696    -0.713528
     0.008370    -0.714941
     0.010044    -0.716653
     0.011718    -0.718655
     0.013393    -0.720940
     0.015067    -0.723500
     0.016741    -0.726326
     0.018415    -0.729410
     0.020089    -0.732743
     0.021763    -0.736317
     0.023437    -0.740123
     0.025111    -0.744152
     0.026785    -0.748395
     0.028459    -0.752844
     0.030133    -0.757490
     0.031807    -0.762325
     0.033481    -0.767341
     0.035155    -0.772531
     0.036829    -0.777886
     0.038504    -0.783398
     0.040178    -0.789061
     0.041852    -0.794868
     0.043526    -0.800811
     0.045200    -0.806884
     0.046874    -0.813080
     0.048548    -0.819394
     0.050222    -0.825818
     0.051896    -0.832346
     0.053570    -0.838974
     0.055244    -0.845695
     0.056918    -0.852504
     0.058592    -0.859395
     0.060266    -0.866364
     0.061940    -0.873406
     0.063615    -0.880515
     0.065289    -0.887686
     0.066963    -0.894916
     0.068637    -0.902200
     0.070311    -0.909533
     0.071985    -0.916911
     0.073659    -0.924331
     0.075333    -0.931787
     0.077007    -0.939277
     0.078681    -0.946796
     0.080355    -0.954341
     0.082029    -0.961909
     0.083703    -0.969495
     0.085377    -0.977097
     0.087051    -0.984711
     0.088726    -0.992334
     0.090400    -0.999963
     0.092074    -1.007595
     0.093748    -1.015228
     0.095422    -1.022858
     0.097096    -1.030483
     0.098770    -1.038100
     0.100444    -1.045706
     0.102118    -1.053301
     0.103792    -1.060880
     0.105466    -1.068442
     0.107140    -1.075984
     0.108814    -1.083505
     0.110488    -1.091003
     0.112163    -1.098475
     0.113837    -1.105920
     0.115511    -1.113336
     0.117185    -1.120722
     0.118859    -1.128075
     0.120533    -1.135395
     0.122207    -1.142679
     0.123881    -1.149927
     0.125555    -1.157137
     0.127229    -1.164308
     0.128903    -1.171438
     0.130577    -1.178525
     0.132251    -1.185565
     0.133925    -1.192533
     0.135599    -1.199141
     0.137274    -1.205377
     0.138948    -1.211537
     0.140622    -1.217647
     0.142296    -1.223711
     0.143970    -1.229732
     0.145644    -1.235709
     0.147318    -1.241643
     0.148992    -1.247536
     0.150666    -1.253387
     0.152340    -1.259198
     0.154014    -1.264968
     0.155688    -1.270699
     0.157362    -1.276391
     0.159036    -1.282044
     0.160710    -1.287659
     0.162385    -1.293237
     0.164059    -1.298779
     0.165733    -1.304284
     0.167407    -1.309754


    -0.167407    -0.494551
    -0.165733    -0.489912
    -0.164059    -0.485316
    -0.162385    -0.480763
    -0.160710    -0.476256
    -0.159036    -0.471795
    -0.157362    -0.467380
    -0.155688    -0.463013
    -0.154014    -0.458694
    -0.152340    -0.454424
    -0.150666    -0.450205
    -0.148992    -0.446036
    -0.147318    -0.441919
    -0.145644    -0.437855
    -0.143970    -0.433845
    -0.142296    -0.429889
    -0.140622    -0.425988
    -0.138948    -0.422143
    -0.137274    -0.418356
    -0.135599    -0.414626
    -0.133925    -0.410954
    -0.132251    -0.407342
    -0.130577    -0.403790
    -0.128903    -0.400299
    -0.127229    -0.396870
    -0.125555    -0.393503
    -0.123881    -0.390199
    -0.122207    -0.386959
    -0.120533    -0.383784
    -0.118859    -0.380673
    -0.117185    -0.377628
    -0.115511    -0.374650
    -0.113837    -0.371738
    -0.112163    -0.368893
    -0.110488    -0.366117
    -0.108814    -0.363408
    -0.107140    -0.360768
    -0.105466    -0.358196
    -0.103792    -0.355694
    -0.102118    -0.353260
    -0.100444    -0.350896
    -0.098770    -0.348601
    -0.097096    -0.346375
    -0.095422    -0.344218
    -0.093748    -0.342130
    -0.092074    -0.340111
    -0.090400    -0.338159
    -0.088726    -0.336275
    -0.087051    -0.334458
    -0.085377    -0.332707
    -0.083703    -0.331021
    -0.082029    -0.329399
    -0.080355    -0.327839
    -0.078681    -0.326341
    -0.077007    -0.324903
    -0.075333    -0.323523
    -0.073659    -0.322198
    -0.071985    -0.320928
    -0.070311    -0.319709
    -0.068637    -0.318539
    -0.066963    -0.317415
    -0.065289    -0.316334
    -0.063615    -0.315292
    -0.061940    -0.314285
    -0.060266    -0.313311
    -0.058592    -0.312363
    -0.056918    -0.311438
    -0.055244    -0.310530
    -0.053570    -0.309633
    -0.051896    -0.308743
    -0.050222    -0.307853
    -0.048548    -0.306956
    -0.046874    -0.306045
    -0.045200    -0.305112
    -0.043526    -0.304150
    -0.041852    -0.303150
    -0.040178    -0.302104
    -0.038504    -0.301003
    -0.036829    -0.299836
    -0.035155    -0.298595
    -0.033481    -0.297268
    -0.031807    -0.295847
    -0.030133    -0.294320
    -0.028459    -0.292676
    -0.026785    -0.290906
    -0.025111    -0.288998
    -0.023437    -0.286942
    -0.021763    -0.284728
    -0.020089    -0.282347
    -0.018415    -0.279788
    -0.016741    -0.277045
    -0.015067    -0.274108
    -0.013393    -0.270971
    -0.011718    -0.267628
    -0.010044    -0.264074
    -0.008370    -0.260305
    -0.006696    -0.256318
    -0.005022    -0.252111
    -0.003348    -0.247685
    -0.001674    -0.243040
     0.000000    -0.238203
     0.001674    -0.243066
     0.003348    -0.247711
     0.005022    -0.252138
     0.006696    -0.256345
     0.008370    -0.260333
     0.010044    -0.264103
     0.011718    -0.267657
     0.013393    -0.271001
     0.015067    -0.274138
     0.016741    -0.277076
     0.018415    -0.279819
     0.020089    -0.282378
     0.021763    -0.284760
     0.023437    -0.286974
     0.025111    -0.289030
     0.026785    -0.290938
     0.028459    -0.292708
     0.030133    -0.294352
     0.031807    -0.295879
     0.033481    -0.297300
     0.035155    -0.298627
     0.036829    -0.299868
     0.038504    -0.301034
     0.040178    -0.302136
     0.041852    -0.303182
     0.043526    -0.304181
     0.045200    -0.305143
     0.046874    -0.306075
     0.048548    -0.306986
     0.050222    -0.307883
     0.051896    -0.308773
     0.053570    -0.309662
     0.055244    -0.310558
     0.056918    -0.311466
     0.058592    -0.312390
     0.060266    -0.313338
     0.061940    -0.314312
     0.063615    -0.315318
     0.065289    -0.316359
     0.066963    -0.317440
     0.068637    -0.318564
     0.070311    -0.319733
     0.071985    -0.320952
     0.073659    -0.322221
     0.075333    -0.323545
     0.077007    -0.324925
     0.078681    -0.326363
     0.080355    -0.327860
     0.082029    -0.329419
     0.083703    -0.331041
     0.085377    -0.332726
     0.087051    -0.334477
     0.088726    -0.336294
     0.090400    -0.338177
     0.092074    -0.340128
     0.093748    -0.342147
     0.095422    -0.344235
     0.097096    -0.346391
     0.098770    -0.348616
     0.100444    -0.350911
     0.102118    -0.353275
     0.103792    -0.355708
     0.105466    -0.358210
     0.107140    -0.360781
     0.108814    -0.363421
     0.110488    -0.366129
     0.112163    -0.368905
     0.113837    -0.371750
     0.115511    -0.374661
     0.117185    -0.377639
     0.118859    -0.380684
     0.120533    -0.383794
     0.122207    -0.386969
     0.123881    -0.390209
     0.125555    -0.393512
     0.127229    -0.396879
     0.128903    -0.400308
     0.130577    -0.403799
     0.132251    -0.407350
     0.133925    -0.410962
     0.135599    -0.414634
     0.137274    -0.418363
     0.138948    -0.422151
     0.140622    -0.425995
     0.142296    -0.429896
     0.143970    -0.433852
     0.145644    -0.437862
     0.147318    -0.441926
     0.148992    -0.446043
     0.150666    -0.450211
     0.152340    -0.454431
     0.154014    -0.458700
     0.155688    -0.463019
     0.157362    -0.467386
     0.159036    -0.471801
     0.160710    -0.476262
     0.162385    -0.480769
     0.164059    -0.485322
     0.165733    -0.489918
     0.167407    -0.494557


    -0.167407    -0.454454
    -0.165733    -0.447980
    -0.164059    -0.441509
    -0.162385    -0.435040
    -0.160710    -0.428575
    -0.159036    -0.422113
    -0.157362    -0.415654
    -0.155688    -0.409198
    -0.154014    -0.402746
    -0.152340    -0.396297
    -0.150666    -0.389852
    -0.148992    -0.383410
    -0.147318    -0.376973
    -0.145644    -0.370539
    -0.143970    -0.364109
    -0.142296    -0.357683
    -0.140622    -0.351261
    -0.138948    -0.344843
    -0.137274    -0.338430
    -0.135599    -0.332021
    -0.133925    -0.325616
    -0.132251    -0.319216
    -0.130577    -0.312820
    -0.128903    -0.306430
    -0.127229    -0.300044
    -0.125555    -0.293663
    -0.123881    -0.287287
    -0.122207    -0.280916
    -0.120533    -0.274551
    -0.118859    -0.268191
    -0.117185    -0.261837
    -0.115511    -0.255489
    -0.113837    -0.249147
    -0.112163    -0.242811
    -0.110488    -0.236482
    -0.108814    -0.230160
    -0.107140    -0.223845
    -0.105466    -0.217538
    -0.103792    -0.211239
    -0.102118    -0.204949
    -0.100444    -0.198669
    -0.098770    -0.192399
    -0.097096    -0.186141
    -0.095422    -0.179895
    -0.093748    -0.173662
    -0.092074    -0.167445
    -0.090400    -0.161244
    -0.088726    -0.155063
    -0.087051    -0.148903
    -0.085377    -0.142768
    -0.083703    -0.136661
    -0.082029    -0.130586
    -0.080355    -0.124549
    -0.078681    -0.118557
    -0.077007    -0.112616
    -0.075333    -0.106737
    -0.073659    -0.100932
    -0.071985    -0.095216
    -0.070311    -0.089609
    -0.068637    -0.084134
    -0.066963    -0.078823
    -0.065289    -0.073716
    -0.063615    -0.068866
    -0.061940    -0.064340
    -0.060266    -0.060224
    -0.058592    -0.056630
    -0.056918    -0.053690
    -0.055244    -0.051560
    -0.053570    -0.050397
    -0.051896    -0.050339
    -0.050222    -0.051469
    -0.048548    -0.053786
    -0.046874    -0.057207
    -0.045200    -0.061589
    -0.043526    -0.066764
    -0.041852    -0.072568
    -0.040178    -0.078857
    -0.038504    -0.085508
    -0.036829    -0.092427
    -0.035155    -0.099535
    -0.033481    -0.106772
    -0.031807    -0.114090
    -0.030133    -0.121450
    -0.028459    -0.128818
    -0.026785    -0.136169
    -0.025111    -0.143478
    -0.023437    -0.150727
    -0.021763    -0.157897
    -0.020089    -0.164972
    -0.018415    -0.171939
    -0.016741    -0.178784
    -0.015067    -0.185494
    -0.013393    -0.192059
    -0.011718    -0.198467
    -0.010044    -0.204709
    -0.008370    -0.210775
    -0.006696    -0.216657
    -0.005022    -0.222347
    -0.003348    -0.227839
    -0.001674    -0.233126
     0.000000    -0.238177
     0.001674    -0.233102
     0.003348    -0.227816
     0.005022    -0.222325
     0.006696    -0.216635
     0.008370    -0.210754
     0.010044    -0.204688
     0.011718    -0.198447
     0.013393    -0.192040
     0.015067    -0.185476
     0.016741    -0.178766
     0.018415    -0.171922
     0.020089    -0.164956
     0.021763    -0.157881
     0.023437    -0.150712
     0.025111    -0.143464
     0.026785    -0.136155
     0.028459    -0.128805
     0.030133    -0.121437
     0.031807    -0.114078
     0.033481    -0.106760
     0.035155    -0.099522
     0.036829    -0.092414
     0.038504    -0.085496
     0.040178    -0.078844
     0.041852    -0.072555
     0.043526    -0.066751
     0.045200    -0.061575
     0.046874    -0.057192
     0.048548    -0.053770
     0.050222    -0.051452
     0.051896    -0.050322
     0.053570    -0.050379
     0.055244    -0.051542
     0.056918    -0.053672
     0.058592    -0.056612
     0.060266    -0.060206
     0.061940    -0.064322
     0.063615    -0.068848
     0.065289    -0.073698
     0.066963    -0.078805
     0.068637    -0.084116
     0.070311    -0.089591
     0.071985    -0.095199
     0.073659    -0.100915
     0.075333    -0.106720
     0.077007    -0.112599
     0.078681    -0.118540
     0.080355    -0.124533
     0.082029    -0.130570
     0.083703    -0.136645
     0.085377    -0.142752
     0.087051    -0.148887
     0.088726    -0.155047
     0.090400    -0.161229
     0.092074    -0.167430
     0.093748    -0.173647
     0.095422    -0.179880
     0.097096    -0.186127
     0.098770    -0.192386
     0.100444    -0.198656
     0.102118    -0.204936
     0.103792    -0.211227
     0.105466    -0.217526
     0.107140    -0.223833
     0.108814    -0.230148
     0.110488    -0.236471
     0.112163    -0.242800
     0.113837    -0.249137
     0.115511    -0.255479
     0.117185    -0.261828
     0.118859    -0.268183
     0.120533    -0.274543
     0.122207    -0.280909
     0.123881    -0.287280
     0.125555    -0.293656
     0.127229    -0.300038
     0.128903    -0.306424
     0.130577    -0.312815
     0.132251    -0.319211
     0.133925    -0.325612
     0.135599    -0.332017
     0.137274    -0.338427
     0.138948    -0.344841
     0.140622    -0.351259
     0.142296    -0.357681
     0.143970    -0.364108
     0.145644    -0.370539
     0.147318    -0.376973
     0.148992    -0.383411
     0.150666    -0.389853
     0.152340    -0.396299
     0.154014    -0.402749
     0.155688    -0.409201
     0.157362    -0.415658
     0.159036    -0.422117
     0.160710    -0.428580
     0.162385    -0.435046
     0.164059    -0.441515
     0.165733    -0.447987
     0.167407    -0.454461


    -0.167407     0.654532
    -0.165733     0.645771
    -0.164059     0.636984
    -0.162385     0.628172
    -0.160710     0.619333
    -0.159036     0.610470
    -0.157362     0.601581
    -0.155688     0.592668
    -0.154014     0.583730
    -0.152340     0.574768
    -0.150666     0.565783
    -0.148992     0.556774
    -0.147318     0.547742
    -0.145644     0.538688
    -0.143970     0.529611
    -0.142296     0.520513
    -0.140622     0.511393
    -0.138948     0.502253
    -0.137274     0.493092
    -0.135599     0.483911
    -0.133925     0.474710
    -0.132251     0.465491
    -0.130577     0.456254
    -0.128903     0.446999
    -0.127229     0.437727
    -0.125555     0.428439
    -0.123881     0.419135
    -0.122207     0.409817
    -0.120533     0.400484
    -0.118859     0.391138
    -0.117185     0.381779
    -0.115511     0.372410
    -0.113837     0.363030
    -0.112163     0.353640
    -0.110488     0.344242
    -0.108814     0.334838
    -0.107140     0.325427
    -0.105466     0.316013
    -0.103792     0.306596
    -0.102118     0.297177
    -0.100444     0.287760
    -0.098770     0.278345
    -0.097096     0.268935
    -0.095422     0.259532
    -0.093748     0.250139
    -0.092074     0.240759
    -0.090400     0.231394
    -0.088726     0.222050
    -0.087051     0.212728
    -0.085377     0.203435
    -0.083703     0.194176
    -0.082029     0.184956
    -0.080355     0.175783
    -0.078681     0.166665
    -0.077007     0.157612
    -0.075333     0.148636
    -0.073659     0.139752
    -0.071985     0.130976
    -0.070311     0.122330
    -0.068637     0.113842
    -0.066963     0.105545
    -0.065289     0.097482
    -0.063615     0.089708
    -0.061940     0.082294
    -0.060266     0.075330
    -0.058592     0.068928
    -0.056918     0.063227
    -0.055244     0.058384
    -0.053570     0.054561
    -0.051896     0.051900
    -0.050222     0.050487
    -0.048548     0.050325
    -0.046874     0.051337
    -0.045200     0.053383
    -0.043526     0.056301
    -0.041852     0.059932
    -0.040178     0.064134
    -0.038504     0.068794
    -0.036829     0.073819
    -0.035155     0.079140
    -0.033481     0.084701
    -0.031807     0.090460
    -0.030133     0.096384
    -0.028459     0.102447
    -0.026785     0.108629
    -0.025111     0.114914
    -0.023437     0.121290
    -0.021763     0.127745
    -0.020089     0.134272
    -0.018415     0.140863
    -0.016741     0.147512
    -0.015067     0.154215
    -0.013393     0.160968
    -0.011718     0.167766
    -0.010044     0.174607
    -0.008370     0.181489
    -0.006696     0.188407
    -0.005022     0.195361
    -0.003348     0.202349
    -0.001674     0.209368
     0.000000     0.216410
     0.001674     0.209363
     0.003348     0.202345
     0.005022     0.195358
     0.006696     0.188404
     0.008370     0.181485
     0.010044     0.174605
     0.011718     0.167764
     0.013393     0.160966
     0.015067     0.154214
     0.016741     0.147511
     0.018415     0.140862
     0.020089     0.134271
     0.021763     0.127745
     0.023437     0.121290
     0.025111     0.114914
     0.026785     0.108629
     0.028459     0.102447
     0.030133     0.096384
     0.031807     0.090461
     0.033481     0.084702
     0.035155     0.079141
     0.036829     0.073820
     0.038504     0.068794
     0.040178     0.064134
     0.041852     0.059931
     0.043526     0.056301
     0.045200     0.053382
     0.046874     0.051335
     0.048548     0.050322
     0.050222     0.050483
     0.051896     0.051895
     0.053570     0.054555
     0.055244     0.058378
     0.056918     0.063221
     0.058592     0.068922
     0.060266     0.075323
     0.061940     0.082287
     0.063615     0.089701
     0.065289     0.097475
     0.066963     0.105538
     0.068637     0.113835
     0.070311     0.122324
     0.071985     0.130969
     0.073659     0.139745
     0.075333     0.148630
     0.077007     0.157606
     0.078681     0.166658
     0.080355     0.175776
     0.082029     0.184949
     0.083703     0.194169
     0.085377     0.203429
     0.087051     0.212722
     0.088726     0.222043
     0.090400     0.231388
     0.092074     0.240752
     0.093748     0.250133
     0.095422     0.259526
     0.097096     0.268929
     0.098770     0.278339
     0.100444     0.287754
     0.102118     0.297171
     0.103792     0.306590
     0.105466     0.316007
     0.107140     0.325422
     0.108814     0.334832
     0.110488     0.344237
     0.112163     0.353635
     0.113837     0.363025
     0.115511     0.372405
     0.117185     0.381775
     0.118859     0.391134
     0.120533     0.400480
     0.122207     0.409813
     0.123881     0.419132
     0.125555     0.428436
     0.127229     0.437724
     0.128903     0.446996
     0.130577     0.456252
     0.132251     0.465489
     0.133925     0.474708
     0.135599     0.483909
     0.137274     0.493090
     0.138948     0.502251
     0.140622     0.511392
     0.142296     0.520512
     0.143970     0.529611
     0.145644     0.538688
     0.147318     0.547742
     0.148992     0.556775
     0.150666     0.565784
     0.152340     0.574769
     0.154014     0.583732
     0.155688     0.592670
     0.157362     0.601583
     0.159036     0.610472
     0.160710     0.619336
     0.162385     0.628175
     0.164059     0.636988
     0.165733     0.645775
     0.167407     0.654536


    -0.167407     0.886051
    -0.165733     0.880358
    -0.164059     0.874650
    -0.162385     0.868927
    -0.160710     0.863190
    -0.159036     0.857438
    -0.157362     0.851671
    -0.155688     0.845888
    -0.154014     0.840089
    -0.152340     0.834274
    -0.150666     0.828442
    -0.148992     0.822593
    -0.147318     0.816726
    -0.145644     0.810842
    -0.143970     0.804939
    -0.142296     0.799018
    -0.140622     0.793077
    -0.138948     0.787117
    -0.137274     0.781136
    -0.135599     0.775135
    -0.133925     0.769114
    -0.132251     0.763070
    -0.130577     0.757005
    -0.128903     0.750917
    -0.127229     0.744806
    -0.125555     0.738672
    -0.123881     0.732514
    -0.122207     0.726332
    -0.120533     0.720125
    -0.118859     0.713892
    -0.117185     0.707634
    -0.115511     0.701350
    -0.113837     0.695039
    -0.112163     0.688702
    -0.110488     0.682337
    -0.108814     0.675944
    -0.107140     0.669524
    -0.105466     0.663075
    -0.103792     0.656598
    -0.102118     0.650092
    -0.100444     0.643557
    -0.098770     0.636992
    -0.097096     0.630399
    -0.095422     0.623776
    -0.093748     0.617123
    -0.092074     0.610441
    -0.090400     0.603730
    -0.088726     0.596989
    -0.087051     0.590219
    -0.085377     0.583420
    -0.083703     0.576591
    -0.082029     0.569735
    -0.080355     0.562849
    -0.078681     0.555936
    -0.077007     0.548996
    -0.075333     0.542028
    -0.073659     0.535034
    -0.071985     0.528014
    -0.070311     0.520968
    -0.068637     0.513898
    -0.066963     0.506804
    -0.065289     0.499687
    -0.063615     0.492548
    -0.061940     0.485387
    -0.060266     0.478206
    -0.058592     0.471006
    -0.056918     0.463787
    -0.055244     0.456551
    -0.053570     0.449299
    -0.051896     0.442031
    -0.050222     0.434750
    -0.048548     0.427456
    -0.046874     0.420150
    -0.045200     0.412835
    -0.043526     0.405510
    -0.041852     0.398178
    -0.040178     0.390839
    -0.038504     0.383496
    -0.036829     0.376149
    -0.035155     0.368800
    -0.033481     0.361450
    -0.031807     0.354101
    -0.030133     0.346754
    -0.028459     0.339410
    -0.026785     0.332071
    -0.025111     0.324738
    -0.023437     0.317413
    -0.021763     0.310097
    -0.020089     0.302791
    -0.018415     0.295496
    -0.016741     0.288215
    -0.015067     0.280947
    -0.013393     0.273696
    -0.011718     0.266462
    -0.010044     0.259246
    -0.008370     0.252049
    -0.006696     0.244874
    -0.005022     0.237721
    -0.003348     0.230593
    -0.001674     0.223489
     0.000000     0.216419
     0.001674     0.223494
     0.003348     0.230598
     0.005022     0.237727
     0.006696     0.244881
     0.008370     0.252056
     0.010044     0.259253
     0.011718     0.266469
     0.013393     0.273704
     0.015067     0.280955
     0.016741     0.288223
     0.018415     0.295504
     0.020089     0.302799
     0.021763     0.310105
     0.023437     0.317422
     0.025111     0.324747
     0.026785     0.332080
     0.028459     0.339419
     0.030133     0.346763
     0.031807     0.354111
     0.033481     0.361460
     0.035155     0.368810
     0.036829     0.376159
     0.038504     0.383506
     0.040178     0.390849
     0.041852     0.398187
     0.043526     0.405519
     0.045200     0.412844
     0.046874     0.420160
     0.048548     0.427465
     0.050222     0.434759
     0.051896     0.442040
     0.053570     0.449308
     0.055244     0.456560
     0.056918     0.463796
     0.058592     0.471014
     0.060266     0.478215
     0.061940     0.485396
     0.063615     0.492556
     0.065289     0.499695
     0.066963     0.506812
     0.068637     0.513905
     0.070311     0.520975
     0.071985     0.528020
     0.073659     0.535040
     0.075333     0.542034
     0.077007     0.549002
     0.078681     0.555942
     0.080355     0.562855
     0.082029     0.569740
     0.083703     0.576597
     0.085377     0.583424
     0.087051     0.590224
     0.088726     0.596993
     0.090400     0.603734
     0.092074     0.610445
     0.093748     0.617127
     0.095422     0.623779
     0.097096     0.630402
     0.098770     0.636996
     0.100444     0.643560
     0.102118     0.650094
     0.103792     0.656600
     0.105466     0.663077
     0.107140     0.669526
     0.108814     0.675946
     0.110488     0.682339
     0.112163     0.688703
     0.113837     0.695041
     0.115511     0.701351
     0.117185     0.707635
     0.118859     0.713893
     0.120533     0.720126
     0.122207     0.726333
     0.123881     0.732515
     0.125555     0.738673
     0.127229     0.744807
     0.128903     0.750917
     0.130577     0.757005
     0.132251     0.763070
     0.133925     0.769114
     0.135599     0.775136
     0.137274     0.781136
     0.138948     0.787117
     0.140622     0.793077
     0.142296     0.799017
     0.143970     0.804939
     0.145644     0.810842
     0.147318     0.816726
     0.148992     0.822592
     0.150666     0.828441
     0.152340     0.834273
     0.154014     0.840089
     0.155688     0.845888
     0.157362     0.851671
     0.159036     0.857438
     0.160710     0.863190
     0.162385     0.868927
     0.164059     0.874649
     0.165733     0.880357
     0.167407     0.886051


    -0.167407     1.831231
    -0.165733     1.823382
    -0.164059     1.815550
    -0.162385     1.807738
    -0.160710     1.799948
    -0.159036     1.792180
    -0.157362     1.784439
    -0.155688     1.776724
    -0.154014     1.769039
    -0.152340     1.761386
    -0.150666     1.753766
    -0.148992     1.746182
    -0.147318     1.738637
    -0.145644     1.731131
    -0.143970     1.723669
    -0.142296     1.716251
    -0.140622     1.708880
    -0.138948     1.701559
    -0.137274     1.694289
    -0.135599     1.687074
    -0.133925     1.679916
    -0.132251     1.672817
    -0.130577     1.665779
    -0.128903     1.658805
    -0.127229     1.651897
    -0.125555     1.645058
    -0.123881     1.638291
    -0.122207     1.631597
    -0.120533     1.624980
    -0.118859     1.618441
    -0.117185     1.611983
    -0.115511     1.605609
    -0.113837     1.599320
    -0.112163     1.593120
    -0.110488     1.587011
    -0.108814     1.580994
    -0.107140     1.575073
    -0.105466     1.569250
    -0.103792     1.563526
    -0.102118     1.557904
    -0.100444     1.552387
    -0.098770     1.546976
    -0.097096     1.541673
    -0.095422     1.536480
    -0.093748     1.531400
    -0.092074     1.526435
    -0.090400     1.521585
    -0.088726     1.516853
    -0.087051     1.512240
    -0.085377     1.507749
    -0.083703     1.503381
    -0.082029     1.499136
    -0.080355     1.495018
    -0.078681     1.491026
    -0.077007     1.487162
    -0.075333     1.483427
    -0.073659     1.479823
    -0.071985     1.476350
    -0.070311     1.473010
    -0.068637     1.469802
    -0.066963     1.466728
    -0.065289     1.463789
    -0.063615     1.460984
    -0.061940     1.458315
    -0.060266     1.455781
    -0.058592     1.453383
    -0.056918     1.451122
    -0.055244     1.448997
    -0.053570     1.447007
    -0.051896     1.445155
    -0.050222     1.443438
    -0.048548     1.441857
    -0.046874     1.440411
    -0.045200     1.439100
    -0.043526     1.437924
    -0.041852     1.436882
    -0.040178     1.435974
    -0.038504     1.435198
    -0.036829     1.434554
    -0.035155     1.434042
    -0.033481     1.433659
    -0.031807     1.433406
    -0.030133     1.433281
    -0.028459     1.433284
    -0.026785     1.433413
    -0.025111     1.433666
    -0.023437     1.434044
    -0.021763     1.434544
    -0.020089     1.435165
    -0.018415     1.435907
    -0.016741     1.436767
    -0.015067     1.437744
    -0.013393     1.438837
    -0.011718     1.440044
    -0.010044     1.441365
    -0.008370     1.442796
    -0.006696     1.444337
    -0.005022     1.445987
    -0.003348     1.447744
    -0.001674     1.449605
     0.000000     1.451565
     0.001674     1.449614
     0.003348     1.447753
     0.005022     1.445997
     0.006696     1.444348
     0.008370     1.442807
     0.010044     1.441375
     0.011718     1.440055
     0.013393     1.438848
     0.015067     1.437756
     0.016741     1.436779
     0.018415     1.435919
     0.020089     1.435178
     0.021763     1.434557
     0.023437     1.434057
     0.025111     1.433680
     0.026785     1.433426
     0.028459     1.433298
     0.030133     1.433295
     0.031807     1.433420
     0.033481     1.433674
     0.035155     1.434056
     0.036829     1.434569
     0.038504     1.435213
     0.040178     1.435989
     0.041852     1.436898
     0.043526     1.437940
     0.045200     1.439117
     0.046874     1.440427
     0.048548     1.441873
     0.050222     1.443455
     0.051896     1.445172
     0.053570     1.447025
     0.055244     1.449014
     0.056918     1.451139
     0.058592     1.453401
     0.060266     1.455799
     0.061940     1.458333
     0.063615     1.461002
     0.065289     1.463807
     0.066963     1.466746
     0.068637     1.469820
     0.070311     1.473028
     0.071985     1.476369
     0.073659     1.479841
     0.075333     1.483446
     0.077007     1.487180
     0.078681     1.491044
     0.080355     1.495036
     0.082029     1.499154
     0.083703     1.503399
     0.085377     1.507767
     0.087051     1.512258
     0.088726     1.516870
     0.090400     1.521602
     0.092074     1.526452
     0.093748     1.531417
     0.095422     1.536497
     0.097096     1.541689
     0.098770     1.546992
     0.100444     1.552403
     0.102118     1.557920
     0.103792     1.563541
     0.105466     1.569265
     0.107140     1.575088
     0.108814     1.581009
     0.110488     1.587025
     0.112163     1.593134
     0.113837     1.599334
     0.115511     1.605622
     0.117185     1.611996
     0.118859     1.618454
     0.120533     1.624992
     0.122207     1.631609
     0.123881     1.638302
     0.125555     1.645069
     0.127229     1.651908
     0.128903     1.658815
     0.130577     1.665788
     0.132251     1.672826
     0.133925     1.679925
     0.135599     1.687083
     0.137274     1.694297
     0.138948     1.701566
     0.140622     1.708887
     0.142296     1.716257
     0.143970     1.723675
     0.145644     1.731137
     0.147318     1.738642
     0.148992     1.746187
     0.150666     1.753771
     0.152340     1.761390
     0.154014     1.769043
     0.155688     1.776727
     0.157362     1.784441
     0.159036     1.792183
     0.160710     1.799950
     0.162385     1.807740
     0.164059     1.815552
     0.165733     1.823383
     0.167407     1.831232


    -0.167407     1.948887
    -0.165733     1.942396
    -0.164059     1.935917
    -0.162385     1.929448
    -0.160710     1.922992
    -0.159036     1.916548
    -0.157362     1.910117
    -0.155688     1.903701
    -0.154014     1.897298
    -0.152340     1.890910
    -0.150666     1.884538
    -0.148992     1.878182
    -0.147318     1.871842
    -0.145644     1.865519
    -0.143970     1.859214
    -0.142296     1.852926
    -0.140622     1.846658
    -0.138948     1.840408
    -0.137274     1.834178
    -0.135599     1.827968
    -0.133925     1.821779
    -0.132251     1.815611
    -0.130577     1.809465
    -0.128903     1.803341
    -0.127229     1.797240
    -0.125555     1.791161
    -0.123881     1.785107
    -0.122207     1.779076
    -0.120533     1.773070
    -0.118859     1.767090
    -0.117185     1.761135
    -0.115511     1.755206
    -0.113837     1.749304
    -0.112163     1.743429
    -0.110488     1.737581
    -0.108814     1.731762
    -0.107140     1.725972
    -0.105466     1.720211
    -0.103792     1.714480
    -0.102118     1.708779
    -0.100444     1.703110
    -0.098770     1.697471
    -0.097096     1.691865
    -0.095422     1.686292
    -0.093748     1.680752
    -0.092074     1.675245
    -0.090400     1.669774
    -0.088726     1.664337
    -0.087051     1.658937
    -0.085377     1.653573
    -0.083703     1.648246
    -0.082029     1.642957
    -0.080355     1.637707
    -0.078681     1.632497
    -0.077007     1.627326
    -0.075333     1.622197
    -0.073659     1.617110
    -0.071985     1.612065
    -0.070311     1.607064
    -0.068637     1.602108
    -0.066963     1.597196
    -0.065289     1.592332
    -0.063615     1.587514
    -0.061940     1.582745
    -0.060266     1.578025
    -0.058592     1.573356
    -0.056918     1.568738
    -0.055244     1.564173
    -0.053570     1.559661
    -0.051896     1.555204
    -0.050222     1.550803
    -0.048548     1.546460
    -0.046874     1.542174
    -0.045200     1.537949
    -0.043526     1.533784
    -0.041852     1.529682
    -0.040178     1.525643
    -0.038504     1.521669
    -0.036829     1.517762
    -0.035155     1.513922
    -0.033481     1.510151
    -0.031807     1.506451
    -0.030133     1.502823
    -0.028459     1.499268
    -0.026785     1.495788
    -0.025111     1.492385
    -0.023437     1.489060
    -0.021763     1.485814
    -0.020089     1.482649
    -0.018415     1.479567
    -0.016741     1.476570
    -0.015067     1.473658
    -0.013393     1.470833
    -0.011718     1.468098
    -0.010044     1.465453
    -0.008370     1.462901
    -0.006696     1.460442
    -0.005022     1.458079
    -0.003348     1.455813
    -0.001674     1.453646
     0.000000     1.451585
     0.001674     1.453637
     0.003348     1.455805
     0.005022     1.458071
     0.006696     1.460434
     0.008370     1.462893
     0.010044     1.465445
     0.011718     1.468090
     0.013393     1.470826
     0.015067     1.473651
     0.016741     1.476563
     0.018415     1.479561
     0.020089     1.482643
     0.021763     1.485808
     0.023437     1.489054
     0.025111     1.492379
     0.026785     1.495783
     0.028459     1.499262
     0.030133     1.502817
     0.031807     1.506446
     0.033481     1.510146
     0.035155     1.513917
     0.036829     1.517757
     0.038504     1.521665
     0.040178     1.525639
     0.041852     1.529678
     0.043526     1.533780
     0.045200     1.537945
     0.046874     1.542171
     0.048548     1.546456
     0.050222     1.550800
     0.051896     1.555201
     0.053570     1.559658
     0.055244     1.564169
     0.056918     1.568735
     0.058592     1.573353
     0.060266     1.578022
     0.061940     1.582742
     0.063615     1.587511
     0.065289     1.592329
     0.066963     1.597194
     0.068637     1.602105
     0.070311     1.607061
     0.071985     1.612063
     0.073659     1.617107
     0.075333     1.622195
     0.077007     1.627324
     0.078681     1.632494
     0.080355     1.637705
     0.082029     1.642955
     0.083703     1.648244
     0.085377     1.653571
     0.087051     1.658935
     0.088726     1.664335
     0.090400     1.669772
     0.092074     1.675244
     0.093748     1.680750
     0.095422     1.686290
     0.097096     1.691864
     0.098770     1.697470
     0.100444     1.703108
     0.102118     1.708778
     0.103792     1.714479
     0.105466     1.720210
     0.107140     1.725971
     0.108814     1.731761
     0.110488     1.737580
     0.112163     1.743427
     0.113837     1.749302
     0.115511     1.755205
     0.117185     1.761133
     0.118859     1.767089
     0.120533     1.773069
     0.122207     1.779075
     0.123881     1.785106
     0.125555     1.791160
     0.127229     1.797239
     0.128903     1.803340
     0.130577     1.809464
     0.132251     1.815611
     0.133925     1.821779
     0.135599     1.827968
     0.137274     1.834178
     0.138948     1.840408
     0.140622     1.846657
     0.142296     1.852926
     0.143970     1.859213
     0.145644     1.865519
     0.147318     1.871842
     0.148992     1.878181
     0.150666     1.884538
     0.152340     1.890910
     0.154014     1.897298
     0.155688     1.903701
     0.157362     1.910117
     0.159036     1.916548
     0.160710     1.922992
     0.162385     1.929448
     0.164059     1.935917
     0.165733     1.942397
     0.167407     1.948887


    -0.167407     2.319359
    -0.165733     2.311685
    -0.164059     2.304043
    -0.162385     2.296435
    -0.160710     2.288862
    -0.159036     2.281326
    -0.157362     2.273828
    -0.155688     2.266369
    -0.154014     2.258951
    -0.152340     2.251574
    -0.150666     2.244241
    -0.148992     2.236951
    -0.147318     2.229708
    -0.145644     2.222511
    -0.143970     2.215362
    -0.142296     2.208262
    -0.140622     2.201212
    -0.138948     2.194213
    -0.137274     2.187267
    -0.135599     2.180374
    -0.133925     2.173536
    -0.132251     2.166753
    -0.130577     2.160027
    -0.128903     2.153358
    -0.127229     2.146748
    -0.125555     2.140197
    -0.123881     2.133707
    -0.122207     2.127278
    -0.120533     2.120912
    -0.118859     2.114609
    -0.117185     2.108370
    -0.115511     2.102196
    -0.113837     2.096088
    -0.112163     2.090046
    -0.110488     2.084073
    -0.108814     2.078167
    -0.107140     2.072331
    -0.105466     2.066565
    -0.103792     2.060870
    -0.102118     2.055246
    -0.100444     2.049695
    -0.098770     2.044217
    -0.097096     2.038812
    -0.095422     2.033483
    -0.093748     2.028229
    -0.092074     2.023051
    -0.090400     2.017950
    -0.088726     2.012926
    -0.087051     2.007981
    -0.085377     2.003115
    -0.083703     1.998328
    -0.082029     1.993622
    -0.080355     1.988996
    -0.078681     1.984453
    -0.077007     1.979992
    -0.075333     1.975614
    -0.073659     1.971319
    -0.071985     1.967109
    -0.070311     1.962984
    -0.068637     1.958945
    -0.066963     1.954991
    -0.065289     1.951125
    -0.063615     1.947346
    -0.061940     1.943656
    -0.060266     1.940054
    -0.058592     1.936541
    -0.056918     1.933118
    -0.055244     1.929786
    -0.053570     1.926545
    -0.051896     1.923396
    -0.050222     1.920339
    -0.048548     1.917375
    -0.046874     1.914504
    -0.045200     1.911727
    -0.043526     1.909045
    -0.041852     1.906457
    -0.040178     1.903966
    -0.038504     1.901570
    -0.036829     1.899271
    -0.035155     1.897070
    -0.033481     1.894965
    -0.031807     1.892960
    -0.030133     1.891052
    -0.028459     1.889244
    -0.026785     1.887536
    -0.025111     1.885927
    -0.023437     1.884420
    -0.021763     1.883013
    -0.020089     1.881709
    -0.018415     1.880506
    -0.016741     1.879406
    -0.015067     1.878410
    -0.013393     1.877518
    -0.011718     1.876731
    -0.010044     1.876048
    -0.008370     1.875472
    -0.006696     1.875000
    -0.005022     1.874634
    -0.003348     1.874374
    -0.001674     1.874216
     0.000000     1.874161
     0.001674     1.874209
     0.003348     1.874362
     0.005022     1.874620
     0.006696     1.874984
     0.008370     1.875453
     0.010044     1.876028
     0.011718     1.876709
     0.013393     1.877495
     0.015067     1.878385
     0.016741     1.879380
     0.018415     1.880478
     0.020089     1.881679
     0.021763     1.882983
     0.023437     1.884389
     0.025111     1.885896
     0.026785     1.887504
     0.028459     1.889213
     0.030133     1.891021
     0.031807     1.892928
     0.033481     1.894934
     0.035155     1.897038
     0.036829     1.899240
     0.038504     1.901539
     0.040178     1.903935
     0.041852     1.906427
     0.043526     1.909014
     0.045200     1.911696
     0.046874     1.914473
     0.048548     1.917344
     0.050222     1.920309
     0.051896     1.923366
     0.053570     1.926516
     0.055244     1.929757
     0.056918     1.933089
     0.058592     1.936512
     0.060266     1.940025
     0.061940     1.943627
     0.063615     1.947318
     0.065289     1.951097
     0.066963     1.954964
     0.068637     1.958917
     0.070311     1.962957
     0.071985     1.967082
     0.073659     1.971293
     0.075333     1.975588
     0.077007     1.979966
     0.078681     1.984428
     0.080355     1.988972
     0.082029     1.993597
     0.083703     1.998304
     0.085377     2.003091
     0.087051     2.007958
     0.088726     2.012904
     0.090400     2.017928
     0.092074     2.023029
     0.093748     2.028208
     0.095422     2.033462
     0.097096     2.038792
     0.098770     2.044197
     0.100444     2.049676
     0.102118     2.055228
     0.103792     2.060852
     0.105466     2.066548
     0.107140     2.072314
     0.108814     2.078151
     0.110488     2.084057
     0.112163     2.090032
     0.113837     2.096074
     0.115511     2.102182
     0.117185     2.108357
     0.118859     2.114597
     0.120533     2.120900
     0.122207     2.127267
     0.123881     2.133697
     0.125555     2.140188
     0.127229     2.146739
     0.128903     2.153350
     0.130577     2.160019
     0.132251     2.166746
     0.133925     2.173529
     0.135599     2.180368
     0.137274     2.187262
     0.138948     2.194209
     0.140622     2.201208
     0.142296     2.208258
     0.143970     2.215359
     0.145644     2.222509
     0.147318     2.229706
     0.148992     2.236951
     0.150666     2.244241
     0.152340     2.251575
     0.154014     2.258952
     0.155688     2.266371
     0.157362     2.273830
     0.159036     2.281329
     0.160710     2.288866
     0.162385     2.296439
     0.164059     2.304048
     0.165733     2.311690
     0.167407     2.319365


    -0.167407     2.346165
    -0.165733     2.338385
    -0.164059     2.330619
    -0.162385     2.322870
    -0.160710     2.315138
    -0.159036     2.307426
    -0.157362     2.299735
    -0.155688     2.292067
    -0.154014     2.284424
    -0.152340     2.276806
    -0.150666     2.269217
    -0.148992     2.261656
    -0.147318     2.254127
    -0.145644     2.246631
    -0.143970     2.239169
    -0.142296     2.231743
    -0.140622     2.224355
    -0.138948     2.217006
    -0.137274     2.209698
    -0.135599     2.202432
    -0.133925     2.195211
    -0.132251     2.188036
    -0.130577     2.180907
    -0.128903     2.173828
    -0.127229     2.166799
    -0.125555     2.159823
    -0.123881     2.152900
    -0.122207     2.146032
    -0.120533     2.139221
    -0.118859     2.132468
    -0.117185     2.125776
    -0.115511     2.119144
    -0.113837     2.112576
    -0.112163     2.106071
    -0.110488     2.099633
    -0.108814     2.093262
    -0.107140     2.086960
    -0.105466     2.080727
    -0.103792     2.074567
    -0.102118     2.068479
    -0.100444     2.062466
    -0.098770     2.056528
    -0.097096     2.050668
    -0.095422     2.044885
    -0.093748     2.039183
    -0.092074     2.033561
    -0.090400     2.028022
    -0.088726     2.022565
    -0.087051     2.017194
    -0.085377     2.011908
    -0.083703     2.006709
    -0.082029     2.001599
    -0.080355     1.996577
    -0.078681     1.991646
    -0.077007     1.986805
    -0.075333     1.982057
    -0.073659     1.977403
    -0.071985     1.972842
    -0.070311     1.968377
    -0.068637     1.964008
    -0.066963     1.959735
    -0.065289     1.955561
    -0.063615     1.951484
    -0.061940     1.947507
    -0.060266     1.943630
    -0.058592     1.939854
    -0.056918     1.936179
    -0.055244     1.932606
    -0.053570     1.929136
    -0.051896     1.925768
    -0.050222     1.922505
    -0.048548     1.919345
    -0.046874     1.916291
    -0.045200     1.913341
    -0.043526     1.910497
    -0.041852     1.907759
    -0.040178     1.905127
    -0.038504     1.902602
    -0.036829     1.900184
    -0.035155     1.897873
    -0.033481     1.895669
    -0.031807     1.893572
    -0.030133     1.891584
    -0.028459     1.889703
    -0.026785     1.887930
    -0.025111     1.886266
    -0.023437     1.884709
    -0.021763     1.883261
    -0.020089     1.881920
    -0.018415     1.880687
    -0.016741     1.879562
    -0.015067     1.878544
    -0.013393     1.877633
    -0.011718     1.876829
    -0.010044     1.876132
    -0.008370     1.875541
    -0.006696     1.875056
    -0.005022     1.874678
    -0.003348     1.874408
    -0.001674     1.874246
     0.000000     1.874194
     0.001674     1.874252
     0.003348     1.874418
     0.005022     1.874690
     0.006696     1.875070
     0.008370     1.875556
     0.010044     1.876148
     0.011718     1.876846
     0.013393     1.877652
     0.015067     1.878564
     0.016741     1.879582
     0.018415     1.880708
     0.020089     1.881942
     0.021763     1.883283
     0.023437     1.884731
     0.025111     1.886288
     0.026785     1.887952
     0.028459     1.889724
     0.030133     1.891604
     0.031807     1.893592
     0.033481     1.895688
     0.035155     1.897891
     0.036829     1.900202
     0.038504     1.902620
     0.040178     1.905144
     0.041852     1.907776
     0.043526     1.910513
     0.045200     1.913357
     0.046874     1.916306
     0.048548     1.919360
     0.050222     1.922519
     0.051896     1.925782
     0.053570     1.929149
     0.055244     1.932619
     0.056918     1.936191
     0.058592     1.939866
     0.060266     1.943642
     0.061940     1.947518
     0.063615     1.951495
     0.065289     1.955571
     0.066963     1.959745
     0.068637     1.964017
     0.070311     1.968386
     0.071985     1.972851
     0.073659     1.977411
     0.075333     1.982066
     0.077007     1.986813
     0.078681     1.991653
     0.080355     1.996584
     0.082029     2.001606
     0.083703     2.006716
     0.085377     2.011915
     0.087051     2.017200
     0.088726     2.022572
     0.090400     2.028027
     0.092074     2.033567
     0.093748     2.039188
     0.095422     2.044891
     0.097096     2.050673
     0.098770     2.056533
     0.100444     2.062471
     0.102118     2.068484
     0.103792     2.074571
     0.105466     2.080732
     0.107140     2.086964
     0.108814     2.093266
     0.110488     2.099637
     0.112163     2.106075
     0.113837     2.112579
     0.115511     2.119148
     0.117185     2.125779
     0.118859     2.132472
     0.120533     2.139224
     0.122207     2.146035
     0.123881     2.152903
     0.125555     2.159826
     0.127229     2.166802
     0.128903     2.173831
     0.130577     2.180910
     0.132251     2.188039
     0.133925     2.195214
     0.135599     2.202435
     0.137274     2.209701
     0.138948     2.217009
     0.140622     2.224358
     0.142296     2.231746
     0.143970     2.239172
     0.145644     2.246634
     0.147318     2.254130
     0.148992     2.261660
     0.150666     2.269220
     0.152340     2.276810
     0.154014     2.284427
     0.155688     2.292071
     0.157362     2.299739
     0.159036     2.307430
     0.160710     2.315142
     0.162385     2.322874
     0.164059     2.330623
     0.165733     2.338389
     0.167407     2.346169


