    -0.167407    -3.576618
    -0.165733    -3.576568
    -0.164059    -3.576522
    -0.162385    -3.576478
    -0.160710    -3.576438
    -0.159036    -3.576401
    -0.157362    -3.576366
    -0.155688    -3.576333
    -0.154014    -3.576303
    -0.152340    -3.576275
    -0.150666    -3.576248
    -0.148992    -3.576223
    -0.147318    -3.576199
    -0.145644    -3.576176
    -0.143970    -3.576154
    -0.142296    -3.576133
    -0.140622    -3.576112
    -0.138948    -3.576091
    -0.137274    -3.576071
    -0.135599    -3.576051
    -0.133925    -3.576030
    -0.132251    -3.576009
    -0.130577    -3.575987
    -0.128903    -3.575965
    -0.127229    -3.575942
    -0.125555    -3.575918
    -0.123881    -3.575892
    -0.122207    -3.575865
    -0.120533    -3.575837
    -0.118859    -3.575807
    -0.117185    -3.575775
    -0.115511    -3.575741
    -0.113837    -3.575704
    -0.112163    -3.575666
    -0.110488    -3.575625
    -0.108814    -3.575582
    -0.107140    -3.575536
    -0.105466    -3.575487
    -0.103792    -3.575435
    -0.102118    -3.575380
    -0.100444    -3.575322
    -0.098770    -3.575261
    -0.097096    -3.575196
    -0.095422    -3.575128
    -0.093748    -3.575056
    -0.092074    -3.574981
    -0.090400    -3.574901
    -0.088726    -3.574818
    -0.087051    -3.574730
    -0.085377    -3.574638
    -0.083703    -3.574542
    -0.082029    -3.574442
    -0.080355    -3.574337
    -0.078681    -3.574227
    -0.077007    -3.574113
    -0.075333    -3.573994
    -0.073659    -3.573870
    -0.071985    -3.573742
    -0.070311    -3.573608
    -0.068637    -3.573469
    -0.066963    -3.573325
    -0.065289    -3.573176
    -0.063615    -3.573022
    -0.061940    -3.572862
    -0.060266    -3.572696
    -0.058592    -3.572525
    -0.056918    -3.572348
    -0.055244    -3.572166
    -0.053570    -3.571978
    -0.051896    -3.571784
    -0.050222    -3.571584
    -0.048548    -3.571378
    -0.046874    -3.571166
    -0.045200    -3.570948
    -0.043526    -3.570724
    -0.041852    -3.570494
    -0.040178    -3.570257
    -0.038504    -3.570014
    -0.036829    -3.569765
    -0.035155    -3.569509
    -0.033481    -3.569247
    -0.031807    -3.568978
    -0.030133    -3.568703
    -0.028459    -3.568421
    -0.026785    -3.568132
    -0.025111    -3.567837
    -0.023437    -3.567534
    -0.021763    -3.567225
    -0.020089    -3.566909
    -0.018415    -3.566587
    -0.016741    -3.566257
    -0.015067    -3.565920
    -0.013393    -3.565576
    -0.011718    -3.565226
    -0.010044    -3.564868
    -0.008370    -3.564503
    -0.006696    -3.564130
    -0.005022    -3.563751
    -0.003348    -3.563364
    -0.001674    -3.562970
     0.000000    -3.562578
     0.001674    -3.562968
     0.003348    -3.563362
     0.005022    -3.563748
     0.006696    -3.564128
     0.008370    -3.564500
     0.010044    -3.564865
     0.011718    -3.565223
     0.013393    -3.565574
     0.015067    -3.565918
     0.016741    -3.566254
     0.018415    -3.566584
     0.020089    -3.566907
     0.021763    -3.567223
     0.023437    -3.567532
     0.025111    -3.567834
     0.026785    -3.568129
     0.028459    -3.568418
     0.030133    -3.568700
     0.031807    -3.568975
     0.033481    -3.569244
     0.035155    -3.569506
     0.036829    -3.569762
     0.038504    -3.570011
     0.040178    -3.570254
     0.041852    -3.570491
     0.043526    -3.570721
     0.045200    -3.570945
     0.046874    -3.571163
     0.048548    -3.571375
     0.050222    -3.571581
     0.051896    -3.571781
     0.053570    -3.571975
     0.055244    -3.572163
     0.056918    -3.572345
     0.058592    -3.572522
     0.060266    -3.572693
     0.061940    -3.572858
     0.063615    -3.573018
     0.065289    -3.573173
     0.066963    -3.573322
     0.068637    -3.573466
     0.070311    -3.573604
     0.071985    -3.573738
     0.073659    -3.573867
     0.075333    -3.573990
     0.077007    -3.574109
     0.078681    -3.574223
     0.080355    -3.574333
     0.082029    -3.574437
     0.083703    -3.574538
     0.085377    -3.574634
     0.087051    -3.574726
     0.088726    -3.574813
     0.090400    -3.574896
     0.092074    -3.574976
     0.093748    -3.575052
     0.095422    -3.575123
     0.097096    -3.575192
     0.098770    -3.575256
     0.100444    -3.575317
     0.102118    -3.575375
     0.103792    -3.575430
     0.105466    -3.575482
     0.107140    -3.575531
     0.108814    -3.575576
     0.110488    -3.575620
     0.112163    -3.575660
     0.113837    -3.575699
     0.115511    -3.575735
     0.117185    -3.575769
     0.118859    -3.575801
     0.120533    -3.575831
     0.122207    -3.575859
     0.123881    -3.575886
     0.125555    -3.575911
     0.127229    -3.575936
     0.128903    -3.575959
     0.130577    -3.575981
     0.132251    -3.576003
     0.133925    -3.576024
     0.135599    -3.576044
     0.137274    -3.576064
     0.138948    -3.576085
     0.140622    -3.576105
     0.142296    -3.576126
     0.143970    -3.576147
     0.145644    -3.576169
     0.147318    -3.576192
     0.148992    -3.576216
     0.150666    -3.576241
     0.152340    -3.576268
     0.154014    -3.576296
     0.155688    -3.576326
     0.157362    -3.576359
     0.159036    -3.576394
     0.160710    -3.576431
     0.162385    -3.576471
     0.164059    -3.576514
     0.165733    -3.576561
     0.167407    -3.576611


    -0.167407    -3.484631
    -0.165733    -3.485738
    -0.164059    -3.486841
    -0.162385    -3.487939
    -0.160710    -3.489032
    -0.159036    -3.490121
    -0.157362    -3.491204
    -0.155688    -3.492282
    -0.154014    -3.493355
    -0.152340    -3.494423
    -0.150666    -3.495486
    -0.148992    -3.496543
    -0.147318    -3.497594
    -0.145644    -3.498640
    -0.143970    -3.499680
    -0.142296    -3.500714
    -0.140622    -3.501742
    -0.138948    -3.502765
    -0.137274    -3.503781
    -0.135599    -3.504791
    -0.133925    -3.505796
    -0.132251    -3.506794
    -0.130577    -3.507785
    -0.128903    -3.508770
    -0.127229    -3.509749
    -0.125555    -3.510721
    -0.123881    -3.511687
    -0.122207    -3.512646
    -0.120533    -3.513599
    -0.118859    -3.514544
    -0.117185    -3.515483
    -0.115511    -3.516415
    -0.113837    -3.517340
    -0.112163    -3.518258
    -0.110488    -3.519170
    -0.108814    -3.520074
    -0.107140    -3.520971
    -0.105466    -3.521861
    -0.103792    -3.522743
    -0.102118    -3.523619
    -0.100444    -3.524487
    -0.098770    -3.525348
    -0.097096    -3.526201
    -0.095422    -3.527047
    -0.093748    -3.527886
    -0.092074    -3.528717
    -0.090400    -3.529541
    -0.088726    -3.530357
    -0.087051    -3.531166
    -0.085377    -3.531967
    -0.083703    -3.532761
    -0.082029    -3.533547
    -0.080355    -3.534325
    -0.078681    -3.535096
    -0.077007    -3.535859
    -0.075333    -3.536614
    -0.073659    -3.537361
    -0.071985    -3.538101
    -0.070311    -3.538833
    -0.068637    -3.539558
    -0.066963    -3.540274
    -0.065289    -3.540983
    -0.063615    -3.541684
    -0.061940    -3.542377
    -0.060266    -3.543063
    -0.058592    -3.543740
    -0.056918    -3.544410
    -0.055244    -3.545072
    -0.053570    -3.545726
    -0.051896    -3.546372
    -0.050222    -3.547011
    -0.048548    -3.547641
    -0.046874    -3.548264
    -0.045200    -3.548879
    -0.043526    -3.549486
    -0.041852    -3.550086
    -0.040178    -3.550677
    -0.038504    -3.551261
    -0.036829    -3.551837
    -0.035155    -3.552405
    -0.033481    -3.552965
    -0.031807    -3.553518
    -0.030133    -3.554063
    -0.028459    -3.554600
    -0.026785    -3.555130
    -0.025111    -3.555651
    -0.023437    -3.556165
    -0.021763    -3.556672
    -0.020089    -3.557171
    -0.018415    -3.557662
    -0.016741    -3.558145
    -0.015067    -3.558621
    -0.013393    -3.559089
    -0.011718    -3.559550
    -0.010044    -3.560003
    -0.008370    -3.560449
    -0.006696    -3.560887
    -0.005022    -3.561318
    -0.003348    -3.561742
    -0.001674    -3.562158
     0.000000    -3.562558
     0.001674    -3.562160
     0.003348    -3.561744
     0.005022    -3.561321
     0.006696    -3.560890
     0.008370    -3.560452
     0.010044    -3.560006
     0.011718    -3.559553
     0.013393    -3.559092
     0.015067    -3.558624
     0.016741    -3.558148
     0.018415    -3.557665
     0.020089    -3.557174
     0.021763    -3.556675
     0.023437    -3.556169
     0.025111    -3.555655
     0.026785    -3.555133
     0.028459    -3.554603
     0.030133    -3.554066
     0.031807    -3.553521
     0.033481    -3.552969
     0.035155    -3.552408
     0.036829    -3.551840
     0.038504    -3.551264
     0.040178    -3.550681
     0.041852    -3.550089
     0.043526    -3.549490
     0.045200    -3.548883
     0.046874    -3.548268
     0.048548    -3.547645
     0.050222    -3.547014
     0.051896    -3.546376
     0.053570    -3.545730
     0.055244    -3.545075
     0.056918    -3.544414
     0.058592    -3.543744
     0.060266    -3.543066
     0.061940    -3.542381
     0.063615    -3.541688
     0.065289    -3.540987
     0.066963    -3.540278
     0.068637    -3.539561
     0.070311    -3.538837
     0.071985    -3.538105
     0.073659    -3.537365
     0.075333    -3.536617
     0.077007    -3.535862
     0.078681    -3.535099
     0.080355    -3.534328
     0.082029    -3.533550
     0.083703    -3.532764
     0.085377    -3.531970
     0.087051    -3.531169
     0.088726    -3.530360
     0.090400    -3.529544
     0.092074    -3.528720
     0.093748    -3.527889
     0.095422    -3.527050
     0.097096    -3.526204
     0.098770    -3.525350
     0.100444    -3.524489
     0.102118    -3.523621
     0.103792    -3.522746
     0.105466    -3.521863
     0.107140    -3.520973
     0.108814    -3.520076
     0.110488    -3.519172
     0.112163    -3.518260
     0.113837    -3.517342
     0.115511    -3.516417
     0.117185    -3.515485
     0.118859    -3.514546
     0.120533    -3.513600
     0.122207    -3.512647
     0.123881    -3.511688
     0.125555    -3.510722
     0.127229    -3.509750
     0.128903    -3.508771
     0.130577    -3.507785
     0.132251    -3.506794
     0.133925    -3.505796
     0.135599    -3.504791
     0.137274    -3.503781
     0.138948    -3.502764
     0.140622    -3.501742
     0.142296    -3.500713
     0.143970    -3.499679
     0.145644    -3.498638
     0.147318    -3.497592
     0.148992    -3.496541
     0.150666    -3.495484
     0.152340    -3.494421
     0.154014    -3.493353
     0.155688    -3.492280
     0.157362    -3.491201
     0.159036    -3.490118
     0.160710    -3.489029
     0.162385    -3.487936
     0.164059    -3.486838
     0.165733    -3.485734
     0.167407    -3.484627


    -0.167407    -2.332344
    -0.165733    -2.327076
    -0.164059    -2.321923
    -0.162385    -2.316882
    -0.160710    -2.311952
    -0.159036    -2.307131
    -0.157362    -2.302417
    -0.155688    -2.297807
    -0.154014    -2.293299
    -0.152340    -2.288890
    -0.150666    -2.284579
    -0.148992    -2.280363
    -0.147318    -2.276239
    -0.145644    -2.272205
    -0.143970    -2.268259
    -0.142296    -2.264398
    -0.140622    -2.260621
    -0.138948    -2.256924
    -0.137274    -2.253305
    -0.135599    -2.249763
    -0.133925    -2.246296
    -0.132251    -2.242900
    -0.130577    -2.239575
    -0.128903    -2.236318
    -0.127229    -2.233128
    -0.125555    -2.230002
    -0.123881    -2.226940
    -0.122207    -2.223938
    -0.120533    -2.220997
    -0.118859    -2.218114
    -0.117185    -2.215288
    -0.115511    -2.212517
    -0.113837    -2.209800
    -0.112163    -2.207136
    -0.110488    -2.204524
    -0.108814    -2.201963
    -0.107140    -2.199450
    -0.105466    -2.196987
    -0.103792    -2.194570
    -0.102118    -2.192201
    -0.100444    -2.189876
    -0.098770    -2.187597
    -0.097096    -2.185361
    -0.095422    -2.183169
    -0.093748    -2.181019
    -0.092074    -2.178911
    -0.090400    -2.176844
    -0.088726    -2.174817
    -0.087051    -2.172831
    -0.085377    -2.170884
    -0.083703    -2.168975
    -0.082029    -2.167105
    -0.080355    -2.165273
    -0.078681    -2.163478
    -0.077007    -2.161721
    -0.075333    -2.160000
    -0.073659    -2.158315
    -0.071985    -2.156666
    -0.070311    -2.155052
    -0.068637    -2.153474
    -0.066963    -2.151930
    -0.065289    -2.150422
    -0.063615    -2.148947
    -0.061940    -2.147507
    -0.060266    -2.146100
    -0.058592    -2.144727
    -0.056918    -2.143388
    -0.055244    -2.142081
    -0.053570    -2.140808
    -0.051896    -2.139567
    -0.050222    -2.138359
    -0.048548    -2.137183
    -0.046874    -2.136040
    -0.045200    -2.134929
    -0.043526    -2.133849
    -0.041852    -2.132802
    -0.040178    -2.131786
    -0.038504    -2.130801
    -0.036829    -2.129849
    -0.035155    -2.128927
    -0.033481    -2.128036
    -0.031807    -2.127177
    -0.030133    -2.126349
    -0.028459    -2.125551
    -0.026785    -2.124784
    -0.025111    -2.124048
    -0.023437    -2.123342
    -0.021763    -2.122667
    -0.020089    -2.122023
    -0.018415    -2.121408
    -0.016741    -2.120824
    -0.015067    -2.120270
    -0.013393    -2.119746
    -0.011718    -2.119252
    -0.010044    -2.118787
    -0.008370    -2.118353
    -0.006696    -2.117948
    -0.005022    -2.117573
    -0.003348    -2.117228
    -0.001674    -2.116912
     0.000000    -2.116637
     0.001674    -2.116916
     0.003348    -2.117232
     0.005022    -2.117577
     0.006696    -2.117952
     0.008370    -2.118357
     0.010044    -2.118792
     0.011718    -2.119256
     0.013393    -2.119750
     0.015067    -2.120274
     0.016741    -2.120829
     0.018415    -2.121413
     0.020089    -2.122027
     0.021763    -2.122672
     0.023437    -2.123348
     0.025111    -2.124053
     0.026785    -2.124790
     0.028459    -2.125557
     0.030133    -2.126354
     0.031807    -2.127183
     0.033481    -2.128042
     0.035155    -2.128933
     0.036829    -2.129855
     0.038504    -2.130808
     0.040178    -2.131792
     0.041852    -2.132808
     0.043526    -2.133856
     0.045200    -2.134935
     0.046874    -2.136047
     0.048548    -2.137190
     0.050222    -2.138366
     0.051896    -2.139574
     0.053570    -2.140815
     0.055244    -2.142089
     0.056918    -2.143395
     0.058592    -2.144735
     0.060266    -2.146108
     0.061940    -2.147515
     0.063615    -2.148955
     0.065289    -2.150430
     0.066963    -2.151938
     0.068637    -2.153482
     0.070311    -2.155060
     0.071985    -2.156674
     0.073659    -2.158323
     0.075333    -2.160008
     0.077007    -2.161729
     0.078681    -2.163487
     0.080355    -2.165282
     0.082029    -2.167114
     0.083703    -2.168985
     0.085377    -2.170893
     0.087051    -2.172840
     0.088726    -2.174827
     0.090400    -2.176854
     0.092074    -2.178921
     0.093748    -2.181029
     0.095422    -2.183179
     0.097096    -2.185372
     0.098770    -2.187607
     0.100444    -2.189887
     0.102118    -2.192211
     0.103792    -2.194581
     0.105466    -2.196997
     0.107140    -2.199461
     0.108814    -2.201974
     0.110488    -2.204535
     0.112163    -2.207147
     0.113837    -2.209811
     0.115511    -2.212528
     0.117185    -2.215299
     0.118859    -2.218125
     0.120533    -2.221009
     0.122207    -2.223950
     0.123881    -2.226951
     0.125555    -2.230014
     0.127229    -2.233140
     0.128903    -2.236330
     0.130577    -2.239587
     0.132251    -2.242912
     0.133925    -2.246308
     0.135599    -2.249775
     0.137274    -2.253317
     0.138948    -2.256936
     0.140622    -2.260633
     0.142296    -2.264410
     0.143970    -2.268271
     0.145644    -2.272217
     0.147318    -2.276251
     0.148992    -2.280374
     0.150666    -2.284590
     0.152340    -2.288901
     0.154014    -2.293310
     0.155688    -2.297818
     0.157362    -2.302427
     0.159036    -2.307142
     0.160710    -2.311962
     0.162385    -2.316892
     0.164059    -2.321932
     0.165733    -2.327085
     0.167407    -2.332353


    -0.167407    -2.253456
    -0.165733    -2.248930
    -0.164059    -2.244575
    -0.162385    -2.240383
    -0.160710    -2.236349
    -0.159036    -2.232466
    -0.157362    -2.228726
    -0.155688    -2.225124
    -0.154014    -2.221651
    -0.152340    -2.218302
    -0.150666    -2.215069
    -0.148992    -2.211947
    -0.147318    -2.208930
    -0.145644    -2.206012
    -0.143970    -2.203187
    -0.142296    -2.200451
    -0.140622    -2.197798
    -0.138948    -2.195225
    -0.137274    -2.192727
    -0.135599    -2.190300
    -0.133925    -2.187941
    -0.132251    -2.185647
    -0.130577    -2.183413
    -0.128903    -2.181238
    -0.127229    -2.179119
    -0.125555    -2.177053
    -0.123881    -2.175039
    -0.122207    -2.173073
    -0.120533    -2.171155
    -0.118859    -2.169282
    -0.117185    -2.167453
    -0.115511    -2.165666
    -0.113837    -2.163920
    -0.112163    -2.162214
    -0.110488    -2.160546
    -0.108814    -2.158916
    -0.107140    -2.157323
    -0.105466    -2.155765
    -0.103792    -2.154241
    -0.102118    -2.152752
    -0.100444    -2.151296
    -0.098770    -2.149873
    -0.097096    -2.148482
    -0.095422    -2.147123
    -0.093748    -2.145795
    -0.092074    -2.144497
    -0.090400    -2.143230
    -0.088726    -2.141993
    -0.087051    -2.140786
    -0.085377    -2.139608
    -0.083703    -2.138459
    -0.082029    -2.137339
    -0.080355    -2.136247
    -0.078681    -2.135184
    -0.077007    -2.134150
    -0.075333    -2.133143
    -0.073659    -2.132165
    -0.071985    -2.131214
    -0.070311    -2.130291
    -0.068637    -2.129396
    -0.066963    -2.128529
    -0.065289    -2.127689
    -0.063615    -2.126877
    -0.061940    -2.126092
    -0.060266    -2.125335
    -0.058592    -2.124605
    -0.056918    -2.123903
    -0.055244    -2.123228
    -0.053570    -2.122581
    -0.051896    -2.121961
    -0.050222    -2.121369
    -0.048548    -2.120804
    -0.046874    -2.120267
    -0.045200    -2.119757
    -0.043526    -2.119275
    -0.041852    -2.118821
    -0.040178    -2.118395
    -0.038504    -2.117996
    -0.036829    -2.117625
    -0.035155    -2.117282
    -0.033481    -2.116967
    -0.031807    -2.116680
    -0.030133    -2.116421
    -0.028459    -2.116190
    -0.026785    -2.115987
    -0.025111    -2.115812
    -0.023437    -2.115666
    -0.021763    -2.115548
    -0.020089    -2.115459
    -0.018415    -2.115398
    -0.016741    -2.115366
    -0.015067    -2.115362
    -0.013393    -2.115387
    -0.011718    -2.115441
    -0.010044    -2.115523
    -0.008370    -2.115635
    -0.006696    -2.115775
    -0.005022    -2.115945
    -0.003348    -2.116144
    -0.001674    -2.116372
     0.000000    -2.116618
     0.001674    -2.116368
     0.003348    -2.116140
     0.005022    -2.115942
     0.006696    -2.115772
     0.008370    -2.115632
     0.010044    -2.115521
     0.011718    -2.115438
     0.013393    -2.115384
     0.015067    -2.115360
     0.016741    -2.115363
     0.018415    -2.115396
     0.020089    -2.115457
     0.021763    -2.115547
     0.023437    -2.115665
     0.025111    -2.115811
     0.026785    -2.115986
     0.028459    -2.116189
     0.030133    -2.116420
     0.031807    -2.116679
     0.033481    -2.116966
     0.035155    -2.117282
     0.036829    -2.117625
     0.038504    -2.117996
     0.040178    -2.118395
     0.041852    -2.118821
     0.043526    -2.119276
     0.045200    -2.119758
     0.046874    -2.120268
     0.048548    -2.120805
     0.050222    -2.121370
     0.051896    -2.121962
     0.053570    -2.122582
     0.055244    -2.123230
     0.056918    -2.123905
     0.058592    -2.124607
     0.060266    -2.125337
     0.061940    -2.126094
     0.063615    -2.126879
     0.065289    -2.127691
     0.066963    -2.128531
     0.068637    -2.129399
     0.070311    -2.130294
     0.071985    -2.131217
     0.073659    -2.132168
     0.075333    -2.133146
     0.077007    -2.134153
     0.078681    -2.135188
     0.080355    -2.136251
     0.082029    -2.137342
     0.083703    -2.138463
     0.085377    -2.139612
     0.087051    -2.140790
     0.088726    -2.141997
     0.090400    -2.143235
     0.092074    -2.144502
     0.093748    -2.145799
     0.095422    -2.147127
     0.097096    -2.148487
     0.098770    -2.149878
     0.100444    -2.151301
     0.102118    -2.152757
     0.103792    -2.154246
     0.105466    -2.155770
     0.107140    -2.157328
     0.108814    -2.158921
     0.110488    -2.160552
     0.112163    -2.162219
     0.113837    -2.163926
     0.115511    -2.165672
     0.117185    -2.167458
     0.118859    -2.169288
     0.120533    -2.171160
     0.122207    -2.173079
     0.123881    -2.175044
     0.125555    -2.177059
     0.127229    -2.179125
     0.128903    -2.181244
     0.130577    -2.183418
     0.132251    -2.185652
     0.133925    -2.187946
     0.135599    -2.190305
     0.137274    -2.192732
     0.138948    -2.195230
     0.140622    -2.197803
     0.142296    -2.200456
     0.143970    -2.203192
     0.145644    -2.206017
     0.147318    -2.208935
     0.148992    -2.211952
     0.150666    -2.215074
     0.152340    -2.218306
     0.154014    -2.221655
     0.155688    -2.225128
     0.157362    -2.228731
     0.159036    -2.232470
     0.160710    -2.236353
     0.162385    -2.240387
     0.164059    -2.244579
     0.165733    -2.248934
     0.167407    -2.253460


    -0.167407    -2.061119
    -0.165733    -2.054681
    -0.164059    -2.048120
    -0.162385    -2.041443
    -0.160710    -2.034659
    -0.159036    -2.027775
    -0.157362    -2.020802
    -0.155688    -2.013746
    -0.154014    -2.006617
    -0.152340    -1.999423
    -0.150666    -1.992171
    -0.148992    -1.984870
    -0.147318    -1.977527
    -0.145644    -1.970149
    -0.143970    -1.962743
    -0.142296    -1.955316
    -0.140622    -1.947875
    -0.138948    -1.940424
    -0.137274    -1.932970
    -0.135599    -1.925518
    -0.133925    -1.918073
    -0.132251    -1.910640
    -0.130577    -1.903223
    -0.128903    -1.895828
    -0.127229    -1.888457
    -0.125555    -1.881114
    -0.123881    -1.873804
    -0.122207    -1.866529
    -0.120533    -1.859293
    -0.118859    -1.852099
    -0.117185    -1.844950
    -0.115511    -1.837849
    -0.113837    -1.830797
    -0.112163    -1.823799
    -0.110488    -1.816858
    -0.108814    -1.809983
    -0.107140    -1.803313
    -0.105466    -1.797006
    -0.103792    -1.790774
    -0.102118    -1.784592
    -0.100444    -1.778456
    -0.098770    -1.772368
    -0.097096    -1.766329
    -0.095422    -1.760341
    -0.093748    -1.754404
    -0.092074    -1.748519
    -0.090400    -1.742689
    -0.088726    -1.736913
    -0.087051    -1.731194
    -0.085377    -1.725531
    -0.083703    -1.719927
    -0.082029    -1.714382
    -0.080355    -1.708897
    -0.078681    -1.703473
    -0.077007    -1.698111
    -0.075333    -1.692812
    -0.073659    -1.687577
    -0.071985    -1.682408
    -0.070311    -1.677304
    -0.068637    -1.672267
    -0.066963    -1.667298
    -0.065289    -1.662398
    -0.063615    -1.657567
    -0.061940    -1.652808
    -0.060266    -1.648120
    -0.058592    -1.643505
    -0.056918    -1.638965
    -0.055244    -1.634500
    -0.053570    -1.630111
    -0.051896    -1.625801
    -0.050222    -1.621569
    -0.048548    -1.617419
    -0.046874    -1.613351
    -0.045200    -1.609368
    -0.043526    -1.605470
    -0.041852    -1.601661
    -0.040178    -1.597942
    -0.038504    -1.594316
    -0.036829    -1.590785
    -0.035155    -1.587352
    -0.033481    -1.584020
    -0.031807    -1.580792
    -0.030133    -1.577673
    -0.028459    -1.574665
    -0.026785    -1.571774
    -0.025111    -1.569003
    -0.023437    -1.566358
    -0.021763    -1.563845
    -0.020089    -1.561468
    -0.018415    -1.559234
    -0.016741    -1.557149
    -0.015067    -1.555219
    -0.013393    -1.553452
    -0.011718    -1.551855
    -0.010044    -1.550433
    -0.008370    -1.549193
    -0.006696    -1.548142
    -0.005022    -1.547285
    -0.003348    -1.546626
    -0.001674    -1.546168
     0.000000    -1.545919
     0.001674    -1.546169
     0.003348    -1.546624
     0.005022    -1.547282
     0.006696    -1.548139
     0.008370    -1.549189
     0.010044    -1.550427
     0.011718    -1.551848
     0.013393    -1.553444
     0.015067    -1.555210
     0.016741    -1.557139
     0.018415    -1.559223
     0.020089    -1.561457
     0.021763    -1.563833
     0.023437    -1.566346
     0.025111    -1.568990
     0.026785    -1.571760
     0.028459    -1.574651
     0.030133    -1.577658
     0.031807    -1.580777
     0.033481    -1.584004
     0.035155    -1.587336
     0.036829    -1.590768
     0.038504    -1.594299
     0.040178    -1.597925
     0.041852    -1.601644
     0.043526    -1.605453
     0.045200    -1.609350
     0.046874    -1.613333
     0.048548    -1.617401
     0.050222    -1.621551
     0.051896    -1.625782
     0.053570    -1.630092
     0.055244    -1.634481
     0.056918    -1.638946
     0.058592    -1.643486
     0.060266    -1.648101
     0.061940    -1.652788
     0.063615    -1.657548
     0.065289    -1.662378
     0.066963    -1.667278
     0.068637    -1.672247
     0.070311    -1.677284
     0.071985    -1.682388
     0.073659    -1.687557
     0.075333    -1.692792
     0.077007    -1.698090
     0.078681    -1.703452
     0.080355    -1.708876
     0.082029    -1.714361
     0.083703    -1.719906
     0.085377    -1.725510
     0.087051    -1.731173
     0.088726    -1.736892
     0.090400    -1.742668
     0.092074    -1.748498
     0.093748    -1.754383
     0.095422    -1.760319
     0.097096    -1.766308
     0.098770    -1.772346
     0.100444    -1.778434
     0.102118    -1.784569
     0.103792    -1.790752
     0.105466    -1.796982
     0.107140    -1.803283
     0.108814    -1.809951
     0.110488    -1.816828
     0.112163    -1.823770
     0.113837    -1.830769
     0.115511    -1.837821
     0.117185    -1.844923
     0.118859    -1.852072
     0.120533    -1.859267
     0.122207    -1.866503
     0.123881    -1.873778
     0.125555    -1.881089
     0.127229    -1.888432
     0.128903    -1.895804
     0.130577    -1.903200
     0.132251    -1.910617
     0.133925    -1.918051
     0.135599    -1.925496
     0.137274    -1.932949
     0.138948    -1.940403
     0.140622    -1.947855
     0.142296    -1.955297
     0.143970    -1.962725
     0.145644    -1.970131
     0.147318    -1.977509
     0.148992    -1.984853
     0.150666    -1.992155
     0.152340    -1.999408
     0.154014    -2.006603
     0.155688    -2.013733
     0.157362    -2.020789
     0.159036    -2.027763
     0.160710    -2.034647
     0.162385    -2.041432
     0.164059    -2.048110
     0.165733    -2.054672
     0.167407    -2.061111


    -0.167407    -2.038825
    -0.165733    -2.032616
    -0.164059    -2.026353
    -0.162385    -2.020037
    -0.160710    -2.013673
    -0.159036    -2.007263
    -0.157362    -2.000811
    -0.155688    -1.994319
    -0.154014    -1.987792
    -0.152340    -1.981232
    -0.150666    -1.974643
    -0.148992    -1.968029
    -0.147318    -1.961392
    -0.145644    -1.954736
    -0.143970    -1.948065
    -0.142296    -1.941381
    -0.140622    -1.934688
    -0.138948    -1.927989
    -0.137274    -1.921287
    -0.135599    -1.914586
    -0.133925    -1.907887
    -0.132251    -1.901195
    -0.130577    -1.894511
    -0.128903    -1.887839
    -0.127229    -1.881182
    -0.125555    -1.874541
    -0.123881    -1.867919
    -0.122207    -1.861319
    -0.120533    -1.854743
    -0.118859    -1.848194
    -0.117185    -1.841672
    -0.115511    -1.835181
    -0.113837    -1.828722
    -0.112163    -1.822297
    -0.110488    -1.815906
    -0.108814    -1.809543
    -0.107140    -1.803074
    -0.105466    -1.796344
    -0.103792    -1.789644
    -0.102118    -1.783005
    -0.100444    -1.776430
    -0.098770    -1.769922
    -0.097096    -1.763483
    -0.095422    -1.757114
    -0.093748    -1.750816
    -0.092074    -1.744591
    -0.090400    -1.738439
    -0.088726    -1.732362
    -0.087051    -1.726361
    -0.085377    -1.720437
    -0.083703    -1.714590
    -0.082029    -1.708822
    -0.080355    -1.703133
    -0.078681    -1.697525
    -0.077007    -1.691996
    -0.075333    -1.686550
    -0.073659    -1.681185
    -0.071985    -1.675903
    -0.070311    -1.670704
    -0.068637    -1.665590
    -0.066963    -1.660559
    -0.065289    -1.655614
    -0.063615    -1.650755
    -0.061940    -1.645981
    -0.060266    -1.641295
    -0.058592    -1.636697
    -0.056918    -1.632186
    -0.055244    -1.627765
    -0.053570    -1.623434
    -0.051896    -1.619194
    -0.050222    -1.615045
    -0.048548    -1.610989
    -0.046874    -1.607028
    -0.045200    -1.603162
    -0.043526    -1.599392
    -0.041852    -1.595721
    -0.040178    -1.592150
    -0.038504    -1.588682
    -0.036829    -1.585318
    -0.035155    -1.582061
    -0.033481    -1.578913
    -0.031807    -1.575878
    -0.030133    -1.572959
    -0.028459    -1.570159
    -0.026785    -1.567484
    -0.025111    -1.564936
    -0.023437    -1.562521
    -0.021763    -1.560244
    -0.020089    -1.558111
    -0.018415    -1.556127
    -0.016741    -1.554299
    -0.015067    -1.552633
    -0.013393    -1.551136
    -0.011718    -1.549813
    -0.010044    -1.548672
    -0.008370    -1.547718
    -0.006696    -1.546956
    -0.005022    -1.546392
    -0.003348    -1.546029
    -0.001674    -1.545870
     0.000000    -1.545913
     0.001674    -1.545868
     0.003348    -1.546026
     0.005022    -1.546387
     0.006696    -1.546950
     0.008370    -1.547710
     0.010044    -1.548663
     0.011718    -1.549803
     0.013393    -1.551125
     0.015067    -1.552622
     0.016741    -1.554287
     0.018415    -1.556114
     0.020089    -1.558097
     0.021763    -1.560229
     0.023437    -1.562505
     0.025111    -1.564919
     0.026785    -1.567466
     0.028459    -1.570141
     0.030133    -1.572940
     0.031807    -1.575859
     0.033481    -1.578893
     0.035155    -1.582040
     0.036829    -1.585297
     0.038504    -1.588660
     0.040178    -1.592129
     0.041852    -1.595699
     0.043526    -1.599369
     0.045200    -1.603138
     0.046874    -1.607004
     0.048548    -1.610965
     0.050222    -1.615020
     0.051896    -1.619169
     0.053570    -1.623409
     0.055244    -1.627739
     0.056918    -1.632160
     0.058592    -1.636670
     0.060266    -1.641269
     0.061940    -1.645954
     0.063615    -1.650727
     0.065289    -1.655587
     0.066963    -1.660532
     0.068637    -1.665562
     0.070311    -1.670676
     0.071985    -1.675875
     0.073659    -1.681157
     0.075333    -1.686521
     0.077007    -1.691968
     0.078681    -1.697496
     0.080355    -1.703104
     0.082029    -1.708793
     0.083703    -1.714561
     0.085377    -1.720408
     0.087051    -1.726332
     0.088726    -1.732333
     0.090400    -1.738410
     0.092074    -1.744561
     0.093748    -1.750787
     0.095422    -1.757085
     0.097096    -1.763454
     0.098770    -1.769894
     0.100444    -1.776402
     0.102118    -1.782977
     0.103792    -1.789617
     0.105466    -1.796318
     0.107140    -1.803054
     0.108814    -1.809525
     0.110488    -1.815886
     0.112163    -1.822277
     0.113837    -1.828701
     0.115511    -1.835160
     0.117185    -1.841651
     0.118859    -1.848172
     0.120533    -1.854722
     0.122207    -1.861298
     0.123881    -1.867898
     0.125555    -1.874519
     0.127229    -1.881160
     0.128903    -1.887817
     0.130577    -1.894489
     0.132251    -1.901173
     0.133925    -1.907865
     0.135599    -1.914563
     0.137274    -1.921265
     0.138948    -1.927967
     0.140622    -1.934666
     0.142296    -1.941359
     0.143970    -1.948043
     0.145644    -1.954714
     0.147318    -1.961370
     0.148992    -1.968007
     0.150666    -1.974622
     0.152340    -1.981210
     0.154014    -1.987770
     0.155688    -1.994298
     0.157362    -2.000789
     0.159036    -2.007242
     0.160710    -2.013652
     0.162385    -2.020016
     0.164059    -2.026332
     0.165733    -2.032595
     0.167407    -2.038804


    -0.167407    -1.560398
    -0.165733    -1.557187
    -0.164059    -1.554004
    -0.162385    -1.550849
    -0.160710    -1.547724
    -0.159036    -1.544629
    -0.157362    -1.541565
    -0.155688    -1.538533
    -0.154014    -1.535534
    -0.152340    -1.532569
    -0.150666    -1.529638
    -0.148992    -1.526743
    -0.147318    -1.523884
    -0.145644    -1.521063
    -0.143970    -1.518279
    -0.142296    -1.515535
    -0.140622    -1.512830
    -0.138948    -1.510167
    -0.137274    -1.507545
    -0.135599    -1.504965
    -0.133925    -1.502429
    -0.132251    -1.499936
    -0.130577    -1.497489
    -0.128903    -1.495087
    -0.127229    -1.492732
    -0.125555    -1.490425
    -0.123881    -1.488165
    -0.122207    -1.485954
    -0.120533    -1.483793
    -0.118859    -1.481682
    -0.117185    -1.479622
    -0.115511    -1.477614
    -0.113837    -1.475658
    -0.112163    -1.473754
    -0.110488    -1.471904
    -0.108814    -1.470108
    -0.107140    -1.468367
    -0.105466    -1.466680
    -0.103792    -1.465049
    -0.102118    -1.463474
    -0.100444    -1.461955
    -0.098770    -1.460493
    -0.097096    -1.459088
    -0.095422    -1.457741
    -0.093748    -1.456451
    -0.092074    -1.455219
    -0.090400    -1.454046
    -0.088726    -1.452930
    -0.087051    -1.451874
    -0.085377    -1.450875
    -0.083703    -1.449936
    -0.082029    -1.449056
    -0.080355    -1.448234
    -0.078681    -1.447471
    -0.077007    -1.446766
    -0.075333    -1.446121
    -0.073659    -1.445533
    -0.071985    -1.445004
    -0.070311    -1.444533
    -0.068637    -1.444119
    -0.066963    -1.443762
    -0.065289    -1.443463
    -0.063615    -1.443220
    -0.061940    -1.443032
    -0.060266    -1.442900
    -0.058592    -1.442822
    -0.056918    -1.442798
    -0.055244    -1.442826
    -0.053570    -1.442907
    -0.051896    -1.443038
    -0.050222    -1.443219
    -0.048548    -1.443448
    -0.046874    -1.443724
    -0.045200    -1.444045
    -0.043526    -1.444410
    -0.041852    -1.444817
    -0.040178    -1.445263
    -0.038504    -1.445747
    -0.036829    -1.446266
    -0.035155    -1.446817
    -0.033481    -1.447397
    -0.031807    -1.448005
    -0.030133    -1.448635
    -0.028459    -1.449284
    -0.026785    -1.449947
    -0.025111    -1.450616
    -0.023437    -1.451286
    -0.021763    -1.451950
    -0.020089    -1.452601
    -0.018415    -1.453233
    -0.016741    -1.453841
    -0.015067    -1.454418
    -0.013393    -1.454956
    -0.011718    -1.455451
    -0.010044    -1.455895
    -0.008370    -1.456282
    -0.006696    -1.456606
    -0.005022    -1.456864
    -0.003348    -1.457050
    -0.001674    -1.457161
     0.000000    -1.457197
     0.001674    -1.457157
     0.003348    -1.457042
     0.005022    -1.456853
     0.006696    -1.456595
     0.008370    -1.456270
     0.010044    -1.455883
     0.011718    -1.455440
     0.013393    -1.454946
     0.015067    -1.454408
     0.016741    -1.453832
     0.018415    -1.453225
     0.020089    -1.452594
     0.021763    -1.451943
     0.023437    -1.451281
     0.025111    -1.450613
     0.026785    -1.449946
     0.028459    -1.449287
     0.030133    -1.448641
     0.031807    -1.448014
     0.033481    -1.447409
     0.035155    -1.446830
     0.036829    -1.446281
     0.038504    -1.445763
     0.040178    -1.445280
     0.041852    -1.444834
     0.043526    -1.444428
     0.045200    -1.444063
     0.046874    -1.443742
     0.048548    -1.443466
     0.050222    -1.443237
     0.051896    -1.443056
     0.053570    -1.442924
     0.055244    -1.442844
     0.056918    -1.442815
     0.058592    -1.442839
     0.060266    -1.442917
     0.061940    -1.443049
     0.063615    -1.443237
     0.065289    -1.443480
     0.066963    -1.443779
     0.068637    -1.444135
     0.070311    -1.444549
     0.071985    -1.445020
     0.073659    -1.445549
     0.075333    -1.446136
     0.077007    -1.446782
     0.078681    -1.447486
     0.080355    -1.448249
     0.082029    -1.449070
     0.083703    -1.449951
     0.085377    -1.450890
     0.087051    -1.451887
     0.088726    -1.452944
     0.090400    -1.454059
     0.092074    -1.455232
     0.093748    -1.456464
     0.095422    -1.457753
     0.097096    -1.459101
     0.098770    -1.460505
     0.100444    -1.461967
     0.102118    -1.463485
     0.103792    -1.465060
     0.105466    -1.466691
     0.107140    -1.468377
     0.108814    -1.470118
     0.110488    -1.471914
     0.112163    -1.473764
     0.113837    -1.475667
     0.115511    -1.477623
     0.117185    -1.479631
     0.118859    -1.481691
     0.120533    -1.483801
     0.122207    -1.485962
     0.123881    -1.488173
     0.125555    -1.490432
     0.127229    -1.492739
     0.128903    -1.495094
     0.130577    -1.497495
     0.132251    -1.499942
     0.133925    -1.502434
     0.135599    -1.504970
     0.137274    -1.507550
     0.138948    -1.510172
     0.140622    -1.512835
     0.142296    -1.515539
     0.143970    -1.518283
     0.145644    -1.521067
     0.147318    -1.523888
     0.148992    -1.526747
     0.150666    -1.529641
     0.152340    -1.532572
     0.154014    -1.535537
     0.155688    -1.538536
     0.157362    -1.541567
     0.159036    -1.544631
     0.160710    -1.547726
     0.162385    -1.550851
     0.164059    -1.554005
     0.165733    -1.557188
     0.167407    -1.560399


    -0.167407    -1.528748
    -0.165733    -1.525821
    -0.164059    -1.522939
    -0.162385    -1.520103
    -0.160710    -1.517314
    -0.159036    -1.514572
    -0.157362    -1.511877
    -0.155688    -1.509231
    -0.154014    -1.506632
    -0.152340    -1.504082
    -0.150666    -1.501581
    -0.148992    -1.499129
    -0.147318    -1.496727
    -0.145644    -1.494374
    -0.143970    -1.492071
    -0.142296    -1.489819
    -0.140622    -1.487616
    -0.138948    -1.485465
    -0.137274    -1.483363
    -0.135599    -1.481313
    -0.133925    -1.479313
    -0.132251    -1.477364
    -0.130577    -1.475466
    -0.128903    -1.473618
    -0.127229    -1.471822
    -0.125555    -1.470076
    -0.123881    -1.468381
    -0.122207    -1.466737
    -0.120533    -1.465144
    -0.118859    -1.463602
    -0.117185    -1.462110
    -0.115511    -1.460668
    -0.113837    -1.459277
    -0.112163    -1.457937
    -0.110488    -1.456646
    -0.108814    -1.455406
    -0.107140    -1.454216
    -0.105466    -1.453075
    -0.103792    -1.451985
    -0.102118    -1.450943
    -0.100444    -1.449952
    -0.098770    -1.449009
    -0.097096    -1.448115
    -0.095422    -1.447271
    -0.093748    -1.446475
    -0.092074    -1.445727
    -0.090400    -1.445028
    -0.088726    -1.444377
    -0.087051    -1.443774
    -0.085377    -1.443218
    -0.083703    -1.442710
    -0.082029    -1.442248
    -0.080355    -1.441834
    -0.078681    -1.441466
    -0.077007    -1.441145
    -0.075333    -1.440869
    -0.073659    -1.440639
    -0.071985    -1.440455
    -0.070311    -1.440315
    -0.068637    -1.440220
    -0.066963    -1.440168
    -0.065289    -1.440160
    -0.063615    -1.440195
    -0.061940    -1.440273
    -0.060266    -1.440392
    -0.058592    -1.440553
    -0.056918    -1.440754
    -0.055244    -1.440995
    -0.053570    -1.441274
    -0.051896    -1.441591
    -0.050222    -1.441945
    -0.048548    -1.442335
    -0.046874    -1.442759
    -0.045200    -1.443216
    -0.043526    -1.443705
    -0.041852    -1.444223
    -0.040178    -1.444769
    -0.038504    -1.445340
    -0.036829    -1.445935
    -0.035155    -1.446550
    -0.033481    -1.447183
    -0.031807    -1.447830
    -0.030133    -1.448487
    -0.028459    -1.449152
    -0.026785    -1.449821
    -0.025111    -1.450491
    -0.023437    -1.451160
    -0.021763    -1.451823
    -0.020089    -1.452475
    -0.018415    -1.453110
    -0.016741    -1.453722
    -0.015067    -1.454305
    -0.013393    -1.454851
    -0.011718    -1.455353
    -0.010044    -1.455806
    -0.008370    -1.456202
    -0.006696    -1.456536
    -0.005022    -1.456803
    -0.003348    -1.456997
    -0.001674    -1.457117
     0.000000    -1.457159
     0.001674    -1.457123
     0.003348    -1.457009
     0.005022    -1.456818
     0.006696    -1.456554
     0.008370    -1.456222
     0.010044    -1.455827
     0.011718    -1.455375
     0.013393    -1.454873
     0.015067    -1.454327
     0.016741    -1.453745
     0.018415    -1.453133
     0.020089    -1.452498
     0.021763    -1.451846
     0.023437    -1.451182
     0.025111    -1.450512
     0.026785    -1.449840
     0.028459    -1.449168
     0.030133    -1.448501
     0.031807    -1.447840
     0.033481    -1.447191
     0.035155    -1.446557
     0.036829    -1.445940
     0.038504    -1.445345
     0.040178    -1.444773
     0.041852    -1.444226
     0.043526    -1.443708
     0.045200    -1.443219
     0.046874    -1.442762
     0.048548    -1.442338
     0.050222    -1.441948
     0.051896    -1.441594
     0.053570    -1.441277
     0.055244    -1.440997
     0.056918    -1.440757
     0.058592    -1.440556
     0.060266    -1.440395
     0.061940    -1.440276
     0.063615    -1.440198
     0.065289    -1.440163
     0.066963    -1.440171
     0.068637    -1.440222
     0.070311    -1.440317
     0.071985    -1.440457
     0.073659    -1.440642
     0.075333    -1.440872
     0.077007    -1.441147
     0.078681    -1.441469
     0.080355    -1.441836
     0.082029    -1.442251
     0.083703    -1.442712
     0.085377    -1.443220
     0.087051    -1.443776
     0.088726    -1.444379
     0.090400    -1.445030
     0.092074    -1.445729
     0.093748    -1.446477
     0.095422    -1.447273
     0.097096    -1.448117
     0.098770    -1.449011
     0.100444    -1.449954
     0.102118    -1.450945
     0.103792    -1.451987
     0.105466    -1.453077
     0.107140    -1.454218
     0.108814    -1.455408
     0.110488    -1.456648
     0.112163    -1.457939
     0.113837    -1.459279
     0.115511    -1.460670
     0.117185    -1.462112
     0.118859    -1.463603
     0.120533    -1.465146
     0.122207    -1.466739
     0.123881    -1.468383
     0.125555    -1.470078
     0.127229    -1.471824
     0.128903    -1.473620
     0.130577    -1.475468
     0.132251    -1.477366
     0.133925    -1.479315
     0.135599    -1.481315
     0.137274    -1.483365
     0.138948    -1.485467
     0.140622    -1.487618
     0.142296    -1.489821
     0.143970    -1.492073
     0.145644    -1.494376
     0.147318    -1.496729
     0.148992    -1.499131
     0.150666    -1.501583
     0.152340    -1.504084
     0.154014    -1.506634
     0.155688    -1.509233
     0.157362    -1.511879
     0.159036    -1.514574
     0.160710    -1.517316
     0.162385    -1.520105
     0.164059    -1.522941
     0.165733    -1.525823
     0.167407    -1.528750


    -0.167407    -1.186295
    -0.165733    -1.181522
    -0.164059    -1.176695
    -0.162385    -1.171816
    -0.160710    -1.166884
    -0.159036    -1.161901
    -0.157362    -1.157378
    -0.155688    -1.153201
    -0.154014    -1.148981
    -0.152340    -1.144716
    -0.150666    -1.140404
    -0.148992    -1.136044
    -0.147318    -1.131636
    -0.145644    -1.127179
    -0.143970    -1.122672
    -0.142296    -1.118114
    -0.140622    -1.113503
    -0.138948    -1.108840
    -0.137274    -1.104123
    -0.135599    -1.099352
    -0.133925    -1.094526
    -0.132251    -1.089644
    -0.130577    -1.084706
    -0.128903    -1.079710
    -0.127229    -1.074657
    -0.125555    -1.069547
    -0.123881    -1.064377
    -0.122207    -1.059149
    -0.120533    -1.053862
    -0.118859    -1.048515
    -0.117185    -1.043109
    -0.115511    -1.037643
    -0.113837    -1.032118
    -0.112163    -1.026534
    -0.110488    -1.020890
    -0.108814    -1.015187
    -0.107140    -1.009426
    -0.105466    -1.003607
    -0.103792    -0.997730
    -0.102118    -0.991796
    -0.100444    -0.985807
    -0.098770    -0.979762
    -0.097096    -0.973663
    -0.095422    -0.967512
    -0.093748    -0.961309
    -0.092074    -0.955056
    -0.090400    -0.948754
    -0.088726    -0.942406
    -0.087051    -0.936013
    -0.085377    -0.929577
    -0.083703    -0.923100
    -0.082029    -0.916585
    -0.080355    -0.910035
    -0.078681    -0.903451
    -0.077007    -0.896837
    -0.075333    -0.890197
    -0.073659    -0.883532
    -0.071985    -0.876848
    -0.070311    -0.870147
    -0.068637    -0.863434
    -0.066963    -0.856712
    -0.065289    -0.849988
    -0.063615    -0.843264
    -0.061940    -0.836547
    -0.060266    -0.829842
    -0.058592    -0.823155
    -0.056918    -0.816492
    -0.055244    -0.809859
    -0.053570    -0.803263
    -0.051896    -0.796712
    -0.050222    -0.790213
    -0.048548    -0.783774
    -0.046874    -0.777405
    -0.045200    -0.771113
    -0.043526    -0.764909
    -0.041852    -0.758803
    -0.040178    -0.752804
    -0.038504    -0.746925
    -0.036829    -0.741176
    -0.035155    -0.735570
    -0.033481    -0.730117
    -0.031807    -0.724832
    -0.030133    -0.719726
    -0.028459    -0.714813
    -0.026785    -0.710105
    -0.025111    -0.705615
    -0.023437    -0.701357
    -0.021763    -0.697342
    -0.020089    -0.693582
    -0.018415    -0.690088
    -0.016741    -0.686872
    -0.015067    -0.683941
    -0.013393    -0.681305
    -0.011718    -0.678971
    -0.010044    -0.676943
    -0.008370    -0.675227
    -0.006696    -0.673824
    -0.005022    -0.672738
    -0.003348    -0.671970
    -0.001674    -0.671513
     0.000000    -0.671358
     0.001674    -0.671509
     0.003348    -0.671968
     0.005022    -0.672741
     0.006696    -0.673829
     0.008370    -0.675232
     0.010044    -0.676948
     0.011718    -0.678976
     0.013393    -0.681310
     0.015067    -0.683946
     0.016741    -0.686876
     0.018415    -0.690092
     0.020089    -0.693585
     0.021763    -0.697345
     0.023437    -0.701359
     0.025111    -0.705618
     0.026785    -0.710107
     0.028459    -0.714814
     0.030133    -0.719727
     0.031807    -0.724833
     0.033481    -0.730118
     0.035155    -0.735570
     0.036829    -0.741177
     0.038504    -0.746925
     0.040178    -0.752804
     0.041852    -0.758802
     0.043526    -0.764909
     0.045200    -0.771112
     0.046874    -0.777404
     0.048548    -0.783773
     0.050222    -0.790211
     0.051896    -0.796710
     0.053570    -0.803261
     0.055244    -0.809857
     0.056918    -0.816490
     0.058592    -0.823153
     0.060266    -0.829840
     0.061940    -0.836545
     0.063615    -0.843262
     0.065289    -0.849985
     0.066963    -0.856709
     0.068637    -0.863431
     0.070311    -0.870144
     0.071985    -0.876844
     0.073659    -0.883529
     0.075333    -0.890193
     0.077007    -0.896834
     0.078681    -0.903448
     0.080355    -0.910031
     0.082029    -0.916582
     0.083703    -0.923097
     0.085377    -0.929573
     0.087051    -0.936009
     0.088726    -0.942403
     0.090400    -0.948751
     0.092074    -0.955052
     0.093748    -0.961305
     0.095422    -0.967508
     0.097096    -0.973660
     0.098770    -0.979758
     0.100444    -0.985803
     0.102118    -0.991793
     0.103792    -0.997726
     0.105466    -1.003603
     0.107140    -1.009423
     0.108814    -1.015184
     0.110488    -1.020887
     0.112163    -1.026531
     0.113837    -1.032115
     0.115511    -1.037640
     0.117185    -1.043106
     0.118859    -1.048512
     0.120533    -1.053859
     0.122207    -1.059146
     0.123881    -1.064375
     0.125555    -1.069544
     0.127229    -1.074655
     0.128903    -1.079708
     0.130577    -1.084704
     0.132251    -1.089642
     0.133925    -1.094524
     0.135599    -1.099351
     0.137274    -1.104122
     0.138948    -1.108839
     0.140622    -1.113502
     0.142296    -1.118113
     0.143970    -1.122671
     0.145644    -1.127179
     0.147318    -1.131636
     0.148992    -1.136044
     0.150666    -1.140403
     0.152340    -1.144716
     0.154014    -1.148981
     0.155688    -1.153202
     0.157362    -1.157378
     0.159036    -1.161895
     0.160710    -1.166878
     0.162385    -1.171810
     0.164059    -1.176689
     0.165733    -1.181515
     0.167407    -1.186288


    -0.167407    -1.181549
    -0.165733    -1.177620
    -0.164059    -1.173652
    -0.162385    -1.169645
    -0.160710    -1.165597
    -0.159036    -1.161506
    -0.157362    -1.156859
    -0.155688    -1.151770
    -0.154014    -1.146627
    -0.152340    -1.141432
    -0.150666    -1.136185
    -0.148992    -1.130887
    -0.147318    -1.125538
    -0.145644    -1.120138
    -0.143970    -1.114688
    -0.142296    -1.109188
    -0.140622    -1.103640
    -0.138948    -1.098044
    -0.137274    -1.092401
    -0.135599    -1.086711
    -0.133925    -1.080976
    -0.132251    -1.075196
    -0.130577    -1.069372
    -0.128903    -1.063506
    -0.127229    -1.057599
    -0.125555    -1.051651
    -0.123881    -1.045665
    -0.122207    -1.039640
    -0.120533    -1.033579
    -0.118859    -1.027484
    -0.117185    -1.021355
    -0.115511    -1.015193
    -0.113837    -1.009002
    -0.112163    -1.002781
    -0.110488    -0.996534
    -0.108814    -0.990261
    -0.107140    -0.983964
    -0.105466    -0.977645
    -0.103792    -0.971307
    -0.102118    -0.964950
    -0.100444    -0.958578
    -0.098770    -0.952192
    -0.097096    -0.945794
    -0.095422    -0.939386
    -0.093748    -0.932971
    -0.092074    -0.926551
    -0.090400    -0.920128
    -0.088726    -0.913705
    -0.087051    -0.907283
    -0.085377    -0.900867
    -0.083703    -0.894458
    -0.082029    -0.888059
    -0.080355    -0.881672
    -0.078681    -0.875301
    -0.077007    -0.868949
    -0.075333    -0.862617
    -0.073659    -0.856310
    -0.071985    -0.850031
    -0.070311    -0.843782
    -0.068637    -0.837567
    -0.066963    -0.831389
    -0.065289    -0.825252
    -0.063615    -0.819159
    -0.061940    -0.813114
    -0.060266    -0.807121
    -0.058592    -0.801183
    -0.056918    -0.795305
    -0.055244    -0.789491
    -0.053570    -0.783745
    -0.051896    -0.778071
    -0.050222    -0.772473
    -0.048548    -0.766958
    -0.046874    -0.761529
    -0.045200    -0.756191
    -0.043526    -0.750951
    -0.041852    -0.745812
    -0.040178    -0.740782
    -0.038504    -0.735865
    -0.036829    -0.731069
    -0.035155    -0.726398
    -0.033481    -0.721861
    -0.031807    -0.717463
    -0.030133    -0.713212
    -0.028459    -0.709115
    -0.026785    -0.705180
    -0.025111    -0.701416
    -0.023437    -0.697829
    -0.021763    -0.694430
    -0.020089    -0.691226
    -0.018415    -0.688226
    -0.016741    -0.685440
    -0.015067    -0.682877
    -0.013393    -0.680546
    -0.011718    -0.678457
    -0.010044    -0.676619
    -0.008370    -0.675040
    -0.006696    -0.673731
    -0.005022    -0.672698
    -0.003348    -0.671946
    -0.001674    -0.671490
     0.000000    -0.671339
     0.001674    -0.671493
     0.003348    -0.671947
     0.005022    -0.672693
     0.006696    -0.673724
     0.008370    -0.675033
     0.010044    -0.676610
     0.011718    -0.678448
     0.013393    -0.680537
     0.015067    -0.682867
     0.016741    -0.685430
     0.018415    -0.688216
     0.020089    -0.691216
     0.021763    -0.694420
     0.023437    -0.697820
     0.025111    -0.701406
     0.026785    -0.705171
     0.028459    -0.709106
     0.030133    -0.713203
     0.031807    -0.717454
     0.033481    -0.721852
     0.035155    -0.726390
     0.036829    -0.731060
     0.038504    -0.735857
     0.040178    -0.740774
     0.041852    -0.745805
     0.043526    -0.750944
     0.045200    -0.756185
     0.046874    -0.761522
     0.048548    -0.766952
     0.050222    -0.772467
     0.051896    -0.778065
     0.053570    -0.783739
     0.055244    -0.789486
     0.056918    -0.795301
     0.058592    -0.801179
     0.060266    -0.807117
     0.061940    -0.813110
     0.063615    -0.819156
     0.065289    -0.825249
     0.066963    -0.831386
     0.068637    -0.837564
     0.070311    -0.843779
     0.071985    -0.850029
     0.073659    -0.856308
     0.075333    -0.862616
     0.077007    -0.868947
     0.078681    -0.875300
     0.080355    -0.881671
     0.082029    -0.888058
     0.083703    -0.894457
     0.085377    -0.900867
     0.087051    -0.907283
     0.088726    -0.913705
     0.090400    -0.920128
     0.092074    -0.926551
     0.093748    -0.932971
     0.095422    -0.939386
     0.097096    -0.945794
     0.098770    -0.952192
     0.100444    -0.958579
     0.102118    -0.964951
     0.103792    -0.971308
     0.105466    -0.977646
     0.107140    -0.983964
     0.108814    -0.990261
     0.110488    -0.996534
     0.112163    -1.002782
     0.113837    -1.009002
     0.115511    -1.015194
     0.117185    -1.021355
     0.118859    -1.027484
     0.120533    -1.033579
     0.122207    -1.039640
     0.123881    -1.045664
     0.125555    -1.051651
     0.127229    -1.057598
     0.128903    -1.063505
     0.130577    -1.069371
     0.132251    -1.075194
     0.133925    -1.080974
     0.135599    -1.086709
     0.137274    -1.092399
     0.138948    -1.098042
     0.140622    -1.103638
     0.142296    -1.109186
     0.143970    -1.114685
     0.145644    -1.120134
     0.147318    -1.125534
     0.148992    -1.130883
     0.150666    -1.136181
     0.152340    -1.141428
     0.154014    -1.146622
     0.155688    -1.151765
     0.157362    -1.156854
     0.159036    -1.161507
     0.160710    -1.165598
     0.162385    -1.169646
     0.164059    -1.173654
     0.165733    -1.177621
     0.167407    -1.181551


    -0.167407    -0.446634
    -0.165733    -0.443519
    -0.164059    -0.440448
    -0.162385    -0.437424
    -0.160710    -0.434445
    -0.159036    -0.431512
    -0.157362    -0.428627
    -0.155688    -0.425789
    -0.154014    -0.423000
    -0.152340    -0.420259
    -0.150666    -0.417568
    -0.148992    -0.414927
    -0.147318    -0.412336
    -0.145644    -0.409796
    -0.143970    -0.407307
    -0.142296    -0.404871
    -0.140622    -0.402487
    -0.138948    -0.400156
    -0.137274    -0.397878
    -0.135599    -0.395654
    -0.133925    -0.393485
    -0.132251    -0.391371
    -0.130577    -0.389311
    -0.128903    -0.387307
    -0.127229    -0.385360
    -0.125555    -0.383468
    -0.123881    -0.381633
    -0.122207    -0.379855
    -0.120533    -0.378134
    -0.118859    -0.376471
    -0.117185    -0.374865
    -0.115511    -0.373317
    -0.113837    -0.371827
    -0.112163    -0.370396
    -0.110488    -0.369022
    -0.108814    -0.367707
    -0.107140    -0.366450
    -0.105466    -0.365251
    -0.103792    -0.364110
    -0.102118    -0.363027
    -0.100444    -0.362002
    -0.098770    -0.361034
    -0.097096    -0.360123
    -0.095422    -0.359269
    -0.093748    -0.358471
    -0.092074    -0.357728
    -0.090400    -0.357041
    -0.088726    -0.356408
    -0.087051    -0.355828
    -0.085377    -0.355300
    -0.083703    -0.354824
    -0.082029    -0.354398
    -0.080355    -0.354021
    -0.078681    -0.353691
    -0.077007    -0.353407
    -0.075333    -0.353167
    -0.073659    -0.352970
    -0.071985    -0.352812
    -0.070311    -0.352692
    -0.068637    -0.352607
    -0.066963    -0.352554
    -0.065289    -0.352531
    -0.063615    -0.352534
    -0.061940    -0.352560
    -0.060266    -0.352604
    -0.058592    -0.352663
    -0.056918    -0.352732
    -0.055244    -0.352807
    -0.053570    -0.352881
    -0.051896    -0.352951
    -0.050222    -0.353008
    -0.048548    -0.353048
    -0.046874    -0.353063
    -0.045200    -0.353046
    -0.043526    -0.352989
    -0.041852    -0.352884
    -0.040178    -0.352722
    -0.038504    -0.352493
    -0.036829    -0.352188
    -0.035155    -0.351798
    -0.033481    -0.351310
    -0.031807    -0.350716
    -0.030133    -0.350003
    -0.028459    -0.349160
    -0.026785    -0.348176
    -0.025111    -0.347041
    -0.023437    -0.345742
    -0.021763    -0.344269
    -0.020089    -0.342613
    -0.018415    -0.340762
    -0.016741    -0.338710
    -0.015067    -0.336448
    -0.013393    -0.333970
    -0.011718    -0.331270
    -0.010044    -0.328345
    -0.008370    -0.325193
    -0.006696    -0.321813
    -0.005022    -0.318205
    -0.003348    -0.314373
    -0.001674    -0.310320
     0.000000    -0.306071
     0.001674    -0.310337
     0.003348    -0.314391
     0.005022    -0.318223
     0.006696    -0.321831
     0.008370    -0.325212
     0.010044    -0.328365
     0.011718    -0.331290
     0.013393    -0.333990
     0.015067    -0.336469
     0.016741    -0.338731
     0.018415    -0.340784
     0.020089    -0.342634
     0.021763    -0.344291
     0.023437    -0.345764
     0.025111    -0.347063
     0.026785    -0.348199
     0.028459    -0.349183
     0.030133    -0.350026
     0.031807    -0.350739
     0.033481    -0.351333
     0.035155    -0.351821
     0.036829    -0.352211
     0.038504    -0.352516
     0.040178    -0.352745
     0.041852    -0.352907
     0.043526    -0.353012
     0.045200    -0.353069
     0.046874    -0.353086
     0.048548    -0.353071
     0.050222    -0.353031
     0.051896    -0.352973
     0.053570    -0.352903
     0.055244    -0.352828
     0.056918    -0.352754
     0.058592    -0.352684
     0.060266    -0.352625
     0.061940    -0.352580
     0.063615    -0.352554
     0.065289    -0.352551
     0.066963    -0.352574
     0.068637    -0.352626
     0.070311    -0.352711
     0.071985    -0.352831
     0.073659    -0.352988
     0.075333    -0.353186
     0.077007    -0.353425
     0.078681    -0.353709
     0.080355    -0.354038
     0.082029    -0.354415
     0.083703    -0.354841
     0.085377    -0.355317
     0.087051    -0.355844
     0.088726    -0.356423
     0.090400    -0.357056
     0.092074    -0.357743
     0.093748    -0.358485
     0.095422    -0.359283
     0.097096    -0.360137
     0.098770    -0.361047
     0.100444    -0.362015
     0.102118    -0.363040
     0.103792    -0.364123
     0.105466    -0.365263
     0.107140    -0.366462
     0.108814    -0.367719
     0.110488    -0.369034
     0.112163    -0.370407
     0.113837    -0.371838
     0.115511    -0.373328
     0.117185    -0.374876
     0.118859    -0.376481
     0.120533    -0.378144
     0.122207    -0.379865
     0.123881    -0.381643
     0.125555    -0.383477
     0.127229    -0.385369
     0.128903    -0.387316
     0.130577    -0.389320
     0.132251    -0.391379
     0.133925    -0.393494
     0.135599    -0.395663
     0.137274    -0.397886
     0.138948    -0.400164
     0.140622    -0.402495
     0.142296    -0.404879
     0.143970    -0.407315
     0.145644    -0.409803
     0.147318    -0.412343
     0.148992    -0.414934
     0.150666    -0.417575
     0.152340    -0.420266
     0.154014    -0.423007
     0.155688    -0.425796
     0.157362    -0.428634
     0.159036    -0.431519
     0.160710    -0.434452
     0.162385    -0.437431
     0.164059    -0.440456
     0.165733    -0.443526
     0.167407    -0.446641


    -0.167407    -0.376377
    -0.165733    -0.371146
    -0.164059    -0.365924
    -0.162385    -0.360711
    -0.160710    -0.355507
    -0.159036    -0.350312
    -0.157362    -0.345127
    -0.155688    -0.339952
    -0.154014    -0.334787
    -0.152340    -0.329633
    -0.150666    -0.324490
    -0.148992    -0.319359
    -0.147318    -0.314239
    -0.145644    -0.309132
    -0.143970    -0.304038
    -0.142296    -0.298958
    -0.140622    -0.293891
    -0.138948    -0.288840
    -0.137274    -0.283804
    -0.135599    -0.278784
    -0.133925    -0.273782
    -0.132251    -0.268797
    -0.130577    -0.263831
    -0.128903    -0.258885
    -0.127229    -0.253961
    -0.125555    -0.249058
    -0.123881    -0.244180
    -0.122207    -0.239327
    -0.120533    -0.234500
    -0.118859    -0.229703
    -0.117185    -0.224936
    -0.115511    -0.220202
    -0.113837    -0.215503
    -0.112163    -0.210842
    -0.110488    -0.206222
    -0.108814    -0.201646
    -0.107140    -0.197118
    -0.105466    -0.192642
    -0.103792    -0.188221
    -0.102118    -0.183861
    -0.100444    -0.179568
    -0.098770    -0.175346
    -0.097096    -0.171204
    -0.095422    -0.167147
    -0.093748    -0.163185
    -0.092074    -0.159326
    -0.090400    -0.155581
    -0.088726    -0.151960
    -0.087051    -0.148476
    -0.085377    -0.145141
    -0.083703    -0.141972
    -0.082029    -0.138983
    -0.080355    -0.136193
    -0.078681    -0.133620
    -0.077007    -0.131284
    -0.075333    -0.129207
    -0.073659    -0.127410
    -0.071985    -0.125916
    -0.070311    -0.124747
    -0.068637    -0.123926
    -0.066963    -0.123474
    -0.065289    -0.123409
    -0.063615    -0.123748
    -0.061940    -0.124502
    -0.060266    -0.125681
    -0.058592    -0.127287
    -0.056918    -0.129320
    -0.055244    -0.131772
    -0.053570    -0.134632
    -0.051896    -0.137883
    -0.050222    -0.141506
    -0.048548    -0.145479
    -0.046874    -0.149776
    -0.045200    -0.154370
    -0.043526    -0.159234
    -0.041852    -0.164341
    -0.040178    -0.169663
    -0.038504    -0.175174
    -0.036829    -0.180847
    -0.035155    -0.186658
    -0.033481    -0.192582
    -0.031807    -0.198598
    -0.030133    -0.204684
    -0.028459    -0.210818
    -0.026785    -0.216982
    -0.025111    -0.223156
    -0.023437    -0.229322
    -0.021763    -0.235463
    -0.020089    -0.241562
    -0.018415    -0.247602
    -0.016741    -0.253569
    -0.015067    -0.259446
    -0.013393    -0.265220
    -0.011718    -0.270875
    -0.010044    -0.276398
    -0.008370    -0.281775
    -0.006696    -0.286995
    -0.005022    -0.292045
    -0.003348    -0.296914
    -0.001674    -0.301591
     0.000000    -0.306050
     0.001674    -0.301575
     0.003348    -0.296898
     0.005022    -0.292030
     0.006696    -0.286980
     0.008370    -0.281761
     0.010044    -0.276384
     0.011718    -0.270862
     0.013393    -0.265207
     0.015067    -0.259434
     0.016741    -0.253557
     0.018415    -0.247591
     0.020089    -0.241551
     0.021763    -0.235452
     0.023437    -0.229312
     0.025111    -0.223146
     0.026785    -0.216973
     0.028459    -0.210809
     0.030133    -0.204675
     0.031807    -0.198590
     0.033481    -0.192574
     0.035155    -0.186650
     0.036829    -0.180839
     0.038504    -0.175166
     0.040178    -0.169656
     0.041852    -0.164334
     0.043526    -0.159227
     0.045200    -0.154363
     0.046874    -0.149768
     0.048548    -0.145472
     0.050222    -0.141499
     0.051896    -0.137875
     0.053570    -0.134624
     0.055244    -0.131764
     0.056918    -0.129311
     0.058592    -0.127278
     0.060266    -0.125671
     0.061940    -0.124492
     0.063615    -0.123737
     0.065289    -0.123398
     0.066963    -0.123462
     0.068637    -0.123914
     0.070311    -0.124734
     0.071985    -0.125902
     0.073659    -0.127395
     0.075333    -0.129192
     0.077007    -0.131269
     0.078681    -0.133604
     0.080355    -0.136177
     0.082029    -0.138967
     0.083703    -0.141955
     0.085377    -0.145124
     0.087051    -0.148458
     0.088726    -0.151942
     0.090400    -0.155562
     0.092074    -0.159307
     0.093748    -0.163166
     0.095422    -0.167128
     0.097096    -0.171184
     0.098770    -0.175327
     0.100444    -0.179548
     0.102118    -0.183841
     0.103792    -0.188201
     0.105466    -0.192622
     0.107140    -0.197099
     0.108814    -0.201627
     0.110488    -0.206203
     0.112163    -0.210823
     0.113837    -0.215484
     0.115511    -0.220183
     0.117185    -0.224917
     0.118859    -0.229684
     0.120533    -0.234482
     0.122207    -0.239309
     0.123881    -0.244162
     0.125555    -0.249041
     0.127229    -0.253944
     0.128903    -0.258869
     0.130577    -0.263815
     0.132251    -0.268781
     0.133925    -0.273766
     0.135599    -0.278769
     0.137274    -0.283790
     0.138948    -0.288826
     0.140622    -0.293878
     0.142296    -0.298945
     0.143970    -0.304026
     0.145644    -0.309120
     0.147318    -0.314228
     0.148992    -0.319348
     0.150666    -0.324480
     0.152340    -0.329624
     0.154014    -0.334778
     0.155688    -0.339944
     0.157362    -0.345119
     0.159036    -0.350305
     0.160710    -0.355501
     0.162385    -0.360705
     0.164059    -0.365919
     0.165733    -0.371142
     0.167407    -0.376373


    -0.167407     0.611112
    -0.165733     0.602682
    -0.164059     0.594233
    -0.162385     0.585767
    -0.160710     0.577285
    -0.159036     0.568786
    -0.157362     0.560271
    -0.155688     0.551741
    -0.154014     0.543198
    -0.152340     0.534641
    -0.150666     0.526071
    -0.148992     0.517489
    -0.147318     0.508897
    -0.145644     0.500294
    -0.143970     0.491683
    -0.142296     0.483064
    -0.140622     0.474438
    -0.138948     0.465806
    -0.137274     0.457170
    -0.135599     0.448531
    -0.133925     0.439890
    -0.132251     0.431249
    -0.130577     0.422609
    -0.128903     0.413973
    -0.127229     0.405341
    -0.125555     0.396717
    -0.123881     0.388101
    -0.122207     0.379497
    -0.120533     0.370907
    -0.118859     0.362333
    -0.117185     0.353778
    -0.115511     0.345246
    -0.113837     0.336739
    -0.112163     0.328261
    -0.110488     0.319817
    -0.108814     0.311409
    -0.107140     0.303044
    -0.105466     0.294726
    -0.103792     0.286460
    -0.102118     0.278252
    -0.100444     0.270110
    -0.098770     0.262040
    -0.097096     0.254050
    -0.095422     0.246148
    -0.093748     0.238346
    -0.092074     0.230651
    -0.090400     0.223078
    -0.088726     0.215637
    -0.087051     0.208342
    -0.085377     0.201210
    -0.083703     0.194255
    -0.082029     0.187497
    -0.080355     0.180954
    -0.078681     0.174646
    -0.077007     0.168596
    -0.075333     0.162828
    -0.073659     0.157364
    -0.071985     0.152231
    -0.070311     0.147452
    -0.068637     0.143052
    -0.066963     0.139055
    -0.065289     0.135482
    -0.063615     0.132351
    -0.061940     0.129678
    -0.060266     0.127473
    -0.058592     0.125744
    -0.056918     0.124492
    -0.055244     0.123712
    -0.053570     0.123398
    -0.051896     0.123535
    -0.050222     0.124109
    -0.048548     0.125101
    -0.046874     0.126488
    -0.045200     0.128249
    -0.043526     0.130361
    -0.041852     0.132800
    -0.040178     0.135544
    -0.038504     0.138572
    -0.036829     0.141863
    -0.035155     0.145398
    -0.033481     0.149157
    -0.031807     0.153126
    -0.030133     0.157288
    -0.028459     0.161630
    -0.026785     0.166138
    -0.025111     0.170801
    -0.023437     0.175608
    -0.021763     0.180550
    -0.020089     0.185618
    -0.018415     0.190805
    -0.016741     0.196101
    -0.015067     0.201502
    -0.013393     0.207001
    -0.011718     0.212593
    -0.010044     0.218271
    -0.008370     0.224033
    -0.006696     0.229873
    -0.005022     0.235787
    -0.003348     0.241772
    -0.001674     0.247824
     0.000000     0.253937
     0.001674     0.247830
     0.003348     0.241778
     0.005022     0.235794
     0.006696     0.229880
     0.008370     0.224040
     0.010044     0.218279
     0.011718     0.212601
     0.013393     0.207010
     0.015067     0.201511
     0.016741     0.196111
     0.018415     0.190814
     0.020089     0.185629
     0.021763     0.180561
     0.023437     0.175619
     0.025111     0.170812
     0.026785     0.166149
     0.028459     0.161642
     0.030133     0.157301
     0.031807     0.153139
     0.033481     0.149171
     0.035155     0.145411
     0.036829     0.141877
     0.038504     0.138587
     0.040178     0.135559
     0.041852     0.132815
     0.043526     0.130375
     0.045200     0.128264
     0.046874     0.126503
     0.048548     0.125116
     0.050222     0.124124
     0.051896     0.123550
     0.053570     0.123412
     0.055244     0.123726
     0.056918     0.124506
     0.058592     0.125758
     0.060266     0.127486
     0.061940     0.129690
     0.063615     0.132363
     0.065289     0.135493
     0.066963     0.139066
     0.068637     0.143063
     0.070311     0.147462
     0.071985     0.152240
     0.073659     0.157372
     0.075333     0.162835
     0.077007     0.168603
     0.078681     0.174652
     0.080355     0.180959
     0.082029     0.187502
     0.083703     0.194259
     0.085377     0.201213
     0.087051     0.208345
     0.088726     0.215639
     0.090400     0.223079
     0.092074     0.230653
     0.093748     0.238346
     0.095422     0.246148
     0.097096     0.254049
     0.098770     0.262039
     0.100444     0.270108
     0.102118     0.278250
     0.103792     0.286457
     0.105466     0.294723
     0.107140     0.303041
     0.108814     0.311406
     0.110488     0.319813
     0.112163     0.328257
     0.113837     0.336734
     0.115511     0.345241
     0.117185     0.353773
     0.118859     0.362327
     0.120533     0.370901
     0.122207     0.379491
     0.123881     0.388094
     0.125555     0.396709
     0.127229     0.405333
     0.128903     0.413965
     0.130577     0.422601
     0.132251     0.431240
     0.133925     0.439881
     0.135599     0.448521
     0.137274     0.457160
     0.138948     0.465796
     0.140622     0.474428
     0.142296     0.483053
     0.143970     0.491673
     0.145644     0.500284
     0.147318     0.508886
     0.148992     0.517478
     0.150666     0.526059
     0.152340     0.534629
     0.154014     0.543186
     0.155688     0.551729
     0.157362     0.560259
     0.159036     0.568773
     0.160710     0.577272
     0.162385     0.585755
     0.164059     0.594220
     0.165733     0.602669
     0.167407     0.611099


    -0.167407     0.892276
    -0.165733     0.886942
    -0.164059     0.881587
    -0.162385     0.876211
    -0.160710     0.870813
    -0.159036     0.865393
    -0.157362     0.859951
    -0.155688     0.854486
    -0.154014     0.848997
    -0.152340     0.843485
    -0.150666     0.837948
    -0.148992     0.832386
    -0.147318     0.826799
    -0.145644     0.821187
    -0.143970     0.815548
    -0.142296     0.809883
    -0.140622     0.804191
    -0.138948     0.798472
    -0.137274     0.792725
    -0.135599     0.786949
    -0.133925     0.781146
    -0.132251     0.775313
    -0.130577     0.769451
    -0.128903     0.763560
    -0.127229     0.757638
    -0.125555     0.751687
    -0.123881     0.745705
    -0.122207     0.739692
    -0.120533     0.733649
    -0.118859     0.727575
    -0.117185     0.721469
    -0.115511     0.715332
    -0.113837     0.709164
    -0.112163     0.702964
    -0.110488     0.696734
    -0.108814     0.690471
    -0.107140     0.684178
    -0.105466     0.677853
    -0.103792     0.671497
    -0.102118     0.665111
    -0.100444     0.658694
    -0.098770     0.652246
    -0.097096     0.645769
    -0.095422     0.639263
    -0.093748     0.632727
    -0.092074     0.626163
    -0.090400     0.619571
    -0.088726     0.612951
    -0.087051     0.606305
    -0.085377     0.599633
    -0.083703     0.592935
    -0.082029     0.586213
    -0.080355     0.579467
    -0.078681     0.572698
    -0.077007     0.565907
    -0.075333     0.559096
    -0.073659     0.552265
    -0.071985     0.545415
    -0.070311     0.538547
    -0.068637     0.531663
    -0.066963     0.524763
    -0.065289     0.517850
    -0.063615     0.510923
    -0.061940     0.503986
    -0.060266     0.497038
    -0.058592     0.490082
    -0.056918     0.483118
    -0.055244     0.476148
    -0.053570     0.469175
    -0.051896     0.462198
    -0.050222     0.455221
    -0.048548     0.448243
    -0.046874     0.441268
    -0.045200     0.434296
    -0.043526     0.427330
    -0.041852     0.420370
    -0.040178     0.413419
    -0.038504     0.406479
    -0.036829     0.399550
    -0.035155     0.392635
    -0.033481     0.385736
    -0.031807     0.378854
    -0.030133     0.371991
    -0.028459     0.365149
    -0.026785     0.358330
    -0.025111     0.351536
    -0.023437     0.344768
    -0.021763     0.338028
    -0.020089     0.331319
    -0.018415     0.324643
    -0.016741     0.318000
    -0.015067     0.311394
    -0.013393     0.304827
    -0.011718     0.298300
    -0.010044     0.291816
    -0.008370     0.285377
    -0.006696     0.278986
    -0.005022     0.272645
    -0.003348     0.266355
    -0.001674     0.260121
     0.000000     0.253948
     0.001674     0.260116
     0.003348     0.266350
     0.005022     0.272640
     0.006696     0.278982
     0.008370     0.285373
     0.010044     0.291812
     0.011718     0.298296
     0.013393     0.304823
     0.015067     0.311391
     0.016741     0.317997
     0.018415     0.324639
     0.020089     0.331316
     0.021763     0.338025
     0.023437     0.344765
     0.025111     0.351533
     0.026785     0.358327
     0.028459     0.365146
     0.030133     0.371988
     0.031807     0.378851
     0.033481     0.385733
     0.035155     0.392632
     0.036829     0.399547
     0.038504     0.406476
     0.040178     0.413416
     0.041852     0.420367
     0.043526     0.427327
     0.045200     0.434293
     0.046874     0.441265
     0.048548     0.448240
     0.050222     0.455217
     0.051896     0.462195
     0.053570     0.469171
     0.055244     0.476145
     0.056918     0.483114
     0.058592     0.490078
     0.060266     0.497034
     0.061940     0.503981
     0.063615     0.510919
     0.065289     0.517845
     0.066963     0.524758
     0.068637     0.531658
     0.070311     0.538542
     0.071985     0.545409
     0.073659     0.552259
     0.075333     0.559090
     0.077007     0.565901
     0.078681     0.572692
     0.080355     0.579460
     0.082029     0.586206
     0.083703     0.592928
     0.085377     0.599626
     0.087051     0.606298
     0.088726     0.612944
     0.090400     0.619563
     0.092074     0.626155
     0.093748     0.632719
     0.095422     0.639254
     0.097096     0.645761
     0.098770     0.652238
     0.100444     0.658685
     0.102118     0.665102
     0.103792     0.671488
     0.105466     0.677844
     0.107140     0.684168
     0.108814     0.690462
     0.110488     0.696724
     0.112163     0.702955
     0.113837     0.709154
     0.115511     0.715322
     0.117185     0.721459
     0.118859     0.727564
     0.120533     0.733638
     0.122207     0.739682
     0.123881     0.745694
     0.125555     0.751676
     0.127229     0.757627
     0.128903     0.763548
     0.130577     0.769440
     0.132251     0.775302
     0.133925     0.781134
     0.135599     0.786938
     0.137274     0.792713
     0.138948     0.798460
     0.140622     0.804180
     0.142296     0.809871
     0.143970     0.815537
     0.145644     0.821175
     0.147318     0.826787
     0.148992     0.832374
     0.150666     0.837936
     0.152340     0.843473
     0.154014     0.848985
     0.155688     0.854474
     0.157362     0.859939
     0.159036     0.865382
     0.160710     0.870802
     0.162385     0.876199
     0.164059     0.881576
     0.165733     0.886930
     0.167407     0.892265


    -0.167407     1.817926
    -0.165733     1.810758
    -0.164059     1.803620
    -0.162385     1.796515
    -0.160710     1.789445
    -0.159036     1.782411
    -0.157362     1.775415
    -0.155688     1.768460
    -0.154014     1.761548
    -0.152340     1.754679
    -0.150666     1.747858
    -0.148992     1.741084
    -0.147318     1.734361
    -0.145644     1.727691
    -0.143970     1.721075
    -0.142296     1.714516
    -0.140622     1.708016
    -0.138948     1.701576
    -0.137274     1.695199
    -0.135599     1.688887
    -0.133925     1.682641
    -0.132251     1.676464
    -0.130577     1.670358
    -0.128903     1.664325
    -0.127229     1.658366
    -0.125555     1.652483
    -0.123881     1.646679
    -0.122207     1.640955
    -0.120533     1.635313
    -0.118859     1.629755
    -0.117185     1.624282
    -0.115511     1.618896
    -0.113837     1.613600
    -0.112163     1.608394
    -0.110488     1.603280
    -0.108814     1.598259
    -0.107140     1.593334
    -0.105466     1.588506
    -0.103792     1.583775
    -0.102118     1.579144
    -0.100444     1.574614
    -0.098770     1.570185
    -0.097096     1.565860
    -0.095422     1.561638
    -0.093748     1.557522
    -0.092074     1.553512
    -0.090400     1.549609
    -0.088726     1.545815
    -0.087051     1.542129
    -0.085377     1.538553
    -0.083703     1.535087
    -0.082029     1.531732
    -0.080355     1.528489
    -0.078681     1.525358
    -0.077007     1.522339
    -0.075333     1.519434
    -0.073659     1.516641
    -0.071985     1.513963
    -0.070311     1.511398
    -0.068637     1.508947
    -0.066963     1.506610
    -0.065289     1.504387
    -0.063615     1.502279
    -0.061940     1.500284
    -0.060266     1.498404
    -0.058592     1.496638
    -0.056918     1.494985
    -0.055244     1.493445
    -0.053570     1.492019
    -0.051896     1.490706
    -0.050222     1.489505
    -0.048548     1.488416
    -0.046874     1.487439
    -0.045200     1.486573
    -0.043526     1.485817
    -0.041852     1.485172
    -0.040178     1.484636
    -0.038504     1.484209
    -0.036829     1.483890
    -0.035155     1.483678
    -0.033481     1.483574
    -0.031807     1.483575
    -0.030133     1.483682
    -0.028459     1.483894
    -0.026785     1.484209
    -0.025111     1.484627
    -0.023437     1.485147
    -0.021763     1.485769
    -0.020089     1.486491
    -0.018415     1.487313
    -0.016741     1.488233
    -0.015067     1.489251
    -0.013393     1.490366
    -0.011718     1.491577
    -0.010044     1.492883
    -0.008370     1.494283
    -0.006696     1.495776
    -0.005022     1.497362
    -0.003348     1.499038
    -0.001674     1.500805
     0.000000     1.502647
     0.001674     1.500815
     0.003348     1.499048
     0.005022     1.497372
     0.006696     1.495787
     0.008370     1.494294
     0.010044     1.492895
     0.011718     1.491589
     0.013393     1.490378
     0.015067     1.489264
     0.016741     1.488246
     0.018415     1.487326
     0.020089     1.486504
     0.021763     1.485783
     0.023437     1.485161
     0.025111     1.484641
     0.026785     1.484223
     0.028459     1.483908
     0.030133     1.483697
     0.031807     1.483590
     0.033481     1.483589
     0.035155     1.483694
     0.036829     1.483905
     0.038504     1.484225
     0.040178     1.484652
     0.041852     1.485188
     0.043526     1.485833
     0.045200     1.486589
     0.046874     1.487455
     0.048548     1.488433
     0.050222     1.489521
     0.051896     1.490722
     0.053570     1.492036
     0.055244     1.493462
     0.056918     1.495001
     0.058592     1.496654
     0.060266     1.498420
     0.061940     1.500301
     0.063615     1.502295
     0.065289     1.504404
     0.066963     1.506626
     0.068637     1.508963
     0.070311     1.511414
     0.071985     1.513978
     0.073659     1.516657
     0.075333     1.519449
     0.077007     1.522355
     0.078681     1.525373
     0.080355     1.528504
     0.082029     1.531747
     0.083703     1.535101
     0.085377     1.538567
     0.087051     1.542143
     0.088726     1.545828
     0.090400     1.549623
     0.092074     1.553525
     0.093748     1.557535
     0.095422     1.561651
     0.097096     1.565872
     0.098770     1.570197
     0.100444     1.574625
     0.102118     1.579156
     0.103792     1.583786
     0.105466     1.588516
     0.107140     1.593345
     0.108814     1.598269
     0.110488     1.603289
     0.112163     1.608403
     0.113837     1.613608
     0.115511     1.618905
     0.117185     1.624290
     0.118859     1.629762
     0.120533     1.635320
     0.122207     1.640962
     0.123881     1.646685
     0.125555     1.652489
     0.127229     1.658371
     0.128903     1.664330
     0.130577     1.670363
     0.132251     1.676469
     0.133925     1.682645
     0.135599     1.688890
     0.137274     1.695202
     0.138948     1.701579
     0.140622     1.708018
     0.142296     1.714518
     0.143970     1.721077
     0.145644     1.727692
     0.147318     1.734362
     0.148992     1.741084
     0.150666     1.747857
     0.152340     1.754679
     0.154014     1.761547
     0.155688     1.768459
     0.157362     1.775414
     0.159036     1.782409
     0.160710     1.789443
     0.162385     1.796513
     0.164059     1.803618
     0.165733     1.810755
     0.167407     1.817922


    -0.167407     1.974708
    -0.165733     1.968648
    -0.164059     1.962590
    -0.162385     1.956536
    -0.160710     1.950485
    -0.159036     1.944438
    -0.157362     1.938396
    -0.155688     1.932359
    -0.154014     1.926327
    -0.152340     1.920303
    -0.150666     1.914285
    -0.148992     1.908275
    -0.147318     1.902273
    -0.145644     1.896280
    -0.143970     1.890297
    -0.142296     1.884325
    -0.140622     1.878363
    -0.138948     1.872413
    -0.137274     1.866475
    -0.135599     1.860550
    -0.133925     1.854640
    -0.132251     1.848743
    -0.130577     1.842863
    -0.128903     1.836998
    -0.127229     1.831150
    -0.125555     1.825319
    -0.123881     1.819507
    -0.122207     1.813714
    -0.120533     1.807941
    -0.118859     1.802189
    -0.117185     1.796459
    -0.115511     1.790750
    -0.113837     1.785065
    -0.112163     1.779405
    -0.110488     1.773769
    -0.108814     1.768158
    -0.107140     1.762575
    -0.105466     1.757019
    -0.103792     1.751491
    -0.102118     1.745992
    -0.100444     1.740524
    -0.098770     1.735086
    -0.097096     1.729681
    -0.095422     1.724308
    -0.093748     1.718969
    -0.092074     1.713665
    -0.090400     1.708396
    -0.088726     1.703163
    -0.087051     1.697968
    -0.085377     1.692811
    -0.083703     1.687693
    -0.082029     1.682615
    -0.080355     1.677579
    -0.078681     1.672584
    -0.077007     1.667632
    -0.075333     1.662724
    -0.073659     1.657861
    -0.071985     1.653043
    -0.070311     1.648272
    -0.068637     1.643548
    -0.066963     1.638873
    -0.065289     1.634248
    -0.063615     1.629673
    -0.061940     1.625149
    -0.060266     1.620678
    -0.058592     1.616260
    -0.056918     1.611896
    -0.055244     1.607587
    -0.053570     1.603334
    -0.051896     1.599139
    -0.050222     1.595001
    -0.048548     1.590922
    -0.046874     1.586904
    -0.045200     1.582946
    -0.043526     1.579050
    -0.041852     1.575217
    -0.040178     1.571448
    -0.038504     1.567744
    -0.036829     1.564105
    -0.035155     1.560533
    -0.033481     1.557029
    -0.031807     1.553593
    -0.030133     1.550227
    -0.028459     1.546932
    -0.026785     1.543708
    -0.025111     1.540557
    -0.023437     1.537480
    -0.021763     1.534477
    -0.020089     1.531549
    -0.018415     1.528698
    -0.016741     1.525925
    -0.015067     1.523230
    -0.013393     1.520615
    -0.011718     1.518080
    -0.010044     1.515626
    -0.008370     1.513255
    -0.006696     1.510968
    -0.005022     1.508764
    -0.003348     1.506646
    -0.001674     1.504615
     0.000000     1.502685
     0.001674     1.504606
     0.003348     1.506638
     0.005022     1.508756
     0.006696     1.510960
     0.008370     1.513248
     0.010044     1.515619
     0.011718     1.518073
     0.013393     1.520609
     0.015067     1.523225
     0.016741     1.525920
     0.018415     1.528694
     0.020089     1.531545
     0.021763     1.534473
     0.023437     1.537476
     0.025111     1.540554
     0.026785     1.543706
     0.028459     1.546930
     0.030133     1.550226
     0.031807     1.553592
     0.033481     1.557028
     0.035155     1.560533
     0.036829     1.564105
     0.038504     1.567744
     0.040178     1.571449
     0.041852     1.575219
     0.043526     1.579052
     0.045200     1.582948
     0.046874     1.586907
     0.048548     1.590926
     0.050222     1.595005
     0.051896     1.599143
     0.053570     1.603339
     0.055244     1.607592
     0.056918     1.611901
     0.058592     1.616266
     0.060266     1.620684
     0.061940     1.625156
     0.063615     1.629680
     0.065289     1.634256
     0.066963     1.638881
     0.068637     1.643557
     0.070311     1.648281
     0.071985     1.653052
     0.073659     1.657870
     0.075333     1.662734
     0.077007     1.667642
     0.078681     1.672595
     0.080355     1.677590
     0.082029     1.682627
     0.083703     1.687705
     0.085377     1.692823
     0.087051     1.697980
     0.088726     1.703176
     0.090400     1.708409
     0.092074     1.713678
     0.093748     1.718983
     0.095422     1.724322
     0.097096     1.729695
     0.098770     1.735101
     0.100444     1.740539
     0.102118     1.746008
     0.103792     1.751506
     0.105466     1.757034
     0.107140     1.762591
     0.108814     1.768175
     0.110488     1.773785
     0.112163     1.779421
     0.113837     1.785083
     0.115511     1.790768
     0.117185     1.796476
     0.118859     1.802207
     0.120533     1.807959
     0.122207     1.813732
     0.123881     1.819526
     0.125555     1.825338
     0.127229     1.831168
     0.128903     1.837017
     0.130577     1.842882
     0.132251     1.848763
     0.133925     1.854659
     0.135599     1.860570
     0.137274     1.866495
     0.138948     1.872432
     0.140622     1.878383
     0.142296     1.884344
     0.143970     1.890317
     0.145644     1.896300
     0.147318     1.902293
     0.148992     1.908295
     0.150666     1.914305
     0.152340     1.920323
     0.154014     1.926348
     0.155688     1.932379
     0.157362     1.938416
     0.159036     1.944458
     0.160710     1.950505
     0.162385     1.956556
     0.164059     1.962611
     0.165733     1.968668
     0.167407     1.974728


    -0.167407     2.325466
    -0.165733     2.319249
    -0.164059     2.313073
    -0.162385     2.306939
    -0.160710     2.300848
    -0.159036     2.294800
    -0.157362     2.288797
    -0.155688     2.282839
    -0.154014     2.276926
    -0.152340     2.271060
    -0.150666     2.265241
    -0.148992     2.259470
    -0.147318     2.253747
    -0.145644     2.248073
    -0.143970     2.242448
    -0.142296     2.236874
    -0.140622     2.231351
    -0.138948     2.225879
    -0.137274     2.220459
    -0.135599     2.215091
    -0.133925     2.209776
    -0.132251     2.204515
    -0.130577     2.199308
    -0.128903     2.194155
    -0.127229     2.189057
    -0.125555     2.184015
    -0.123881     2.179028
    -0.122207     2.174098
    -0.120533     2.169225
    -0.118859     2.164409
    -0.117185     2.159650
    -0.115511     2.154950
    -0.113837     2.150308
    -0.112163     2.145726
    -0.110488     2.141202
    -0.108814     2.136738
    -0.107140     2.132334
    -0.105466     2.127991
    -0.103792     2.123708
    -0.102118     2.119487
    -0.100444     2.115327
    -0.098770     2.111229
    -0.097096     2.107193
    -0.095422     2.103219
    -0.093748     2.099309
    -0.092074     2.095461
    -0.090400     2.091678
    -0.088726     2.087957
    -0.087051     2.084301
    -0.085377     2.080709
    -0.083703     2.077182
    -0.082029     2.073720
    -0.080355     2.070323
    -0.078681     2.066992
    -0.077007     2.063726
    -0.075333     2.060526
    -0.073659     2.057393
    -0.071985     2.054326
    -0.070311     2.051326
    -0.068637     2.048393
    -0.066963     2.045527
    -0.065289     2.042728
    -0.063615     2.039998
    -0.061940     2.037335
    -0.060266     2.034741
    -0.058592     2.032215
    -0.056918     2.029757
    -0.055244     2.027368
    -0.053570     2.025048
    -0.051896     2.022798
    -0.050222     2.020617
    -0.048548     2.018505
    -0.046874     2.016463
    -0.045200     2.014491
    -0.043526     2.012590
    -0.041852     2.010758
    -0.040178     2.008997
    -0.038504     2.007306
    -0.036829     2.005687
    -0.035155     2.004138
    -0.033481     2.002660
    -0.031807     2.001254
    -0.030133     1.999918
    -0.028459     1.998655
    -0.026785     1.997463
    -0.025111     1.996342
    -0.023437     1.995294
    -0.021763     1.994317
    -0.020089     1.993413
    -0.018415     1.992580
    -0.016741     1.991820
    -0.015067     1.991132
    -0.013393     1.990516
    -0.011718     1.989972
    -0.010044     1.989500
    -0.008370     1.989099
    -0.006696     1.988770
    -0.005022     1.988513
    -0.003348     1.988328
    -0.001674     1.988216
     0.000000     1.988176
     0.001674     1.988209
     0.003348     1.988315
     0.005022     1.988494
     0.006696     1.988745
     0.008370     1.989069
     0.010044     1.989466
     0.011718     1.989935
     0.013393     1.990477
     0.015067     1.991092
     0.016741     1.991779
     0.018415     1.992538
     0.020089     1.993370
     0.021763     1.994275
     0.023437     1.995251
     0.025111     1.996299
     0.026785     1.997420
     0.028459     1.998612
     0.030133     1.999876
     0.031807     2.001211
     0.033481     2.002618
     0.035155     2.004096
     0.036829     2.005645
     0.038504     2.007266
     0.040178     2.008957
     0.041852     2.010718
     0.043526     2.012550
     0.045200     2.014453
     0.046874     2.016425
     0.048548     2.018468
     0.050222     2.020580
     0.051896     2.022762
     0.053570     2.025013
     0.055244     2.027333
     0.056918     2.029723
     0.058592     2.032181
     0.060266     2.034708
     0.061940     2.037303
     0.063615     2.039966
     0.065289     2.042697
     0.066963     2.045496
     0.068637     2.048363
     0.070311     2.051296
     0.071985     2.054297
     0.073659     2.057365
     0.075333     2.060499
     0.077007     2.063699
     0.078681     2.066966
     0.080355     2.070298
     0.082029     2.073695
     0.083703     2.077158
     0.085377     2.080686
     0.087051     2.084278
     0.088726     2.087935
     0.090400     2.091656
     0.092074     2.095441
     0.093748     2.099289
     0.095422     2.103200
     0.097096     2.107175
     0.098770     2.111211
     0.100444     2.115310
     0.102118     2.119471
     0.103792     2.123693
     0.105466     2.127977
     0.107140     2.132321
     0.108814     2.136725
     0.110488     2.141190
     0.112163     2.145714
     0.113837     2.150298
     0.115511     2.154941
     0.117185     2.159642
     0.118859     2.164401
     0.120533     2.169218
     0.122207     2.174092
     0.123881     2.179023
     0.125555     2.184011
     0.127229     2.189054
     0.128903     2.194153
     0.130577     2.199306
     0.132251     2.204515
     0.133925     2.209777
     0.135599     2.215092
     0.137274     2.220461
     0.138948     2.225882
     0.140622     2.231355
     0.142296     2.236880
     0.143970     2.242455
     0.145644     2.248080
     0.147318     2.253755
     0.148992     2.259479
     0.150666     2.265251
     0.152340     2.271071
     0.154014     2.276938
     0.155688     2.282851
     0.157362     2.288810
     0.159036     2.294815
     0.160710     2.300863
     0.162385     2.306955
     0.164059     2.313090
     0.165733     2.319266
     0.167407     2.325484


    -0.167407     2.333905
    -0.165733     2.327586
    -0.164059     2.321301
    -0.162385     2.315053
    -0.160710     2.308844
    -0.159036     2.302672
    -0.157362     2.296541
    -0.155688     2.290451
    -0.154014     2.284402
    -0.152340     2.278397
    -0.150666     2.272436
    -0.148992     2.266519
    -0.147318     2.260649
    -0.145644     2.254825
    -0.143970     2.249049
    -0.142296     2.243321
    -0.140622     2.237643
    -0.138948     2.232015
    -0.137274     2.226439
    -0.135599     2.220914
    -0.133925     2.215442
    -0.132251     2.210023
    -0.130577     2.204659
    -0.128903     2.199349
    -0.127229     2.194096
    -0.125555     2.188898
    -0.123881     2.183757
    -0.122207     2.178674
    -0.120533     2.173650
    -0.118859     2.168684
    -0.117185     2.163777
    -0.115511     2.158931
    -0.113837     2.154145
    -0.112163     2.149420
    -0.110488     2.144756
    -0.108814     2.140155
    -0.107140     2.135616
    -0.105466     2.131141
    -0.103792     2.126729
    -0.102118     2.122380
    -0.100444     2.118096
    -0.098770     2.113877
    -0.097096     2.109723
    -0.095422     2.105634
    -0.093748     2.101611
    -0.092074     2.097655
    -0.090400     2.093765
    -0.088726     2.089941
    -0.087051     2.086185
    -0.085377     2.082497
    -0.083703     2.078876
    -0.082029     2.075324
    -0.080355     2.071839
    -0.078681     2.068424
    -0.077007     2.065077
    -0.075333     2.061799
    -0.073659     2.058590
    -0.071985     2.055451
    -0.070311     2.052382
    -0.068637     2.049383
    -0.066963     2.046453
    -0.065289     2.043594
    -0.063615     2.040806
    -0.061940     2.038088
    -0.060266     2.035442
    -0.058592     2.032866
    -0.056918     2.030361
    -0.055244     2.027927
    -0.053570     2.025565
    -0.051896     2.023275
    -0.050222     2.021056
    -0.048548     2.018909
    -0.046874     2.016834
    -0.045200     2.014831
    -0.043526     2.012900
    -0.041852     2.011041
    -0.040178     2.009255
    -0.038504     2.007541
    -0.036829     2.005899
    -0.035155     2.004330
    -0.033481     2.002833
    -0.031807     2.001409
    -0.030133     2.000057
    -0.028459     1.998779
    -0.026785     1.997573
    -0.025111     1.996439
    -0.023437     1.995379
    -0.021763     1.994392
    -0.020089     1.993477
    -0.018415     1.992635
    -0.016741     1.991867
    -0.015067     1.991171
    -0.013393     1.990549
    -0.011718     1.990000
    -0.010044     1.989525
    -0.008370     1.989124
    -0.006696     1.988797
    -0.005022     1.988544
    -0.003348     1.988364
    -0.001674     1.988257
     0.000000     1.988224
     0.001674     1.988263
     0.003348     1.988376
     0.005022     1.988562
     0.006696     1.988820
     0.008370     1.989152
     0.010044     1.989556
     0.011718     1.990033
     0.013393     1.990584
     0.015067     1.991207
     0.016741     1.991903
     0.018415     1.992671
     0.020089     1.993513
     0.021763     1.994428
     0.023437     1.995415
     0.025111     1.996475
     0.026785     1.997607
     0.028459     1.998813
     0.030133     2.000091
     0.031807     2.001442
     0.033481     2.002865
     0.035155     2.004361
     0.036829     2.005929
     0.038504     2.007570
     0.040178     2.009284
     0.041852     2.011069
     0.043526     2.012927
     0.045200     2.014857
     0.046874     2.016860
     0.048548     2.018934
     0.050222     2.021080
     0.051896     2.023298
     0.053570     2.025588
     0.055244     2.027949
     0.056918     2.030381
     0.058592     2.032885
     0.060266     2.035461
     0.061940     2.038107
     0.063615     2.040824
     0.065289     2.043611
     0.066963     2.046470
     0.068637     2.049398
     0.070311     2.052397
     0.071985     2.055466
     0.073659     2.058604
     0.075333     2.061812
     0.077007     2.065089
     0.078681     2.068436
     0.080355     2.071851
     0.082029     2.075335
     0.083703     2.078887
     0.085377     2.082507
     0.087051     2.086195
     0.088726     2.089951
     0.090400     2.093774
     0.092074     2.097663
     0.093748     2.101619
     0.095422     2.105642
     0.097096     2.109730
     0.098770     2.113884
     0.100444     2.118103
     0.102118     2.122386
     0.103792     2.126734
     0.105466     2.131146
     0.107140     2.135622
     0.108814     2.140160
     0.110488     2.144761
     0.112163     2.149424
     0.113837     2.154149
     0.115511     2.158935
     0.117185     2.163781
     0.118859     2.168687
     0.120533     2.173653
     0.122207     2.178678
     0.123881     2.183760
     0.125555     2.188901
     0.127229     2.194098
     0.128903     2.199352
     0.130577     2.204661
     0.132251     2.210025
     0.133925     2.215444
     0.135599     2.220916
     0.137274     2.226440
     0.138948     2.232017
     0.140622     2.237645
     0.142296     2.243323
     0.143970     2.249050
     0.145644     2.254826
     0.147318     2.260650
     0.148992     2.266521
     0.150666     2.272437
     0.152340     2.278399
     0.154014     2.284404
     0.155688     2.290452
     0.157362     2.296543
     0.159036     2.302674
     0.160710     2.308845
     0.162385     2.315055
     0.164059     2.321303
     0.165733     2.327588
     0.167407     2.333908


