    -0.167407    -3.567350
    -0.165733    -3.567283
    -0.164059    -3.567221
    -0.162385    -3.567162
    -0.160710    -3.567106
    -0.159036    -3.567053
    -0.157362    -3.567003
    -0.155688    -3.566955
    -0.154014    -3.566909
    -0.152340    -3.566866
    -0.150666    -3.566824
    -0.148992    -3.566785
    -0.147318    -3.566746
    -0.145644    -3.566709
    -0.143970    -3.566673
    -0.142296    -3.566638
    -0.140622    -3.566603
    -0.138948    -3.566569
    -0.137274    -3.566535
    -0.135599    -3.566501
    -0.133925    -3.566467
    -0.132251    -3.566433
    -0.130577    -3.566398
    -0.128903    -3.566363
    -0.127229    -3.566327
    -0.125555    -3.566290
    -0.123881    -3.566252
    -0.122207    -3.566213
    -0.120533    -3.566172
    -0.118859    -3.566130
    -0.117185    -3.566086
    -0.115511    -3.566040
    -0.113837    -3.565993
    -0.112163    -3.565943
    -0.110488    -3.565890
    -0.108814    -3.565836
    -0.107140    -3.565779
    -0.105466    -3.565719
    -0.103792    -3.565656
    -0.102118    -3.565591
    -0.100444    -3.565522
    -0.098770    -3.565450
    -0.097096    -3.565375
    -0.095422    -3.565296
    -0.093748    -3.565214
    -0.092074    -3.565129
    -0.090400    -3.565039
    -0.088726    -3.564946
    -0.087051    -3.564849
    -0.085377    -3.564747
    -0.083703    -3.564642
    -0.082029    -3.564532
    -0.080355    -3.564418
    -0.078681    -3.564300
    -0.077007    -3.564177
    -0.075333    -3.564049
    -0.073659    -3.563916
    -0.071985    -3.563779
    -0.070311    -3.563637
    -0.068637    -3.563490
    -0.066963    -3.563338
    -0.065289    -3.563180
    -0.063615    -3.563018
    -0.061940    -3.562850
    -0.060266    -3.562677
    -0.058592    -3.562498
    -0.056918    -3.562314
    -0.055244    -3.562124
    -0.053570    -3.561928
    -0.051896    -3.561727
    -0.050222    -3.561520
    -0.048548    -3.561307
    -0.046874    -3.561089
    -0.045200    -3.560864
    -0.043526    -3.560633
    -0.041852    -3.560396
    -0.040178    -3.560153
    -0.038504    -3.559904
    -0.036829    -3.559648
    -0.035155    -3.559386
    -0.033481    -3.559118
    -0.031807    -3.558844
    -0.030133    -3.558562
    -0.028459    -3.558275
    -0.026785    -3.557980
    -0.025111    -3.557680
    -0.023437    -3.557372
    -0.021763    -3.557058
    -0.020089    -3.556737
    -0.018415    -3.556409
    -0.016741    -3.556074
    -0.015067    -3.555732
    -0.013393    -3.555384
    -0.011718    -3.555029
    -0.010044    -3.554666
    -0.008370    -3.554297
    -0.006696    -3.553920
    -0.005022    -3.553536
    -0.003348    -3.553145
    -0.001674    -3.552748
     0.000000    -3.552351
     0.001674    -3.552745
     0.003348    -3.553143
     0.005022    -3.553534
     0.006696    -3.553917
     0.008370    -3.554294
     0.010044    -3.554663
     0.011718    -3.555026
     0.013393    -3.555381
     0.015067    -3.555730
     0.016741    -3.556071
     0.018415    -3.556406
     0.020089    -3.556734
     0.021763    -3.557055
     0.023437    -3.557369
     0.025111    -3.557677
     0.026785    -3.557978
     0.028459    -3.558272
     0.030133    -3.558560
     0.031807    -3.558841
     0.033481    -3.559115
     0.035155    -3.559384
     0.036829    -3.559646
     0.038504    -3.559901
     0.040178    -3.560150
     0.041852    -3.560393
     0.043526    -3.560630
     0.045200    -3.560861
     0.046874    -3.561086
     0.048548    -3.561304
     0.050222    -3.561517
     0.051896    -3.561724
     0.053570    -3.561925
     0.055244    -3.562121
     0.056918    -3.562310
     0.058592    -3.562495
     0.060266    -3.562673
     0.061940    -3.562846
     0.063615    -3.563014
     0.065289    -3.563177
     0.066963    -3.563334
     0.068637    -3.563486
     0.070311    -3.563633
     0.071985    -3.563775
     0.073659    -3.563913
     0.075333    -3.564045
     0.077007    -3.564173
     0.078681    -3.564296
     0.080355    -3.564414
     0.082029    -3.564528
     0.083703    -3.564638
     0.085377    -3.564743
     0.087051    -3.564844
     0.088726    -3.564942
     0.090400    -3.565035
     0.092074    -3.565124
     0.093748    -3.565210
     0.095422    -3.565292
     0.097096    -3.565370
     0.098770    -3.565445
     0.100444    -3.565517
     0.102118    -3.565585
     0.103792    -3.565651
     0.105466    -3.565714
     0.107140    -3.565773
     0.108814    -3.565830
     0.110488    -3.565885
     0.112163    -3.565937
     0.113837    -3.565987
     0.115511    -3.566035
     0.117185    -3.566080
     0.118859    -3.566124
     0.120533    -3.566167
     0.122207    -3.566207
     0.123881    -3.566246
     0.125555    -3.566284
     0.127229    -3.566321
     0.128903    -3.566357
     0.130577    -3.566392
     0.132251    -3.566427
     0.133925    -3.566461
     0.135599    -3.566495
     0.137274    -3.566528
     0.138948    -3.566562
     0.140622    -3.566597
     0.142296    -3.566631
     0.143970    -3.566666
     0.145644    -3.566702
     0.147318    -3.566740
     0.148992    -3.566778
     0.150666    -3.566818
     0.152340    -3.566859
     0.154014    -3.566903
     0.155688    -3.566948
     0.157362    -3.566996
     0.159036    -3.567046
     0.160710    -3.567099
     0.162385    -3.567155
     0.164059    -3.567214
     0.165733    -3.567276
     0.167407    -3.567343


    -0.167407    -3.474446
    -0.165733    -3.475550
    -0.164059    -3.476648
    -0.162385    -3.477742
    -0.160710    -3.478831
    -0.159036    -3.479915
    -0.157362    -3.480995
    -0.155688    -3.482069
    -0.154014    -3.483138
    -0.152340    -3.484202
    -0.150666    -3.485261
    -0.148992    -3.486314
    -0.147318    -3.487362
    -0.145644    -3.488404
    -0.143970    -3.489441
    -0.142296    -3.490472
    -0.140622    -3.491497
    -0.138948    -3.492516
    -0.137274    -3.493530
    -0.135599    -3.494537
    -0.133925    -3.495538
    -0.132251    -3.496533
    -0.130577    -3.497522
    -0.128903    -3.498505
    -0.127229    -3.499481
    -0.125555    -3.500451
    -0.123881    -3.501414
    -0.122207    -3.502371
    -0.120533    -3.503321
    -0.118859    -3.504265
    -0.117185    -3.505201
    -0.115511    -3.506131
    -0.113837    -3.507054
    -0.112163    -3.507971
    -0.110488    -3.508880
    -0.108814    -3.509783
    -0.107140    -3.510678
    -0.105466    -3.511566
    -0.103792    -3.512447
    -0.102118    -3.513321
    -0.100444    -3.514188
    -0.098770    -3.515048
    -0.097096    -3.515900
    -0.095422    -3.516745
    -0.093748    -3.517583
    -0.092074    -3.518413
    -0.090400    -3.519236
    -0.088726    -3.520052
    -0.087051    -3.520860
    -0.085377    -3.521660
    -0.083703    -3.522453
    -0.082029    -3.523239
    -0.080355    -3.524017
    -0.078681    -3.524787
    -0.077007    -3.525550
    -0.075333    -3.526305
    -0.073659    -3.527052
    -0.071985    -3.527792
    -0.070311    -3.528524
    -0.068637    -3.529249
    -0.066963    -3.529966
    -0.065289    -3.530675
    -0.063615    -3.531376
    -0.061940    -3.532070
    -0.060266    -3.532756
    -0.058592    -3.533434
    -0.056918    -3.534105
    -0.055244    -3.534767
    -0.053570    -3.535422
    -0.051896    -3.536070
    -0.050222    -3.536709
    -0.048548    -3.537341
    -0.046874    -3.537965
    -0.045200    -3.538581
    -0.043526    -3.539190
    -0.041852    -3.539791
    -0.040178    -3.540384
    -0.038504    -3.540969
    -0.036829    -3.541547
    -0.035155    -3.542117
    -0.033481    -3.542680
    -0.031807    -3.543234
    -0.030133    -3.543781
    -0.028459    -3.544321
    -0.026785    -3.544853
    -0.025111    -3.545377
    -0.023437    -3.545893
    -0.021763    -3.546402
    -0.020089    -3.546904
    -0.018415    -3.547398
    -0.016741    -3.547884
    -0.015067    -3.548363
    -0.013393    -3.548834
    -0.011718    -3.549298
    -0.010044    -3.549755
    -0.008370    -3.550204
    -0.006696    -3.550646
    -0.005022    -3.551080
    -0.003348    -3.551507
    -0.001674    -3.551927
     0.000000    -3.552331
     0.001674    -3.551930
     0.003348    -3.551510
     0.005022    -3.551083
     0.006696    -3.550649
     0.008370    -3.550207
     0.010044    -3.549758
     0.011718    -3.549301
     0.013393    -3.548837
     0.015067    -3.548366
     0.016741    -3.547887
     0.018415    -3.547401
     0.020089    -3.546907
     0.021763    -3.546406
     0.023437    -3.545897
     0.025111    -3.545380
     0.026785    -3.544856
     0.028459    -3.544324
     0.030133    -3.543785
     0.031807    -3.543238
     0.033481    -3.542683
     0.035155    -3.542121
     0.036829    -3.541551
     0.038504    -3.540973
     0.040178    -3.540388
     0.041852    -3.539794
     0.043526    -3.539193
     0.045200    -3.538585
     0.046874    -3.537969
     0.048548    -3.537345
     0.050222    -3.536713
     0.051896    -3.536073
     0.053570    -3.535426
     0.055244    -3.534771
     0.056918    -3.534108
     0.058592    -3.533438
     0.060266    -3.532759
     0.061940    -3.532073
     0.063615    -3.531380
     0.065289    -3.530678
     0.066963    -3.529969
     0.068637    -3.529252
     0.070311    -3.528528
     0.071985    -3.527796
     0.073659    -3.527056
     0.075333    -3.526308
     0.077007    -3.525553
     0.078681    -3.524790
     0.080355    -3.524020
     0.082029    -3.523242
     0.083703    -3.522456
     0.085377    -3.521663
     0.087051    -3.520863
     0.088726    -3.520055
     0.090400    -3.519239
     0.092074    -3.518416
     0.093748    -3.517586
     0.095422    -3.516748
     0.097096    -3.515903
     0.098770    -3.515050
     0.100444    -3.514191
     0.102118    -3.513324
     0.103792    -3.512450
     0.105466    -3.511568
     0.107140    -3.510680
     0.108814    -3.509785
     0.110488    -3.508882
     0.112163    -3.507973
     0.113837    -3.507056
     0.115511    -3.506133
     0.117185    -3.505203
     0.118859    -3.504266
     0.120533    -3.503322
     0.122207    -3.502372
     0.123881    -3.501415
     0.125555    -3.500451
     0.127229    -3.499482
     0.128903    -3.498505
     0.130577    -3.497522
     0.132251    -3.496533
     0.133925    -3.495538
     0.135599    -3.494537
     0.137274    -3.493529
     0.138948    -3.492516
     0.140622    -3.491496
     0.142296    -3.490471
     0.143970    -3.489440
     0.145644    -3.488403
     0.147318    -3.487360
     0.148992    -3.486312
     0.150666    -3.485259
     0.152340    -3.484200
     0.154014    -3.483136
     0.155688    -3.482066
     0.157362    -3.480992
     0.159036    -3.479912
     0.160710    -3.478828
     0.162385    -3.477738
     0.164059    -3.476644
     0.165733    -3.475546
     0.167407    -3.474442


    -0.167407    -2.329416
    -0.165733    -2.324118
    -0.164059    -2.318935
    -0.162385    -2.313864
    -0.160710    -2.308903
    -0.159036    -2.304051
    -0.157362    -2.299306
    -0.155688    -2.294665
    -0.154014    -2.290125
    -0.152340    -2.285686
    -0.150666    -2.281344
    -0.148992    -2.277096
    -0.147318    -2.272942
    -0.145644    -2.268878
    -0.143970    -2.264902
    -0.142296    -2.261011
    -0.140622    -2.257204
    -0.138948    -2.253478
    -0.137274    -2.249831
    -0.135599    -2.246261
    -0.133925    -2.242765
    -0.132251    -2.239343
    -0.130577    -2.235991
    -0.128903    -2.232707
    -0.127229    -2.229491
    -0.125555    -2.226340
    -0.123881    -2.223252
    -0.122207    -2.220227
    -0.120533    -2.217261
    -0.118859    -2.214354
    -0.117185    -2.211505
    -0.115511    -2.208711
    -0.113837    -2.205972
    -0.112163    -2.203287
    -0.110488    -2.200653
    -0.108814    -2.198071
    -0.107140    -2.195538
    -0.105466    -2.193054
    -0.103792    -2.190618
    -0.102118    -2.188229
    -0.100444    -2.185886
    -0.098770    -2.183587
    -0.097096    -2.181334
    -0.095422    -2.179123
    -0.093748    -2.176956
    -0.092074    -2.174831
    -0.090400    -2.172747
    -0.088726    -2.170704
    -0.087051    -2.168701
    -0.085377    -2.166738
    -0.083703    -2.164814
    -0.082029    -2.162929
    -0.080355    -2.161082
    -0.078681    -2.159272
    -0.077007    -2.157500
    -0.075333    -2.155765
    -0.073659    -2.154066
    -0.071985    -2.152404
    -0.070311    -2.150777
    -0.068637    -2.149185
    -0.066963    -2.147629
    -0.065289    -2.146108
    -0.063615    -2.144621
    -0.061940    -2.143169
    -0.060266    -2.141750
    -0.058592    -2.140366
    -0.056918    -2.139015
    -0.055244    -2.137697
    -0.053570    -2.136413
    -0.051896    -2.135161
    -0.050222    -2.133942
    -0.048548    -2.132756
    -0.046874    -2.131603
    -0.045200    -2.130482
    -0.043526    -2.129392
    -0.041852    -2.128335
    -0.040178    -2.127310
    -0.038504    -2.126317
    -0.036829    -2.125355
    -0.035155    -2.124424
    -0.033481    -2.123525
    -0.031807    -2.122657
    -0.030133    -2.121820
    -0.028459    -2.121015
    -0.026785    -2.120240
    -0.025111    -2.119496
    -0.023437    -2.118783
    -0.021763    -2.118100
    -0.020089    -2.117448
    -0.018415    -2.116826
    -0.016741    -2.116235
    -0.015067    -2.115674
    -0.013393    -2.115143
    -0.011718    -2.114643
    -0.010044    -2.114172
    -0.008370    -2.113731
    -0.006696    -2.113320
    -0.005022    -2.112939
    -0.003348    -2.112588
    -0.001674    -2.112267
     0.000000    -2.111986
     0.001674    -2.112270
     0.003348    -2.112592
     0.005022    -2.112943
     0.006696    -2.113324
     0.008370    -2.113735
     0.010044    -2.114176
     0.011718    -2.114647
     0.013393    -2.115148
     0.015067    -2.115679
     0.016741    -2.116240
     0.018415    -2.116831
     0.020089    -2.117453
     0.021763    -2.118105
     0.023437    -2.118788
     0.025111    -2.119501
     0.026785    -2.120245
     0.028459    -2.121020
     0.030133    -2.121826
     0.031807    -2.122663
     0.033481    -2.123531
     0.035155    -2.124430
     0.036829    -2.125361
     0.038504    -2.126323
     0.040178    -2.127316
     0.041852    -2.128342
     0.043526    -2.129399
     0.045200    -2.130488
     0.046874    -2.131610
     0.048548    -2.132763
     0.050222    -2.133949
     0.051896    -2.135168
     0.053570    -2.136420
     0.055244    -2.137704
     0.056918    -2.139022
     0.058592    -2.140373
     0.060266    -2.141758
     0.061940    -2.143176
     0.063615    -2.144629
     0.065289    -2.146116
     0.066963    -2.147637
     0.068637    -2.149194
     0.070311    -2.150785
     0.071985    -2.152412
     0.073659    -2.154075
     0.075333    -2.155774
     0.077007    -2.157509
     0.078681    -2.159281
     0.080355    -2.161091
     0.082029    -2.162938
     0.083703    -2.164823
     0.085377    -2.166747
     0.087051    -2.168711
     0.088726    -2.170714
     0.090400    -2.172757
     0.092074    -2.174841
     0.093748    -2.176966
     0.095422    -2.179134
     0.097096    -2.181344
     0.098770    -2.183598
     0.100444    -2.185896
     0.102118    -2.188239
     0.103792    -2.190629
     0.105466    -2.193065
     0.107140    -2.195549
     0.108814    -2.198082
     0.110488    -2.200664
     0.112163    -2.203298
     0.113837    -2.205984
     0.115511    -2.208723
     0.117185    -2.211517
     0.118859    -2.214366
     0.120533    -2.217273
     0.122207    -2.220239
     0.123881    -2.223264
     0.125555    -2.226352
     0.127229    -2.229503
     0.128903    -2.232719
     0.130577    -2.236003
     0.132251    -2.239355
     0.133925    -2.242778
     0.135599    -2.246273
     0.137274    -2.249843
     0.138948    -2.253490
     0.140622    -2.257216
     0.142296    -2.261023
     0.143970    -2.264914
     0.145644    -2.268890
     0.147318    -2.272954
     0.148992    -2.277108
     0.150666    -2.281355
     0.152340    -2.285697
     0.154014    -2.290136
     0.155688    -2.294675
     0.157362    -2.299317
     0.159036    -2.304062
     0.160710    -2.308913
     0.162385    -2.313874
     0.164059    -2.318944
     0.165733    -2.324127
     0.167407    -2.329425


    -0.167407    -2.249214
    -0.165733    -2.244657
    -0.164059    -2.240271
    -0.162385    -2.236050
    -0.160710    -2.231988
    -0.159036    -2.228077
    -0.157362    -2.224311
    -0.155688    -2.220683
    -0.154014    -2.217187
    -0.152340    -2.213815
    -0.150666    -2.210561
    -0.148992    -2.207419
    -0.147318    -2.204383
    -0.145644    -2.201447
    -0.143970    -2.198606
    -0.142296    -2.195854
    -0.140622    -2.193187
    -0.138948    -2.190600
    -0.137274    -2.188089
    -0.135599    -2.185651
    -0.133925    -2.183281
    -0.132251    -2.180976
    -0.130577    -2.178733
    -0.128903    -2.176549
    -0.127229    -2.174422
    -0.125555    -2.172348
    -0.123881    -2.170327
    -0.122207    -2.168355
    -0.120533    -2.166430
    -0.118859    -2.164551
    -0.117185    -2.162717
    -0.115511    -2.160925
    -0.113837    -2.159175
    -0.112163    -2.157465
    -0.110488    -2.155793
    -0.108814    -2.154159
    -0.107140    -2.152563
    -0.105466    -2.151002
    -0.103792    -2.149476
    -0.102118    -2.147984
    -0.100444    -2.146526
    -0.098770    -2.145101
    -0.097096    -2.143708
    -0.095422    -2.142347
    -0.093748    -2.141018
    -0.092074    -2.139719
    -0.090400    -2.138451
    -0.088726    -2.137213
    -0.087051    -2.136005
    -0.085377    -2.134826
    -0.083703    -2.133677
    -0.082029    -2.132557
    -0.080355    -2.131465
    -0.078681    -2.130402
    -0.077007    -2.129368
    -0.075333    -2.128362
    -0.073659    -2.127383
    -0.071985    -2.126433
    -0.070311    -2.125511
    -0.068637    -2.124617
    -0.066963    -2.123751
    -0.065289    -2.122912
    -0.063615    -2.122101
    -0.061940    -2.121317
    -0.060266    -2.120562
    -0.058592    -2.119833
    -0.056918    -2.119133
    -0.055244    -2.118460
    -0.053570    -2.117814
    -0.051896    -2.117196
    -0.050222    -2.116606
    -0.048548    -2.116043
    -0.046874    -2.115508
    -0.045200    -2.115001
    -0.043526    -2.114522
    -0.041852    -2.114070
    -0.040178    -2.113646
    -0.038504    -2.113250
    -0.036829    -2.112882
    -0.035155    -2.112542
    -0.033481    -2.112230
    -0.031807    -2.111946
    -0.030133    -2.111690
    -0.028459    -2.111462
    -0.026785    -2.111263
    -0.025111    -2.111092
    -0.023437    -2.110950
    -0.021763    -2.110836
    -0.020089    -2.110750
    -0.018415    -2.110694
    -0.016741    -2.110665
    -0.015067    -2.110666
    -0.013393    -2.110695
    -0.011718    -2.110754
    -0.010044    -2.110841
    -0.008370    -2.110958
    -0.006696    -2.111103
    -0.005022    -2.111278
    -0.003348    -2.111482
    -0.001674    -2.111715
     0.000000    -2.111966
     0.001674    -2.111712
     0.003348    -2.111479
     0.005022    -2.111275
     0.006696    -2.111100
     0.008370    -2.110955
     0.010044    -2.110839
     0.011718    -2.110751
     0.013393    -2.110693
     0.015067    -2.110664
     0.016741    -2.110663
     0.018415    -2.110692
     0.020089    -2.110749
     0.021763    -2.110834
     0.023437    -2.110948
     0.025111    -2.111091
     0.026785    -2.111262
     0.028459    -2.111461
     0.030133    -2.111689
     0.031807    -2.111945
     0.033481    -2.112229
     0.035155    -2.112541
     0.036829    -2.112882
     0.038504    -2.113250
     0.040178    -2.113646
     0.041852    -2.114070
     0.043526    -2.114522
     0.045200    -2.115002
     0.046874    -2.115509
     0.048548    -2.116044
     0.050222    -2.116607
     0.051896    -2.117197
     0.053570    -2.117815
     0.055244    -2.118461
     0.056918    -2.119134
     0.058592    -2.119835
     0.060266    -2.120563
     0.061940    -2.121319
     0.063615    -2.122103
     0.065289    -2.122914
     0.066963    -2.123753
     0.068637    -2.124620
     0.070311    -2.125514
     0.071985    -2.126436
     0.073659    -2.127386
     0.075333    -2.128365
     0.077007    -2.129371
     0.078681    -2.130406
     0.080355    -2.131469
     0.082029    -2.132560
     0.083703    -2.133681
     0.085377    -2.134830
     0.087051    -2.136009
     0.088726    -2.137217
     0.090400    -2.138455
     0.092074    -2.139723
     0.093748    -2.141022
     0.095422    -2.142352
     0.097096    -2.143713
     0.098770    -2.145105
     0.100444    -2.146530
     0.102118    -2.147989
     0.103792    -2.149480
     0.105466    -2.151006
     0.107140    -2.152567
     0.108814    -2.154164
     0.110488    -2.155798
     0.112163    -2.157470
     0.113837    -2.159180
     0.115511    -2.160930
     0.117185    -2.162722
     0.118859    -2.164556
     0.120533    -2.166435
     0.122207    -2.168360
     0.123881    -2.170332
     0.125555    -2.172353
     0.127229    -2.174427
     0.128903    -2.176554
     0.130577    -2.178738
     0.132251    -2.180981
     0.133925    -2.183286
     0.135599    -2.185656
     0.137274    -2.188094
     0.138948    -2.190605
     0.140622    -2.193191
     0.142296    -2.195858
     0.143970    -2.198610
     0.145644    -2.201451
     0.147318    -2.204387
     0.148992    -2.207424
     0.150666    -2.210565
     0.152340    -2.213819
     0.154014    -2.217191
     0.155688    -2.220687
     0.157362    -2.224315
     0.159036    -2.228081
     0.160710    -2.231991
     0.162385    -2.236054
     0.164059    -2.240275
     0.165733    -2.244661
     0.167407    -2.249217


    -0.167407    -2.057829
    -0.165733    -2.051451
    -0.164059    -2.044949
    -0.162385    -2.038330
    -0.160710    -2.031603
    -0.159036    -2.024775
    -0.157362    -2.017855
    -0.155688    -2.010852
    -0.154014    -2.003773
    -0.152340    -1.996628
    -0.150666    -1.989424
    -0.148992    -1.982168
    -0.147318    -1.974869
    -0.145644    -1.967534
    -0.143970    -1.960170
    -0.142296    -1.952783
    -0.140622    -1.945379
    -0.138948    -1.937965
    -0.137274    -1.930547
    -0.135599    -1.923129
    -0.133925    -1.915718
    -0.132251    -1.908317
    -0.130577    -1.900931
    -0.128903    -1.893565
    -0.127229    -1.886223
    -0.125555    -1.878908
    -0.123881    -1.871625
    -0.122207    -1.864376
    -0.120533    -1.857165
    -0.118859    -1.849996
    -0.117185    -1.842870
    -0.115511    -1.835791
    -0.113837    -1.828762
    -0.112163    -1.821785
    -0.110488    -1.814866
    -0.108814    -1.808038
    -0.107140    -1.801600
    -0.105466    -1.795339
    -0.103792    -1.789128
    -0.102118    -1.782963
    -0.100444    -1.776844
    -0.098770    -1.770771
    -0.097096    -1.764748
    -0.095422    -1.758773
    -0.093748    -1.752850
    -0.092074    -1.746978
    -0.090400    -1.741160
    -0.088726    -1.735395
    -0.087051    -1.729687
    -0.085377    -1.724035
    -0.083703    -1.718440
    -0.082029    -1.712905
    -0.080355    -1.707428
    -0.078681    -1.702013
    -0.077007    -1.696659
    -0.075333    -1.691368
    -0.073659    -1.686141
    -0.071985    -1.680978
    -0.070311    -1.675881
    -0.068637    -1.670851
    -0.066963    -1.665888
    -0.065289    -1.660994
    -0.063615    -1.656169
    -0.061940    -1.651415
    -0.060266    -1.646733
    -0.058592    -1.642124
    -0.056918    -1.637589
    -0.055244    -1.633130
    -0.053570    -1.628747
    -0.051896    -1.624442
    -0.050222    -1.620216
    -0.048548    -1.616072
    -0.046874    -1.612011
    -0.045200    -1.608034
    -0.043526    -1.604143
    -0.041852    -1.600341
    -0.040178    -1.596629
    -0.038504    -1.593011
    -0.036829    -1.589488
    -0.035155    -1.586064
    -0.033481    -1.582742
    -0.031807    -1.579524
    -0.030133    -1.576415
    -0.028459    -1.573419
    -0.026785    -1.570539
    -0.025111    -1.567781
    -0.023437    -1.565148
    -0.021763    -1.562647
    -0.020089    -1.560283
    -0.018415    -1.558062
    -0.016741    -1.555990
    -0.015067    -1.554073
    -0.013393    -1.552319
    -0.011718    -1.550732
    -0.010044    -1.549320
    -0.008370    -1.548089
    -0.006696    -1.547045
    -0.005022    -1.546192
    -0.003348    -1.545535
    -0.001674    -1.545078
     0.000000    -1.544826
     0.001674    -1.545078
     0.003348    -1.545534
     0.005022    -1.546190
     0.006696    -1.547041
     0.008370    -1.548085
     0.010044    -1.549315
     0.011718    -1.550725
     0.013393    -1.552311
     0.015067    -1.554065
     0.016741    -1.555981
     0.018415    -1.558052
     0.020089    -1.560272
     0.021763    -1.562636
     0.023437    -1.565136
     0.025111    -1.567768
     0.026785    -1.570525
     0.028459    -1.573405
     0.030133    -1.576401
     0.031807    -1.579509
     0.033481    -1.582726
     0.035155    -1.586048
     0.036829    -1.589472
     0.038504    -1.592994
     0.040178    -1.596612
     0.041852    -1.600323
     0.043526    -1.604125
     0.045200    -1.608016
     0.046874    -1.611993
     0.048548    -1.616054
     0.050222    -1.620198
     0.051896    -1.624423
     0.053570    -1.628728
     0.055244    -1.633111
     0.056918    -1.637570
     0.058592    -1.642105
     0.060266    -1.646714
     0.061940    -1.651396
     0.063615    -1.656149
     0.065289    -1.660974
     0.066963    -1.665868
     0.068637    -1.670831
     0.070311    -1.675861
     0.071985    -1.680958
     0.073659    -1.686121
     0.075333    -1.691348
     0.077007    -1.696639
     0.078681    -1.701992
     0.080355    -1.707408
     0.082029    -1.712884
     0.083703    -1.718419
     0.085377    -1.724014
     0.087051    -1.729666
     0.088726    -1.735374
     0.090400    -1.741138
     0.092074    -1.746957
     0.093748    -1.752828
     0.095422    -1.758752
     0.097096    -1.764726
     0.098770    -1.770750
     0.100444    -1.776822
     0.102118    -1.782941
     0.103792    -1.789105
     0.105466    -1.795315
     0.107140    -1.801574
     0.108814    -1.808003
     0.110488    -1.814836
     0.112163    -1.821756
     0.113837    -1.828733
     0.115511    -1.835763
     0.117185    -1.842842
     0.118859    -1.849969
     0.120533    -1.857139
     0.122207    -1.864350
     0.123881    -1.871599
     0.125555    -1.878883
     0.127229    -1.886199
     0.128903    -1.893541
     0.130577    -1.900908
     0.132251    -1.908294
     0.133925    -1.915695
     0.135599    -1.923108
     0.137274    -1.930526
     0.138948    -1.937945
     0.140622    -1.945359
     0.142296    -1.952763
     0.143970    -1.960151
     0.145644    -1.967516
     0.147318    -1.974852
     0.148992    -1.982152
     0.150666    -1.989408
     0.152340    -1.996613
     0.154014    -2.003759
     0.155688    -2.010838
     0.157362    -2.017842
     0.159036    -2.024763
     0.160710    -2.031591
     0.162385    -2.038319
     0.164059    -2.044939
     0.165733    -2.051442
     0.167407    -2.057820


    -0.167407    -2.035946
    -0.165733    -2.029780
    -0.164059    -2.023559
    -0.162385    -2.017287
    -0.160710    -2.010966
    -0.159036    -2.004599
    -0.157362    -1.998189
    -0.155688    -1.991740
    -0.154014    -1.985254
    -0.152340    -1.978736
    -0.150666    -1.972188
    -0.148992    -1.965613
    -0.147318    -1.959016
    -0.145644    -1.952399
    -0.143970    -1.945765
    -0.142296    -1.939119
    -0.140622    -1.932462
    -0.138948    -1.925799
    -0.137274    -1.919132
    -0.135599    -1.912464
    -0.133925    -1.905799
    -0.132251    -1.899139
    -0.130577    -1.892487
    -0.128903    -1.885845
    -0.127229    -1.879217
    -0.125555    -1.872605
    -0.123881    -1.866011
    -0.122207    -1.859438
    -0.120533    -1.852888
    -0.118859    -1.846363
    -0.117185    -1.839865
    -0.115511    -1.833398
    -0.113837    -1.826961
    -0.112163    -1.820556
    -0.110488    -1.814184
    -0.108814    -1.807814
    -0.107140    -1.801151
    -0.105466    -1.794412
    -0.103792    -1.787726
    -0.102118    -1.781103
    -0.100444    -1.774544
    -0.098770    -1.768052
    -0.097096    -1.761627
    -0.095422    -1.755273
    -0.093748    -1.748989
    -0.092074    -1.742777
    -0.090400    -1.736639
    -0.088726    -1.730575
    -0.087051    -1.724586
    -0.085377    -1.718674
    -0.083703    -1.712838
    -0.082029    -1.707081
    -0.080355    -1.701403
    -0.078681    -1.695805
    -0.077007    -1.690287
    -0.075333    -1.684850
    -0.073659    -1.679495
    -0.071985    -1.674223
    -0.070311    -1.669033
    -0.068637    -1.663928
    -0.066963    -1.658907
    -0.065289    -1.653970
    -0.063615    -1.649120
    -0.061940    -1.644356
    -0.060266    -1.639678
    -0.058592    -1.635089
    -0.056918    -1.630588
    -0.055244    -1.626176
    -0.053570    -1.621854
    -0.051896    -1.617624
    -0.050222    -1.613485
    -0.048548    -1.609440
    -0.046874    -1.605489
    -0.045200    -1.601634
    -0.043526    -1.597876
    -0.041852    -1.594217
    -0.040178    -1.590659
    -0.038504    -1.587204
    -0.036829    -1.583854
    -0.035155    -1.580612
    -0.033481    -1.577480
    -0.031807    -1.574461
    -0.030133    -1.571559
    -0.028459    -1.568777
    -0.026785    -1.566120
    -0.025111    -1.563591
    -0.023437    -1.561196
    -0.021763    -1.558940
    -0.020089    -1.556827
    -0.018415    -1.554864
    -0.016741    -1.553057
    -0.015067    -1.551412
    -0.013393    -1.549934
    -0.011718    -1.548631
    -0.010044    -1.547508
    -0.008370    -1.546571
    -0.006696    -1.545825
    -0.005022    -1.545274
    -0.003348    -1.544922
    -0.001674    -1.544772
     0.000000    -1.544820
     0.001674    -1.544769
     0.003348    -1.544918
     0.005022    -1.545269
     0.006696    -1.545819
     0.008370    -1.546564
     0.010044    -1.547500
     0.011718    -1.548622
     0.013393    -1.549924
     0.015067    -1.551400
     0.016741    -1.553044
     0.018415    -1.554851
     0.020089    -1.556813
     0.021763    -1.558924
     0.023437    -1.561180
     0.025111    -1.563574
     0.026785    -1.566102
     0.028459    -1.568759
     0.030133    -1.571540
     0.031807    -1.574441
     0.033481    -1.577459
     0.035155    -1.580591
     0.036829    -1.583833
     0.038504    -1.587183
     0.040178    -1.590637
     0.041852    -1.594195
     0.043526    -1.597853
     0.045200    -1.601610
     0.046874    -1.605465
     0.048548    -1.609415
     0.050222    -1.613460
     0.051896    -1.617598
     0.053570    -1.621829
     0.055244    -1.626150
     0.056918    -1.630561
     0.058592    -1.635062
     0.060266    -1.639651
     0.061940    -1.644328
     0.063615    -1.649092
     0.065289    -1.653943
     0.066963    -1.658879
     0.068637    -1.663900
     0.070311    -1.669005
     0.071985    -1.674194
     0.073659    -1.679466
     0.075333    -1.684821
     0.077007    -1.690258
     0.078681    -1.695776
     0.080355    -1.701374
     0.082029    -1.707052
     0.083703    -1.712809
     0.085377    -1.718644
     0.087051    -1.724556
     0.088726    -1.730545
     0.090400    -1.736609
     0.092074    -1.742748
     0.093748    -1.748959
     0.095422    -1.755243
     0.097096    -1.761598
     0.098770    -1.768023
     0.100444    -1.774515
     0.102118    -1.781075
     0.103792    -1.787699
     0.105466    -1.794385
     0.107140    -1.801127
     0.108814    -1.807799
     0.110488    -1.814165
     0.112163    -1.820536
     0.113837    -1.826940
     0.115511    -1.833377
     0.117185    -1.839844
     0.118859    -1.846341
     0.120533    -1.852866
     0.122207    -1.859416
     0.123881    -1.865989
     0.125555    -1.872583
     0.127229    -1.879195
     0.128903    -1.885823
     0.130577    -1.892465
     0.132251    -1.899117
     0.133925    -1.905777
     0.135599    -1.912442
     0.137274    -1.919110
     0.138948    -1.925777
     0.140622    -1.932440
     0.142296    -1.939097
     0.143970    -1.945743
     0.145644    -1.952377
     0.147318    -1.958994
     0.148992    -1.965591
     0.150666    -1.972166
     0.152340    -1.978714
     0.154014    -1.985232
     0.155688    -1.991718
     0.157362    -1.998168
     0.159036    -2.004577
     0.160710    -2.010945
     0.162385    -2.017266
     0.164059    -2.023539
     0.165733    -2.029759
     0.167407    -2.035925


    -0.167407    -1.556734
    -0.165733    -1.553512
    -0.164059    -1.550317
    -0.162385    -1.547150
    -0.160710    -1.544014
    -0.159036    -1.540907
    -0.157362    -1.537832
    -0.155688    -1.534789
    -0.154014    -1.531779
    -0.152340    -1.528803
    -0.150666    -1.525862
    -0.148992    -1.522956
    -0.147318    -1.520088
    -0.145644    -1.517256
    -0.143970    -1.514463
    -0.142296    -1.511710
    -0.140622    -1.508996
    -0.138948    -1.506324
    -0.137274    -1.503694
    -0.135599    -1.501106
    -0.133925    -1.498562
    -0.132251    -1.496063
    -0.130577    -1.493609
    -0.128903    -1.491201
    -0.127229    -1.488840
    -0.125555    -1.486527
    -0.123881    -1.484263
    -0.122207    -1.482047
    -0.120533    -1.479882
    -0.118859    -1.477767
    -0.117185    -1.475704
    -0.115511    -1.473693
    -0.113837    -1.471734
    -0.112163    -1.469829
    -0.110488    -1.467977
    -0.108814    -1.466180
    -0.107140    -1.464438
    -0.105466    -1.462751
    -0.103792    -1.461121
    -0.102118    -1.459546
    -0.100444    -1.458029
    -0.098770    -1.456568
    -0.097096    -1.455165
    -0.095422    -1.453820
    -0.093748    -1.452533
    -0.092074    -1.451304
    -0.090400    -1.450134
    -0.088726    -1.449022
    -0.087051    -1.447969
    -0.085377    -1.446975
    -0.083703    -1.446040
    -0.082029    -1.445164
    -0.080355    -1.444347
    -0.078681    -1.443589
    -0.077007    -1.442890
    -0.075333    -1.442250
    -0.073659    -1.441668
    -0.071985    -1.441144
    -0.070311    -1.440678
    -0.068637    -1.440269
    -0.066963    -1.439918
    -0.065289    -1.439624
    -0.063615    -1.439386
    -0.061940    -1.439203
    -0.060266    -1.439076
    -0.058592    -1.439002
    -0.056918    -1.438982
    -0.055244    -1.439014
    -0.053570    -1.439098
    -0.051896    -1.439232
    -0.050222    -1.439416
    -0.048548    -1.439647
    -0.046874    -1.439924
    -0.045200    -1.440246
    -0.043526    -1.440611
    -0.041852    -1.441017
    -0.040178    -1.441461
    -0.038504    -1.441942
    -0.036829    -1.442458
    -0.035155    -1.443004
    -0.033481    -1.443579
    -0.031807    -1.444180
    -0.030133    -1.444803
    -0.028459    -1.445444
    -0.026785    -1.446096
    -0.025111    -1.446755
    -0.023437    -1.447414
    -0.021763    -1.448065
    -0.020089    -1.448704
    -0.018415    -1.449323
    -0.016741    -1.449918
    -0.015067    -1.450481
    -0.013393    -1.451006
    -0.011718    -1.451488
    -0.010044    -1.451920
    -0.008370    -1.452296
    -0.006696    -1.452612
    -0.005022    -1.452862
    -0.003348    -1.453042
    -0.001674    -1.453151
     0.000000    -1.453185
     0.001674    -1.453146
     0.003348    -1.453034
     0.005022    -1.452852
     0.006696    -1.452601
     0.008370    -1.452285
     0.010044    -1.451909
     0.011718    -1.451477
     0.013393    -1.450996
     0.015067    -1.450471
     0.016741    -1.449909
     0.018415    -1.449315
     0.020089    -1.448697
     0.021763    -1.448059
     0.023437    -1.447409
     0.025111    -1.446752
     0.026785    -1.446096
     0.028459    -1.445446
     0.030133    -1.444809
     0.031807    -1.444190
     0.033481    -1.443591
     0.035155    -1.443018
     0.036829    -1.442473
     0.038504    -1.441959
     0.040178    -1.441478
     0.041852    -1.441034
     0.043526    -1.440628
     0.045200    -1.440264
     0.046874    -1.439942
     0.048548    -1.439665
     0.050222    -1.439434
     0.051896    -1.439250
     0.053570    -1.439116
     0.055244    -1.439032
     0.056918    -1.439000
     0.058592    -1.439020
     0.060266    -1.439093
     0.061940    -1.439221
     0.063615    -1.439403
     0.065289    -1.439641
     0.066963    -1.439935
     0.068637    -1.440286
     0.070311    -1.440694
     0.071985    -1.441160
     0.073659    -1.441684
     0.075333    -1.442265
     0.077007    -1.442906
     0.078681    -1.443605
     0.080355    -1.444363
     0.082029    -1.445179
     0.083703    -1.446055
     0.085377    -1.446990
     0.087051    -1.447983
     0.088726    -1.449036
     0.090400    -1.450147
     0.092074    -1.451317
     0.093748    -1.452546
     0.095422    -1.453833
     0.097096    -1.455178
     0.098770    -1.456580
     0.100444    -1.458040
     0.102118    -1.459558
     0.103792    -1.461132
     0.105466    -1.462762
     0.107140    -1.464449
     0.108814    -1.466190
     0.110488    -1.467987
     0.112163    -1.469838
     0.113837    -1.471743
     0.115511    -1.473702
     0.117185    -1.475713
     0.118859    -1.477776
     0.120533    -1.479890
     0.122207    -1.482055
     0.123881    -1.484270
     0.125555    -1.486534
     0.127229    -1.488847
     0.128903    -1.491208
     0.130577    -1.493615
     0.132251    -1.496069
     0.133925    -1.498568
     0.135599    -1.501112
     0.137274    -1.503699
     0.138948    -1.506329
     0.140622    -1.509001
     0.142296    -1.511714
     0.143970    -1.514468
     0.145644    -1.517260
     0.147318    -1.520091
     0.148992    -1.522960
     0.150666    -1.525865
     0.152340    -1.528806
     0.154014    -1.531782
     0.155688    -1.534792
     0.157362    -1.537835
     0.159036    -1.540909
     0.160710    -1.544016
     0.162385    -1.547152
     0.164059    -1.550318
     0.165733    -1.553513
     0.167407    -1.556736


    -0.167407    -1.524558
    -0.165733    -1.521629
    -0.164059    -1.518745
    -0.162385    -1.515908
    -0.160710    -1.513118
    -0.159036    -1.510375
    -0.157362    -1.507679
    -0.155688    -1.505032
    -0.154014    -1.502434
    -0.152340    -1.499885
    -0.150666    -1.497385
    -0.148992    -1.494934
    -0.147318    -1.492533
    -0.145644    -1.490183
    -0.143970    -1.487883
    -0.142296    -1.485633
    -0.140622    -1.483434
    -0.138948    -1.481285
    -0.137274    -1.479188
    -0.135599    -1.477142
    -0.133925    -1.475146
    -0.132251    -1.473202
    -0.130577    -1.471309
    -0.128903    -1.469467
    -0.127229    -1.467677
    -0.125555    -1.465937
    -0.123881    -1.464249
    -0.122207    -1.462612
    -0.120533    -1.461025
    -0.118859    -1.459490
    -0.117185    -1.458005
    -0.115511    -1.456572
    -0.113837    -1.455189
    -0.112163    -1.453856
    -0.110488    -1.452574
    -0.108814    -1.451342
    -0.107140    -1.450160
    -0.105466    -1.449029
    -0.103792    -1.447947
    -0.102118    -1.446915
    -0.100444    -1.445932
    -0.098770    -1.444998
    -0.097096    -1.444114
    -0.095422    -1.443279
    -0.093748    -1.442492
    -0.092074    -1.441754
    -0.090400    -1.441064
    -0.088726    -1.440422
    -0.087051    -1.439828
    -0.085377    -1.439281
    -0.083703    -1.438782
    -0.082029    -1.438330
    -0.080355    -1.437924
    -0.078681    -1.437565
    -0.077007    -1.437252
    -0.075333    -1.436985
    -0.073659    -1.436764
    -0.071985    -1.436587
    -0.070311    -1.436455
    -0.068637    -1.436367
    -0.066963    -1.436322
    -0.065289    -1.436321
    -0.063615    -1.436363
    -0.061940    -1.436446
    -0.060266    -1.436571
    -0.058592    -1.436737
    -0.056918    -1.436943
    -0.055244    -1.437188
    -0.053570    -1.437471
    -0.051896    -1.437791
    -0.050222    -1.438147
    -0.048548    -1.438539
    -0.046874    -1.438964
    -0.045200    -1.439421
    -0.043526    -1.439909
    -0.041852    -1.440426
    -0.040178    -1.440970
    -0.038504    -1.441538
    -0.036829    -1.442129
    -0.035155    -1.442740
    -0.033481    -1.443367
    -0.031807    -1.444008
    -0.030133    -1.444658
    -0.028459    -1.445314
    -0.026785    -1.445973
    -0.025111    -1.446633
    -0.023437    -1.447291
    -0.021763    -1.447942
    -0.020089    -1.448581
    -0.018415    -1.449203
    -0.016741    -1.449802
    -0.015067    -1.450371
    -0.013393    -1.450903
    -0.011718    -1.451393
    -0.010044    -1.451833
    -0.008370    -1.452218
    -0.006696    -1.452543
    -0.005022    -1.452801
    -0.003348    -1.452990
    -0.001674    -1.453106
     0.000000    -1.453147
     0.001674    -1.453112
     0.003348    -1.453001
     0.005022    -1.452816
     0.006696    -1.452560
     0.008370    -1.452238
     0.010044    -1.451854
     0.011718    -1.451414
     0.013393    -1.450925
     0.015067    -1.450393
     0.016741    -1.449825
     0.018415    -1.449226
     0.020089    -1.448604
     0.021763    -1.447965
     0.023437    -1.447313
     0.025111    -1.446655
     0.026785    -1.445993
     0.028459    -1.445330
     0.030133    -1.444671
     0.031807    -1.444018
     0.033481    -1.443376
     0.035155    -1.442747
     0.036829    -1.442135
     0.038504    -1.441543
     0.040178    -1.440974
     0.041852    -1.440430
     0.043526    -1.439913
     0.045200    -1.439424
     0.046874    -1.438967
     0.048548    -1.438542
     0.050222    -1.438150
     0.051896    -1.437794
     0.053570    -1.437474
     0.055244    -1.437191
     0.056918    -1.436946
     0.058592    -1.436740
     0.060266    -1.436574
     0.061940    -1.436449
     0.063615    -1.436366
     0.065289    -1.436324
     0.066963    -1.436325
     0.068637    -1.436369
     0.070311    -1.436457
     0.071985    -1.436589
     0.073659    -1.436766
     0.075333    -1.436988
     0.077007    -1.437255
     0.078681    -1.437568
     0.080355    -1.437927
     0.082029    -1.438332
     0.083703    -1.438785
     0.085377    -1.439284
     0.087051    -1.439830
     0.088726    -1.440424
     0.090400    -1.441066
     0.092074    -1.441756
     0.093748    -1.442494
     0.095422    -1.443281
     0.097096    -1.444116
     0.098770    -1.445001
     0.100444    -1.445934
     0.102118    -1.446917
     0.103792    -1.447949
     0.105466    -1.449031
     0.107140    -1.450163
     0.108814    -1.451344
     0.110488    -1.452576
     0.112163    -1.453858
     0.113837    -1.455191
     0.115511    -1.456574
     0.117185    -1.458008
     0.118859    -1.459492
     0.120533    -1.461027
     0.122207    -1.462614
     0.123881    -1.464251
     0.125555    -1.465939
     0.127229    -1.467679
     0.128903    -1.469470
     0.130577    -1.471311
     0.132251    -1.473204
     0.133925    -1.475149
     0.135599    -1.477144
     0.137274    -1.479190
     0.138948    -1.481288
     0.140622    -1.483436
     0.142296    -1.485635
     0.143970    -1.487885
     0.145644    -1.490185
     0.147318    -1.492536
     0.148992    -1.494936
     0.150666    -1.497387
     0.152340    -1.499887
     0.154014    -1.502436
     0.155688    -1.505035
     0.157362    -1.507682
     0.159036    -1.510377
     0.160710    -1.513120
     0.162385    -1.515910
     0.164059    -1.518747
     0.165733    -1.521631
     0.167407    -1.524560


    -0.167407    -1.183013
    -0.165733    -1.178273
    -0.164059    -1.173480
    -0.162385    -1.168635
    -0.160710    -1.163736
    -0.159036    -1.158787
    -0.157362    -1.154450
    -0.155688    -1.150314
    -0.154014    -1.146134
    -0.152340    -1.141909
    -0.150666    -1.137637
    -0.148992    -1.133318
    -0.147318    -1.128950
    -0.145644    -1.124533
    -0.143970    -1.120065
    -0.142296    -1.115546
    -0.140622    -1.110976
    -0.138948    -1.106352
    -0.137274    -1.101674
    -0.135599    -1.096942
    -0.133925    -1.092154
    -0.132251    -1.087311
    -0.130577    -1.082411
    -0.128903    -1.077453
    -0.127229    -1.072438
    -0.125555    -1.067365
    -0.123881    -1.062232
    -0.122207    -1.057041
    -0.120533    -1.051790
    -0.118859    -1.046480
    -0.117185    -1.041110
    -0.115511    -1.035679
    -0.113837    -1.030189
    -0.112163    -1.024639
    -0.110488    -1.019030
    -0.108814    -1.013361
    -0.107140    -1.007633
    -0.105466    -1.001847
    -0.103792    -0.996003
    -0.102118    -0.990102
    -0.100444    -0.984144
    -0.098770    -0.978130
    -0.097096    -0.972063
    -0.095422    -0.965942
    -0.093748    -0.959769
    -0.092074    -0.953545
    -0.090400    -0.947272
    -0.088726    -0.940953
    -0.087051    -0.934587
    -0.085377    -0.928179
    -0.083703    -0.921729
    -0.082029    -0.915241
    -0.080355    -0.908716
    -0.078681    -0.902157
    -0.077007    -0.895568
    -0.075333    -0.888951
    -0.073659    -0.882310
    -0.071985    -0.875649
    -0.070311    -0.868970
    -0.068637    -0.862279
    -0.066963    -0.855578
    -0.065289    -0.848874
    -0.063615    -0.842170
    -0.061940    -0.835472
    -0.060266    -0.828786
    -0.058592    -0.822116
    -0.056918    -0.815470
    -0.055244    -0.808853
    -0.053570    -0.802272
    -0.051896    -0.795735
    -0.050222    -0.789250
    -0.048548    -0.782824
    -0.046874    -0.776467
    -0.045200    -0.770187
    -0.043526    -0.763993
    -0.041852    -0.757897
    -0.040178    -0.751907
    -0.038504    -0.746036
    -0.036829    -0.740294
    -0.035155    -0.734694
    -0.033481    -0.729248
    -0.031807    -0.723968
    -0.030133    -0.718866
    -0.028459    -0.713957
    -0.026785    -0.709252
    -0.025111    -0.704765
    -0.023437    -0.700509
    -0.021763    -0.696496
    -0.020089    -0.692738
    -0.018415    -0.689246
    -0.016741    -0.686031
    -0.015067    -0.683101
    -0.013393    -0.680466
    -0.011718    -0.678132
    -0.010044    -0.676105
    -0.008370    -0.674390
    -0.006696    -0.672988
    -0.005022    -0.671903
    -0.003348    -0.671135
    -0.001674    -0.670678
     0.000000    -0.670524
     0.001674    -0.670675
     0.003348    -0.671133
     0.005022    -0.671906
     0.006696    -0.672993
     0.008370    -0.674395
     0.010044    -0.676111
     0.011718    -0.678138
     0.013393    -0.680471
     0.015067    -0.683106
     0.016741    -0.686035
     0.018415    -0.689250
     0.020089    -0.692742
     0.021763    -0.696500
     0.023437    -0.700512
     0.025111    -0.704768
     0.026785    -0.709255
     0.028459    -0.713959
     0.030133    -0.718868
     0.031807    -0.723969
     0.033481    -0.729249
     0.035155    -0.734695
     0.036829    -0.740295
     0.038504    -0.746036
     0.040178    -0.751907
     0.041852    -0.757896
     0.043526    -0.763993
     0.045200    -0.770186
     0.046874    -0.776466
     0.048548    -0.782823
     0.050222    -0.789249
     0.051896    -0.795734
     0.053570    -0.802270
     0.055244    -0.808851
     0.056918    -0.815468
     0.058592    -0.822114
     0.060266    -0.828783
     0.061940    -0.835470
     0.063615    -0.842168
     0.065289    -0.848871
     0.066963    -0.855576
     0.068637    -0.862276
     0.070311    -0.868967
     0.071985    -0.875646
     0.073659    -0.882307
     0.075333    -0.888948
     0.077007    -0.895565
     0.078681    -0.902154
     0.080355    -0.908712
     0.082029    -0.915237
     0.083703    -0.921726
     0.085377    -0.928175
     0.087051    -0.934584
     0.088726    -0.940949
     0.090400    -0.947269
     0.092074    -0.953541
     0.093748    -0.959765
     0.095422    -0.965938
     0.097096    -0.972059
     0.098770    -0.978127
     0.100444    -0.984140
     0.102118    -0.990098
     0.103792    -0.995999
     0.105466    -1.001844
     0.107140    -1.007630
     0.108814    -1.013358
     0.110488    -1.019027
     0.112163    -1.024636
     0.113837    -1.030186
     0.115511    -1.035676
     0.117185    -1.041106
     0.118859    -1.046477
     0.120533    -1.051787
     0.122207    -1.057038
     0.123881    -1.062230
     0.125555    -1.067362
     0.127229    -1.072436
     0.128903    -1.077451
     0.130577    -1.082409
     0.132251    -1.087309
     0.133925    -1.092153
     0.135599    -1.096940
     0.137274    -1.101673
     0.138948    -1.106350
     0.140622    -1.110974
     0.142296    -1.115545
     0.143970    -1.120064
     0.145644    -1.124532
     0.147318    -1.128949
     0.148992    -1.133317
     0.150666    -1.137637
     0.152340    -1.141909
     0.154014    -1.146134
     0.155688    -1.150315
     0.157362    -1.154450
     0.159036    -1.158781
     0.160710    -1.163730
     0.162385    -1.168629
     0.164059    -1.173474
     0.165733    -1.178266
     0.167407    -1.183006


    -0.167407    -1.178380
    -0.165733    -1.174491
    -0.164059    -1.170564
    -0.162385    -1.166597
    -0.160710    -1.162589
    -0.159036    -1.158538
    -0.157362    -1.153779
    -0.155688    -1.148722
    -0.154014    -1.143613
    -0.152340    -1.138451
    -0.150666    -1.133237
    -0.148992    -1.127972
    -0.147318    -1.122655
    -0.145644    -1.117288
    -0.143970    -1.111871
    -0.142296    -1.106405
    -0.140622    -1.100889
    -0.138948    -1.095326
    -0.137274    -1.089715
    -0.135599    -1.084058
    -0.133925    -1.078355
    -0.132251    -1.072607
    -0.130577    -1.066816
    -0.128903    -1.060982
    -0.127229    -1.055107
    -0.125555    -1.049191
    -0.123881    -1.043237
    -0.122207    -1.037244
    -0.120533    -1.031216
    -0.118859    -1.025152
    -0.117185    -1.019054
    -0.115511    -1.012925
    -0.113837    -1.006765
    -0.112163    -1.000576
    -0.110488    -0.994360
    -0.108814    -0.988119
    -0.107140    -0.981853
    -0.105466    -0.975566
    -0.103792    -0.969259
    -0.102118    -0.962934
    -0.100444    -0.956593
    -0.098770    -0.950237
    -0.097096    -0.943870
    -0.095422    -0.937493
    -0.093748    -0.931109
    -0.092074    -0.924720
    -0.090400    -0.918327
    -0.088726    -0.911934
    -0.087051    -0.905543
    -0.085377    -0.899157
    -0.083703    -0.892778
    -0.082029    -0.886408
    -0.080355    -0.880051
    -0.078681    -0.873710
    -0.077007    -0.867386
    -0.075333    -0.861083
    -0.073659    -0.854805
    -0.071985    -0.848553
    -0.070311    -0.842332
    -0.068637    -0.836145
    -0.066963    -0.829994
    -0.065289    -0.823884
    -0.063615    -0.817818
    -0.061940    -0.811799
    -0.060266    -0.805831
    -0.058592    -0.799919
    -0.056918    -0.794066
    -0.055244    -0.788275
    -0.053570    -0.782553
    -0.051896    -0.776902
    -0.050222    -0.771327
    -0.048548    -0.765833
    -0.046874    -0.760425
    -0.045200    -0.755108
    -0.043526    -0.749888
    -0.041852    -0.744768
    -0.040178    -0.739756
    -0.038504    -0.734857
    -0.036829    -0.730077
    -0.035155    -0.725423
    -0.033481    -0.720900
    -0.031807    -0.716517
    -0.030133    -0.712279
    -0.028459    -0.708195
    -0.026785    -0.704272
    -0.025111    -0.700518
    -0.023437    -0.696941
    -0.021763    -0.693550
    -0.020089    -0.690354
    -0.018415    -0.687361
    -0.016741    -0.684582
    -0.015067    -0.682024
    -0.013393    -0.679698
    -0.011718    -0.677612
    -0.010044    -0.675777
    -0.008370    -0.674202
    -0.006696    -0.672894
    -0.005022    -0.671862
    -0.003348    -0.671111
    -0.001674    -0.670655
     0.000000    -0.670504
     0.001674    -0.670658
     0.003348    -0.671112
     0.005022    -0.671857
     0.006696    -0.672887
     0.008370    -0.674193
     0.010044    -0.675768
     0.011718    -0.677603
     0.013393    -0.679688
     0.015067    -0.682014
     0.016741    -0.684572
     0.018415    -0.687351
     0.020089    -0.690344
     0.021763    -0.693540
     0.023437    -0.696931
     0.025111    -0.700508
     0.026785    -0.704262
     0.028459    -0.708185
     0.030133    -0.712270
     0.031807    -0.716507
     0.033481    -0.720891
     0.035155    -0.725414
     0.036829    -0.730069
     0.038504    -0.734849
     0.040178    -0.739748
     0.041852    -0.744761
     0.043526    -0.749880
     0.045200    -0.755101
     0.046874    -0.760419
     0.048548    -0.765827
     0.050222    -0.771321
     0.051896    -0.776896
     0.053570    -0.782547
     0.055244    -0.788270
     0.056918    -0.794061
     0.058592    -0.799914
     0.060266    -0.805827
     0.061940    -0.811795
     0.063615    -0.817814
     0.065289    -0.823881
     0.066963    -0.829991
     0.068637    -0.836142
     0.070311    -0.842330
     0.071985    -0.848551
     0.073659    -0.854803
     0.075333    -0.861082
     0.077007    -0.867385
     0.078681    -0.873708
     0.080355    -0.880050
     0.082029    -0.886408
     0.083703    -0.892777
     0.085377    -0.899157
     0.087051    -0.905543
     0.088726    -0.911934
     0.090400    -0.918327
     0.092074    -0.924720
     0.093748    -0.931109
     0.095422    -0.937494
     0.097096    -0.943871
     0.098770    -0.950238
     0.100444    -0.956593
     0.102118    -0.962935
     0.103792    -0.969260
     0.105466    -0.975567
     0.107140    -0.981854
     0.108814    -0.988119
     0.110488    -0.994361
     0.112163    -1.000577
     0.113837    -1.006766
     0.115511    -1.012925
     0.117185    -1.019055
     0.118859    -1.025152
     0.120533    -1.031216
     0.122207    -1.037244
     0.123881    -1.043237
     0.125555    -1.049191
     0.127229    -1.055106
     0.128903    -1.060981
     0.130577    -1.066815
     0.132251    -1.072606
     0.133925    -1.078353
     0.135599    -1.084056
     0.137274    -1.089713
     0.138948    -1.095324
     0.140622    -1.100887
     0.142296    -1.106402
     0.143970    -1.111868
     0.145644    -1.117285
     0.147318    -1.122652
     0.148992    -1.127968
     0.150666    -1.133233
     0.152340    -1.138447
     0.154014    -1.143608
     0.155688    -1.148717
     0.157362    -1.153773
     0.159036    -1.158539
     0.160710    -1.162590
     0.162385    -1.166598
     0.164059    -1.170565
     0.165733    -1.174493
     0.167407    -1.178382


    -0.167407    -0.445560
    -0.165733    -0.442485
    -0.164059    -0.439454
    -0.162385    -0.436469
    -0.160710    -0.433530
    -0.159036    -0.430638
    -0.157362    -0.427792
    -0.155688    -0.424994
    -0.154014    -0.422244
    -0.152340    -0.419543
    -0.150666    -0.416892
    -0.148992    -0.414290
    -0.147318    -0.411738
    -0.145644    -0.409238
    -0.143970    -0.406789
    -0.142296    -0.404391
    -0.140622    -0.402047
    -0.138948    -0.399754
    -0.137274    -0.397516
    -0.135599    -0.395331
    -0.133925    -0.393200
    -0.132251    -0.391124
    -0.130577    -0.389103
    -0.128903    -0.387137
    -0.127229    -0.385227
    -0.125555    -0.383373
    -0.123881    -0.381576
    -0.122207    -0.379835
    -0.120533    -0.378151
    -0.118859    -0.376524
    -0.117185    -0.374955
    -0.115511    -0.373444
    -0.113837    -0.371990
    -0.112163    -0.370594
    -0.110488    -0.369256
    -0.108814    -0.367976
    -0.107140    -0.366754
    -0.105466    -0.365590
    -0.103792    -0.364484
    -0.102118    -0.363435
    -0.100444    -0.362443
    -0.098770    -0.361509
    -0.097096    -0.360632
    -0.095422    -0.359811
    -0.093748    -0.359045
    -0.092074    -0.358335
    -0.090400    -0.357680
    -0.088726    -0.357078
    -0.087051    -0.356530
    -0.085377    -0.356033
    -0.083703    -0.355588
    -0.082029    -0.355193
    -0.080355    -0.354846
    -0.078681    -0.354546
    -0.077007    -0.354292
    -0.075333    -0.354081
    -0.073659    -0.353912
    -0.071985    -0.353783
    -0.070311    -0.353692
    -0.068637    -0.353635
    -0.066963    -0.353610
    -0.065289    -0.353615
    -0.063615    -0.353645
    -0.061940    -0.353698
    -0.060266    -0.353770
    -0.058592    -0.353856
    -0.056918    -0.353952
    -0.055244    -0.354053
    -0.053570    -0.354154
    -0.051896    -0.354249
    -0.050222    -0.354333
    -0.048548    -0.354399
    -0.046874    -0.354440
    -0.045200    -0.354449
    -0.043526    -0.354418
    -0.041852    -0.354338
    -0.040178    -0.354202
    -0.038504    -0.353999
    -0.036829    -0.353719
    -0.035155    -0.353354
    -0.033481    -0.352892
    -0.031807    -0.352322
    -0.030133    -0.351634
    -0.028459    -0.350816
    -0.026785    -0.349857
    -0.025111    -0.348746
    -0.023437    -0.347470
    -0.021763    -0.346021
    -0.020089    -0.344387
    -0.018415    -0.342560
    -0.016741    -0.340529
    -0.015067    -0.338288
    -0.013393    -0.335831
    -0.011718    -0.333151
    -0.010044    -0.330246
    -0.008370    -0.327112
    -0.006696    -0.323750
    -0.005022    -0.320161
    -0.003348    -0.316346
    -0.001674    -0.312310
     0.000000    -0.308076
     0.001674    -0.312326
     0.003348    -0.316363
     0.005022    -0.320178
     0.006696    -0.323769
     0.008370    -0.327131
     0.010044    -0.330265
     0.011718    -0.333171
     0.013393    -0.335851
     0.015067    -0.338309
     0.016741    -0.340550
     0.018415    -0.342581
     0.020089    -0.344409
     0.021763    -0.346043
     0.023437    -0.347492
     0.025111    -0.348768
     0.026785    -0.349880
     0.028459    -0.350839
     0.030133    -0.351657
     0.031807    -0.352345
     0.033481    -0.352915
     0.035155    -0.353377
     0.036829    -0.353742
     0.038504    -0.354021
     0.040178    -0.354225
     0.041852    -0.354361
     0.043526    -0.354441
     0.045200    -0.354472
     0.046874    -0.354463
     0.048548    -0.354422
     0.050222    -0.354356
     0.051896    -0.354271
     0.053570    -0.354176
     0.055244    -0.354074
     0.056918    -0.353973
     0.058592    -0.353877
     0.060266    -0.353790
     0.061940    -0.353719
     0.063615    -0.353666
     0.065289    -0.353635
     0.066963    -0.353630
     0.068637    -0.353654
     0.070311    -0.353711
     0.071985    -0.353802
     0.073659    -0.353931
     0.075333    -0.354099
     0.077007    -0.354309
     0.078681    -0.354563
     0.080355    -0.354863
     0.082029    -0.355210
     0.083703    -0.355605
     0.085377    -0.356050
     0.087051    -0.356546
     0.088726    -0.357094
     0.090400    -0.357695
     0.092074    -0.358350
     0.093748    -0.359060
     0.095422    -0.359825
     0.097096    -0.360646
     0.098770    -0.361523
     0.100444    -0.362457
     0.102118    -0.363448
     0.103792    -0.364496
     0.105466    -0.365602
     0.107140    -0.366766
     0.108814    -0.367988
     0.110488    -0.369268
     0.112163    -0.370605
     0.113837    -0.372001
     0.115511    -0.373455
     0.117185    -0.374966
     0.118859    -0.376535
     0.120533    -0.378161
     0.122207    -0.379845
     0.123881    -0.381585
     0.125555    -0.383382
     0.127229    -0.385236
     0.128903    -0.387146
     0.130577    -0.389111
     0.132251    -0.391132
     0.133925    -0.393208
     0.135599    -0.395339
     0.137274    -0.397524
     0.138948    -0.399763
     0.140622    -0.402055
     0.142296    -0.404399
     0.143970    -0.406797
     0.145644    -0.409246
     0.147318    -0.411746
     0.148992    -0.414297
     0.150666    -0.416899
     0.152340    -0.419551
     0.154014    -0.422252
     0.155688    -0.425001
     0.157362    -0.427799
     0.159036    -0.430645
     0.160710    -0.433537
     0.162385    -0.436476
     0.164059    -0.439461
     0.165733    -0.442492
     0.167407    -0.445567


    -0.167407    -0.374470
    -0.165733    -0.369275
    -0.164059    -0.364089
    -0.162385    -0.358911
    -0.160710    -0.353743
    -0.159036    -0.348584
    -0.157362    -0.343435
    -0.155688    -0.338297
    -0.154014    -0.333169
    -0.152340    -0.328052
    -0.150666    -0.322947
    -0.148992    -0.317853
    -0.147318    -0.312772
    -0.145644    -0.307704
    -0.143970    -0.302649
    -0.142296    -0.297608
    -0.140622    -0.292581
    -0.138948    -0.287570
    -0.137274    -0.282575
    -0.135599    -0.277596
    -0.133925    -0.272636
    -0.132251    -0.267693
    -0.130577    -0.262770
    -0.128903    -0.257868
    -0.127229    -0.252988
    -0.125555    -0.248131
    -0.123881    -0.243298
    -0.122207    -0.238491
    -0.120533    -0.233712
    -0.118859    -0.228963
    -0.117185    -0.224246
    -0.115511    -0.219562
    -0.113837    -0.214915
    -0.112163    -0.210307
    -0.110488    -0.205741
    -0.108814    -0.201220
    -0.107140    -0.196749
    -0.105466    -0.192331
    -0.103792    -0.187970
    -0.102118    -0.183672
    -0.100444    -0.179442
    -0.098770    -0.175287
    -0.097096    -0.171212
    -0.095422    -0.167226
    -0.093748    -0.163337
    -0.092074    -0.159554
    -0.090400    -0.155886
    -0.088726    -0.152346
    -0.087051    -0.148946
    -0.085377    -0.145698
    -0.083703    -0.142618
    -0.082029    -0.139722
    -0.080355    -0.137027
    -0.078681    -0.134552
    -0.077007    -0.132317
    -0.075333    -0.130342
    -0.073659    -0.128649
    -0.071985    -0.127259
    -0.070311    -0.126195
    -0.068637    -0.125478
    -0.066963    -0.125127
    -0.065289    -0.125161
    -0.063615    -0.125594
    -0.061940    -0.126437
    -0.060266    -0.127698
    -0.058592    -0.129379
    -0.056918    -0.131478
    -0.055244    -0.133988
    -0.053570    -0.136897
    -0.051896    -0.140189
    -0.050222    -0.143844
    -0.048548    -0.147841
    -0.046874    -0.152154
    -0.045200    -0.156759
    -0.043526    -0.161628
    -0.041852    -0.166735
    -0.040178    -0.172053
    -0.038504    -0.177555
    -0.036829    -0.183218
    -0.035155    -0.189016
    -0.033481    -0.194926
    -0.031807    -0.200926
    -0.030133    -0.206995
    -0.028459    -0.213112
    -0.026785    -0.219257
    -0.025111    -0.225413
    -0.023437    -0.231561
    -0.021763    -0.237684
    -0.020089    -0.243764
    -0.018415    -0.249787
    -0.016741    -0.255737
    -0.015067    -0.261597
    -0.013393    -0.267354
    -0.011718    -0.272992
    -0.010044    -0.278499
    -0.008370    -0.283861
    -0.006696    -0.289064
    -0.005022    -0.294098
    -0.003348    -0.298951
    -0.001674    -0.303613
     0.000000    -0.308056
     0.001674    -0.303597
     0.003348    -0.298936
     0.005022    -0.294084
     0.006696    -0.289050
     0.008370    -0.283847
     0.010044    -0.278486
     0.011718    -0.272979
     0.013393    -0.267341
     0.015067    -0.261585
     0.016741    -0.255725
     0.018415    -0.249776
     0.020089    -0.243754
     0.021763    -0.237673
     0.023437    -0.231551
     0.025111    -0.225403
     0.026785    -0.219248
     0.028459    -0.213103
     0.030133    -0.206986
     0.031807    -0.200918
     0.033481    -0.194918
     0.035155    -0.189008
     0.036829    -0.183210
     0.038504    -0.177548
     0.040178    -0.172045
     0.041852    -0.166728
     0.043526    -0.161621
     0.045200    -0.156752
     0.046874    -0.152147
     0.048548    -0.147834
     0.050222    -0.143837
     0.051896    -0.140181
     0.053570    -0.136889
     0.055244    -0.133980
     0.056918    -0.131470
     0.058592    -0.129370
     0.060266    -0.127688
     0.061940    -0.126427
     0.063615    -0.125583
     0.065289    -0.125150
     0.066963    -0.125116
     0.068637    -0.125466
     0.070311    -0.126182
     0.071985    -0.127246
     0.073659    -0.128634
     0.075333    -0.130327
     0.077007    -0.132302
     0.078681    -0.134537
     0.080355    -0.137011
     0.082029    -0.139705
     0.083703    -0.142601
     0.085377    -0.145680
     0.087051    -0.148928
     0.088726    -0.152328
     0.090400    -0.155868
     0.092074    -0.159535
     0.093748    -0.163318
     0.095422    -0.167207
     0.097096    -0.171193
     0.098770    -0.175267
     0.100444    -0.179423
     0.102118    -0.183652
     0.103792    -0.187950
     0.105466    -0.192311
     0.107140    -0.196729
     0.108814    -0.201200
     0.110488    -0.205721
     0.112163    -0.210287
     0.113837    -0.214895
     0.115511    -0.219543
     0.117185    -0.224227
     0.118859    -0.228944
     0.120533    -0.233694
     0.122207    -0.238473
     0.123881    -0.243280
     0.125555    -0.248113
     0.127229    -0.252971
     0.128903    -0.257851
     0.130577    -0.262754
     0.132251    -0.267677
     0.133925    -0.272620
     0.135599    -0.277581
     0.137274    -0.282560
     0.138948    -0.287556
     0.140622    -0.292568
     0.142296    -0.297594
     0.143970    -0.302636
     0.145644    -0.307692
     0.147318    -0.312760
     0.148992    -0.317842
     0.150666    -0.322936
     0.152340    -0.328042
     0.154014    -0.333160
     0.155688    -0.338288
     0.157362    -0.343427
     0.159036    -0.348577
     0.160710    -0.353736
     0.162385    -0.358905
     0.164059    -0.364083
     0.165733    -0.369270
     0.167407    -0.374466


    -0.167407     0.609950
    -0.165733     0.601531
    -0.164059     0.593094
    -0.162385     0.584640
    -0.160710     0.576170
    -0.159036     0.567684
    -0.157362     0.559182
    -0.155688     0.550666
    -0.154014     0.542136
    -0.152340     0.533594
    -0.150666     0.525039
    -0.148992     0.516472
    -0.147318     0.507895
    -0.145644     0.499309
    -0.143970     0.490714
    -0.142296     0.482112
    -0.140622     0.473504
    -0.138948     0.464890
    -0.137274     0.456273
    -0.135599     0.447653
    -0.133925     0.439033
    -0.132251     0.430413
    -0.130577     0.421795
    -0.128903     0.413181
    -0.127229     0.404572
    -0.125555     0.395972
    -0.123881     0.387382
    -0.122207     0.378804
    -0.120533     0.370240
    -0.118859     0.361694
    -0.117185     0.353169
    -0.115511     0.344667
    -0.113837     0.336192
    -0.112163     0.327748
    -0.110488     0.319338
    -0.108814     0.310966
    -0.107140     0.302639
    -0.105466     0.294360
    -0.103792     0.286136
    -0.102118     0.277972
    -0.100444     0.269875
    -0.098770     0.261853
    -0.097096     0.253913
    -0.095422     0.246064
    -0.093748     0.238317
    -0.092074     0.230681
    -0.090400     0.223168
    -0.088726     0.215791
    -0.087051     0.208564
    -0.085377     0.201501
    -0.083703     0.194620
    -0.082029     0.187938
    -0.080355     0.181474
    -0.078681     0.175249
    -0.077007     0.169284
    -0.075333     0.163603
    -0.073659     0.158228
    -0.071985     0.153184
    -0.070311     0.148495
    -0.068637     0.144184
    -0.066963     0.140274
    -0.065289     0.136785
    -0.063615     0.133734
    -0.061940     0.131135
    -0.060266     0.128999
    -0.058592     0.127330
    -0.056918     0.126130
    -0.055244     0.125395
    -0.053570     0.125116
    -0.051896     0.125280
    -0.050222     0.125873
    -0.048548     0.126875
    -0.046874     0.128266
    -0.045200     0.130024
    -0.043526     0.132127
    -0.041852     0.134553
    -0.040178     0.137279
    -0.038504     0.140286
    -0.036829     0.143553
    -0.035155     0.147061
    -0.033481     0.150793
    -0.031807     0.154732
    -0.030133     0.158863
    -0.028459     0.163173
    -0.026785     0.167650
    -0.025111     0.172281
    -0.023437     0.177057
    -0.021763     0.181967
    -0.020089     0.187004
    -0.018415     0.192159
    -0.016741     0.197425
    -0.015067     0.202796
    -0.013393     0.208265
    -0.011718     0.213827
    -0.010044     0.219477
    -0.008370     0.225211
    -0.006696     0.231023
    -0.005022     0.236910
    -0.003348     0.242869
    -0.001674     0.248895
     0.000000     0.254983
     0.001674     0.248901
     0.003348     0.242875
     0.005022     0.236917
     0.006696     0.231030
     0.008370     0.225218
     0.010044     0.219485
     0.011718     0.213835
     0.013393     0.208274
     0.015067     0.202805
     0.016741     0.197435
     0.018415     0.192169
     0.020089     0.187014
     0.021763     0.181978
     0.023437     0.177068
     0.025111     0.172293
     0.026785     0.167662
     0.028459     0.163186
     0.030133     0.158876
     0.031807     0.154745
     0.033481     0.150806
     0.035155     0.147075
     0.036829     0.143567
     0.038504     0.140301
     0.040178     0.137294
     0.041852     0.134568
     0.043526     0.132142
     0.045200     0.130039
     0.046874     0.128281
     0.048548     0.126890
     0.050222     0.125888
     0.051896     0.125296
     0.053570     0.125131
     0.055244     0.125410
     0.056918     0.126145
     0.058592     0.127344
     0.060266     0.129012
     0.061940     0.131148
     0.063615     0.133746
     0.065289     0.136797
     0.066963     0.140286
     0.068637     0.144195
     0.070311     0.148505
     0.071985     0.153193
     0.073659     0.158237
     0.075333     0.163611
     0.077007     0.169292
     0.078681     0.175256
     0.080355     0.181480
     0.082029     0.187943
     0.083703     0.194625
     0.085377     0.201505
     0.087051     0.208567
     0.088726     0.215794
     0.090400     0.223170
     0.092074     0.230682
     0.093748     0.238318
     0.095422     0.246065
     0.097096     0.253913
     0.098770     0.261852
     0.100444     0.269874
     0.102118     0.277970
     0.103792     0.286134
     0.105466     0.294358
     0.107140     0.302636
     0.108814     0.310963
     0.110488     0.319334
     0.112163     0.327743
     0.113837     0.336187
     0.115511     0.344662
     0.117185     0.353163
     0.118859     0.361688
     0.120533     0.370234
     0.122207     0.378797
     0.123881     0.387374
     0.125555     0.395964
     0.127229     0.404565
     0.128903     0.413172
     0.130577     0.421786
     0.132251     0.430404
     0.133925     0.439024
     0.135599     0.447644
     0.137274     0.456263
     0.138948     0.464880
     0.140622     0.473494
     0.142296     0.482102
     0.143970     0.490704
     0.145644     0.499298
     0.147318     0.507884
     0.148992     0.516461
     0.150666     0.525027
     0.152340     0.533582
     0.154014     0.542124
     0.155688     0.550654
     0.157362     0.559170
     0.159036     0.567671
     0.160710     0.576157
     0.162385     0.584627
     0.164059     0.593081
     0.165733     0.601517
     0.167407     0.609936


    -0.167407     0.892359
    -0.165733     0.887034
    -0.164059     0.881687
    -0.162385     0.876319
    -0.160710     0.870930
    -0.159036     0.865518
    -0.157362     0.860084
    -0.155688     0.854626
    -0.154014     0.849145
    -0.152340     0.843640
    -0.150666     0.838110
    -0.148992     0.832555
    -0.147318     0.826975
    -0.145644     0.821370
    -0.143970     0.815738
    -0.142296     0.810079
    -0.140622     0.804393
    -0.138948     0.798680
    -0.137274     0.792938
    -0.135599     0.787169
    -0.133925     0.781371
    -0.132251     0.775543
    -0.130577     0.769687
    -0.128903     0.763800
    -0.127229     0.757884
    -0.125555     0.751937
    -0.123881     0.745960
    -0.122207     0.739952
    -0.120533     0.733914
    -0.118859     0.727844
    -0.117185     0.721743
    -0.115511     0.715610
    -0.113837     0.709446
    -0.112163     0.703251
    -0.110488     0.697024
    -0.108814     0.690766
    -0.107140     0.684477
    -0.105466     0.678156
    -0.103792     0.671805
    -0.102118     0.665423
    -0.100444     0.659010
    -0.098770     0.652567
    -0.097096     0.646094
    -0.095422     0.639592
    -0.093748     0.633061
    -0.092074     0.626502
    -0.090400     0.619914
    -0.088726     0.613300
    -0.087051     0.606659
    -0.085377     0.599992
    -0.083703     0.593299
    -0.082029     0.586583
    -0.080355     0.579842
    -0.078681     0.573080
    -0.077007     0.566295
    -0.075333     0.559490
    -0.073659     0.552666
    -0.071985     0.545823
    -0.070311     0.538962
    -0.068637     0.532085
    -0.066963     0.525193
    -0.065289     0.518288
    -0.063615     0.511370
    -0.061940     0.504441
    -0.060266     0.497502
    -0.058592     0.490555
    -0.056918     0.483601
    -0.055244     0.476641
    -0.053570     0.469677
    -0.051896     0.462712
    -0.050222     0.455745
    -0.048548     0.448779
    -0.046874     0.441815
    -0.045200     0.434855
    -0.043526     0.427901
    -0.041852     0.420954
    -0.040178     0.414016
    -0.038504     0.407089
    -0.036829     0.400175
    -0.035155     0.393274
    -0.033481     0.386389
    -0.031807     0.379523
    -0.030133     0.372675
    -0.028459     0.365850
    -0.026785     0.359047
    -0.025111     0.352269
    -0.023437     0.345519
    -0.021763     0.338797
    -0.020089     0.332107
    -0.018415     0.325449
    -0.016741     0.318826
    -0.015067     0.312239
    -0.013393     0.305692
    -0.011718     0.299186
    -0.010044     0.292724
    -0.008370     0.286306
    -0.006696     0.279937
    -0.005022     0.273619
    -0.003348     0.267353
    -0.001674     0.261143
     0.000000     0.254995
     0.001674     0.261137
     0.003348     0.267348
     0.005022     0.273614
     0.006696     0.279933
     0.008370     0.286302
     0.010044     0.292719
     0.011718     0.299182
     0.013393     0.305688
     0.015067     0.312236
     0.016741     0.318822
     0.018415     0.325445
     0.020089     0.332103
     0.021763     0.338794
     0.023437     0.345516
     0.025111     0.352266
     0.026785     0.359044
     0.028459     0.365847
     0.030133     0.372672
     0.031807     0.379520
     0.033481     0.386386
     0.035155     0.393271
     0.036829     0.400172
     0.038504     0.407086
     0.040178     0.414013
     0.041852     0.420951
     0.043526     0.427898
     0.045200     0.434852
     0.046874     0.441812
     0.048548     0.448775
     0.050222     0.455741
     0.051896     0.462708
     0.053570     0.469674
     0.055244     0.476637
     0.056918     0.483596
     0.058592     0.490550
     0.060266     0.497497
     0.061940     0.504436
     0.063615     0.511365
     0.065289     0.518283
     0.066963     0.525188
     0.068637     0.532080
     0.070311     0.538956
     0.071985     0.545817
     0.073659     0.552660
     0.075333     0.559484
     0.077007     0.566289
     0.078681     0.573073
     0.080355     0.579836
     0.082029     0.586576
     0.083703     0.593292
     0.085377     0.599984
     0.087051     0.606651
     0.088726     0.613292
     0.090400     0.619906
     0.092074     0.626494
     0.093748     0.633053
     0.095422     0.639584
     0.097096     0.646086
     0.098770     0.652558
     0.100444     0.659001
     0.102118     0.665413
     0.103792     0.671795
     0.105466     0.678147
     0.107140     0.684467
     0.108814     0.690756
     0.110488     0.697014
     0.112163     0.703241
     0.113837     0.709436
     0.115511     0.715600
     0.117185     0.721732
     0.118859     0.727833
     0.120533     0.733903
     0.122207     0.739941
     0.123881     0.745949
     0.125555     0.751926
     0.127229     0.757873
     0.128903     0.763789
     0.130577     0.769675
     0.132251     0.775532
     0.133925     0.781359
     0.135599     0.787157
     0.137274     0.792927
     0.138948     0.798668
     0.140622     0.804381
     0.142296     0.810067
     0.143970     0.815726
     0.145644     0.821358
     0.147318     0.826963
     0.148992     0.832543
     0.150666     0.838098
     0.152340     0.843628
     0.154014     0.849133
     0.155688     0.854614
     0.157362     0.860072
     0.159036     0.865506
     0.160710     0.870918
     0.162385     0.876307
     0.164059     0.881675
     0.165733     0.887022
     0.167407     0.892347


    -0.167407     1.817547
    -0.165733     1.810398
    -0.164059     1.803279
    -0.162385     1.796193
    -0.160710     1.789143
    -0.159036     1.782129
    -0.157362     1.775153
    -0.155688     1.768219
    -0.154014     1.761327
    -0.152340     1.754480
    -0.150666     1.747680
    -0.148992     1.740928
    -0.147318     1.734228
    -0.145644     1.727580
    -0.143970     1.720987
    -0.142296     1.714451
    -0.140622     1.707974
    -0.138948     1.701558
    -0.137274     1.695205
    -0.135599     1.688917
    -0.133925     1.682695
    -0.132251     1.676543
    -0.130577     1.670462
    -0.128903     1.664453
    -0.127229     1.658519
    -0.125555     1.652662
    -0.123881     1.646883
    -0.122207     1.641184
    -0.120533     1.635568
    -0.118859     1.630035
    -0.117185     1.624588
    -0.115511     1.619228
    -0.113837     1.613957
    -0.112163     1.608776
    -0.110488     1.603688
    -0.108814     1.598693
    -0.107140     1.593794
    -0.105466     1.588991
    -0.103792     1.584285
    -0.102118     1.579679
    -0.100444     1.575174
    -0.098770     1.570770
    -0.097096     1.566469
    -0.095422     1.562272
    -0.093748     1.558180
    -0.092074     1.554194
    -0.090400     1.550315
    -0.088726     1.546543
    -0.087051     1.542880
    -0.085377     1.539327
    -0.083703     1.535883
    -0.082029     1.532550
    -0.080355     1.529329
    -0.078681     1.526218
    -0.077007     1.523220
    -0.075333     1.520335
    -0.073659     1.517562
    -0.071985     1.514903
    -0.070311     1.512357
    -0.068637     1.509924
    -0.066963     1.507605
    -0.065289     1.505400
    -0.063615     1.503308
    -0.061940     1.501330
    -0.060266     1.499465
    -0.058592     1.497714
    -0.056918     1.496075
    -0.055244     1.494550
    -0.053570     1.493137
    -0.051896     1.491837
    -0.050222     1.490648
    -0.048548     1.489571
    -0.046874     1.488605
    -0.045200     1.487749
    -0.043526     1.487003
    -0.041852     1.486367
    -0.040178     1.485840
    -0.038504     1.485421
    -0.036829     1.485110
    -0.035155     1.484905
    -0.033481     1.484807
    -0.031807     1.484814
    -0.030133     1.484927
    -0.028459     1.485143
    -0.026785     1.485462
    -0.025111     1.485884
    -0.023437     1.486408
    -0.021763     1.487032
    -0.020089     1.487756
    -0.018415     1.488580
    -0.016741     1.489501
    -0.015067     1.490520
    -0.013393     1.491635
    -0.011718     1.492846
    -0.010044     1.494151
    -0.008370     1.495550
    -0.006696     1.497042
    -0.005022     1.498625
    -0.003348     1.500299
    -0.001674     1.502064
     0.000000     1.503902
     0.001674     1.502073
     0.003348     1.500310
     0.005022     1.498636
     0.006696     1.497053
     0.008370     1.495561
     0.010044     1.494163
     0.011718     1.492858
     0.013393     1.491647
     0.015067     1.490532
     0.016741     1.489514
     0.018415     1.488593
     0.020089     1.487770
     0.021763     1.487046
     0.023437     1.486422
     0.025111     1.485898
     0.026785     1.485477
     0.028459     1.485157
     0.030133     1.484941
     0.031807     1.484829
     0.033481     1.484822
     0.035155     1.484921
     0.036829     1.485125
     0.038504     1.485437
     0.040178     1.485856
     0.041852     1.486383
     0.043526     1.487019
     0.045200     1.487765
     0.046874     1.488621
     0.048548     1.489587
     0.050222     1.490664
     0.051896     1.491853
     0.053570     1.493154
     0.055244     1.494566
     0.056918     1.496092
     0.058592     1.497730
     0.060266     1.499481
     0.061940     1.501346
     0.063615     1.503324
     0.065289     1.505416
     0.066963     1.507621
     0.068637     1.509940
     0.070311     1.512373
     0.071985     1.514919
     0.073659     1.517578
     0.075333     1.520351
     0.077007     1.523236
     0.078681     1.526234
     0.080355     1.529343
     0.082029     1.532565
     0.083703     1.535898
     0.085377     1.539341
     0.087051     1.542894
     0.088726     1.546557
     0.090400     1.550328
     0.092074     1.554207
     0.093748     1.558193
     0.095422     1.562284
     0.097096     1.566481
     0.098770     1.570782
     0.100444     1.575185
     0.102118     1.579691
     0.103792     1.584296
     0.105466     1.589001
     0.107140     1.593804
     0.108814     1.598703
     0.110488     1.603697
     0.112163     1.608785
     0.113837     1.613965
     0.115511     1.619236
     0.117185     1.624595
     0.118859     1.630042
     0.120533     1.635574
     0.122207     1.641191
     0.123881     1.646889
     0.125555     1.652667
     0.127229     1.658524
     0.128903     1.664458
     0.130577     1.670466
     0.132251     1.676547
     0.133925     1.682699
     0.135599     1.688920
     0.137274     1.695208
     0.138948     1.701560
     0.140622     1.707976
     0.142296     1.714453
     0.143970     1.720988
     0.145644     1.727581
     0.147318     1.734228
     0.148992     1.740929
     0.150666     1.747680
     0.152340     1.754480
     0.154014     1.761326
     0.155688     1.768218
     0.157362     1.775152
     0.159036     1.782127
     0.160710     1.789140
     0.162385     1.796191
     0.164059     1.803276
     0.165733     1.810395
     0.167407     1.817544


    -0.167407     1.975263
    -0.165733     1.969211
    -0.164059     1.963162
    -0.162385     1.957115
    -0.160710     1.951072
    -0.159036     1.945032
    -0.157362     1.938998
    -0.155688     1.932968
    -0.154014     1.926944
    -0.152340     1.920926
    -0.150666     1.914915
    -0.148992     1.908912
    -0.147318     1.902917
    -0.145644     1.896931
    -0.143970     1.890954
    -0.142296     1.884988
    -0.140622     1.879032
    -0.138948     1.873088
    -0.137274     1.867157
    -0.135599     1.861238
    -0.133925     1.855334
    -0.132251     1.849444
    -0.130577     1.843569
    -0.128903     1.837710
    -0.127229     1.831868
    -0.125555     1.826043
    -0.123881     1.820237
    -0.122207     1.814450
    -0.120533     1.808683
    -0.118859     1.802937
    -0.117185     1.797212
    -0.115511     1.791510
    -0.113837     1.785831
    -0.112163     1.780176
    -0.110488     1.774546
    -0.108814     1.768942
    -0.107140     1.763365
    -0.105466     1.757815
    -0.103792     1.752294
    -0.102118     1.746802
    -0.100444     1.741340
    -0.098770     1.735909
    -0.097096     1.730510
    -0.095422     1.725144
    -0.093748     1.719812
    -0.092074     1.714515
    -0.090400     1.709253
    -0.088726     1.704027
    -0.087051     1.698839
    -0.085377     1.693690
    -0.083703     1.688579
    -0.082029     1.683509
    -0.080355     1.678480
    -0.078681     1.673493
    -0.077007     1.668549
    -0.075333     1.663649
    -0.073659     1.658793
    -0.071985     1.653984
    -0.070311     1.649221
    -0.068637     1.644506
    -0.066963     1.639839
    -0.065289     1.635222
    -0.063615     1.630655
    -0.061940     1.626140
    -0.060266     1.621677
    -0.058592     1.617267
    -0.056918     1.612912
    -0.055244     1.608612
    -0.053570     1.604367
    -0.051896     1.600180
    -0.050222     1.596051
    -0.048548     1.591981
    -0.046874     1.587971
    -0.045200     1.584022
    -0.043526     1.580135
    -0.041852     1.576310
    -0.040178     1.572549
    -0.038504     1.568853
    -0.036829     1.565223
    -0.035155     1.561659
    -0.033481     1.558163
    -0.031807     1.554735
    -0.030133     1.551377
    -0.028459     1.548089
    -0.026785     1.544873
    -0.025111     1.541730
    -0.023437     1.538659
    -0.021763     1.535663
    -0.020089     1.532743
    -0.018415     1.529898
    -0.016741     1.527131
    -0.015067     1.524443
    -0.013393     1.521833
    -0.011718     1.519304
    -0.010044     1.516856
    -0.008370     1.514490
    -0.006696     1.512207
    -0.005022     1.510008
    -0.003348     1.507894
    -0.001674     1.505867
     0.000000     1.503941
     0.001674     1.505858
     0.003348     1.507886
     0.005022     1.510000
     0.006696     1.512199
     0.008370     1.514482
     0.010044     1.516849
     0.011718     1.519297
     0.013393     1.521827
     0.015067     1.524437
     0.016741     1.527126
     0.018415     1.529894
     0.020089     1.532739
     0.021763     1.535660
     0.023437     1.538656
     0.025111     1.541727
     0.026785     1.544871
     0.028459     1.548088
     0.030133     1.551376
     0.031807     1.554734
     0.033481     1.558162
     0.035155     1.561659
     0.036829     1.565223
     0.038504     1.568854
     0.040178     1.572551
     0.041852     1.576312
     0.043526     1.580137
     0.045200     1.584025
     0.046874     1.587974
     0.048548     1.591985
     0.050222     1.596055
     0.051896     1.600185
     0.053570     1.604372
     0.055244     1.608617
     0.056918     1.612917
     0.058592     1.617273
     0.060266     1.621683
     0.061940     1.626147
     0.063615     1.630663
     0.065289     1.635230
     0.066963     1.639847
     0.068637     1.644514
     0.070311     1.649230
     0.071985     1.653993
     0.073659     1.658803
     0.075333     1.663659
     0.077007     1.668560
     0.078681     1.673504
     0.080355     1.678491
     0.082029     1.683521
     0.083703     1.688591
     0.085377     1.693702
     0.087051     1.698852
     0.088726     1.704040
     0.090400     1.709266
     0.092074     1.714528
     0.093748     1.719826
     0.095422     1.725159
     0.097096     1.730525
     0.098770     1.735924
     0.100444     1.741355
     0.102118     1.746817
     0.103792     1.752310
     0.105466     1.757831
     0.107140     1.763381
     0.108814     1.768959
     0.110488     1.774563
     0.112163     1.780193
     0.113837     1.785849
     0.115511     1.791528
     0.117185     1.797230
     0.118859     1.802955
     0.120533     1.808701
     0.122207     1.814469
     0.123881     1.820256
     0.125555     1.826062
     0.127229     1.831887
     0.128903     1.837729
     0.130577     1.843588
     0.132251     1.849463
     0.133925     1.855354
     0.135599     1.861258
     0.137274     1.867177
     0.138948     1.873109
     0.140622     1.879053
     0.142296     1.885008
     0.143970     1.890975
     0.145644     1.896951
     0.147318     1.902937
     0.148992     1.908933
     0.150666     1.914936
     0.152340     1.920947
     0.154014     1.926965
     0.155688     1.932989
     0.157362     1.939018
     0.159036     1.945053
     0.160710     1.951093
     0.162385     1.957136
     0.164059     1.963182
     0.165733     1.969232
     0.167407     1.975283


    -0.167407     2.325719
    -0.165733     2.319537
    -0.164059     2.313396
    -0.162385     2.307298
    -0.160710     2.301242
    -0.159036     2.295230
    -0.157362     2.289263
    -0.155688     2.283340
    -0.154014     2.277464
    -0.152340     2.271634
    -0.150666     2.265851
    -0.148992     2.260115
    -0.147318     2.254428
    -0.145644     2.248791
    -0.143970     2.243202
    -0.142296     2.237664
    -0.140622     2.232177
    -0.138948     2.226741
    -0.137274     2.221356
    -0.135599     2.216025
    -0.133925     2.210746
    -0.132251     2.205520
    -0.130577     2.200348
    -0.128903     2.195231
    -0.127229     2.190169
    -0.125555     2.185162
    -0.123881     2.180210
    -0.122207     2.175315
    -0.120533     2.170477
    -0.118859     2.165695
    -0.117185     2.160971
    -0.115511     2.156305
    -0.113837     2.151698
    -0.112163     2.147149
    -0.110488     2.142659
    -0.108814     2.138228
    -0.107140     2.133857
    -0.105466     2.129547
    -0.103792     2.125297
    -0.102118     2.121108
    -0.100444     2.116980
    -0.098770     2.112914
    -0.097096     2.108909
    -0.095422     2.104967
    -0.093748     2.101088
    -0.092074     2.097271
    -0.090400     2.093517
    -0.088726     2.089827
    -0.087051     2.086200
    -0.085377     2.082637
    -0.083703     2.079139
    -0.082029     2.075705
    -0.080355     2.072336
    -0.078681     2.069033
    -0.077007     2.065794
    -0.075333     2.062621
    -0.073659     2.059514
    -0.071985     2.056473
    -0.070311     2.053499
    -0.068637     2.050591
    -0.066963     2.047750
    -0.065289     2.044976
    -0.063615     2.042269
    -0.061940     2.039629
    -0.060266     2.037058
    -0.058592     2.034554
    -0.056918     2.032118
    -0.055244     2.029750
    -0.053570     2.027451
    -0.051896     2.025221
    -0.050222     2.023060
    -0.048548     2.020967
    -0.046874     2.018944
    -0.045200     2.016990
    -0.043526     2.015106
    -0.041852     2.013291
    -0.040178     2.011546
    -0.038504     2.009872
    -0.036829     2.008267
    -0.035155     2.006733
    -0.033481     2.005269
    -0.031807     2.003876
    -0.030133     2.002553
    -0.028459     2.001302
    -0.026785     2.000121
    -0.025111     1.999012
    -0.023437     1.997973
    -0.021763     1.997006
    -0.020089     1.996110
    -0.018415     1.995286
    -0.016741     1.994533
    -0.015067     1.993852
    -0.013393     1.993242
    -0.011718     1.992703
    -0.010044     1.992236
    -0.008370     1.991839
    -0.006696     1.991513
    -0.005022     1.991258
    -0.003348     1.991075
    -0.001674     1.990964
     0.000000     1.990924
     0.001674     1.990957
     0.003348     1.991062
     0.005022     1.991239
     0.006696     1.991487
     0.008370     1.991808
     0.010044     1.992201
     0.011718     1.992666
     0.013393     1.993203
     0.015067     1.993811
     0.016741     1.994492
     0.018415     1.995244
     0.020089     1.996068
     0.021763     1.996963
     0.023437     1.997930
     0.025111     1.998968
     0.026785     2.000078
     0.028459     2.001259
     0.030133     2.002510
     0.031807     2.003833
     0.033481     2.005227
     0.035155     2.006691
     0.036829     2.008225
     0.038504     2.009830
     0.040178     2.011506
     0.041852     2.013251
     0.043526     2.015066
     0.045200     2.016951
     0.046874     2.018905
     0.048548     2.020929
     0.050222     2.023022
     0.051896     2.025184
     0.053570     2.027415
     0.055244     2.029715
     0.056918     2.032083
     0.058592     2.034520
     0.060266     2.037024
     0.061940     2.039596
     0.063615     2.042236
     0.065289     2.044944
     0.066963     2.047719
     0.068637     2.050561
     0.070311     2.053469
     0.071985     2.056444
     0.073659     2.059486
     0.075333     2.062594
     0.077007     2.065767
     0.078681     2.069006
     0.080355     2.072311
     0.082029     2.075680
     0.083703     2.079115
     0.085377     2.082614
     0.087051     2.086177
     0.088726     2.089804
     0.090400     2.093495
     0.092074     2.097250
     0.093748     2.101068
     0.095422     2.104948
     0.097096     2.108891
     0.098770     2.112896
     0.100444     2.116963
     0.102118     2.121092
     0.103792     2.125282
     0.105466     2.129533
     0.107140     2.133844
     0.108814     2.138215
     0.110488     2.142647
     0.112163     2.147138
     0.113837     2.151687
     0.115511     2.156296
     0.117185     2.160963
     0.118859     2.165688
     0.120533     2.170470
     0.122207     2.175309
     0.123881     2.180205
     0.125555     2.185158
     0.127229     2.190166
     0.128903     2.195229
     0.130577     2.200347
     0.132251     2.205520
     0.133925     2.210746
     0.135599     2.216026
     0.137274     2.221359
     0.138948     2.226744
     0.140622     2.232181
     0.142296     2.237670
     0.143970     2.243209
     0.145644     2.248798
     0.147318     2.254437
     0.148992     2.260125
     0.150666     2.265861
     0.152340     2.271645
     0.154014     2.277476
     0.155688     2.283353
     0.157362     2.289276
     0.159036     2.295245
     0.160710     2.301257
     0.162385     2.307314
     0.164059     2.313413
     0.165733     2.319555
     0.167407     2.325737


    -0.167407     2.333708
    -0.165733     2.327426
    -0.164059     2.321180
    -0.162385     2.314971
    -0.160710     2.308800
    -0.159036     2.302668
    -0.157362     2.296577
    -0.155688     2.290526
    -0.154014     2.284519
    -0.152340     2.278554
    -0.150666     2.272634
    -0.148992     2.266759
    -0.147318     2.260930
    -0.145644     2.255148
    -0.143970     2.249414
    -0.142296     2.243729
    -0.140622     2.238093
    -0.138948     2.232508
    -0.137274     2.226974
    -0.135599     2.221492
    -0.133925     2.216063
    -0.132251     2.210687
    -0.130577     2.205366
    -0.128903     2.200099
    -0.127229     2.194888
    -0.125555     2.189734
    -0.123881     2.184636
    -0.122207     2.179596
    -0.120533     2.174614
    -0.118859     2.169691
    -0.117185     2.164826
    -0.115511     2.160022
    -0.113837     2.155278
    -0.112163     2.150595
    -0.110488     2.145973
    -0.108814     2.141413
    -0.107140     2.136916
    -0.105466     2.132481
    -0.103792     2.128109
    -0.102118     2.123801
    -0.100444     2.119557
    -0.098770     2.115377
    -0.097096     2.111262
    -0.095422     2.107211
    -0.093748     2.103227
    -0.092074     2.099308
    -0.090400     2.095455
    -0.088726     2.091669
    -0.087051     2.087949
    -0.085377     2.084296
    -0.083703     2.080711
    -0.082029     2.077193
    -0.080355     2.073743
    -0.078681     2.070361
    -0.077007     2.067047
    -0.075333     2.063802
    -0.073659     2.060625
    -0.071985     2.057517
    -0.070311     2.054479
    -0.068637     2.051510
    -0.066963     2.048610
    -0.065289     2.045780
    -0.063615     2.043019
    -0.061940     2.040329
    -0.060266     2.037709
    -0.058592     2.035159
    -0.056918     2.032680
    -0.055244     2.030271
    -0.053570     2.027933
    -0.051896     2.025666
    -0.050222     2.023470
    -0.048548     2.021345
    -0.046874     2.019291
    -0.045200     2.017308
    -0.043526     2.015397
    -0.041852     2.013557
    -0.040178     2.011789
    -0.038504     2.010092
    -0.036829     2.008467
    -0.035155     2.006914
    -0.033481     2.005433
    -0.031807     2.004023
    -0.030133     2.002685
    -0.028459     2.001419
    -0.026785     2.000226
    -0.025111     1.999104
    -0.023437     1.998054
    -0.021763     1.997077
    -0.020089     1.996172
    -0.018415     1.995338
    -0.016741     1.994578
    -0.015067     1.993889
    -0.013393     1.993273
    -0.011718     1.992730
    -0.010044     1.992260
    -0.008370     1.991863
    -0.006696     1.991539
    -0.005022     1.991289
    -0.003348     1.991111
    -0.001674     1.991005
     0.000000     1.990972
     0.001674     1.991012
     0.003348     1.991123
     0.005022     1.991307
     0.006696     1.991563
     0.008370     1.991891
     0.010044     1.992291
     0.011718     1.992764
     0.013393     1.993308
     0.015067     1.993925
     0.016741     1.994614
     0.018415     1.995375
     0.020089     1.996208
     0.021763     1.997113
     0.023437     1.998090
     0.025111     1.999140
     0.026785     2.000261
     0.028459     2.001454
     0.030133     2.002719
     0.031807     2.004056
     0.033481     2.005465
     0.035155     2.006946
     0.036829     2.008498
     0.038504     2.010123
     0.040178     2.011818
     0.041852     2.013586
     0.043526     2.015425
     0.045200     2.017335
     0.046874     2.019317
     0.048548     2.021370
     0.050222     2.023494
     0.051896     2.025690
     0.053570     2.027956
     0.055244     2.030293
     0.056918     2.032701
     0.058592     2.035180
     0.060266     2.037729
     0.061940     2.040348
     0.063615     2.043038
     0.065289     2.045797
     0.066963     2.048627
     0.068637     2.051526
     0.070311     2.054494
     0.071985     2.057532
     0.073659     2.060639
     0.075333     2.063815
     0.077007     2.067060
     0.078681     2.070374
     0.080355     2.073755
     0.082029     2.077205
     0.083703     2.080722
     0.085377     2.084307
     0.087051     2.087959
     0.088726     2.091678
     0.090400     2.095464
     0.092074     2.099317
     0.093748     2.103235
     0.095422     2.107219
     0.097096     2.111269
     0.098770     2.115384
     0.100444     2.119563
     0.102118     2.123807
     0.103792     2.128115
     0.105466     2.132487
     0.107140     2.136921
     0.108814     2.141419
     0.110488     2.145978
     0.112163     2.150600
     0.113837     2.155283
     0.115511     2.160026
     0.117185     2.164830
     0.118859     2.169694
     0.120533     2.174617
     0.122207     2.179599
     0.123881     2.184639
     0.125555     2.189737
     0.127229     2.194891
     0.128903     2.200102
     0.130577     2.205368
     0.132251     2.210689
     0.133925     2.216065
     0.135599     2.221494
     0.137274     2.226976
     0.138948     2.232510
     0.140622     2.238095
     0.142296     2.243730
     0.143970     2.249415
     0.145644     2.255149
     0.147318     2.260931
     0.148992     2.266760
     0.150666     2.272635
     0.152340     2.278556
     0.154014     2.284520
     0.155688     2.290528
     0.157362     2.296578
     0.159036     2.302670
     0.160710     2.308801
     0.162385     2.314973
     0.164059     2.321182
     0.165733     2.327428
     0.167407     2.333710


