    -0.167407    -4.081568
    -0.165733    -4.082176
    -0.164059    -4.082781
    -0.162385    -4.083382
    -0.160710    -4.083980
    -0.159036    -4.084574
    -0.157362    -4.085164
    -0.155688    -4.085751
    -0.154014    -4.086333
    -0.152340    -4.086911
    -0.150666    -4.087484
    -0.148992    -4.088052
    -0.147318    -4.088616
    -0.145644    -4.089175
    -0.143970    -4.089728
    -0.142296    -4.090277
    -0.140622    -4.090820
    -0.138948    -4.091357
    -0.137274    -4.091888
    -0.135599    -4.092414
    -0.133925    -4.092934
    -0.132251    -4.093447
    -0.130577    -4.093955
    -0.128903    -4.094455
    -0.127229    -4.094950
    -0.125555    -4.095437
    -0.123881    -4.095918
    -0.122207    -4.096392
    -0.120533    -4.096859
    -0.118859    -4.097319
    -0.117185    -4.097771
    -0.115511    -4.098216
    -0.113837    -4.098654
    -0.112163    -4.099084
    -0.110488    -4.099506
    -0.108814    -4.099920
    -0.107140    -4.100327
    -0.105466    -4.100725
    -0.103792    -4.101115
    -0.102118    -4.101497
    -0.100444    -4.101871
    -0.098770    -4.102236
    -0.097096    -4.102593
    -0.095422    -4.102941
    -0.093748    -4.103280
    -0.092074    -4.103611
    -0.090400    -4.103932
    -0.088726    -4.104245
    -0.087051    -4.104548
    -0.085377    -4.104843
    -0.083703    -4.105128
    -0.082029    -4.105404
    -0.080355    -4.105670
    -0.078681    -4.105927
    -0.077007    -4.106174
    -0.075333    -4.106412
    -0.073659    -4.106640
    -0.071985    -4.106858
    -0.070311    -4.107067
    -0.068637    -4.107265
    -0.066963    -4.107454
    -0.065289    -4.107632
    -0.063615    -4.107801
    -0.061940    -4.107959
    -0.060266    -4.108107
    -0.058592    -4.108245
    -0.056918    -4.108372
    -0.055244    -4.108489
    -0.053570    -4.108595
    -0.051896    -4.108692
    -0.050222    -4.108777
    -0.048548    -4.108852
    -0.046874    -4.108916
    -0.045200    -4.108970
    -0.043526    -4.109013
    -0.041852    -4.109045
    -0.040178    -4.109066
    -0.038504    -4.109076
    -0.036829    -4.109076
    -0.035155    -4.109064
    -0.033481    -4.109041
    -0.031807    -4.109008
    -0.030133    -4.108963
    -0.028459    -4.108907
    -0.026785    -4.108841
    -0.025111    -4.108763
    -0.023437    -4.108673
    -0.021763    -4.108573
    -0.020089    -4.108461
    -0.018415    -4.108338
    -0.016741    -4.108204
    -0.015067    -4.108058
    -0.013393    -4.107901
    -0.011718    -4.107733
    -0.010044    -4.107553
    -0.008370    -4.107362
    -0.006696    -4.107159
    -0.005022    -4.106945
    -0.003348    -4.106720
    -0.001674    -4.106483
     0.000000    -4.106242
     0.001674    -4.106489
     0.003348    -4.106726
     0.005022    -4.106952
     0.006696    -4.107166
     0.008370    -4.107369
     0.010044    -4.107560
     0.011718    -4.107740
     0.013393    -4.107909
     0.015067    -4.108066
     0.016741    -4.108211
     0.018415    -4.108346
     0.020089    -4.108469
     0.021763    -4.108581
     0.023437    -4.108681
     0.025111    -4.108770
     0.026785    -4.108849
     0.028459    -4.108915
     0.030133    -4.108971
     0.031807    -4.109016
     0.033481    -4.109049
     0.035155    -4.109072
     0.036829    -4.109083
     0.038504    -4.109084
     0.040178    -4.109074
     0.041852    -4.109052
     0.043526    -4.109020
     0.045200    -4.108977
     0.046874    -4.108924
     0.048548    -4.108859
     0.050222    -4.108784
     0.051896    -4.108699
     0.053570    -4.108602
     0.055244    -4.108496
     0.056918    -4.108378
     0.058592    -4.108251
     0.060266    -4.108113
     0.061940    -4.107965
     0.063615    -4.107806
     0.065289    -4.107638
     0.066963    -4.107459
     0.068637    -4.107270
     0.070311    -4.107071
     0.071985    -4.106863
     0.073659    -4.106644
     0.075333    -4.106416
     0.077007    -4.106178
     0.078681    -4.105930
     0.080355    -4.105673
     0.082029    -4.105406
     0.083703    -4.105130
     0.085377    -4.104844
     0.087051    -4.104550
     0.088726    -4.104246
     0.090400    -4.103933
     0.092074    -4.103611
     0.093748    -4.103280
     0.095422    -4.102940
     0.097096    -4.102592
     0.098770    -4.102235
     0.100444    -4.101869
     0.102118    -4.101495
     0.103792    -4.101113
     0.105466    -4.100722
     0.107140    -4.100323
     0.108814    -4.099916
     0.110488    -4.099502
     0.112163    -4.099079
     0.113837    -4.098649
     0.115511    -4.098211
     0.117185    -4.097765
     0.118859    -4.097312
     0.120533    -4.096852
     0.122207    -4.096385
     0.123881    -4.095910
     0.125555    -4.095429
     0.127229    -4.094941
     0.128903    -4.094446
     0.130577    -4.093945
     0.132251    -4.093437
     0.133925    -4.092923
     0.135599    -4.092403
     0.137274    -4.091877
     0.138948    -4.091345
     0.140622    -4.090807
     0.142296    -4.090264
     0.143970    -4.089715
     0.145644    -4.089161
     0.147318    -4.088602
     0.148992    -4.088038
     0.150666    -4.087469
     0.152340    -4.086896
     0.154014    -4.086317
     0.155688    -4.085735
     0.157362    -4.085148
     0.159036    -4.084558
     0.160710    -4.083963
     0.162385    -4.083365
     0.164059    -4.082763
     0.165733    -4.082159
     0.167407    -4.081551


    -0.167407    -4.025169
    -0.165733    -4.026473
    -0.164059    -4.027769
    -0.162385    -4.029057
    -0.160710    -4.030337
    -0.159036    -4.031608
    -0.157362    -4.032871
    -0.155688    -4.034126
    -0.154014    -4.035372
    -0.152340    -4.036609
    -0.150666    -4.037838
    -0.148992    -4.039058
    -0.147318    -4.040269
    -0.145644    -4.041471
    -0.143970    -4.042664
    -0.142296    -4.043849
    -0.140622    -4.045024
    -0.138948    -4.046189
    -0.137274    -4.047346
    -0.135599    -4.048493
    -0.133925    -4.049631
    -0.132251    -4.050760
    -0.130577    -4.051879
    -0.128903    -4.052988
    -0.127229    -4.054088
    -0.125555    -4.055178
    -0.123881    -4.056258
    -0.122207    -4.057329
    -0.120533    -4.058389
    -0.118859    -4.059440
    -0.117185    -4.060480
    -0.115511    -4.061511
    -0.113837    -4.062532
    -0.112163    -4.063542
    -0.110488    -4.064542
    -0.108814    -4.065532
    -0.107140    -4.066512
    -0.105466    -4.067481
    -0.103792    -4.068440
    -0.102118    -4.069388
    -0.100444    -4.070326
    -0.098770    -4.071254
    -0.097096    -4.072170
    -0.095422    -4.073077
    -0.093748    -4.073972
    -0.092074    -4.074857
    -0.090400    -4.075731
    -0.088726    -4.076595
    -0.087051    -4.077447
    -0.085377    -4.078289
    -0.083703    -4.079120
    -0.082029    -4.079940
    -0.080355    -4.080748
    -0.078681    -4.081546
    -0.077007    -4.082333
    -0.075333    -4.083109
    -0.073659    -4.083874
    -0.071985    -4.084628
    -0.070311    -4.085370
    -0.068637    -4.086101
    -0.066963    -4.086821
    -0.065289    -4.087530
    -0.063615    -4.088228
    -0.061940    -4.088914
    -0.060266    -4.089589
    -0.058592    -4.090253
    -0.056918    -4.090906
    -0.055244    -4.091547
    -0.053570    -4.092176
    -0.051896    -4.092794
    -0.050222    -4.093401
    -0.048548    -4.093997
    -0.046874    -4.094580
    -0.045200    -4.095153
    -0.043526    -4.095714
    -0.041852    -4.096263
    -0.040178    -4.096801
    -0.038504    -4.097328
    -0.036829    -4.097842
    -0.035155    -4.098346
    -0.033481    -4.098838
    -0.031807    -4.099318
    -0.030133    -4.099786
    -0.028459    -4.100243
    -0.026785    -4.100689
    -0.025111    -4.101123
    -0.023437    -4.101545
    -0.021763    -4.101956
    -0.020089    -4.102355
    -0.018415    -4.102742
    -0.016741    -4.103118
    -0.015067    -4.103483
    -0.013393    -4.103835
    -0.011718    -4.104176
    -0.010044    -4.104506
    -0.008370    -4.104824
    -0.006696    -4.105130
    -0.005022    -4.105425
    -0.003348    -4.105708
    -0.001674    -4.105980
     0.000000    -4.106233
     0.001674    -4.105974
     0.003348    -4.105703
     0.005022    -4.105420
     0.006696    -4.105125
     0.008370    -4.104819
     0.010044    -4.104501
     0.011718    -4.104172
     0.013393    -4.103831
     0.015067    -4.103478
     0.016741    -4.103114
     0.018415    -4.102739
     0.020089    -4.102351
     0.021763    -4.101952
     0.023437    -4.101542
     0.025111    -4.101120
     0.026785    -4.100686
     0.028459    -4.100241
     0.030133    -4.099784
     0.031807    -4.099316
     0.033481    -4.098836
     0.035155    -4.098345
     0.036829    -4.097842
     0.038504    -4.097327
     0.040178    -4.096801
     0.041852    -4.096263
     0.043526    -4.095714
     0.045200    -4.095153
     0.046874    -4.094581
     0.048548    -4.093997
     0.050222    -4.093402
     0.051896    -4.092796
     0.053570    -4.092178
     0.055244    -4.091548
     0.056918    -4.090908
     0.058592    -4.090255
     0.060266    -4.089592
     0.061940    -4.088917
     0.063615    -4.088231
     0.065289    -4.087533
     0.066963    -4.086825
     0.068637    -4.086105
     0.070311    -4.085374
     0.071985    -4.084631
     0.073659    -4.083878
     0.075333    -4.083113
     0.077007    -4.082338
     0.078681    -4.081551
     0.080355    -4.080753
     0.082029    -4.079944
     0.083703    -4.079124
     0.085377    -4.078294
     0.087051    -4.077452
     0.088726    -4.076600
     0.090400    -4.075736
     0.092074    -4.074862
     0.093748    -4.073978
     0.095422    -4.073082
     0.097096    -4.072176
     0.098770    -4.071259
     0.100444    -4.070332
     0.102118    -4.069394
     0.103792    -4.068445
     0.105466    -4.067486
     0.107140    -4.066517
     0.108814    -4.065538
     0.110488    -4.064548
     0.112163    -4.063547
     0.113837    -4.062537
     0.115511    -4.061516
     0.117185    -4.060486
     0.118859    -4.059445
     0.120533    -4.058394
     0.122207    -4.057334
     0.123881    -4.056263
     0.125555    -4.055183
     0.127229    -4.054093
     0.128903    -4.052993
     0.130577    -4.051884
     0.132251    -4.050764
     0.133925    -4.049636
     0.135599    -4.048498
     0.137274    -4.047350
     0.138948    -4.046194
     0.140622    -4.045028
     0.142296    -4.043852
     0.143970    -4.042668
     0.145644    -4.041475
     0.147318    -4.040272
     0.148992    -4.039061
     0.150666    -4.037841
     0.152340    -4.036612
     0.154014    -4.035375
     0.155688    -4.034128
     0.157362    -4.032874
     0.159036    -4.031611
     0.160710    -4.030339
     0.162385    -4.029059
     0.164059    -4.027771
     0.165733    -4.026475
     0.167407    -4.025171


    -0.167407    -2.513205
    -0.165733    -2.509379
    -0.164059    -2.505657
    -0.162385    -2.502036
    -0.160710    -2.498510
    -0.159036    -2.495076
    -0.157362    -2.491730
    -0.155688    -2.488467
    -0.154014    -2.485285
    -0.152340    -2.482179
    -0.150666    -2.479147
    -0.148992    -2.476186
    -0.147318    -2.473293
    -0.145644    -2.470465
    -0.143970    -2.467699
    -0.142296    -2.464994
    -0.140622    -2.462347
    -0.138948    -2.459755
    -0.137274    -2.457218
    -0.135599    -2.454733
    -0.133925    -2.452297
    -0.132251    -2.449911
    -0.130577    -2.447572
    -0.128903    -2.445278
    -0.127229    -2.443028
    -0.125555    -2.440822
    -0.123881    -2.438658
    -0.122207    -2.436534
    -0.120533    -2.434450
    -0.118859    -2.432404
    -0.117185    -2.430397
    -0.115511    -2.428426
    -0.113837    -2.426492
    -0.112163    -2.424592
    -0.110488    -2.422728
    -0.108814    -2.420897
    -0.107140    -2.419100
    -0.105466    -2.417335
    -0.103792    -2.415603
    -0.102118    -2.413902
    -0.100444    -2.412233
    -0.098770    -2.410594
    -0.097096    -2.408986
    -0.095422    -2.407408
    -0.093748    -2.405859
    -0.092074    -2.404339
    -0.090400    -2.402849
    -0.088726    -2.401387
    -0.087051    -2.399953
    -0.085377    -2.398547
    -0.083703    -2.397170
    -0.082029    -2.395819
    -0.080355    -2.394497
    -0.078681    -2.393201
    -0.077007    -2.391932
    -0.075333    -2.390690
    -0.073659    -2.389475
    -0.071985    -2.388286
    -0.070311    -2.387124
    -0.068637    -2.385988
    -0.066963    -2.384878
    -0.065289    -2.383794
    -0.063615    -2.382736
    -0.061940    -2.381704
    -0.060266    -2.380697
    -0.058592    -2.379716
    -0.056918    -2.378761
    -0.055244    -2.377831
    -0.053570    -2.376926
    -0.051896    -2.376047
    -0.050222    -2.375194
    -0.048548    -2.374365
    -0.046874    -2.373562
    -0.045200    -2.372784
    -0.043526    -2.372031
    -0.041852    -2.371303
    -0.040178    -2.370600
    -0.038504    -2.369923
    -0.036829    -2.369270
    -0.035155    -2.368643
    -0.033481    -2.368040
    -0.031807    -2.367462
    -0.030133    -2.366909
    -0.028459    -2.366382
    -0.026785    -2.365879
    -0.025111    -2.365401
    -0.023437    -2.364948
    -0.021763    -2.364519
    -0.020089    -2.364116
    -0.018415    -2.363737
    -0.016741    -2.363383
    -0.015067    -2.363054
    -0.013393    -2.362750
    -0.011718    -2.362471
    -0.010044    -2.362216
    -0.008370    -2.361986
    -0.006696    -2.361781
    -0.005022    -2.361600
    -0.003348    -2.361445
    -0.001674    -2.361314
     0.000000    -2.361224
     0.001674    -2.361329
     0.003348    -2.361460
     0.005022    -2.361616
     0.006696    -2.361797
     0.008370    -2.362002
     0.010044    -2.362232
     0.011718    -2.362487
     0.013393    -2.362766
     0.015067    -2.363070
     0.016741    -2.363400
     0.018415    -2.363753
     0.020089    -2.364132
     0.021763    -2.364535
     0.023437    -2.364964
     0.025111    -2.365417
     0.026785    -2.365895
     0.028459    -2.366398
     0.030133    -2.366926
     0.031807    -2.367478
     0.033481    -2.368056
     0.035155    -2.368658
     0.036829    -2.369286
     0.038504    -2.369939
     0.040178    -2.370616
     0.041852    -2.371319
     0.043526    -2.372046
     0.045200    -2.372799
     0.046874    -2.373577
     0.048548    -2.374380
     0.050222    -2.375208
     0.051896    -2.376062
     0.053570    -2.376941
     0.055244    -2.377845
     0.056918    -2.378775
     0.058592    -2.379730
     0.060266    -2.380711
     0.061940    -2.381717
     0.063615    -2.382749
     0.065289    -2.383807
     0.066963    -2.384891
     0.068637    -2.386001
     0.070311    -2.387137
     0.071985    -2.388299
     0.073659    -2.389487
     0.075333    -2.390702
     0.077007    -2.391944
     0.078681    -2.393212
     0.080355    -2.394508
     0.082029    -2.395831
     0.083703    -2.397181
     0.085377    -2.398558
     0.087051    -2.399964
     0.088726    -2.401397
     0.090400    -2.402859
     0.092074    -2.404349
     0.093748    -2.405869
     0.095422    -2.407417
     0.097096    -2.408995
     0.098770    -2.410603
     0.100444    -2.412242
     0.102118    -2.413911
     0.103792    -2.415612
     0.105466    -2.417344
     0.107140    -2.419108
     0.108814    -2.420905
     0.110488    -2.422736
     0.112163    -2.424600
     0.113837    -2.426499
     0.115511    -2.428433
     0.117185    -2.430404
     0.118859    -2.432411
     0.120533    -2.434457
     0.122207    -2.436541
     0.123881    -2.438664
     0.125555    -2.440829
     0.127229    -2.443035
     0.128903    -2.445284
     0.130577    -2.447578
     0.132251    -2.449917
     0.133925    -2.452303
     0.135599    -2.454738
     0.137274    -2.457224
     0.138948    -2.459761
     0.140622    -2.462352
     0.142296    -2.464999
     0.143970    -2.467705
     0.145644    -2.470470
     0.147318    -2.473298
     0.148992    -2.476191
     0.150666    -2.479152
     0.152340    -2.482184
     0.154014    -2.485289
     0.155688    -2.488472
     0.157362    -2.491734
     0.159036    -2.495081
     0.160710    -2.498515
     0.162385    -2.502041
     0.164059    -2.505662
     0.165733    -2.509383
     0.167407    -2.513209


    -0.167407    -2.478484
    -0.165733    -2.475369
    -0.164059    -2.472361
    -0.162385    -2.469455
    -0.160710    -2.466642
    -0.159036    -2.463915
    -0.157362    -2.461270
    -0.155688    -2.458701
    -0.154014    -2.456202
    -0.152340    -2.453770
    -0.150666    -2.451400
    -0.148992    -2.449088
    -0.147318    -2.446831
    -0.145644    -2.444627
    -0.143970    -2.442472
    -0.142296    -2.440363
    -0.140622    -2.438300
    -0.138948    -2.436278
    -0.137274    -2.434297
    -0.135599    -2.432355
    -0.133925    -2.430451
    -0.132251    -2.428582
    -0.130577    -2.426747
    -0.128903    -2.424946
    -0.127229    -2.423177
    -0.125555    -2.421440
    -0.123881    -2.419733
    -0.122207    -2.418056
    -0.120533    -2.416407
    -0.118859    -2.414787
    -0.117185    -2.413195
    -0.115511    -2.411629
    -0.113837    -2.410090
    -0.112163    -2.408578
    -0.110488    -2.407091
    -0.108814    -2.405630
    -0.107140    -2.404193
    -0.105466    -2.402782
    -0.103792    -2.401395
    -0.102118    -2.400032
    -0.100444    -2.398693
    -0.098770    -2.397379
    -0.097096    -2.396088
    -0.095422    -2.394820
    -0.093748    -2.393576
    -0.092074    -2.392356
    -0.090400    -2.391159
    -0.088726    -2.389985
    -0.087051    -2.388834
    -0.085377    -2.387706
    -0.083703    -2.386601
    -0.082029    -2.385519
    -0.080355    -2.384461
    -0.078681    -2.383425
    -0.077007    -2.382412
    -0.075333    -2.381422
    -0.073659    -2.380455
    -0.071985    -2.379512
    -0.070311    -2.378591
    -0.068637    -2.377693
    -0.066963    -2.376818
    -0.065289    -2.375967
    -0.063615    -2.375138
    -0.061940    -2.374333
    -0.060266    -2.373551
    -0.058592    -2.372792
    -0.056918    -2.372056
    -0.055244    -2.371344
    -0.053570    -2.370655
    -0.051896    -2.369989
    -0.050222    -2.369347
    -0.048548    -2.368729
    -0.046874    -2.368134
    -0.045200    -2.367563
    -0.043526    -2.367015
    -0.041852    -2.366491
    -0.040178    -2.365991
    -0.038504    -2.365514
    -0.036829    -2.365062
    -0.035155    -2.364633
    -0.033481    -2.364228
    -0.031807    -2.363847
    -0.030133    -2.363491
    -0.028459    -2.363158
    -0.026785    -2.362850
    -0.025111    -2.362565
    -0.023437    -2.362305
    -0.021763    -2.362069
    -0.020089    -2.361857
    -0.018415    -2.361670
    -0.016741    -2.361507
    -0.015067    -2.361368
    -0.013393    -2.361254
    -0.011718    -2.361164
    -0.010044    -2.361099
    -0.008370    -2.361058
    -0.006696    -2.361042
    -0.005022    -2.361050
    -0.003348    -2.361083
    -0.001674    -2.361140
     0.000000    -2.361205
     0.001674    -2.361125
     0.003348    -2.361068
     0.005022    -2.361036
     0.006696    -2.361028
     0.008370    -2.361044
     0.010044    -2.361085
     0.011718    -2.361151
     0.013393    -2.361241
     0.015067    -2.361355
     0.016741    -2.361494
     0.018415    -2.361658
     0.020089    -2.361845
     0.021763    -2.362057
     0.023437    -2.362294
     0.025111    -2.362554
     0.026785    -2.362839
     0.028459    -2.363148
     0.030133    -2.363481
     0.031807    -2.363838
     0.033481    -2.364219
     0.035155    -2.364624
     0.036829    -2.365053
     0.038504    -2.365506
     0.040178    -2.365983
     0.041852    -2.366484
     0.043526    -2.367008
     0.045200    -2.367556
     0.046874    -2.368128
     0.048548    -2.368724
     0.050222    -2.369343
     0.051896    -2.369985
     0.053570    -2.370651
     0.055244    -2.371341
     0.056918    -2.372053
     0.058592    -2.372790
     0.060266    -2.373549
     0.061940    -2.374332
     0.063615    -2.375138
     0.065289    -2.375967
     0.066963    -2.376819
     0.068637    -2.377694
     0.070311    -2.378592
     0.071985    -2.379514
     0.073659    -2.380458
     0.075333    -2.381425
     0.077007    -2.382416
     0.078681    -2.383429
     0.080355    -2.384465
     0.082029    -2.385524
     0.083703    -2.386607
     0.085377    -2.387712
     0.087051    -2.388840
     0.088726    -2.389991
     0.090400    -2.391166
     0.092074    -2.392364
     0.093748    -2.393585
     0.095422    -2.394829
     0.097096    -2.396097
     0.098770    -2.397388
     0.100444    -2.398703
     0.102118    -2.400042
     0.103792    -2.401405
     0.105466    -2.402793
     0.107140    -2.404205
     0.108814    -2.405642
     0.110488    -2.407103
     0.112163    -2.408591
     0.113837    -2.410103
     0.115511    -2.411643
     0.117185    -2.413208
     0.118859    -2.414801
     0.120533    -2.416422
     0.122207    -2.418070
     0.123881    -2.419748
     0.125555    -2.421455
     0.127229    -2.423193
     0.128903    -2.424962
     0.130577    -2.426763
     0.132251    -2.428598
     0.133925    -2.430467
     0.135599    -2.432372
     0.137274    -2.434314
     0.138948    -2.436295
     0.140622    -2.438316
     0.142296    -2.440380
     0.143970    -2.442489
     0.145644    -2.444644
     0.147318    -2.446848
     0.148992    -2.449105
     0.150666    -2.451417
     0.152340    -2.453787
     0.154014    -2.456219
     0.155688    -2.458718
     0.157362    -2.461287
     0.159036    -2.463932
     0.160710    -2.466658
     0.162385    -2.469472
     0.164059    -2.472378
     0.165733    -2.475385
     0.167407    -2.478501


    -0.167407    -2.232959
    -0.165733    -2.223601
    -0.164059    -2.214198
    -0.162385    -2.204759
    -0.160710    -2.195293
    -0.159036    -2.185809
    -0.157362    -2.176315
    -0.155688    -2.166819
    -0.154014    -2.157326
    -0.152340    -2.147845
    -0.150666    -2.138380
    -0.148992    -2.128937
    -0.147318    -2.119523
    -0.145644    -2.110142
    -0.143970    -2.100799
    -0.142296    -2.091499
    -0.140622    -2.082246
    -0.138948    -2.073043
    -0.137274    -2.063896
    -0.135599    -2.054808
    -0.133925    -2.045783
    -0.132251    -2.036823
    -0.130577    -2.027933
    -0.128903    -2.019116
    -0.127229    -2.010375
    -0.125555    -2.001712
    -0.123881    -1.993130
    -0.122207    -1.984633
    -0.120533    -1.976223
    -0.118859    -1.967903
    -0.117185    -1.959675
    -0.115511    -1.951541
    -0.113837    -1.943504
    -0.112163    -1.935566
    -0.110488    -1.927729
    -0.108814    -1.919995
    -0.107140    -1.912367
    -0.105466    -1.904845
    -0.103792    -1.897432
    -0.102118    -1.890130
    -0.100444    -1.882941
    -0.098770    -1.875865
    -0.097096    -1.868904
    -0.095422    -1.862061
    -0.093748    -1.855335
    -0.092074    -1.848729
    -0.090400    -1.842244
    -0.088726    -1.835880
    -0.087051    -1.829640
    -0.085377    -1.823523
    -0.083703    -1.817531
    -0.082029    -1.811665
    -0.080355    -1.805925
    -0.078681    -1.800312
    -0.077007    -1.794826
    -0.075333    -1.789469
    -0.073659    -1.784241
    -0.071985    -1.779142
    -0.070311    -1.774172
    -0.068637    -1.769332
    -0.066963    -1.764622
    -0.065289    -1.760042
    -0.063615    -1.755592
    -0.061940    -1.751272
    -0.060266    -1.747082
    -0.058592    -1.743022
    -0.056918    -1.739091
    -0.055244    -1.735290
    -0.053570    -1.731617
    -0.051896    -1.728073
    -0.050222    -1.724656
    -0.048548    -1.721367
    -0.046874    -1.718205
    -0.045200    -1.715168
    -0.043526    -1.712257
    -0.041852    -1.709470
    -0.040178    -1.706806
    -0.038504    -1.704264
    -0.036829    -1.701844
    -0.035155    -1.699545
    -0.033481    -1.697364
    -0.031807    -1.695300
    -0.030133    -1.693352
    -0.028459    -1.691519
    -0.026785    -1.689798
    -0.025111    -1.688188
    -0.023437    -1.686688
    -0.021763    -1.685295
    -0.020089    -1.684010
    -0.018415    -1.682829
    -0.016741    -1.681754
    -0.015067    -1.680781
    -0.013393    -1.679912
    -0.011718    -1.679144
    -0.010044    -1.678479
    -0.008370    -1.677914
    -0.006696    -1.677450
    -0.005022    -1.677087
    -0.003348    -1.676824
    -0.001674    -1.676661
     0.000000    -1.676600
     0.001674    -1.676653
     0.003348    -1.676815
     0.005022    -1.677078
     0.006696    -1.677441
     0.008370    -1.677905
     0.010044    -1.678470
     0.011718    -1.679136
     0.013393    -1.679903
     0.015067    -1.680773
     0.016741    -1.681746
     0.018415    -1.682822
     0.020089    -1.684003
     0.021763    -1.685290
     0.023437    -1.686683
     0.025111    -1.688184
     0.026785    -1.689795
     0.028459    -1.691516
     0.030133    -1.693351
     0.031807    -1.695299
     0.033481    -1.697363
     0.035155    -1.699544
     0.036829    -1.701845
     0.038504    -1.704265
     0.040178    -1.706806
     0.041852    -1.709470
     0.043526    -1.712256
     0.045200    -1.715168
     0.046874    -1.718204
     0.048548    -1.721366
     0.050222    -1.724654
     0.051896    -1.728070
     0.053570    -1.731614
     0.055244    -1.735286
     0.056918    -1.739087
     0.058592    -1.743017
     0.060266    -1.747077
     0.061940    -1.751266
     0.063615    -1.755586
     0.065289    -1.760035
     0.066963    -1.764615
     0.068637    -1.769324
     0.070311    -1.774164
     0.071985    -1.779133
     0.073659    -1.784231
     0.075333    -1.789459
     0.077007    -1.794816
     0.078681    -1.800300
     0.080355    -1.805913
     0.082029    -1.811652
     0.083703    -1.817518
     0.085377    -1.823510
     0.087051    -1.829626
     0.088726    -1.835866
     0.090400    -1.842229
     0.092074    -1.848714
     0.093748    -1.855320
     0.095422    -1.862045
     0.097096    -1.868888
     0.098770    -1.875848
     0.100444    -1.882924
     0.102118    -1.890113
     0.103792    -1.897415
     0.105466    -1.904827
     0.107140    -1.912348
     0.108814    -1.919977
     0.110488    -1.927710
     0.112163    -1.935547
     0.113837    -1.943485
     0.115511    -1.951522
     0.117185    -1.959655
     0.118859    -1.967883
     0.120533    -1.976204
     0.122207    -1.984613
     0.123881    -1.993110
     0.125555    -2.001691
     0.127229    -2.010354
     0.128903    -2.019096
     0.130577    -2.027913
     0.132251    -2.036803
     0.133925    -2.045762
     0.135599    -2.054787
     0.137274    -2.063876
     0.138948    -2.073023
     0.140622    -2.082225
     0.142296    -2.091478
     0.143970    -2.100778
     0.145644    -2.110121
     0.147318    -2.119502
     0.148992    -2.128917
     0.150666    -2.138359
     0.152340    -2.147824
     0.154014    -2.157306
     0.155688    -2.166798
     0.157362    -2.176295
     0.159036    -2.185789
     0.160710    -2.195273
     0.162385    -2.204739
     0.164059    -2.214178
     0.165733    -2.223582
     0.167407    -2.232940


    -0.167407    -2.178768
    -0.165733    -2.170269
    -0.164059    -2.161748
    -0.162385    -2.153211
    -0.160710    -2.144663
    -0.159036    -2.136112
    -0.157362    -2.127561
    -0.155688    -2.119017
    -0.154014    -2.110485
    -0.152340    -2.101970
    -0.150666    -2.093476
    -0.148992    -2.085009
    -0.147318    -2.076572
    -0.145644    -2.068169
    -0.143970    -2.059806
    -0.142296    -2.051485
    -0.140622    -2.043211
    -0.138948    -2.034987
    -0.137274    -2.026816
    -0.135599    -2.018701
    -0.133925    -2.010646
    -0.132251    -2.002654
    -0.130577    -1.994728
    -0.128903    -1.986869
    -0.127229    -1.979081
    -0.125555    -1.971366
    -0.123881    -1.963727
    -0.122207    -1.956165
    -0.120533    -1.948684
    -0.118859    -1.941284
    -0.117185    -1.933968
    -0.115511    -1.926737
    -0.113837    -1.919594
    -0.112163    -1.912539
    -0.110488    -1.905575
    -0.108814    -1.898703
    -0.107140    -1.891925
    -0.105466    -1.885241
    -0.103792    -1.878652
    -0.102118    -1.872161
    -0.100444    -1.865768
    -0.098770    -1.859473
    -0.097096    -1.853279
    -0.095422    -1.847186
    -0.093748    -1.841195
    -0.092074    -1.835306
    -0.090400    -1.829520
    -0.088726    -1.823838
    -0.087051    -1.818261
    -0.085377    -1.812789
    -0.083703    -1.807423
    -0.082029    -1.802163
    -0.080355    -1.797010
    -0.078681    -1.791964
    -0.077007    -1.787025
    -0.075333    -1.782194
    -0.073659    -1.777471
    -0.071985    -1.772857
    -0.070311    -1.768351
    -0.068637    -1.763954
    -0.066963    -1.759666
    -0.065289    -1.755487
    -0.063615    -1.751418
    -0.061940    -1.747458
    -0.060266    -1.743607
    -0.058592    -1.739866
    -0.056918    -1.736235
    -0.055244    -1.732713
    -0.053570    -1.729300
    -0.051896    -1.725997
    -0.050222    -1.722803
    -0.048548    -1.719718
    -0.046874    -1.716742
    -0.045200    -1.713874
    -0.043526    -1.711115
    -0.041852    -1.708464
    -0.040178    -1.705921
    -0.038504    -1.703485
    -0.036829    -1.701156
    -0.035155    -1.698934
    -0.033481    -1.696819
    -0.031807    -1.694810
    -0.030133    -1.692907
    -0.028459    -1.691111
    -0.026785    -1.689421
    -0.025111    -1.687837
    -0.023437    -1.686360
    -0.021763    -1.684988
    -0.020089    -1.683722
    -0.018415    -1.682561
    -0.016741    -1.681505
    -0.015067    -1.680553
    -0.013393    -1.679705
    -0.011718    -1.678960
    -0.010044    -1.678317
    -0.008370    -1.677776
    -0.006696    -1.677337
    -0.005022    -1.676998
    -0.003348    -1.676761
    -0.001674    -1.676623
     0.000000    -1.676583
     0.001674    -1.676631
     0.003348    -1.676769
     0.005022    -1.677007
     0.006696    -1.677345
     0.008370    -1.677784
     0.010044    -1.678324
     0.011718    -1.678966
     0.013393    -1.679711
     0.015067    -1.680559
     0.016741    -1.681510
     0.018415    -1.682565
     0.020089    -1.683725
     0.021763    -1.684990
     0.023437    -1.686360
     0.025111    -1.687836
     0.026785    -1.689419
     0.028459    -1.691108
     0.030133    -1.692903
     0.031807    -1.694804
     0.033481    -1.696812
     0.035155    -1.698926
     0.036829    -1.701148
     0.038504    -1.703476
     0.040178    -1.705911
     0.041852    -1.708454
     0.043526    -1.711105
     0.045200    -1.713864
     0.046874    -1.716731
     0.048548    -1.719708
     0.050222    -1.722792
     0.051896    -1.725986
     0.053570    -1.729290
     0.055244    -1.732702
     0.056918    -1.736224
     0.058592    -1.739856
     0.060266    -1.743597
     0.061940    -1.747447
     0.063615    -1.751407
     0.065289    -1.755477
     0.066963    -1.759655
     0.068637    -1.763943
     0.070311    -1.768340
     0.071985    -1.772846
     0.073659    -1.777460
     0.075333    -1.782183
     0.077007    -1.787014
     0.078681    -1.791953
     0.080355    -1.796999
     0.082029    -1.802152
     0.083703    -1.807412
     0.085377    -1.812778
     0.087051    -1.818250
     0.088726    -1.823827
     0.090400    -1.829508
     0.092074    -1.835294
     0.093748    -1.841182
     0.095422    -1.847174
     0.097096    -1.853267
     0.098770    -1.859461
     0.100444    -1.865755
     0.102118    -1.872148
     0.103792    -1.878639
     0.105466    -1.885227
     0.107140    -1.891911
     0.108814    -1.898690
     0.110488    -1.905562
     0.112163    -1.912526
     0.113837    -1.919580
     0.115511    -1.926723
     0.117185    -1.933954
     0.118859    -1.941270
     0.120533    -1.948669
     0.122207    -1.956151
     0.123881    -1.963712
     0.125555    -1.971352
     0.127229    -1.979066
     0.128903    -1.986854
     0.130577    -1.994713
     0.132251    -2.002639
     0.133925    -2.010631
     0.135599    -2.018686
     0.137274    -2.026801
     0.138948    -2.034972
     0.140622    -2.043196
     0.142296    -2.051470
     0.143970    -2.059791
     0.145644    -2.068154
     0.147318    -2.076556
     0.148992    -2.084993
     0.150666    -2.093461
     0.152340    -2.101955
     0.154014    -2.110470
     0.155688    -2.119002
     0.157362    -2.127546
     0.159036    -2.136097
     0.160710    -2.144649
     0.162385    -2.153196
     0.164059    -2.161734
     0.165733    -2.170255
     0.167407    -2.178754


    -0.167407    -1.772759
    -0.165733    -1.770091
    -0.164059    -1.767438
    -0.162385    -1.764801
    -0.160710    -1.762179
    -0.159036    -1.759573
    -0.157362    -1.756983
    -0.155688    -1.754409
    -0.154014    -1.751851
    -0.152340    -1.749309
    -0.150666    -1.746784
    -0.148992    -1.744276
    -0.147318    -1.741784
    -0.145644    -1.739309
    -0.143970    -1.736852
    -0.142296    -1.734411
    -0.140622    -1.731988
    -0.138948    -1.729583
    -0.137274    -1.727195
    -0.135599    -1.724825
    -0.133925    -1.722473
    -0.132251    -1.720139
    -0.130577    -1.717824
    -0.128903    -1.715527
    -0.127229    -1.713249
    -0.125555    -1.710989
    -0.123881    -1.708748
    -0.122207    -1.706527
    -0.120533    -1.704324
    -0.118859    -1.702141
    -0.117185    -1.699977
    -0.115511    -1.697833
    -0.113837    -1.695709
    -0.112163    -1.693604
    -0.110488    -1.691520
    -0.108814    -1.689456
    -0.107140    -1.687412
    -0.105466    -1.685388
    -0.103792    -1.683385
    -0.102118    -1.681403
    -0.100444    -1.679441
    -0.098770    -1.677500
    -0.097096    -1.675580
    -0.095422    -1.673682
    -0.093748    -1.671804
    -0.092074    -1.669948
    -0.090400    -1.668114
    -0.088726    -1.666301
    -0.087051    -1.664510
    -0.085377    -1.662740
    -0.083703    -1.660993
    -0.082029    -1.659267
    -0.080355    -1.657564
    -0.078681    -1.655883
    -0.077007    -1.654224
    -0.075333    -1.652589
    -0.073659    -1.650975
    -0.071985    -1.649385
    -0.070311    -1.647818
    -0.068637    -1.646274
    -0.066963    -1.644753
    -0.065289    -1.643256
    -0.063615    -1.641783
    -0.061940    -1.640334
    -0.060266    -1.638910
    -0.058592    -1.637511
    -0.056918    -1.636137
    -0.055244    -1.634788
    -0.053570    -1.633465
    -0.051896    -1.632169
    -0.050222    -1.630900
    -0.048548    -1.629658
    -0.046874    -1.628445
    -0.045200    -1.627260
    -0.043526    -1.626104
    -0.041852    -1.624979
    -0.040178    -1.623884
    -0.038504    -1.622821
    -0.036829    -1.621791
    -0.035155    -1.620794
    -0.033481    -1.619830
    -0.031807    -1.618902
    -0.030133    -1.618010
    -0.028459    -1.617154
    -0.026785    -1.616336
    -0.025111    -1.615556
    -0.023437    -1.614816
    -0.021763    -1.614116
    -0.020089    -1.613457
    -0.018415    -1.612839
    -0.016741    -1.612264
    -0.015067    -1.611732
    -0.013393    -1.611244
    -0.011718    -1.610800
    -0.010044    -1.610400
    -0.008370    -1.610046
    -0.006696    -1.609736
    -0.005022    -1.609473
    -0.003348    -1.609254
    -0.001674    -1.609082
     0.000000    -1.608961
     0.001674    -1.609086
     0.003348    -1.609258
     0.005022    -1.609476
     0.006696    -1.609740
     0.008370    -1.610049
     0.010044    -1.610404
     0.011718    -1.610803
     0.013393    -1.611247
     0.015067    -1.611736
     0.016741    -1.612268
     0.018415    -1.612843
     0.020089    -1.613460
     0.021763    -1.614119
     0.023437    -1.614820
     0.025111    -1.615560
     0.026785    -1.616340
     0.028459    -1.617158
     0.030133    -1.618014
     0.031807    -1.618906
     0.033481    -1.619835
     0.035155    -1.620798
     0.036829    -1.621796
     0.038504    -1.622826
     0.040178    -1.623889
     0.041852    -1.624984
     0.043526    -1.626110
     0.045200    -1.627265
     0.046874    -1.628450
     0.048548    -1.629664
     0.050222    -1.630906
     0.051896    -1.632175
     0.053570    -1.633471
     0.055244    -1.634794
     0.056918    -1.636143
     0.058592    -1.637517
     0.060266    -1.638916
     0.061940    -1.640341
     0.063615    -1.641789
     0.065289    -1.643262
     0.066963    -1.644759
     0.068637    -1.646280
     0.070311    -1.647824
     0.071985    -1.649391
     0.073659    -1.650981
     0.075333    -1.652594
     0.077007    -1.654230
     0.078681    -1.655889
     0.080355    -1.657569
     0.082029    -1.659273
     0.083703    -1.660998
     0.085377    -1.662745
     0.087051    -1.664514
     0.088726    -1.666306
     0.090400    -1.668118
     0.092074    -1.669953
     0.093748    -1.671808
     0.095422    -1.673686
     0.097096    -1.675584
     0.098770    -1.677504
     0.100444    -1.679444
     0.102118    -1.681406
     0.103792    -1.683388
     0.105466    -1.685391
     0.107140    -1.687414
     0.108814    -1.689458
     0.110488    -1.691522
     0.112163    -1.693606
     0.113837    -1.695710
     0.115511    -1.697834
     0.117185    -1.699978
     0.118859    -1.702142
     0.120533    -1.704325
     0.122207    -1.706527
     0.123881    -1.708749
     0.125555    -1.710989
     0.127229    -1.713249
     0.128903    -1.715527
     0.130577    -1.717824
     0.132251    -1.720139
     0.133925    -1.722472
     0.135599    -1.724824
     0.137274    -1.727194
     0.138948    -1.729581
     0.140622    -1.731987
     0.142296    -1.734410
     0.143970    -1.736850
     0.145644    -1.739307
     0.147318    -1.741782
     0.148992    -1.744273
     0.150666    -1.746782
     0.152340    -1.749307
     0.154014    -1.751848
     0.155688    -1.754406
     0.157362    -1.756980
     0.159036    -1.759570
     0.160710    -1.762176
     0.162385    -1.764798
     0.164059    -1.767435
     0.165733    -1.770088
     0.167407    -1.772755


    -0.167407    -1.763990
    -0.165733    -1.761103
    -0.164059    -1.758239
    -0.162385    -1.755399
    -0.160710    -1.752583
    -0.159036    -1.749790
    -0.157362    -1.747022
    -0.155688    -1.744277
    -0.154014    -1.741558
    -0.152340    -1.738862
    -0.150666    -1.736191
    -0.148992    -1.733545
    -0.147318    -1.730923
    -0.145644    -1.728326
    -0.143970    -1.725754
    -0.142296    -1.723207
    -0.140622    -1.720686
    -0.138948    -1.718189
    -0.137274    -1.715718
    -0.135599    -1.713273
    -0.133925    -1.710853
    -0.132251    -1.708459
    -0.130577    -1.706090
    -0.128903    -1.703747
    -0.127229    -1.701431
    -0.125555    -1.699140
    -0.123881    -1.696876
    -0.122207    -1.694637
    -0.120533    -1.692425
    -0.118859    -1.690240
    -0.117185    -1.688081
    -0.115511    -1.685948
    -0.113837    -1.683842
    -0.112163    -1.681763
    -0.110488    -1.679710
    -0.108814    -1.677685
    -0.107140    -1.675686
    -0.105466    -1.673715
    -0.103792    -1.671770
    -0.102118    -1.669853
    -0.100444    -1.667962
    -0.098770    -1.666099
    -0.097096    -1.664264
    -0.095422    -1.662455
    -0.093748    -1.660674
    -0.092074    -1.658921
    -0.090400    -1.657195
    -0.088726    -1.655496
    -0.087051    -1.653825
    -0.085377    -1.652182
    -0.083703    -1.650567
    -0.082029    -1.648979
    -0.080355    -1.647419
    -0.078681    -1.645887
    -0.077007    -1.644382
    -0.075333    -1.642906
    -0.073659    -1.641458
    -0.071985    -1.640037
    -0.070311    -1.638645
    -0.068637    -1.637281
    -0.066963    -1.635946
    -0.065289    -1.634638
    -0.063615    -1.633359
    -0.061940    -1.632109
    -0.060266    -1.630888
    -0.058592    -1.629695
    -0.056918    -1.628531
    -0.055244    -1.627396
    -0.053570    -1.626291
    -0.051896    -1.625216
    -0.050222    -1.624170
    -0.048548    -1.623154
    -0.046874    -1.622169
    -0.045200    -1.621214
    -0.043526    -1.620291
    -0.041852    -1.619399
    -0.040178    -1.618538
    -0.038504    -1.617711
    -0.036829    -1.616915
    -0.035155    -1.616154
    -0.033481    -1.615426
    -0.031807    -1.614732
    -0.030133    -1.614074
    -0.028459    -1.613451
    -0.026785    -1.612865
    -0.025111    -1.612316
    -0.023437    -1.611804
    -0.021763    -1.611330
    -0.020089    -1.610896
    -0.018415    -1.610501
    -0.016741    -1.610147
    -0.015067    -1.609834
    -0.013393    -1.609562
    -0.011718    -1.609333
    -0.010044    -1.609147
    -0.008370    -1.609005
    -0.006696    -1.608906
    -0.005022    -1.608852
    -0.003348    -1.608842
    -0.001674    -1.608878
     0.000000    -1.608953
     0.001674    -1.608874
     0.003348    -1.608838
     0.005022    -1.608847
     0.006696    -1.608901
     0.008370    -1.608999
     0.010044    -1.609142
     0.011718    -1.609327
     0.013393    -1.609556
     0.015067    -1.609827
     0.016741    -1.610140
     0.018415    -1.610494
     0.020089    -1.610888
     0.021763    -1.611322
     0.023437    -1.611795
     0.025111    -1.612307
     0.026785    -1.612856
     0.028459    -1.613442
     0.030133    -1.614064
     0.031807    -1.614722
     0.033481    -1.615415
     0.035155    -1.616142
     0.036829    -1.616904
     0.038504    -1.617698
     0.040178    -1.618526
     0.041852    -1.619386
     0.043526    -1.620277
     0.045200    -1.621201
     0.046874    -1.622155
     0.048548    -1.623140
     0.050222    -1.624155
     0.051896    -1.625201
     0.053570    -1.626276
     0.055244    -1.627381
     0.056918    -1.628515
     0.058592    -1.629679
     0.060266    -1.630871
     0.061940    -1.632093
     0.063615    -1.633343
     0.065289    -1.634622
     0.066963    -1.635929
     0.068637    -1.637264
     0.070311    -1.638628
     0.071985    -1.640020
     0.073659    -1.641440
     0.075333    -1.642889
     0.077007    -1.644365
     0.078681    -1.645869
     0.080355    -1.647401
     0.082029    -1.648961
     0.083703    -1.650549
     0.085377    -1.652165
     0.087051    -1.653808
     0.088726    -1.655479
     0.090400    -1.657177
     0.092074    -1.658903
     0.093748    -1.660657
     0.095422    -1.662438
     0.097096    -1.664246
     0.098770    -1.666082
     0.100444    -1.667946
     0.102118    -1.669836
     0.103792    -1.671754
     0.105466    -1.673698
     0.107140    -1.675670
     0.108814    -1.677669
     0.110488    -1.679695
     0.112163    -1.681747
     0.113837    -1.683827
     0.115511    -1.685933
     0.117185    -1.688066
     0.118859    -1.690225
     0.120533    -1.692411
     0.122207    -1.694623
     0.123881    -1.696862
     0.125555    -1.699127
     0.127229    -1.701418
     0.128903    -1.703735
     0.130577    -1.706077
     0.132251    -1.708446
     0.133925    -1.710841
     0.135599    -1.713261
     0.137274    -1.715707
     0.138948    -1.718178
     0.140622    -1.720675
     0.142296    -1.723197
     0.143970    -1.725744
     0.145644    -1.728317
     0.147318    -1.730914
     0.148992    -1.733536
     0.150666    -1.736183
     0.152340    -1.738854
     0.154014    -1.741550
     0.155688    -1.744270
     0.157362    -1.747015
     0.159036    -1.749784
     0.160710    -1.752576
     0.162385    -1.755393
     0.164059    -1.758234
     0.165733    -1.761098
     0.167407    -1.763986


    -0.167407    -1.356359
    -0.165733    -1.350044
    -0.164059    -1.343679
    -0.162385    -1.337265
    -0.160710    -1.330802
    -0.159036    -1.324289
    -0.157362    -1.317727
    -0.155688    -1.311115
    -0.154014    -1.304455
    -0.152340    -1.297744
    -0.150666    -1.290985
    -0.148992    -1.284177
    -0.147318    -1.277321
    -0.145644    -1.270416
    -0.143970    -1.263463
    -0.142296    -1.256463
    -0.140622    -1.249415
    -0.138948    -1.242321
    -0.137274    -1.235181
    -0.135599    -1.227996
    -0.133925    -1.220767
    -0.132251    -1.213495
    -0.130577    -1.206182
    -0.128903    -1.198832
    -0.127229    -1.191459
    -0.125555    -1.184164
    -0.123881    -1.177197
    -0.122207    -1.170325
    -0.120533    -1.163430
    -0.118859    -1.156496
    -0.117185    -1.149522
    -0.115511    -1.142504
    -0.113837    -1.135444
    -0.112163    -1.128341
    -0.110488    -1.121196
    -0.108814    -1.114008
    -0.107140    -1.106780
    -0.105466    -1.099510
    -0.103792    -1.092201
    -0.102118    -1.084852
    -0.100444    -1.077465
    -0.098770    -1.070042
    -0.097096    -1.062583
    -0.095422    -1.055090
    -0.093748    -1.047565
    -0.092074    -1.040008
    -0.090400    -1.032423
    -0.088726    -1.024811
    -0.087051    -1.017174
    -0.085377    -1.009515
    -0.083703    -1.001835
    -0.082029    -0.994139
    -0.080355    -0.986428
    -0.078681    -0.978707
    -0.077007    -0.970977
    -0.075333    -0.963244
    -0.073659    -0.955509
    -0.071985    -0.947779
    -0.070311    -0.940056
    -0.068637    -0.932345
    -0.066963    -0.924651
    -0.065289    -0.916980
    -0.063615    -0.909335
    -0.061940    -0.901724
    -0.060266    -0.894152
    -0.058592    -0.886625
    -0.056918    -0.879150
    -0.055244    -0.871734
    -0.053570    -0.864384
    -0.051896    -0.857107
    -0.050222    -0.849913
    -0.048548    -0.842809
    -0.046874    -0.835803
    -0.045200    -0.828906
    -0.043526    -0.822127
    -0.041852    -0.815476
    -0.040178    -0.808962
    -0.038504    -0.802597
    -0.036829    -0.796392
    -0.035155    -0.790357
    -0.033481    -0.784504
    -0.031807    -0.778845
    -0.030133    -0.773392
    -0.028459    -0.768155
    -0.026785    -0.763147
    -0.025111    -0.758380
    -0.023437    -0.753864
    -0.021763    -0.749611
    -0.020089    -0.745631
    -0.018415    -0.741935
    -0.016741    -0.738532
    -0.015067    -0.735430
    -0.013393    -0.732638
    -0.011718    -0.730161
    -0.010044    -0.728007
    -0.008370    -0.726179
    -0.006696    -0.724681
    -0.005022    -0.723516
    -0.003348    -0.722683
    -0.001674    -0.722183
     0.000000    -0.722016
     0.001674    -0.722180
     0.003348    -0.722674
     0.005022    -0.723501
     0.006696    -0.724664
     0.008370    -0.726162
     0.010044    -0.727990
     0.011718    -0.730144
     0.013393    -0.732621
     0.015067    -0.735413
     0.016741    -0.738515
     0.018415    -0.741918
     0.020089    -0.745614
     0.021763    -0.749594
     0.023437    -0.753847
     0.025111    -0.758363
     0.026785    -0.763130
     0.028459    -0.768138
     0.030133    -0.773375
     0.031807    -0.778829
     0.033481    -0.784488
     0.035155    -0.790341
     0.036829    -0.796376
     0.038504    -0.802582
     0.040178    -0.808948
     0.041852    -0.815461
     0.043526    -0.822113
     0.045200    -0.828893
     0.046874    -0.835790
     0.048548    -0.842796
     0.050222    -0.849901
     0.051896    -0.857095
     0.053570    -0.864372
     0.055244    -0.871723
     0.056918    -0.879140
     0.058592    -0.886615
     0.060266    -0.894142
     0.061940    -0.901715
     0.063615    -0.909327
     0.065289    -0.916971
     0.066963    -0.924643
     0.068637    -0.932338
     0.070311    -0.940049
     0.071985    -0.947772
     0.073659    -0.955503
     0.075333    -0.963238
     0.077007    -0.970972
     0.078681    -0.978702
     0.080355    -0.986424
     0.082029    -0.994135
     0.083703    -1.001831
     0.085377    -1.009511
     0.087051    -1.017171
     0.088726    -1.024808
     0.090400    -1.032420
     0.092074    -1.040006
     0.093748    -1.047563
     0.095422    -1.055088
     0.097096    -1.062582
     0.098770    -1.070041
     0.100444    -1.077464
     0.102118    -1.084851
     0.103792    -1.092200
     0.105466    -1.099509
     0.107140    -1.106779
     0.108814    -1.114008
     0.110488    -1.121195
     0.112163    -1.128340
     0.113837    -1.135443
     0.115511    -1.142503
     0.117185    -1.149520
     0.118859    -1.156495
     0.120533    -1.163427
     0.122207    -1.170321
     0.123881    -1.177190
     0.125555    -1.184147
     0.127229    -1.191443
     0.128903    -1.198817
     0.130577    -1.206168
     0.132251    -1.213481
     0.133925    -1.220753
     0.135599    -1.227982
     0.137274    -1.235167
     0.138948    -1.242306
     0.140622    -1.249400
     0.142296    -1.256447
     0.143970    -1.263447
     0.145644    -1.270399
     0.147318    -1.277303
     0.148992    -1.284160
     0.150666    -1.290967
     0.152340    -1.297726
     0.154014    -1.304435
     0.155688    -1.311096
     0.157362    -1.317707
     0.159036    -1.324269
     0.160710    -1.330781
     0.162385    -1.337244
     0.164059    -1.343657
     0.165733    -1.350021
     0.167407    -1.356336


    -0.167407    -1.340264
    -0.165733    -1.334464
    -0.164059    -1.328630
    -0.162385    -1.322762
    -0.160710    -1.316859
    -0.159036    -1.310921
    -0.157362    -1.304946
    -0.155688    -1.298935
    -0.154014    -1.292887
    -0.152340    -1.286800
    -0.150666    -1.280676
    -0.148992    -1.274513
    -0.147318    -1.268311
    -0.145644    -1.262069
    -0.143970    -1.255787
    -0.142296    -1.249464
    -0.140622    -1.243099
    -0.138948    -1.236693
    -0.137274    -1.230244
    -0.135599    -1.223753
    -0.133925    -1.217218
    -0.132251    -1.210639
    -0.130577    -1.204014
    -0.128903    -1.197341
    -0.127229    -1.190604
    -0.125555    -1.183705
    -0.123881    -1.176395
    -0.122207    -1.168907
    -0.120533    -1.161361
    -0.118859    -1.153773
    -0.117185    -1.146149
    -0.115511    -1.138490
    -0.113837    -1.130800
    -0.112163    -1.123079
    -0.110488    -1.115331
    -0.108814    -1.107556
    -0.107140    -1.099757
    -0.105466    -1.091935
    -0.103792    -1.084094
    -0.102118    -1.076235
    -0.100444    -1.068361
    -0.098770    -1.060473
    -0.097096    -1.052575
    -0.095422    -1.044668
    -0.093748    -1.036757
    -0.092074    -1.028842
    -0.090400    -1.020928
    -0.088726    -1.013017
    -0.087051    -1.005113
    -0.085377    -0.997218
    -0.083703    -0.989336
    -0.082029    -0.981470
    -0.080355    -0.973623
    -0.078681    -0.965800
    -0.077007    -0.958004
    -0.075333    -0.950239
    -0.073659    -0.942509
    -0.071985    -0.934817
    -0.070311    -0.927168
    -0.068637    -0.919567
    -0.066963    -0.912017
    -0.065289    -0.904523
    -0.063615    -0.897091
    -0.061940    -0.889724
    -0.060266    -0.882428
    -0.058592    -0.875208
    -0.056918    -0.868069
    -0.055244    -0.861016
    -0.053570    -0.854056
    -0.051896    -0.847193
    -0.050222    -0.840434
    -0.048548    -0.833785
    -0.046874    -0.827251
    -0.045200    -0.820841
    -0.043526    -0.814559
    -0.041852    -0.808413
    -0.040178    -0.802410
    -0.038504    -0.796557
    -0.036829    -0.790862
    -0.035155    -0.785332
    -0.033481    -0.779974
    -0.031807    -0.774797
    -0.030133    -0.769809
    -0.028459    -0.765018
    -0.026785    -0.760433
    -0.025111    -0.756062
    -0.023437    -0.751914
    -0.021763    -0.747998
    -0.020089    -0.744322
    -0.018415    -0.740895
    -0.016741    -0.737727
    -0.015067    -0.734825
    -0.013393    -0.732199
    -0.011718    -0.729856
    -0.010044    -0.727804
    -0.008370    -0.726051
    -0.006696    -0.724604
    -0.005022    -0.723470
    -0.003348    -0.722654
    -0.001674    -0.722163
     0.000000    -0.722000
     0.001674    -0.722166
     0.003348    -0.722662
     0.005022    -0.723483
     0.006696    -0.724618
     0.008370    -0.726064
     0.010044    -0.727817
     0.011718    -0.729868
     0.013393    -0.732210
     0.015067    -0.734836
     0.016741    -0.737737
     0.018415    -0.740905
     0.020089    -0.744332
     0.021763    -0.748007
     0.023437    -0.751923
     0.025111    -0.756071
     0.026785    -0.760441
     0.028459    -0.765026
     0.030133    -0.769817
     0.031807    -0.774804
     0.033481    -0.779981
     0.035155    -0.785338
     0.036829    -0.790868
     0.038504    -0.796563
     0.040178    -0.802416
     0.041852    -0.808419
     0.043526    -0.814564
     0.045200    -0.820846
     0.046874    -0.827256
     0.048548    -0.833789
     0.050222    -0.840438
     0.051896    -0.847197
     0.053570    -0.854060
     0.055244    -0.861020
     0.056918    -0.868072
     0.058592    -0.875211
     0.060266    -0.882431
     0.061940    -0.889727
     0.063615    -0.897094
     0.065289    -0.904526
     0.066963    -0.912019
     0.068637    -0.919569
     0.070311    -0.927170
     0.071985    -0.934819
     0.073659    -0.942510
     0.075333    -0.950241
     0.077007    -0.958006
     0.078681    -0.965801
     0.080355    -0.973624
     0.082029    -0.981470
     0.083703    -0.989336
     0.085377    -0.997218
     0.087051    -1.005113
     0.088726    -1.013017
     0.090400    -1.020927
     0.092074    -1.028841
     0.093748    -1.036755
     0.095422    -1.044666
     0.097096    -1.052572
     0.098770    -1.060470
     0.100444    -1.068358
     0.102118    -1.076232
     0.103792    -1.084091
     0.105466    -1.091932
     0.107140    -1.099752
     0.108814    -1.107551
     0.110488    -1.115326
     0.112163    -1.123074
     0.113837    -1.130794
     0.115511    -1.138484
     0.117185    -1.146143
     0.118859    -1.153767
     0.120533    -1.161355
     0.122207    -1.168902
     0.123881    -1.176393
     0.125555    -1.183713
     0.127229    -1.190610
     0.128903    -1.197344
     0.130577    -1.204017
     0.132251    -1.210641
     0.133925    -1.217220
     0.135599    -1.223755
     0.137274    -1.230246
     0.138948    -1.236694
     0.140622    -1.243100
     0.142296    -1.249464
     0.143970    -1.255787
     0.145644    -1.262069
     0.147318    -1.268311
     0.148992    -1.274513
     0.150666    -1.280676
     0.152340    -1.286800
     0.154014    -1.292886
     0.155688    -1.298934
     0.157362    -1.304945
     0.159036    -1.310919
     0.160710    -1.316858
     0.162385    -1.322761
     0.164059    -1.328629
     0.165733    -1.334462
     0.167407    -1.340261


    -0.167407    -0.507278
    -0.165733    -0.502299
    -0.164059    -0.497363
    -0.162385    -0.492471
    -0.160710    -0.487623
    -0.159036    -0.482820
    -0.157362    -0.478063
    -0.155688    -0.473354
    -0.154014    -0.468693
    -0.152340    -0.464080
    -0.150666    -0.459518
    -0.148992    -0.455007
    -0.147318    -0.450547
    -0.145644    -0.446140
    -0.143970    -0.441787
    -0.142296    -0.437488
    -0.140622    -0.433245
    -0.138948    -0.429058
    -0.137274    -0.424929
    -0.135599    -0.420858
    -0.133925    -0.416846
    -0.132251    -0.412895
    -0.130577    -0.409004
    -0.128903    -0.405175
    -0.127229    -0.401409
    -0.125555    -0.397707
    -0.123881    -0.394068
    -0.122207    -0.390495
    -0.120533    -0.386988
    -0.118859    -0.383548
    -0.117185    -0.380174
    -0.115511    -0.376869
    -0.113837    -0.373633
    -0.112163    -0.370466
    -0.110488    -0.367368
    -0.108814    -0.364341
    -0.107140    -0.361385
    -0.105466    -0.358500
    -0.103792    -0.355687
    -0.102118    -0.352945
    -0.100444    -0.350276
    -0.098770    -0.347678
    -0.097096    -0.345153
    -0.095422    -0.342700
    -0.093748    -0.340319
    -0.092074    -0.338010
    -0.090400    -0.335773
    -0.088726    -0.333606
    -0.087051    -0.331510
    -0.085377    -0.329484
    -0.083703    -0.327527
    -0.082029    -0.325637
    -0.080355    -0.323815
    -0.078681    -0.322058
    -0.077007    -0.320365
    -0.075333    -0.318734
    -0.073659    -0.317163
    -0.071985    -0.315651
    -0.070311    -0.314195
    -0.068637    -0.312792
    -0.066963    -0.311440
    -0.065289    -0.310134
    -0.063615    -0.308873
    -0.061940    -0.307652
    -0.060266    -0.306468
    -0.058592    -0.305315
    -0.056918    -0.304189
    -0.055244    -0.303086
    -0.053570    -0.301999
    -0.051896    -0.300922
    -0.050222    -0.299851
    -0.048548    -0.298777
    -0.046874    -0.297694
    -0.045200    -0.296595
    -0.043526    -0.295471
    -0.041852    -0.294314
    -0.040178    -0.293115
    -0.038504    -0.291866
    -0.036829    -0.290557
    -0.035155    -0.289178
    -0.033481    -0.287719
    -0.031807    -0.286170
    -0.030133    -0.284520
    -0.028459    -0.282758
    -0.026785    -0.280874
    -0.025111    -0.278858
    -0.023437    -0.276699
    -0.021763    -0.274386
    -0.020089    -0.271910
    -0.018415    -0.269262
    -0.016741    -0.266432
    -0.015067    -0.263413
    -0.013393    -0.260197
    -0.011718    -0.256779
    -0.010044    -0.253151
    -0.008370    -0.249310
    -0.006696    -0.245253
    -0.005022    -0.240977
    -0.003348    -0.236482
    -0.001674    -0.231766
     0.000000    -0.226857
     0.001674    -0.231792
     0.003348    -0.236509
     0.005022    -0.241005
     0.006696    -0.245282
     0.008370    -0.249340
     0.010044    -0.253181
     0.011718    -0.256809
     0.013393    -0.260229
     0.015067    -0.263445
     0.016741    -0.266464
     0.018415    -0.269294
     0.020089    -0.271943
     0.021763    -0.274419
     0.023437    -0.276732
     0.025111    -0.278892
     0.026785    -0.280908
     0.028459    -0.282792
     0.030133    -0.284553
     0.031807    -0.286203
     0.033481    -0.287753
     0.035155    -0.289212
     0.036829    -0.290591
     0.038504    -0.291899
     0.040178    -0.293148
     0.041852    -0.294346
     0.043526    -0.295503
     0.045200    -0.296627
     0.046874    -0.297726
     0.048548    -0.298808
     0.050222    -0.299882
     0.051896    -0.300953
     0.053570    -0.302029
     0.055244    -0.303115
     0.056918    -0.304218
     0.058592    -0.305343
     0.060266    -0.306496
     0.061940    -0.307680
     0.063615    -0.308900
     0.065289    -0.310161
     0.066963    -0.311465
     0.068637    -0.312817
     0.070311    -0.314220
     0.071985    -0.315675
     0.073659    -0.317187
     0.075333    -0.318757
     0.077007    -0.320387
     0.078681    -0.322080
     0.080355    -0.323836
     0.082029    -0.325658
     0.083703    -0.327547
     0.085377    -0.329504
     0.087051    -0.331530
     0.088726    -0.333625
     0.090400    -0.335791
     0.092074    -0.338028
     0.093748    -0.340337
     0.095422    -0.342717
     0.097096    -0.345169
     0.098770    -0.347694
     0.100444    -0.350291
     0.102118    -0.352960
     0.103792    -0.355701
     0.105466    -0.358514
     0.107140    -0.361399
     0.108814    -0.364354
     0.110488    -0.367381
     0.112163    -0.370478
     0.113837    -0.373645
     0.115511    -0.376881
     0.117185    -0.380185
     0.118859    -0.383558
     0.120533    -0.386998
     0.122207    -0.390505
     0.123881    -0.394078
     0.125555    -0.397716
     0.127229    -0.401418
     0.128903    -0.405184
     0.130577    -0.409013
     0.132251    -0.412903
     0.133925    -0.416855
     0.135599    -0.420866
     0.137274    -0.424937
     0.138948    -0.429066
     0.140622    -0.433252
     0.142296    -0.437495
     0.143970    -0.441794
     0.145644    -0.446147
     0.147318    -0.450554
     0.148992    -0.455013
     0.150666    -0.459525
     0.152340    -0.464087
     0.154014    -0.468699
     0.155688    -0.473360
     0.157362    -0.478070
     0.159036    -0.482826
     0.160710    -0.487629
     0.162385    -0.492477
     0.164059    -0.497369
     0.165733    -0.502305
     0.167407    -0.507284


    -0.167407    -0.473414
    -0.165733    -0.466687
    -0.164059    -0.459962
    -0.162385    -0.453240
    -0.160710    -0.446521
    -0.159036    -0.439804
    -0.157362    -0.433090
    -0.155688    -0.426379
    -0.154014    -0.419671
    -0.152340    -0.412966
    -0.150666    -0.406264
    -0.148992    -0.399566
    -0.147318    -0.392870
    -0.145644    -0.386179
    -0.143970    -0.379490
    -0.142296    -0.372805
    -0.140622    -0.366124
    -0.138948    -0.359446
    -0.137274    -0.352772
    -0.135599    -0.346101
    -0.133925    -0.339435
    -0.132251    -0.332772
    -0.130577    -0.326113
    -0.128903    -0.319458
    -0.127229    -0.312807
    -0.125555    -0.306160
    -0.123881    -0.299517
    -0.122207    -0.292878
    -0.120533    -0.286243
    -0.118859    -0.279612
    -0.117185    -0.272985
    -0.115511    -0.266363
    -0.113837    -0.259745
    -0.112163    -0.253131
    -0.110488    -0.246521
    -0.108814    -0.239916
    -0.107140    -0.233315
    -0.105466    -0.226719
    -0.103792    -0.220127
    -0.102118    -0.213541
    -0.100444    -0.206959
    -0.098770    -0.200383
    -0.097096    -0.193813
    -0.095422    -0.187248
    -0.093748    -0.180690
    -0.092074    -0.174138
    -0.090400    -0.167594
    -0.088726    -0.161058
    -0.087051    -0.154531
    -0.085377    -0.148014
    -0.083703    -0.141509
    -0.082029    -0.135018
    -0.080355    -0.128541
    -0.078681    -0.122083
    -0.077007    -0.115646
    -0.075333    -0.109234
    -0.073659    -0.102854
    -0.071985    -0.096510
    -0.070311    -0.090214
    -0.068637    -0.083975
    -0.066963    -0.077810
    -0.065289    -0.071739
    -0.063615    -0.065791
    -0.061940    -0.060008
    -0.060266    -0.054446
    -0.058592    -0.049189
    -0.056918    -0.044361
    -0.055244    -0.040140
    -0.053570    -0.036780
    -0.051896    -0.034610
    -0.050222    -0.033976
    -0.048548    -0.035118
    -0.046874    -0.038025
    -0.045200    -0.042442
    -0.043526    -0.048008
    -0.041852    -0.054382
    -0.040178    -0.061304
    -0.038504    -0.068587
    -0.036829    -0.076103
    -0.035155    -0.083760
    -0.033481    -0.091494
    -0.031807    -0.099259
    -0.030133    -0.107019
    -0.028459    -0.114746
    -0.026785    -0.122418
    -0.025111    -0.130014
    -0.023437    -0.137521
    -0.021763    -0.144923
    -0.020089    -0.152206
    -0.018415    -0.159361
    -0.016741    -0.166375
    -0.015067    -0.173238
    -0.013393    -0.179942
    -0.011718    -0.186476
    -0.010044    -0.192833
    -0.008370    -0.199005
    -0.006696    -0.204984
    -0.005022    -0.210764
    -0.003348    -0.216339
    -0.001674    -0.221705
     0.000000    -0.226831
     0.001674    -0.221680
     0.003348    -0.216315
     0.005022    -0.210741
     0.006696    -0.204961
     0.008370    -0.198983
     0.010044    -0.192812
     0.011718    -0.186456
     0.013393    -0.179923
     0.015067    -0.173220
     0.016741    -0.166358
     0.018415    -0.159344
     0.020089    -0.152191
     0.021763    -0.144907
     0.023437    -0.137506
     0.025111    -0.130001
     0.026785    -0.122404
     0.028459    -0.114733
     0.030133    -0.107007
     0.031807    -0.099247
     0.033481    -0.091482
     0.035155    -0.083748
     0.036829    -0.076091
     0.038504    -0.068575
     0.040178    -0.061291
     0.041852    -0.054369
     0.043526    -0.047993
     0.045200    -0.042427
     0.046874    -0.038008
     0.048548    -0.035100
     0.050222    -0.033957
     0.051896    -0.034590
     0.053570    -0.036761
     0.055244    -0.040121
     0.056918    -0.044343
     0.058592    -0.049171
     0.060266    -0.054428
     0.061940    -0.059991
     0.063615    -0.065775
     0.065289    -0.071722
     0.066963    -0.077793
     0.068637    -0.083959
     0.070311    -0.090198
     0.071985    -0.096495
     0.073659    -0.102838
     0.075333    -0.109219
     0.077007    -0.115631
     0.078681    -0.122068
     0.080355    -0.128527
     0.082029    -0.135003
     0.083703    -0.141495
     0.085377    -0.148001
     0.087051    -0.154518
     0.088726    -0.161045
     0.090400    -0.167581
     0.092074    -0.174125
     0.093748    -0.180677
     0.095422    -0.187236
     0.097096    -0.193801
     0.098770    -0.200372
     0.100444    -0.206949
     0.102118    -0.213530
     0.103792    -0.220117
     0.105466    -0.226709
     0.107140    -0.233306
     0.108814    -0.239907
     0.110488    -0.246513
     0.112163    -0.253123
     0.113837    -0.259737
     0.115511    -0.266356
     0.117185    -0.272979
     0.118859    -0.279606
     0.120533    -0.286237
     0.122207    -0.292873
     0.123881    -0.299512
     0.125555    -0.306156
     0.127229    -0.312804
     0.128903    -0.319455
     0.130577    -0.326111
     0.132251    -0.332770
     0.133925    -0.339434
     0.135599    -0.346101
     0.137274    -0.352772
     0.138948    -0.359446
     0.140622    -0.366125
     0.142296    -0.372807
     0.143970    -0.379492
     0.145644    -0.386181
     0.147318    -0.392874
     0.148992    -0.399570
     0.150666    -0.406269
     0.152340    -0.412971
     0.154014    -0.419677
     0.155688    -0.426385
     0.157362    -0.433097
     0.159036    -0.439811
     0.160710    -0.446529
     0.162385    -0.453248
     0.164059    -0.459971
     0.165733    -0.466696
     0.167407    -0.473423


    -0.167407     0.663841
    -0.165733     0.655036
    -0.164059     0.646204
    -0.162385     0.637345
    -0.160710     0.628460
    -0.159036     0.619549
    -0.157362     0.610612
    -0.155688     0.601649
    -0.154014     0.592661
    -0.152340     0.583648
    -0.150666     0.574611
    -0.148992     0.565548
    -0.147318     0.556462
    -0.145644     0.547352
    -0.143970     0.538218
    -0.142296     0.529061
    -0.140622     0.519882
    -0.138948     0.510680
    -0.137274     0.501457
    -0.135599     0.492212
    -0.133925     0.482946
    -0.132251     0.473659
    -0.130577     0.464352
    -0.128903     0.455026
    -0.127229     0.445680
    -0.125555     0.436316
    -0.123881     0.426935
    -0.122207     0.417535
    -0.120533     0.408120
    -0.118859     0.398688
    -0.117185     0.389241
    -0.115511     0.379779
    -0.113837     0.370304
    -0.112163     0.360815
    -0.110488     0.351315
    -0.108814     0.341803
    -0.107140     0.332281
    -0.105466     0.322751
    -0.103792     0.313212
    -0.102118     0.303666
    -0.100444     0.294115
    -0.098770     0.284559
    -0.097096     0.275001
    -0.095422     0.265442
    -0.093748     0.255883
    -0.092074     0.246326
    -0.090400     0.236774
    -0.088726     0.227229
    -0.087051     0.217693
    -0.085377     0.208169
    -0.083703     0.198660
    -0.082029     0.189169
    -0.080355     0.179700
    -0.078681     0.170259
    -0.077007     0.160850
    -0.075333     0.151480
    -0.073659     0.142155
    -0.071985     0.132886
    -0.070311     0.123684
    -0.068637     0.114562
    -0.066963     0.105539
    -0.065289     0.096638
    -0.063615     0.087892
    -0.061940     0.079343
    -0.060266     0.071054
    -0.058592     0.063110
    -0.056918     0.055638
    -0.055244     0.048821
    -0.053570     0.042916
    -0.051896     0.038255
    -0.050222     0.035191
    -0.048548     0.033965
    -0.046874     0.034573
    -0.045200     0.036763
    -0.043526     0.040178
    -0.041852     0.044485
    -0.040178     0.049427
    -0.038504     0.054823
    -0.036829     0.060550
    -0.035155     0.066523
    -0.033481     0.072685
    -0.031807     0.078993
    -0.030133     0.085420
    -0.028459     0.091943
    -0.026785     0.098547
    -0.025111     0.105221
    -0.023437     0.111955
    -0.021763     0.118742
    -0.020089     0.125576
    -0.018415     0.132453
    -0.016741     0.139369
    -0.015067     0.146322
    -0.013393     0.153309
    -0.011718     0.160327
    -0.010044     0.167375
    -0.008370     0.174451
    -0.006696     0.181553
    -0.005022     0.188681
    -0.003348     0.195833
    -0.001674     0.203007
     0.000000     0.210194
     0.001674     0.203002
     0.003348     0.195827
     0.005022     0.188676
     0.006696     0.181549
     0.008370     0.174447
     0.010044     0.167371
     0.011718     0.160324
     0.013393     0.153306
     0.015067     0.146320
     0.016741     0.139368
     0.018415     0.132451
     0.020089     0.125575
     0.021763     0.118741
     0.023437     0.111954
     0.025111     0.105221
     0.026785     0.098547
     0.028459     0.091943
     0.030133     0.085420
     0.031807     0.078993
     0.033481     0.072685
     0.035155     0.066524
     0.036829     0.060550
     0.038504     0.054823
     0.040178     0.049426
     0.041852     0.044483
     0.043526     0.040175
     0.045200     0.036758
     0.046874     0.034566
     0.048548     0.033957
     0.050222     0.035182
     0.051896     0.038245
     0.053570     0.042906
     0.055244     0.048811
     0.056918     0.055629
     0.058592     0.063101
     0.060266     0.071045
     0.061940     0.079335
     0.063615     0.087884
     0.065289     0.096630
     0.066963     0.105531
     0.068637     0.114554
     0.070311     0.123676
     0.071985     0.132879
     0.073659     0.142148
     0.075333     0.151472
     0.077007     0.160843
     0.078681     0.170252
     0.080355     0.179693
     0.082029     0.189161
     0.083703     0.198652
     0.085377     0.208162
     0.087051     0.217686
     0.088726     0.227222
     0.090400     0.236768
     0.092074     0.246320
     0.093748     0.255876
     0.095422     0.265435
     0.097096     0.274995
     0.098770     0.284553
     0.100444     0.294109
     0.102118     0.303660
     0.103792     0.313206
     0.105466     0.322745
     0.107140     0.332276
     0.108814     0.341798
     0.110488     0.351310
     0.112163     0.360811
     0.113837     0.370300
     0.115511     0.379775
     0.117185     0.389237
     0.118859     0.398685
     0.120533     0.408117
     0.122207     0.417533
     0.123881     0.426933
     0.125555     0.436315
     0.127229     0.445679
     0.128903     0.455025
     0.130577     0.464352
     0.132251     0.473659
     0.133925     0.482946
     0.135599     0.492212
     0.137274     0.501458
     0.138948     0.510682
     0.140622     0.519884
     0.142296     0.529064
     0.143970     0.538221
     0.145644     0.547355
     0.147318     0.556465
     0.148992     0.565552
     0.150666     0.574615
     0.152340     0.583653
     0.154014     0.592666
     0.155688     0.601655
     0.157362     0.610618
     0.159036     0.619555
     0.160710     0.628467
     0.162385     0.637352
     0.164059     0.646211
     0.165733     0.655044
     0.167407     0.663849


    -0.167407     0.883797
    -0.165733     0.878018
    -0.164059     0.872227
    -0.162385     0.866423
    -0.160710     0.860607
    -0.159036     0.854777
    -0.157362     0.848933
    -0.155688     0.843076
    -0.154014     0.837205
    -0.152340     0.831319
    -0.150666     0.825419
    -0.148992     0.819504
    -0.147318     0.813573
    -0.145644     0.807627
    -0.143970     0.801664
    -0.142296     0.795685
    -0.140622     0.789689
    -0.138948     0.783675
    -0.137274     0.777644
    -0.135599     0.771594
    -0.133925     0.765526
    -0.132251     0.759438
    -0.130577     0.753331
    -0.128903     0.747204
    -0.127229     0.741056
    -0.125555     0.734886
    -0.123881     0.728696
    -0.122207     0.722483
    -0.120533     0.716247
    -0.118859     0.709989
    -0.117185     0.703706
    -0.115511     0.697400
    -0.113837     0.691070
    -0.112163     0.684714
    -0.110488     0.678333
    -0.108814     0.671926
    -0.107140     0.665494
    -0.105466     0.659034
    -0.103792     0.652548
    -0.102118     0.646034
    -0.100444     0.639493
    -0.098770     0.632924
    -0.097096     0.626327
    -0.095422     0.619702
    -0.093748     0.613048
    -0.092074     0.606366
    -0.090400     0.599655
    -0.088726     0.592915
    -0.087051     0.586147
    -0.085377     0.579350
    -0.083703     0.572525
    -0.082029     0.565671
    -0.080355     0.558788
    -0.078681     0.551878
    -0.077007     0.544940
    -0.075333     0.537975
    -0.073659     0.530983
    -0.071985     0.523964
    -0.070311     0.516919
    -0.068637     0.509849
    -0.066963     0.502754
    -0.065289     0.495635
    -0.063615     0.488492
    -0.061940     0.481326
    -0.060266     0.474139
    -0.058592     0.466931
    -0.056918     0.459702
    -0.055244     0.452455
    -0.053570     0.445189
    -0.051896     0.437906
    -0.050222     0.430607
    -0.048548     0.423294
    -0.046874     0.415966
    -0.045200     0.408626
    -0.043526     0.401274
    -0.041852     0.393912
    -0.040178     0.386541
    -0.038504     0.379163
    -0.036829     0.371778
    -0.035155     0.364387
    -0.033481     0.356993
    -0.031807     0.349596
    -0.030133     0.342198
    -0.028459     0.334800
    -0.026785     0.327402
    -0.025111     0.320008
    -0.023437     0.312617
    -0.021763     0.305231
    -0.020089     0.297851
    -0.018415     0.290479
    -0.016741     0.283115
    -0.015067     0.275761
    -0.013393     0.268418
    -0.011718     0.261087
    -0.010044     0.253769
    -0.008370     0.246465
    -0.006696     0.239176
    -0.005022     0.231904
    -0.003348     0.224650
    -0.001674     0.217414
     0.000000     0.210207
     0.001674     0.217420
     0.003348     0.224657
     0.005022     0.231912
     0.006696     0.239184
     0.008370     0.246473
     0.010044     0.253777
     0.011718     0.261095
     0.013393     0.268426
     0.015067     0.275770
     0.016741     0.283124
     0.018415     0.290488
     0.020089     0.297861
     0.021763     0.305241
     0.023437     0.312627
     0.025111     0.320018
     0.026785     0.327413
     0.028459     0.334810
     0.030133     0.342209
     0.031807     0.349607
     0.033481     0.357004
     0.035155     0.364398
     0.036829     0.371789
     0.038504     0.379174
     0.040178     0.386553
     0.041852     0.393924
     0.043526     0.401285
     0.045200     0.408637
     0.046874     0.415977
     0.048548     0.423305
     0.050222     0.430619
     0.051896     0.437917
     0.053570     0.445200
     0.055244     0.452466
     0.056918     0.459713
     0.058592     0.466941
     0.060266     0.474149
     0.061940     0.481337
     0.063615     0.488502
     0.065289     0.495644
     0.066963     0.502763
     0.068637     0.509858
     0.070311     0.516928
     0.071985     0.523973
     0.073659     0.530992
     0.075333     0.537984
     0.077007     0.544949
     0.078681     0.551886
     0.080355     0.558796
     0.082029     0.565678
     0.083703     0.572532
     0.085377     0.579357
     0.087051     0.586154
     0.088726     0.592922
     0.090400     0.599662
     0.092074     0.606372
     0.093748     0.613054
     0.095422     0.619708
     0.097096     0.626333
     0.098770     0.632930
     0.100444     0.639498
     0.102118     0.646039
     0.103792     0.652553
     0.105466     0.659039
     0.107140     0.665498
     0.108814     0.671931
     0.110488     0.678337
     0.112163     0.684718
     0.113837     0.691074
     0.115511     0.697404
     0.117185     0.703710
     0.118859     0.709992
     0.120533     0.716251
     0.122207     0.722486
     0.123881     0.728699
     0.125555     0.734890
     0.127229     0.741059
     0.128903     0.747207
     0.130577     0.753334
     0.132251     0.759441
     0.133925     0.765529
     0.135599     0.771597
     0.137274     0.777647
     0.138948     0.783678
     0.140622     0.789692
     0.142296     0.795688
     0.143970     0.801667
     0.145644     0.807629
     0.147318     0.813576
     0.148992     0.819506
     0.150666     0.825422
     0.152340     0.831322
     0.154014     0.837207
     0.155688     0.843079
     0.157362     0.848936
     0.159036     0.854779
     0.160710     0.860609
     0.162385     0.866426
     0.164059     0.872230
     0.165733     0.878021
     0.167407     0.883799


    -0.167407     1.833985
    -0.165733     1.825988
    -0.164059     1.818006
    -0.162385     1.810040
    -0.160710     1.802094
    -0.159036     1.794168
    -0.157362     1.786265
    -0.155688     1.778386
    -0.154014     1.770534
    -0.152340     1.762711
    -0.150666     1.754919
    -0.148992     1.747160
    -0.147318     1.739437
    -0.145644     1.731750
    -0.143970     1.724104
    -0.142296     1.716500
    -0.140622     1.708940
    -0.138948     1.701427
    -0.137274     1.693963
    -0.135599     1.686551
    -0.133925     1.679193
    -0.132251     1.671891
    -0.130577     1.664649
    -0.128903     1.657468
    -0.127229     1.650351
    -0.125555     1.643300
    -0.123881     1.636319
    -0.122207     1.629410
    -0.120533     1.622574
    -0.118859     1.615816
    -0.117185     1.609137
    -0.115511     1.602540
    -0.113837     1.596027
    -0.112163     1.589602
    -0.110488     1.583266
    -0.108814     1.577022
    -0.107140     1.570873
    -0.105466     1.564821
    -0.103792     1.558869
    -0.102118     1.553018
    -0.100444     1.547271
    -0.098770     1.541632
    -0.097096     1.536101
    -0.095422     1.530681
    -0.093748     1.525374
    -0.092074     1.520183
    -0.090400     1.515109
    -0.088726     1.510154
    -0.087051     1.505321
    -0.085377     1.500611
    -0.083703     1.496026
    -0.082029     1.491568
    -0.080355     1.487238
    -0.078681     1.483038
    -0.077007     1.478969
    -0.075333     1.475033
    -0.073659     1.471231
    -0.071985     1.467564
    -0.070311     1.464033
    -0.068637     1.460640
    -0.066963     1.457384
    -0.065289     1.454268
    -0.063615     1.451291
    -0.061940     1.448454
    -0.060266     1.445758
    -0.058592     1.443203
    -0.056918     1.440790
    -0.055244     1.438518
    -0.053570     1.436388
    -0.051896     1.434400
    -0.050222     1.432554
    -0.048548     1.430849
    -0.046874     1.429285
    -0.045200     1.427863
    -0.043526     1.426580
    -0.041852     1.425438
    -0.040178     1.424435
    -0.038504     1.423571
    -0.036829     1.422845
    -0.035155     1.422255
    -0.033481     1.421802
    -0.031807     1.421484
    -0.030133     1.421300
    -0.028459     1.421249
    -0.026785     1.421329
    -0.025111     1.421540
    -0.023437     1.421881
    -0.021763     1.422349
    -0.020089     1.422943
    -0.018415     1.423662
    -0.016741     1.424505
    -0.015067     1.425469
    -0.013393     1.426554
    -0.011718     1.427758
    -0.010044     1.429078
    -0.008370     1.430514
    -0.006696     1.432064
    -0.005022     1.433725
    -0.003348     1.435497
    -0.001674     1.437377
     0.000000     1.439360
     0.001674     1.437386
     0.003348     1.435506
     0.005022     1.433735
     0.006696     1.432074
     0.008370     1.430525
     0.010044     1.429089
     0.011718     1.427769
     0.013393     1.426566
     0.015067     1.425481
     0.016741     1.424517
     0.018415     1.423674
     0.020089     1.422955
     0.021763     1.422361
     0.023437     1.421894
     0.025111     1.421554
     0.026785     1.421343
     0.028459     1.421263
     0.030133     1.421314
     0.031807     1.421498
     0.033481     1.421817
     0.035155     1.422270
     0.036829     1.422860
     0.038504     1.423586
     0.040178     1.424451
     0.041852     1.425454
     0.043526     1.426597
     0.045200     1.427879
     0.046874     1.429302
     0.048548     1.430866
     0.050222     1.432571
     0.051896     1.434417
     0.053570     1.436406
     0.055244     1.438536
     0.056918     1.440808
     0.058592     1.443221
     0.060266     1.445776
     0.061940     1.448472
     0.063615     1.451309
     0.065289     1.454286
     0.066963     1.457403
     0.068637     1.460658
     0.070311     1.464052
     0.071985     1.467583
     0.073659     1.471250
     0.075333     1.475052
     0.077007     1.478988
     0.078681     1.483057
     0.080355     1.487257
     0.082029     1.491587
     0.083703     1.496045
     0.085377     1.500630
     0.087051     1.505340
     0.088726     1.510173
     0.090400     1.515127
     0.092074     1.520201
     0.093748     1.525392
     0.095422     1.530699
     0.097096     1.536118
     0.098770     1.541649
     0.100444     1.547289
     0.102118     1.553035
     0.103792     1.558885
     0.105466     1.564838
     0.107140     1.570889
     0.108814     1.577038
     0.110488     1.583282
     0.112163     1.589617
     0.113837     1.596042
     0.115511     1.602555
     0.117185     1.609151
     0.118859     1.615830
     0.120533     1.622588
     0.122207     1.629423
     0.123881     1.636332
     0.125555     1.643313
     0.127229     1.650363
     0.128903     1.657479
     0.130577     1.664660
     0.132251     1.671902
     0.133925     1.679203
     0.135599     1.686561
     0.137274     1.693972
     0.138948     1.701436
     0.140622     1.708948
     0.142296     1.716508
     0.143970     1.724111
     0.145644     1.731757
     0.147318     1.739443
     0.148992     1.747166
     0.150666     1.754925
     0.152340     1.762716
     0.154014     1.770539
     0.155688     1.778390
     0.157362     1.786268
     0.159036     1.794171
     0.160710     1.802097
     0.162385     1.810043
     0.164059     1.818008
     0.165733     1.825990
     0.167407     1.833987


    -0.167407     1.942141
    -0.165733     1.935517
    -0.164059     1.928905
    -0.162385     1.922308
    -0.160710     1.915724
    -0.159036     1.909156
    -0.157362     1.902603
    -0.155688     1.896066
    -0.154014     1.889546
    -0.152340     1.883043
    -0.150666     1.876558
    -0.148992     1.870092
    -0.147318     1.863644
    -0.145644     1.857217
    -0.143970     1.850809
    -0.142296     1.844423
    -0.140622     1.838057
    -0.138948     1.831714
    -0.137274     1.825393
    -0.135599     1.819094
    -0.133925     1.812819
    -0.132251     1.806568
    -0.130577     1.800342
    -0.128903     1.794140
    -0.127229     1.787963
    -0.125555     1.781813
    -0.123881     1.775689
    -0.122207     1.769591
    -0.120533     1.763521
    -0.118859     1.757478
    -0.117185     1.751464
    -0.115511     1.745478
    -0.113837     1.739522
    -0.112163     1.733594
    -0.110488     1.727697
    -0.108814     1.721830
    -0.107140     1.715994
    -0.105466     1.710190
    -0.103792     1.704417
    -0.102118     1.698676
    -0.100444     1.692968
    -0.098770     1.687294
    -0.097096     1.681652
    -0.095422     1.676045
    -0.093748     1.670473
    -0.092074     1.664936
    -0.090400     1.659434
    -0.088726     1.653969
    -0.087051     1.648540
    -0.085377     1.643148
    -0.083703     1.637795
    -0.082029     1.632480
    -0.080355     1.627204
    -0.078681     1.621967
    -0.077007     1.616772
    -0.075333     1.611617
    -0.073659     1.606504
    -0.071985     1.601433
    -0.070311     1.596406
    -0.068637     1.591423
    -0.066963     1.586485
    -0.065289     1.581593
    -0.063615     1.576747
    -0.061940     1.571949
    -0.060266     1.567200
    -0.058592     1.562500
    -0.056918     1.557850
    -0.055244     1.553253
    -0.053570     1.548708
    -0.051896     1.544217
    -0.050222     1.539780
    -0.048548     1.535401
    -0.046874     1.531078
    -0.045200     1.526814
    -0.043526     1.522611
    -0.041852     1.518468
    -0.040178     1.514388
    -0.038504     1.510373
    -0.036829     1.506423
    -0.035155     1.502540
    -0.033481     1.498726
    -0.031807     1.494981
    -0.030133     1.491309
    -0.028459     1.487709
    -0.026785     1.484185
    -0.025111     1.480737
    -0.023437     1.477367
    -0.021763     1.474077
    -0.020089     1.470869
    -0.018415     1.467743
    -0.016741     1.464703
    -0.015067     1.461750
    -0.013393     1.458885
    -0.011718     1.456111
    -0.010044     1.453429
    -0.008370     1.450841
    -0.006696     1.448348
    -0.005022     1.445953
    -0.003348     1.443658
    -0.001674     1.441464
     0.000000     1.439376
     0.001674     1.441455
     0.003348     1.443649
     0.005022     1.445945
     0.006696     1.448340
     0.008370     1.450832
     0.010044     1.453421
     0.011718     1.456103
     0.013393     1.458878
     0.015067     1.461743
     0.016741     1.464696
     0.018415     1.467736
     0.020089     1.470862
     0.021763     1.474070
     0.023437     1.477360
     0.025111     1.480730
     0.026785     1.484178
     0.028459     1.487703
     0.030133     1.491302
     0.031807     1.494975
     0.033481     1.498720
     0.035155     1.502534
     0.036829     1.506417
     0.038504     1.510367
     0.040178     1.514383
     0.041852     1.518462
     0.043526     1.522605
     0.045200     1.526809
     0.046874     1.531072
     0.048548     1.535395
     0.050222     1.539775
     0.051896     1.544211
     0.053570     1.548702
     0.055244     1.553247
     0.056918     1.557845
     0.058592     1.562494
     0.060266     1.567194
     0.061940     1.571943
     0.063615     1.576741
     0.065289     1.581587
     0.066963     1.586479
     0.068637     1.591417
     0.070311     1.596400
     0.071985     1.601427
     0.073659     1.606498
     0.075333     1.611611
     0.077007     1.616766
     0.078681     1.621961
     0.080355     1.627198
     0.082029     1.632474
     0.083703     1.637789
     0.085377     1.643142
     0.087051     1.648534
     0.088726     1.653962
     0.090400     1.659428
     0.092074     1.664929
     0.093748     1.670467
     0.095422     1.676039
     0.097096     1.681646
     0.098770     1.687287
     0.100444     1.692962
     0.102118     1.698670
     0.103792     1.704411
     0.105466     1.710183
     0.107140     1.715988
     0.108814     1.721824
     0.110488     1.727691
     0.112163     1.733588
     0.113837     1.739515
     0.115511     1.745472
     0.117185     1.751458
     0.118859     1.757472
     0.120533     1.763515
     0.122207     1.769585
     0.123881     1.775682
     0.125555     1.781807
     0.127229     1.787957
     0.128903     1.794134
     0.130577     1.800335
     0.132251     1.806562
     0.133925     1.812813
     0.135599     1.819088
     0.137274     1.825387
     0.138948     1.831708
     0.140622     1.838051
     0.142296     1.844417
     0.143970     1.850803
     0.145644     1.857211
     0.147318     1.863639
     0.148992     1.870086
     0.150666     1.876552
     0.152340     1.883037
     0.154014     1.889540
     0.155688     1.896060
     0.157362     1.902597
     0.159036     1.909150
     0.160710     1.915719
     0.162385     1.922302
     0.164059     1.928900
     0.165733     1.935511
     0.167407     1.942136


    -0.167407     2.319305
    -0.165733     2.311275
    -0.164059     2.303274
    -0.162385     2.295304
    -0.160710     2.287367
    -0.159036     2.279464
    -0.157362     2.271597
    -0.155688     2.263766
    -0.154014     2.255975
    -0.152340     2.248223
    -0.150666     2.240513
    -0.148992     2.232845
    -0.147318     2.225222
    -0.145644     2.217643
    -0.143970     2.210112
    -0.142296     2.202629
    -0.140622     2.195195
    -0.138948     2.187812
    -0.137274     2.180481
    -0.135599     2.173203
    -0.133925     2.165979
    -0.132251     2.158810
    -0.130577     2.151698
    -0.128903     2.144644
    -0.127229     2.137649
    -0.125555     2.130714
    -0.123881     2.123840
    -0.122207     2.117028
    -0.120533     2.110280
    -0.118859     2.103595
    -0.117185     2.096976
    -0.115511     2.090424
    -0.113837     2.083938
    -0.112163     2.077521
    -0.110488     2.071174
    -0.108814     2.064896
    -0.107140     2.058690
    -0.105466     2.052555
    -0.103792     2.046494
    -0.102118     2.040507
    -0.100444     2.034594
    -0.098770     2.028758
    -0.097096     2.022997
    -0.095422     2.017314
    -0.093748     2.011710
    -0.092074     2.006185
    -0.090400     2.000739
    -0.088726     1.995375
    -0.087051     1.990092
    -0.085377     1.984891
    -0.083703     1.979774
    -0.082029     1.974741
    -0.080355     1.969792
    -0.078681     1.964930
    -0.077007     1.960153
    -0.075333     1.955464
    -0.073659     1.950863
    -0.071985     1.946351
    -0.070311     1.941928
    -0.068637     1.937595
    -0.066963     1.933353
    -0.065289     1.929203
    -0.063615     1.925145
    -0.061940     1.921181
    -0.060266     1.917310
    -0.058592     1.913534
    -0.056918     1.909853
    -0.055244     1.906269
    -0.053570     1.902781
    -0.051896     1.899390
    -0.050222     1.896098
    -0.048548     1.892904
    -0.046874     1.889810
    -0.045200     1.886816
    -0.043526     1.883923
    -0.041852     1.881132
    -0.040178     1.878442
    -0.038504     1.875856
    -0.036829     1.873372
    -0.035155     1.870993
    -0.033481     1.868719
    -0.031807     1.866550
    -0.030133     1.864486
    -0.028459     1.862530
    -0.026785     1.860680
    -0.025111     1.858938
    -0.023437     1.857304
    -0.021763     1.855780
    -0.020089     1.854364
    -0.018415     1.853060
    -0.016741     1.851866
    -0.015067     1.850784
    -0.013393     1.849814
    -0.011718     1.848959
    -0.010044     1.848217
    -0.008370     1.847589
    -0.006696     1.847077
    -0.005022     1.846680
    -0.003348     1.846398
    -0.001674     1.846228
     0.000000     1.846170
     0.001674     1.846223
     0.003348     1.846389
     0.005022     1.846669
     0.006696     1.847065
     0.008370     1.847575
     0.010044     1.848200
     0.011718     1.848940
     0.013393     1.849794
     0.015067     1.850761
     0.016741     1.851842
     0.018415     1.853034
     0.020089     1.854337
     0.021763     1.855752
     0.023437     1.857276
     0.025111     1.858909
     0.026785     1.860650
     0.028459     1.862500
     0.030133     1.864456
     0.031807     1.866519
     0.033481     1.868689
     0.035155     1.870963
     0.036829     1.873342
     0.038504     1.875825
     0.040178     1.878412
     0.041852     1.881102
     0.043526     1.883893
     0.045200     1.886786
     0.046874     1.889780
     0.048548     1.892875
     0.050222     1.896068
     0.051896     1.899361
     0.053570     1.902751
     0.055244     1.906239
     0.056918     1.909824
     0.058592     1.913505
     0.060266     1.917281
     0.061940     1.921152
     0.063615     1.925117
     0.065289     1.929175
     0.066963     1.933325
     0.068637     1.937567
     0.070311     1.941901
     0.071985     1.946324
     0.073659     1.950837
     0.075333     1.955438
     0.077007     1.960128
     0.078681     1.964904
     0.080355     1.969767
     0.082029     1.974716
     0.083703     1.979750
     0.085377     1.984867
     0.087051     1.990068
     0.088726     1.995352
     0.090400     2.000717
     0.092074     2.006162
     0.093748     2.011688
     0.095422     2.017293
     0.097096     2.022977
     0.098770     2.028737
     0.100444     2.034575
     0.102118     2.040488
     0.103792     2.046476
     0.105466     2.052537
     0.107140     2.058672
     0.108814     2.064879
     0.110488     2.071157
     0.112163     2.077506
     0.113837     2.083923
     0.115511     2.090409
     0.117185     2.096962
     0.118859     2.103582
     0.120533     2.110267
     0.122207     2.117016
     0.123881     2.123828
     0.125555     2.130703
     0.127229     2.137639
     0.128903     2.144634
     0.130577     2.151689
     0.132251     2.158801
     0.133925     2.165971
     0.135599     2.173195
     0.137274     2.180474
     0.138948     2.187806
     0.140622     2.195190
     0.142296     2.202624
     0.143970     2.210108
     0.145644     2.217639
     0.147318     2.225218
     0.148992     2.232842
     0.150666     2.240510
     0.152340     2.248221
     0.154014     2.255974
     0.155688     2.263766
     0.157362     2.271597
     0.159036     2.279464
     0.160710     2.287368
     0.162385     2.295305
     0.164059     2.303276
     0.165733     2.311277
     0.167407     2.319308


    -0.167407     2.350367
    -0.165733     2.342257
    -0.164059     2.334157
    -0.162385     2.326067
    -0.160710     2.317990
    -0.159036     2.309927
    -0.157362     2.301880
    -0.155688     2.293851
    -0.154014     2.285842
    -0.152340     2.277854
    -0.150666     2.269889
    -0.148992     2.261949
    -0.147318     2.254036
    -0.145644     2.246151
    -0.143970     2.238297
    -0.142296     2.230474
    -0.140622     2.222685
    -0.138948     2.214931
    -0.137274     2.207215
    -0.135599     2.199538
    -0.133925     2.191901
    -0.132251     2.184307
    -0.130577     2.176758
    -0.128903     2.169254
    -0.127229     2.161798
    -0.125555     2.154392
    -0.123881     2.147037
    -0.122207     2.139735
    -0.120533     2.132487
    -0.118859     2.125297
    -0.117185     2.118164
    -0.115511     2.111092
    -0.113837     2.104081
    -0.112163     2.097134
    -0.110488     2.090251
    -0.108814     2.083436
    -0.107140     2.076689
    -0.105466     2.070012
    -0.103792     2.063407
    -0.102118     2.056875
    -0.100444     2.050419
    -0.098770     2.044039
    -0.097096     2.037738
    -0.095422     2.031517
    -0.093748     2.025377
    -0.092074     2.019320
    -0.090400     2.013347
    -0.088726     2.007461
    -0.087051     2.001663
    -0.085377     1.995953
    -0.083703     1.990334
    -0.082029     1.984806
    -0.080355     1.979372
    -0.078681     1.974033
    -0.077007     1.968790
    -0.075333     1.963643
    -0.073659     1.958595
    -0.071985     1.953647
    -0.070311     1.948800
    -0.068637     1.944055
    -0.066963     1.939413
    -0.065289     1.934875
    -0.063615     1.930443
    -0.061940     1.926117
    -0.060266     1.921898
    -0.058592     1.917788
    -0.056918     1.913786
    -0.055244     1.909894
    -0.053570     1.906114
    -0.051896     1.902444
    -0.050222     1.898887
    -0.048548     1.895443
    -0.046874     1.892112
    -0.045200     1.888895
    -0.043526     1.885793
    -0.041852     1.882806
    -0.040178     1.879935
    -0.038504     1.877180
    -0.036829     1.874542
    -0.035155     1.872020
    -0.033481     1.869615
    -0.031807     1.867328
    -0.030133     1.865158
    -0.028459     1.863107
    -0.026785     1.861173
    -0.025111     1.859357
    -0.023437     1.857660
    -0.021763     1.856080
    -0.020089     1.854619
    -0.018415     1.853276
    -0.016741     1.852050
    -0.015067     1.850941
    -0.013393     1.849950
    -0.011718     1.849074
    -0.010044     1.848315
    -0.008370     1.847672
    -0.006696     1.847144
    -0.005022     1.846732
    -0.003348     1.846436
    -0.001674     1.846258
     0.000000     1.846201
     0.001674     1.846263
     0.003348     1.846444
     0.005022     1.846741
     0.006696     1.847154
     0.008370     1.847683
     0.010044     1.848327
     0.011718     1.849088
     0.013393     1.849965
     0.015067     1.850958
     0.016741     1.852067
     0.018415     1.853294
     0.020089     1.854638
     0.021763     1.856100
     0.023437     1.857679
     0.025111     1.859377
     0.026785     1.861192
     0.028459     1.863126
     0.030133     1.865177
     0.031807     1.867346
     0.033481     1.869633
     0.035155     1.872037
     0.036829     1.874558
     0.038504     1.877196
     0.040178     1.879951
     0.041852     1.882822
     0.043526     1.885808
     0.045200     1.888910
     0.046874     1.892126
     0.048548     1.895456
     0.050222     1.898900
     0.051896     1.902457
     0.053570     1.906126
     0.055244     1.909906
     0.056918     1.913798
     0.058592     1.917799
     0.060266     1.921909
     0.061940     1.926128
     0.063615     1.930453
     0.065289     1.934885
     0.066963     1.939423
     0.068637     1.944064
     0.070311     1.948809
     0.071985     1.953656
     0.073659     1.958604
     0.075333     1.963651
     0.077007     1.968797
     0.078681     1.974041
     0.080355     1.979380
     0.082029     1.984814
     0.083703     1.990341
     0.085377     1.995960
     0.087051     2.001669
     0.088726     2.007468
     0.090400     2.013354
     0.092074     2.019326
     0.093748     2.025382
     0.095422     2.031522
     0.097096     2.037743
     0.098770     2.044045
     0.100444     2.050424
     0.102118     2.056880
     0.103792     2.063412
     0.105466     2.070017
     0.107140     2.076693
     0.108814     2.083440
     0.110488     2.090256
     0.112163     2.097138
     0.113837     2.104085
     0.115511     2.111096
     0.117185     2.118168
     0.118859     2.125301
     0.120533     2.132491
     0.122207     2.139738
     0.123881     2.147040
     0.125555     2.154395
     0.127229     2.161802
     0.128903     2.169258
     0.130577     2.176761
     0.132251     2.184311
     0.133925     2.191905
     0.135599     2.199541
     0.137274     2.207219
     0.138948     2.214935
     0.140622     2.222689
     0.142296     2.230478
     0.143970     2.238300
     0.145644     2.246155
     0.147318     2.254040
     0.148992     2.261953
     0.150666     2.269893
     0.152340     2.277858
     0.154014     2.285846
     0.155688     2.293855
     0.157362     2.301884
     0.159036     2.309931
     0.160710     2.317994
     0.162385     2.326071
     0.164059     2.334161
     0.165733     2.342262
     0.167407     2.350372


