    -0.167407    -3.702576
    -0.165733    -3.702728
    -0.164059    -3.702881
    -0.162385    -3.703035
    -0.160710    -3.703191
    -0.159036    -3.703347
    -0.157362    -3.703505
    -0.155688    -3.703662
    -0.154014    -3.703820
    -0.152340    -3.703977
    -0.150666    -3.704135
    -0.148992    -3.704292
    -0.147318    -3.704448
    -0.145644    -3.704604
    -0.143970    -3.704758
    -0.142296    -3.704912
    -0.140622    -3.705064
    -0.138948    -3.705215
    -0.137274    -3.705364
    -0.135599    -3.705511
    -0.133925    -3.705656
    -0.132251    -3.705799
    -0.130577    -3.705940
    -0.128903    -3.706078
    -0.127229    -3.706214
    -0.125555    -3.706347
    -0.123881    -3.706477
    -0.122207    -3.706603
    -0.120533    -3.706727
    -0.118859    -3.706847
    -0.117185    -3.706964
    -0.115511    -3.707077
    -0.113837    -3.707186
    -0.112163    -3.707291
    -0.110488    -3.707392
    -0.108814    -3.707489
    -0.107140    -3.707582
    -0.105466    -3.707671
    -0.103792    -3.707754
    -0.102118    -3.707834
    -0.100444    -3.707908
    -0.098770    -3.707978
    -0.097096    -3.708042
    -0.095422    -3.708102
    -0.093748    -3.708156
    -0.092074    -3.708205
    -0.090400    -3.708249
    -0.088726    -3.708287
    -0.087051    -3.708319
    -0.085377    -3.708346
    -0.083703    -3.708367
    -0.082029    -3.708382
    -0.080355    -3.708391
    -0.078681    -3.708394
    -0.077007    -3.708391
    -0.075333    -3.708382
    -0.073659    -3.708366
    -0.071985    -3.708344
    -0.070311    -3.708316
    -0.068637    -3.708281
    -0.066963    -3.708239
    -0.065289    -3.708191
    -0.063615    -3.708136
    -0.061940    -3.708074
    -0.060266    -3.708005
    -0.058592    -3.707929
    -0.056918    -3.707846
    -0.055244    -3.707756
    -0.053570    -3.707659
    -0.051896    -3.707554
    -0.050222    -3.707442
    -0.048548    -3.707323
    -0.046874    -3.707197
    -0.045200    -3.707062
    -0.043526    -3.706921
    -0.041852    -3.706772
    -0.040178    -3.706615
    -0.038504    -3.706450
    -0.036829    -3.706278
    -0.035155    -3.706098
    -0.033481    -3.705910
    -0.031807    -3.705715
    -0.030133    -3.705511
    -0.028459    -3.705299
    -0.026785    -3.705080
    -0.025111    -3.704852
    -0.023437    -3.704616
    -0.021763    -3.704372
    -0.020089    -3.704120
    -0.018415    -3.703860
    -0.016741    -3.703592
    -0.015067    -3.703315
    -0.013393    -3.703030
    -0.011718    -3.702736
    -0.010044    -3.702434
    -0.008370    -3.702124
    -0.006696    -3.701805
    -0.005022    -3.701478
    -0.003348    -3.701143
    -0.001674    -3.700798
     0.000000    -3.700452
     0.001674    -3.700797
     0.003348    -3.701142
     0.005022    -3.701477
     0.006696    -3.701805
     0.008370    -3.702123
     0.010044    -3.702434
     0.011718    -3.702735
     0.013393    -3.703029
     0.015067    -3.703314
     0.016741    -3.703591
     0.018415    -3.703860
     0.020089    -3.704120
     0.021763    -3.704372
     0.023437    -3.704616
     0.025111    -3.704852
     0.026785    -3.705079
     0.028459    -3.705299
     0.030133    -3.705511
     0.031807    -3.705714
     0.033481    -3.705910
     0.035155    -3.706098
     0.036829    -3.706278
     0.038504    -3.706450
     0.040178    -3.706614
     0.041852    -3.706771
     0.043526    -3.706920
     0.045200    -3.707062
     0.046874    -3.707196
     0.048548    -3.707322
     0.050222    -3.707441
     0.051896    -3.707553
     0.053570    -3.707657
     0.055244    -3.707754
     0.056918    -3.707844
     0.058592    -3.707927
     0.060266    -3.708003
     0.061940    -3.708072
     0.063615    -3.708134
     0.065289    -3.708189
     0.066963    -3.708237
     0.068637    -3.708279
     0.070311    -3.708313
     0.071985    -3.708342
     0.073659    -3.708364
     0.075333    -3.708379
     0.077007    -3.708388
     0.078681    -3.708391
     0.080355    -3.708388
     0.082029    -3.708379
     0.083703    -3.708363
     0.085377    -3.708342
     0.087051    -3.708315
     0.088726    -3.708283
     0.090400    -3.708244
     0.092074    -3.708201
     0.093748    -3.708152
     0.095422    -3.708097
     0.097096    -3.708037
     0.098770    -3.707973
     0.100444    -3.707903
     0.102118    -3.707828
     0.103792    -3.707749
     0.105466    -3.707665
     0.107140    -3.707576
     0.108814    -3.707483
     0.110488    -3.707386
     0.112163    -3.707285
     0.113837    -3.707179
     0.115511    -3.707070
     0.117185    -3.706957
     0.118859    -3.706840
     0.120533    -3.706719
     0.122207    -3.706596
     0.123881    -3.706469
     0.125555    -3.706339
     0.127229    -3.706206
     0.128903    -3.706070
     0.130577    -3.705932
     0.132251    -3.705791
     0.133925    -3.705648
     0.135599    -3.705502
     0.137274    -3.705355
     0.138948    -3.705206
     0.140622    -3.705055
     0.142296    -3.704903
     0.143970    -3.704749
     0.145644    -3.704594
     0.147318    -3.704438
     0.148992    -3.704282
     0.150666    -3.704125
     0.152340    -3.703967
     0.154014    -3.703809
     0.155688    -3.703651
     0.157362    -3.703494
     0.159036    -3.703337
     0.160710    -3.703180
     0.162385    -3.703025
     0.164059    -3.702870
     0.165733    -3.702716
     0.167407    -3.702564


    -0.167407    -3.621872
    -0.165733    -3.623036
    -0.164059    -3.624194
    -0.162385    -3.625347
    -0.160710    -3.626493
    -0.159036    -3.627634
    -0.157362    -3.628768
    -0.155688    -3.629896
    -0.154014    -3.631019
    -0.152340    -3.632134
    -0.150666    -3.633244
    -0.148992    -3.634347
    -0.147318    -3.635443
    -0.145644    -3.636533
    -0.143970    -3.637616
    -0.142296    -3.638692
    -0.140622    -3.639762
    -0.138948    -3.640824
    -0.137274    -3.641880
    -0.135599    -3.642928
    -0.133925    -3.643969
    -0.132251    -3.645003
    -0.130577    -3.646030
    -0.128903    -3.647049
    -0.127229    -3.648061
    -0.125555    -3.649066
    -0.123881    -3.650063
    -0.122207    -3.651052
    -0.120533    -3.652034
    -0.118859    -3.653008
    -0.117185    -3.653974
    -0.115511    -3.654932
    -0.113837    -3.655883
    -0.112163    -3.656826
    -0.110488    -3.657760
    -0.108814    -3.658687
    -0.107140    -3.659606
    -0.105466    -3.660516
    -0.103792    -3.661418
    -0.102118    -3.662312
    -0.100444    -3.663198
    -0.098770    -3.664076
    -0.097096    -3.664945
    -0.095422    -3.665806
    -0.093748    -3.666659
    -0.092074    -3.667503
    -0.090400    -3.668338
    -0.088726    -3.669165
    -0.087051    -3.669984
    -0.085377    -3.670794
    -0.083703    -3.671596
    -0.082029    -3.672389
    -0.080355    -3.673173
    -0.078681    -3.673948
    -0.077007    -3.674715
    -0.075333    -3.675474
    -0.073659    -3.676223
    -0.071985    -3.676964
    -0.070311    -3.677696
    -0.068637    -3.678419
    -0.066963    -3.679133
    -0.065289    -3.679839
    -0.063615    -3.680536
    -0.061940    -3.681224
    -0.060266    -3.681903
    -0.058592    -3.682573
    -0.056918    -3.683235
    -0.055244    -3.683887
    -0.053570    -3.684531
    -0.051896    -3.685165
    -0.050222    -3.685791
    -0.048548    -3.686408
    -0.046874    -3.687016
    -0.045200    -3.687615
    -0.043526    -3.688206
    -0.041852    -3.688787
    -0.040178    -3.689359
    -0.038504    -3.689923
    -0.036829    -3.690477
    -0.035155    -3.691023
    -0.033481    -3.691560
    -0.031807    -3.692088
    -0.030133    -3.692607
    -0.028459    -3.693117
    -0.026785    -3.693619
    -0.025111    -3.694111
    -0.023437    -3.694595
    -0.021763    -3.695069
    -0.020089    -3.695535
    -0.018415    -3.695993
    -0.016741    -3.696441
    -0.015067    -3.696880
    -0.013393    -3.697311
    -0.011718    -3.697733
    -0.010044    -3.698147
    -0.008370    -3.698551
    -0.006696    -3.698947
    -0.005022    -3.699335
    -0.003348    -3.699713
    -0.001674    -3.700083
     0.000000    -3.700438
     0.001674    -3.700084
     0.003348    -3.699714
     0.005022    -3.699336
     0.006696    -3.698949
     0.008370    -3.698553
     0.010044    -3.698148
     0.011718    -3.697735
     0.013393    -3.697313
     0.015067    -3.696882
     0.016741    -3.696443
     0.018415    -3.695994
     0.020089    -3.695537
     0.021763    -3.695072
     0.023437    -3.694597
     0.025111    -3.694113
     0.026785    -3.693621
     0.028459    -3.693120
     0.030133    -3.692610
     0.031807    -3.692091
     0.033481    -3.691563
     0.035155    -3.691026
     0.036829    -3.690480
     0.038504    -3.689926
     0.040178    -3.689362
     0.041852    -3.688790
     0.043526    -3.688209
     0.045200    -3.687619
     0.046874    -3.687020
     0.048548    -3.686412
     0.050222    -3.685795
     0.051896    -3.685169
     0.053570    -3.684534
     0.055244    -3.683891
     0.056918    -3.683238
     0.058592    -3.682577
     0.060266    -3.681907
     0.061940    -3.681228
     0.063615    -3.680540
     0.065289    -3.679843
     0.066963    -3.679138
     0.068637    -3.678423
     0.070311    -3.677700
     0.071985    -3.676968
     0.073659    -3.676227
     0.075333    -3.675478
     0.077007    -3.674720
     0.078681    -3.673953
     0.080355    -3.673177
     0.082029    -3.672393
     0.083703    -3.671600
     0.085377    -3.670798
     0.087051    -3.669988
     0.088726    -3.669170
     0.090400    -3.668343
     0.092074    -3.667507
     0.093748    -3.666663
     0.095422    -3.665810
     0.097096    -3.664949
     0.098770    -3.664080
     0.100444    -3.663202
     0.102118    -3.662316
     0.103792    -3.661422
     0.105466    -3.660520
     0.107140    -3.659609
     0.108814    -3.658691
     0.110488    -3.657764
     0.112163    -3.656829
     0.113837    -3.655886
     0.115511    -3.654936
     0.117185    -3.653977
     0.118859    -3.653011
     0.120533    -3.652037
     0.122207    -3.651055
     0.123881    -3.650065
     0.125555    -3.649068
     0.127229    -3.648064
     0.128903    -3.647051
     0.130577    -3.646032
     0.132251    -3.645005
     0.133925    -3.643971
     0.135599    -3.642929
     0.137274    -3.641881
     0.138948    -3.640825
     0.140622    -3.639763
     0.142296    -3.638693
     0.143970    -3.637617
     0.145644    -3.636533
     0.147318    -3.635443
     0.148992    -3.634347
     0.150666    -3.633244
     0.152340    -3.632134
     0.154014    -3.631018
     0.155688    -3.629896
     0.157362    -3.628767
     0.159036    -3.627632
     0.160710    -3.626492
     0.162385    -3.625345
     0.164059    -3.624192
     0.165733    -3.623034
     0.167407    -3.621870


    -0.167407    -2.373669
    -0.165733    -2.368802
    -0.164059    -2.364053
    -0.162385    -2.359419
    -0.160710    -2.354897
    -0.159036    -2.350484
    -0.157362    -2.346177
    -0.155688    -2.341973
    -0.154014    -2.337868
    -0.152340    -2.333860
    -0.150666    -2.329946
    -0.148992    -2.326122
    -0.147318    -2.322387
    -0.145644    -2.318736
    -0.143970    -2.315168
    -0.142296    -2.311680
    -0.140622    -2.308268
    -0.138948    -2.304932
    -0.137274    -2.301668
    -0.135599    -2.298474
    -0.133925    -2.295348
    -0.132251    -2.292288
    -0.130577    -2.289292
    -0.128903    -2.286357
    -0.127229    -2.283483
    -0.125555    -2.280667
    -0.123881    -2.277908
    -0.122207    -2.275204
    -0.120533    -2.272554
    -0.118859    -2.269956
    -0.117185    -2.267409
    -0.115511    -2.264912
    -0.113837    -2.262463
    -0.112163    -2.260062
    -0.110488    -2.257706
    -0.108814    -2.255396
    -0.107140    -2.253130
    -0.105466    -2.250908
    -0.103792    -2.248727
    -0.102118    -2.246589
    -0.100444    -2.244491
    -0.098770    -2.242433
    -0.097096    -2.240415
    -0.095422    -2.238436
    -0.093748    -2.236494
    -0.092074    -2.234591
    -0.090400    -2.232724
    -0.088726    -2.230893
    -0.087051    -2.229099
    -0.085377    -2.227340
    -0.083703    -2.225617
    -0.082029    -2.223928
    -0.080355    -2.222273
    -0.078681    -2.220653
    -0.077007    -2.219065
    -0.075333    -2.217512
    -0.073659    -2.215991
    -0.071985    -2.214503
    -0.070311    -2.213047
    -0.068637    -2.211623
    -0.066963    -2.210231
    -0.065289    -2.208871
    -0.063615    -2.207543
    -0.061940    -2.206245
    -0.060266    -2.204979
    -0.058592    -2.203743
    -0.056918    -2.202539
    -0.055244    -2.201364
    -0.053570    -2.200220
    -0.051896    -2.199107
    -0.050222    -2.198023
    -0.048548    -2.196970
    -0.046874    -2.195946
    -0.045200    -2.194952
    -0.043526    -2.193988
    -0.041852    -2.193053
    -0.040178    -2.192148
    -0.038504    -2.191272
    -0.036829    -2.190425
    -0.035155    -2.189608
    -0.033481    -2.188819
    -0.031807    -2.188059
    -0.030133    -2.187329
    -0.028459    -2.186627
    -0.026785    -2.185954
    -0.025111    -2.185309
    -0.023437    -2.184694
    -0.021763    -2.184106
    -0.020089    -2.183548
    -0.018415    -2.183018
    -0.016741    -2.182516
    -0.015067    -2.182042
    -0.013393    -2.181597
    -0.011718    -2.181180
    -0.010044    -2.180791
    -0.008370    -2.180430
    -0.006696    -2.180097
    -0.005022    -2.179792
    -0.003348    -2.179515
    -0.001674    -2.179266
     0.000000    -2.179055
     0.001674    -2.179272
     0.003348    -2.179521
     0.005022    -2.179798
     0.006696    -2.180103
     0.008370    -2.180436
     0.010044    -2.180797
     0.011718    -2.181186
     0.013393    -2.181603
     0.015067    -2.182049
     0.016741    -2.182522
     0.018415    -2.183024
     0.020089    -2.183555
     0.021763    -2.184113
     0.023437    -2.184701
     0.025111    -2.185316
     0.026785    -2.185961
     0.028459    -2.186634
     0.030133    -2.187336
     0.031807    -2.188067
     0.033481    -2.188826
     0.035155    -2.189615
     0.036829    -2.190433
     0.038504    -2.191280
     0.040178    -2.192156
     0.041852    -2.193061
     0.043526    -2.193996
     0.045200    -2.194960
     0.046874    -2.195954
     0.048548    -2.196978
     0.050222    -2.198031
     0.051896    -2.199115
     0.053570    -2.200229
     0.055244    -2.201372
     0.056918    -2.202547
     0.058592    -2.203752
     0.060266    -2.204987
     0.061940    -2.206253
     0.063615    -2.207551
     0.065289    -2.208880
     0.066963    -2.210240
     0.068637    -2.211632
     0.070311    -2.213055
     0.071985    -2.214511
     0.073659    -2.215999
     0.075333    -2.217520
     0.077007    -2.219074
     0.078681    -2.220661
     0.080355    -2.222282
     0.082029    -2.223937
     0.083703    -2.225626
     0.085377    -2.227349
     0.087051    -2.229108
     0.088726    -2.230903
     0.090400    -2.232733
     0.092074    -2.234600
     0.093748    -2.236504
     0.095422    -2.238445
     0.097096    -2.240424
     0.098770    -2.242443
     0.100444    -2.244500
     0.102118    -2.246598
     0.103792    -2.248737
     0.105466    -2.250917
     0.107140    -2.253140
     0.108814    -2.255406
     0.110488    -2.257716
     0.112163    -2.260071
     0.113837    -2.262473
     0.115511    -2.264922
     0.117185    -2.267419
     0.118859    -2.269966
     0.120533    -2.272564
     0.122207    -2.275215
     0.123881    -2.277919
     0.125555    -2.280678
     0.127229    -2.283493
     0.128903    -2.286368
     0.130577    -2.289302
     0.132251    -2.292298
     0.133925    -2.295358
     0.135599    -2.298484
     0.137274    -2.301678
     0.138948    -2.304942
     0.140622    -2.308279
     0.142296    -2.311690
     0.143970    -2.315178
     0.145644    -2.318746
     0.147318    -2.322397
     0.148992    -2.326132
     0.150666    -2.329956
     0.152340    -2.333870
     0.154014    -2.337878
     0.155688    -2.341982
     0.157362    -2.346187
     0.159036    -2.350493
     0.160710    -2.354906
     0.162385    -2.359428
     0.164059    -2.364062
     0.165733    -2.368810
     0.167407    -2.373676


    -0.167407    -2.310505
    -0.165733    -2.306380
    -0.164059    -2.302414
    -0.162385    -2.298598
    -0.160710    -2.294924
    -0.159036    -2.291386
    -0.157362    -2.287975
    -0.155688    -2.284684
    -0.154014    -2.281507
    -0.152340    -2.278437
    -0.150666    -2.275468
    -0.148992    -2.272594
    -0.147318    -2.269810
    -0.145644    -2.267110
    -0.143970    -2.264491
    -0.142296    -2.261947
    -0.140622    -2.259474
    -0.138948    -2.257069
    -0.137274    -2.254728
    -0.135599    -2.252448
    -0.133925    -2.250226
    -0.132251    -2.248060
    -0.130577    -2.245946
    -0.128903    -2.243883
    -0.127229    -2.241868
    -0.125555    -2.239899
    -0.123881    -2.237975
    -0.122207    -2.236094
    -0.120533    -2.234254
    -0.118859    -2.232454
    -0.117185    -2.230693
    -0.115511    -2.228969
    -0.113837    -2.227281
    -0.112163    -2.225630
    -0.110488    -2.224012
    -0.108814    -2.222429
    -0.107140    -2.220878
    -0.105466    -2.219360
    -0.103792    -2.217873
    -0.102118    -2.216417
    -0.100444    -2.214992
    -0.098770    -2.213596
    -0.097096    -2.212230
    -0.095422    -2.210894
    -0.093748    -2.209586
    -0.092074    -2.208307
    -0.090400    -2.207055
    -0.088726    -2.205832
    -0.087051    -2.204637
    -0.085377    -2.203468
    -0.083703    -2.202327
    -0.082029    -2.201213
    -0.080355    -2.200126
    -0.078681    -2.199066
    -0.077007    -2.198032
    -0.075333    -2.197025
    -0.073659    -2.196045
    -0.071985    -2.195090
    -0.070311    -2.194162
    -0.068637    -2.193261
    -0.066963    -2.192385
    -0.065289    -2.191536
    -0.063615    -2.190713
    -0.061940    -2.189916
    -0.060266    -2.189145
    -0.058592    -2.188400
    -0.056918    -2.187681
    -0.055244    -2.186989
    -0.053570    -2.186322
    -0.051896    -2.185682
    -0.050222    -2.185068
    -0.048548    -2.184480
    -0.046874    -2.183919
    -0.045200    -2.183384
    -0.043526    -2.182875
    -0.041852    -2.182393
    -0.040178    -2.181936
    -0.038504    -2.181507
    -0.036829    -2.181104
    -0.035155    -2.180727
    -0.033481    -2.180377
    -0.031807    -2.180054
    -0.030133    -2.179758
    -0.028459    -2.179488
    -0.026785    -2.179245
    -0.025111    -2.179029
    -0.023437    -2.178840
    -0.021763    -2.178678
    -0.020089    -2.178542
    -0.018415    -2.178434
    -0.016741    -2.178354
    -0.015067    -2.178300
    -0.013393    -2.178274
    -0.011718    -2.178274
    -0.010044    -2.178303
    -0.008370    -2.178358
    -0.006696    -2.178442
    -0.005022    -2.178552
    -0.003348    -2.178691
    -0.001674    -2.178856
     0.000000    -2.179040
     0.001674    -2.178851
     0.003348    -2.178685
     0.005022    -2.178547
     0.006696    -2.178437
     0.008370    -2.178354
     0.010044    -2.178298
     0.011718    -2.178270
     0.013393    -2.178269
     0.015067    -2.178296
     0.016741    -2.178350
     0.018415    -2.178431
     0.020089    -2.178539
     0.021763    -2.178674
     0.023437    -2.178837
     0.025111    -2.179026
     0.026785    -2.179242
     0.028459    -2.179486
     0.030133    -2.179756
     0.031807    -2.180052
     0.033481    -2.180376
     0.035155    -2.180726
     0.036829    -2.181103
     0.038504    -2.181506
     0.040178    -2.181936
     0.041852    -2.182392
     0.043526    -2.182875
     0.045200    -2.183384
     0.046874    -2.183919
     0.048548    -2.184481
     0.050222    -2.185069
     0.051896    -2.185683
     0.053570    -2.186323
     0.055244    -2.186990
     0.056918    -2.187683
     0.058592    -2.188402
     0.060266    -2.189147
     0.061940    -2.189918
     0.063615    -2.190715
     0.065289    -2.191539
     0.066963    -2.192388
     0.068637    -2.193264
     0.070311    -2.194166
     0.071985    -2.195094
     0.073659    -2.196049
     0.075333    -2.197030
     0.077007    -2.198037
     0.078681    -2.199071
     0.080355    -2.200131
     0.082029    -2.201219
     0.083703    -2.202333
     0.085377    -2.203474
     0.087051    -2.204642
     0.088726    -2.205838
     0.090400    -2.207062
     0.092074    -2.208313
     0.093748    -2.209593
     0.095422    -2.210901
     0.097096    -2.212238
     0.098770    -2.213604
     0.100444    -2.214999
     0.102118    -2.216425
     0.103792    -2.217881
     0.105466    -2.219368
     0.107140    -2.220886
     0.108814    -2.222437
     0.110488    -2.224021
     0.112163    -2.225638
     0.113837    -2.227290
     0.115511    -2.228978
     0.117185    -2.230701
     0.118859    -2.232463
     0.120533    -2.234263
     0.122207    -2.236103
     0.123881    -2.237984
     0.125555    -2.239908
     0.127229    -2.241877
     0.128903    -2.243892
     0.130577    -2.245955
     0.132251    -2.248069
     0.133925    -2.250236
     0.135599    -2.252458
     0.137274    -2.254737
     0.138948    -2.257078
     0.140622    -2.259483
     0.142296    -2.261956
     0.143970    -2.264500
     0.145644    -2.267120
     0.147318    -2.269819
     0.148992    -2.272603
     0.150666    -2.275477
     0.152340    -2.278446
     0.154014    -2.281516
     0.155688    -2.284693
     0.157362    -2.287983
     0.159036    -2.291394
     0.160710    -2.294933
     0.162385    -2.298606
     0.164059    -2.302422
     0.165733    -2.306388
     0.167407    -2.310513


    -0.167407    -2.105110
    -0.165733    -2.097881
    -0.164059    -2.090546
    -0.162385    -2.083113
    -0.160710    -2.075592
    -0.159036    -2.067993
    -0.157362    -2.060324
    -0.155688    -2.052595
    -0.154014    -2.044813
    -0.152340    -2.036986
    -0.150666    -2.029124
    -0.148992    -2.021232
    -0.147318    -2.013319
    -0.145644    -2.005390
    -0.143970    -1.997452
    -0.142296    -1.989512
    -0.140622    -1.981574
    -0.138948    -1.973644
    -0.137274    -1.965727
    -0.135599    -1.957829
    -0.133925    -1.949953
    -0.132251    -1.942103
    -0.130577    -1.934284
    -0.128903    -1.926500
    -0.127229    -1.918754
    -0.125555    -1.911049
    -0.123881    -1.903389
    -0.122207    -1.895777
    -0.120533    -1.888215
    -0.118859    -1.880706
    -0.117185    -1.873254
    -0.115511    -1.865859
    -0.113837    -1.858525
    -0.112163    -1.851254
    -0.110488    -1.844047
    -0.108814    -1.836907
    -0.107140    -1.829836
    -0.105466    -1.822834
    -0.103792    -1.815904
    -0.102118    -1.809048
    -0.100444    -1.802267
    -0.098770    -1.795562
    -0.097096    -1.788936
    -0.095422    -1.782392
    -0.093748    -1.775935
    -0.092074    -1.769592
    -0.090400    -1.763450
    -0.088726    -1.757503
    -0.087051    -1.751656
    -0.085377    -1.745883
    -0.083703    -1.740178
    -0.082029    -1.734542
    -0.080355    -1.728973
    -0.078681    -1.723472
    -0.077007    -1.718040
    -0.075333    -1.712676
    -0.073659    -1.707381
    -0.071985    -1.702156
    -0.070311    -1.697002
    -0.068637    -1.691918
    -0.066963    -1.686905
    -0.065289    -1.681964
    -0.063615    -1.677095
    -0.061940    -1.672299
    -0.060266    -1.667577
    -0.058592    -1.662928
    -0.056918    -1.658353
    -0.055244    -1.653854
    -0.053570    -1.649430
    -0.051896    -1.645082
    -0.050222    -1.640811
    -0.048548    -1.636618
    -0.046874    -1.632503
    -0.045200    -1.628468
    -0.043526    -1.624514
    -0.041852    -1.620640
    -0.040178    -1.616850
    -0.038504    -1.613144
    -0.036829    -1.609524
    -0.035155    -1.605991
    -0.033481    -1.602549
    -0.031807    -1.599198
    -0.030133    -1.595942
    -0.028459    -1.592785
    -0.026785    -1.589729
    -0.025111    -1.586779
    -0.023437    -1.583940
    -0.021763    -1.581218
    -0.020089    -1.578619
    -0.018415    -1.576151
    -0.016741    -1.573822
    -0.015067    -1.571644
    -0.013393    -1.569627
    -0.011718    -1.567784
    -0.010044    -1.566130
    -0.008370    -1.564680
    -0.006696    -1.563448
    -0.005022    -1.562450
    -0.003348    -1.561700
    -0.001674    -1.561209
     0.000000    -1.560988
     0.001674    -1.561208
     0.003348    -1.561698
     0.005022    -1.562446
     0.006696    -1.563443
     0.008370    -1.564673
     0.010044    -1.566123
     0.011718    -1.567776
     0.013393    -1.569617
     0.015067    -1.571634
     0.016741    -1.573811
     0.018415    -1.576139
     0.020089    -1.578607
     0.021763    -1.581205
     0.023437    -1.583927
     0.025111    -1.586766
     0.026785    -1.589715
     0.028459    -1.592770
     0.030133    -1.595928
     0.031807    -1.599183
     0.033481    -1.602533
     0.035155    -1.605976
     0.036829    -1.609508
     0.038504    -1.613128
     0.040178    -1.616834
     0.041852    -1.620624
     0.043526    -1.624497
     0.045200    -1.628452
     0.046874    -1.632487
     0.048548    -1.636601
     0.050222    -1.640794
     0.051896    -1.645065
     0.053570    -1.649412
     0.055244    -1.653836
     0.056918    -1.658336
     0.058592    -1.662910
     0.060266    -1.667559
     0.061940    -1.672281
     0.063615    -1.677077
     0.065289    -1.681946
     0.066963    -1.686887
     0.068637    -1.691899
     0.070311    -1.696983
     0.071985    -1.702138
     0.073659    -1.707362
     0.075333    -1.712657
     0.077007    -1.718021
     0.078681    -1.723453
     0.080355    -1.728954
     0.082029    -1.734522
     0.083703    -1.740158
     0.085377    -1.745862
     0.087051    -1.751634
     0.088726    -1.757480
     0.090400    -1.763424
     0.092074    -1.769562
     0.093748    -1.775906
     0.095422    -1.782363
     0.097096    -1.788908
     0.098770    -1.795535
     0.100444    -1.802240
     0.102118    -1.809021
     0.103792    -1.815877
     0.105466    -1.822807
     0.107140    -1.829809
     0.108814    -1.836881
     0.110488    -1.844021
     0.112163    -1.851228
     0.113837    -1.858499
     0.115511    -1.865833
     0.117185    -1.873228
     0.118859    -1.880681
     0.120533    -1.888190
     0.122207    -1.895752
     0.123881    -1.903365
     0.125555    -1.911025
     0.127229    -1.918730
     0.128903    -1.926477
     0.130577    -1.934261
     0.132251    -1.942080
     0.133925    -1.949930
     0.135599    -1.957807
     0.137274    -1.965706
     0.138948    -1.973623
     0.140622    -1.981553
     0.142296    -1.989492
     0.143970    -1.997433
     0.145644    -2.005371
     0.147318    -2.013300
     0.148992    -2.021214
     0.150666    -2.029106
     0.152340    -2.036970
     0.154014    -2.044796
     0.155688    -2.052579
     0.157362    -2.060309
     0.159036    -2.067979
     0.160710    -2.075579
     0.162385    -2.083100
     0.164059    -2.090533
     0.165733    -2.097869
     0.167407    -2.105098


    -0.167407    -2.076518
    -0.165733    -2.069720
    -0.164059    -2.062869
    -0.162385    -2.055970
    -0.160710    -2.049026
    -0.159036    -2.042042
    -0.157362    -2.035021
    -0.155688    -2.027969
    -0.154014    -2.020890
    -0.152340    -2.013786
    -0.150666    -2.006663
    -0.148992    -1.999525
    -0.147318    -1.992375
    -0.145644    -1.985216
    -0.143970    -1.978054
    -0.142296    -1.970891
    -0.140622    -1.963731
    -0.138948    -1.956578
    -0.137274    -1.949434
    -0.135599    -1.942302
    -0.133925    -1.935187
    -0.132251    -1.928091
    -0.130577    -1.921016
    -0.128903    -1.913965
    -0.127229    -1.906942
    -0.125555    -1.899948
    -0.123881    -1.892986
    -0.122207    -1.886058
    -0.120533    -1.879167
    -0.118859    -1.872314
    -0.117185    -1.865502
    -0.115511    -1.858732
    -0.113837    -1.852007
    -0.112163    -1.845327
    -0.110488    -1.838695
    -0.108814    -1.832112
    -0.107140    -1.825580
    -0.105466    -1.819100
    -0.103792    -1.812673
    -0.102118    -1.806301
    -0.100444    -1.799984
    -0.098770    -1.793723
    -0.097096    -1.787519
    -0.095422    -1.781371
    -0.093748    -1.775274
    -0.092074    -1.769205
    -0.090400    -1.763078
    -0.088726    -1.756901
    -0.087051    -1.750770
    -0.085377    -1.744712
    -0.083703    -1.738734
    -0.082029    -1.732839
    -0.080355    -1.727028
    -0.078681    -1.721301
    -0.077007    -1.715659
    -0.075333    -1.710102
    -0.073659    -1.704632
    -0.071985    -1.699247
    -0.070311    -1.693949
    -0.068637    -1.688738
    -0.066963    -1.683613
    -0.065289    -1.678575
    -0.063615    -1.673624
    -0.061940    -1.668760
    -0.060266    -1.663983
    -0.058592    -1.659294
    -0.056918    -1.654692
    -0.055244    -1.650177
    -0.053570    -1.645750
    -0.051896    -1.641411
    -0.050222    -1.637160
    -0.048548    -1.632998
    -0.046874    -1.628923
    -0.045200    -1.624938
    -0.043526    -1.621043
    -0.041852    -1.617237
    -0.040178    -1.613523
    -0.038504    -1.609900
    -0.036829    -1.606370
    -0.035155    -1.602935
    -0.033481    -1.599596
    -0.031807    -1.596354
    -0.030133    -1.593213
    -0.028459    -1.590175
    -0.026785    -1.587243
    -0.025111    -1.584421
    -0.023437    -1.581714
    -0.021763    -1.579128
    -0.020089    -1.576669
    -0.018415    -1.574344
    -0.016741    -1.572162
    -0.015067    -1.570134
    -0.013393    -1.568271
    -0.011718    -1.566585
    -0.010044    -1.565092
    -0.008370    -1.563807
    -0.006696    -1.562744
    -0.005022    -1.561919
    -0.003348    -1.561344
    -0.001674    -1.561031
     0.000000    -1.560982
     0.001674    -1.561029
     0.003348    -1.561342
     0.005022    -1.561915
     0.006696    -1.562739
     0.008370    -1.563801
     0.010044    -1.565085
     0.011718    -1.566577
     0.013393    -1.568262
     0.015067    -1.570124
     0.016741    -1.572152
     0.018415    -1.574333
     0.020089    -1.576657
     0.021763    -1.579116
     0.023437    -1.581702
     0.025111    -1.584408
     0.026785    -1.587229
     0.028459    -1.590160
     0.030133    -1.593198
     0.031807    -1.596339
     0.033481    -1.599580
     0.035155    -1.602919
     0.036829    -1.606354
     0.038504    -1.609883
     0.040178    -1.613505
     0.041852    -1.617219
     0.043526    -1.621024
     0.045200    -1.624920
     0.046874    -1.628904
     0.048548    -1.632978
     0.050222    -1.637141
     0.051896    -1.641391
     0.053570    -1.645730
     0.055244    -1.650157
     0.056918    -1.654671
     0.058592    -1.659273
     0.060266    -1.663962
     0.061940    -1.668738
     0.063615    -1.673602
     0.065289    -1.678552
     0.066963    -1.683590
     0.068637    -1.688715
     0.070311    -1.693926
     0.071985    -1.699224
     0.073659    -1.704608
     0.075333    -1.710078
     0.077007    -1.715635
     0.078681    -1.721277
     0.080355    -1.727004
     0.082029    -1.732815
     0.083703    -1.738710
     0.085377    -1.744688
     0.087051    -1.750746
     0.088726    -1.756878
     0.090400    -1.763059
     0.092074    -1.769189
     0.093748    -1.775258
     0.095422    -1.781354
     0.097096    -1.787501
     0.098770    -1.793705
     0.100444    -1.799965
     0.102118    -1.806282
     0.103792    -1.812654
     0.105466    -1.819081
     0.107140    -1.825561
     0.108814    -1.832093
     0.110488    -1.838676
     0.112163    -1.845307
     0.113837    -1.851987
     0.115511    -1.858712
     0.117185    -1.865482
     0.118859    -1.872294
     0.120533    -1.879147
     0.122207    -1.886038
     0.123881    -1.892966
     0.125555    -1.899928
     0.127229    -1.906922
     0.128903    -1.913945
     0.130577    -1.920995
     0.132251    -1.928070
     0.133925    -1.935167
     0.135599    -1.942282
     0.137274    -1.949413
     0.138948    -1.956557
     0.140622    -1.963711
     0.142296    -1.970871
     0.143970    -1.978033
     0.145644    -1.985196
     0.147318    -1.992354
     0.148992    -1.999504
     0.150666    -2.006643
     0.152340    -2.013766
     0.154014    -2.020869
     0.155688    -2.027949
     0.157362    -2.035001
     0.159036    -2.042021
     0.160710    -2.049006
     0.162385    -2.055950
     0.164059    -2.062849
     0.165733    -2.069700
     0.167407    -2.076499


    -0.167407    -1.611070
    -0.165733    -1.608017
    -0.164059    -1.604990
    -0.162385    -1.601989
    -0.160710    -1.599015
    -0.159036    -1.596070
    -0.157362    -1.593152
    -0.155688    -1.590263
    -0.154014    -1.587404
    -0.152340    -1.584576
    -0.150666    -1.581778
    -0.148992    -1.579012
    -0.147318    -1.576278
    -0.145644    -1.573578
    -0.143970    -1.570911
    -0.142296    -1.568278
    -0.140622    -1.565681
    -0.138948    -1.563119
    -0.137274    -1.560594
    -0.135599    -1.558106
    -0.133925    -1.555655
    -0.132251    -1.553244
    -0.130577    -1.550871
    -0.128903    -1.548538
    -0.127229    -1.546246
    -0.125555    -1.543995
    -0.123881    -1.541786
    -0.122207    -1.539619
    -0.120533    -1.537495
    -0.118859    -1.535416
    -0.117185    -1.533380
    -0.115511    -1.531390
    -0.113837    -1.529446
    -0.112163    -1.527548
    -0.110488    -1.525697
    -0.108814    -1.523893
    -0.107140    -1.522138
    -0.105466    -1.520431
    -0.103792    -1.518773
    -0.102118    -1.517166
    -0.100444    -1.515608
    -0.098770    -1.514102
    -0.097096    -1.512647
    -0.095422    -1.511244
    -0.093748    -1.509893
    -0.092074    -1.508595
    -0.090400    -1.507350
    -0.088726    -1.506159
    -0.087051    -1.505022
    -0.085377    -1.503940
    -0.083703    -1.502912
    -0.082029    -1.501940
    -0.080355    -1.501023
    -0.078681    -1.500163
    -0.077007    -1.499358
    -0.075333    -1.498610
    -0.073659    -1.497919
    -0.071985    -1.497284
    -0.070311    -1.496707
    -0.068637    -1.496187
    -0.066963    -1.495724
    -0.065289    -1.495319
    -0.063615    -1.494971
    -0.061940    -1.494681
    -0.060266    -1.494449
    -0.058592    -1.494274
    -0.056918    -1.494156
    -0.055244    -1.494096
    -0.053570    -1.494093
    -0.051896    -1.494146
    -0.050222    -1.494256
    -0.048548    -1.494421
    -0.046874    -1.494643
    -0.045200    -1.494918
    -0.043526    -1.495248
    -0.041852    -1.495632
    -0.040178    -1.496067
    -0.038504    -1.496553
    -0.036829    -1.497089
    -0.035155    -1.497674
    -0.033481    -1.498305
    -0.031807    -1.498980
    -0.030133    -1.499699
    -0.028459    -1.500457
    -0.026785    -1.501251
    -0.025111    -1.502075
    -0.023437    -1.502922
    -0.021763    -1.503785
    -0.020089    -1.504655
    -0.018415    -1.505525
    -0.016741    -1.506384
    -0.015067    -1.507223
    -0.013393    -1.508031
    -0.011718    -1.508794
    -0.010044    -1.509499
    -0.008370    -1.510131
    -0.006696    -1.510674
    -0.005022    -1.511114
    -0.003348    -1.511437
    -0.001674    -1.511634
     0.000000    -1.511698
     0.001674    -1.511627
     0.003348    -1.511427
     0.005022    -1.511102
     0.006696    -1.510662
     0.008370    -1.510120
     0.010044    -1.509489
     0.011718    -1.508785
     0.013393    -1.508023
     0.015067    -1.507216
     0.016741    -1.506378
     0.018415    -1.505519
     0.020089    -1.504651
     0.021763    -1.503782
     0.023437    -1.502921
     0.025111    -1.502076
     0.026785    -1.501255
     0.028459    -1.500464
     0.030133    -1.499708
     0.031807    -1.498992
     0.033481    -1.498318
     0.035155    -1.497688
     0.036829    -1.497104
     0.038504    -1.496569
     0.040178    -1.496083
     0.041852    -1.495648
     0.043526    -1.495265
     0.045200    -1.494935
     0.046874    -1.494659
     0.048548    -1.494438
     0.050222    -1.494272
     0.051896    -1.494162
     0.053570    -1.494108
     0.055244    -1.494112
     0.056918    -1.494172
     0.058592    -1.494289
     0.060266    -1.494464
     0.061940    -1.494696
     0.063615    -1.494986
     0.065289    -1.495333
     0.066963    -1.495738
     0.068637    -1.496201
     0.070311    -1.496721
     0.071985    -1.497298
     0.073659    -1.497932
     0.075333    -1.498623
     0.077007    -1.499371
     0.078681    -1.500176
     0.080355    -1.501036
     0.082029    -1.501952
     0.083703    -1.502924
     0.085377    -1.503952
     0.087051    -1.505034
     0.088726    -1.506170
     0.090400    -1.507361
     0.092074    -1.508606
     0.093748    -1.509903
     0.095422    -1.511254
     0.097096    -1.512657
     0.098770    -1.514111
     0.100444    -1.515618
     0.102118    -1.517175
     0.103792    -1.518782
     0.105466    -1.520439
     0.107140    -1.522146
     0.108814    -1.523901
     0.110488    -1.525704
     0.112163    -1.527555
     0.113837    -1.529453
     0.115511    -1.531397
     0.117185    -1.533387
     0.118859    -1.535422
     0.120533    -1.537501
     0.122207    -1.539624
     0.123881    -1.541791
     0.125555    -1.544000
     0.127229    -1.546251
     0.128903    -1.548543
     0.130577    -1.550875
     0.132251    -1.553247
     0.133925    -1.555659
     0.135599    -1.558109
     0.137274    -1.560597
     0.138948    -1.563122
     0.140622    -1.565683
     0.142296    -1.568281
     0.143970    -1.570913
     0.145644    -1.573580
     0.147318    -1.576280
     0.148992    -1.579013
     0.150666    -1.581779
     0.152340    -1.584577
     0.154014    -1.587405
     0.155688    -1.590264
     0.157362    -1.593152
     0.159036    -1.596070
     0.160710    -1.599016
     0.162385    -1.601989
     0.164059    -1.604990
     0.165733    -1.608016
     0.167407    -1.611069


    -0.167407    -1.586170
    -0.165733    -1.583265
    -0.164059    -1.580402
    -0.162385    -1.577579
    -0.160710    -1.574798
    -0.159036    -1.572059
    -0.157362    -1.569362
    -0.155688    -1.566708
    -0.154014    -1.564097
    -0.152340    -1.561530
    -0.150666    -1.559006
    -0.148992    -1.556526
    -0.147318    -1.554090
    -0.145644    -1.551699
    -0.143970    -1.549352
    -0.142296    -1.547051
    -0.140622    -1.544795
    -0.138948    -1.542584
    -0.137274    -1.540418
    -0.135599    -1.538299
    -0.133925    -1.536225
    -0.132251    -1.534197
    -0.130577    -1.532216
    -0.128903    -1.530281
    -0.127229    -1.528392
    -0.125555    -1.526550
    -0.123881    -1.524755
    -0.122207    -1.523006
    -0.120533    -1.521305
    -0.118859    -1.519650
    -0.117185    -1.518042
    -0.115511    -1.516482
    -0.113837    -1.514968
    -0.112163    -1.513502
    -0.110488    -1.512084
    -0.108814    -1.510712
    -0.107140    -1.509388
    -0.105466    -1.508112
    -0.103792    -1.506883
    -0.102118    -1.505701
    -0.100444    -1.504568
    -0.098770    -1.503482
    -0.097096    -1.502443
    -0.095422    -1.501453
    -0.093748    -1.500510
    -0.092074    -1.499615
    -0.090400    -1.498767
    -0.088726    -1.497968
    -0.087051    -1.497216
    -0.085377    -1.496513
    -0.083703    -1.495857
    -0.082029    -1.495249
    -0.080355    -1.494689
    -0.078681    -1.494177
    -0.077007    -1.493713
    -0.075333    -1.493296
    -0.073659    -1.492928
    -0.071985    -1.492608
    -0.070311    -1.492335
    -0.068637    -1.492110
    -0.066963    -1.491933
    -0.065289    -1.491803
    -0.063615    -1.491721
    -0.061940    -1.491686
    -0.060266    -1.491698
    -0.058592    -1.491758
    -0.056918    -1.491864
    -0.055244    -1.492017
    -0.053570    -1.492216
    -0.051896    -1.492461
    -0.050222    -1.492752
    -0.048548    -1.493087
    -0.046874    -1.493468
    -0.045200    -1.493892
    -0.043526    -1.494359
    -0.041852    -1.494868
    -0.040178    -1.495419
    -0.038504    -1.496010
    -0.036829    -1.496639
    -0.035155    -1.497305
    -0.033481    -1.498005
    -0.031807    -1.498737
    -0.030133    -1.499499
    -0.028459    -1.500286
    -0.026785    -1.501095
    -0.025111    -1.501925
    -0.023437    -1.502772
    -0.021763    -1.503633
    -0.020089    -1.504502
    -0.018415    -1.505372
    -0.016741    -1.506235
    -0.015067    -1.507081
    -0.013393    -1.507897
    -0.011718    -1.508672
    -0.010044    -1.509389
    -0.008370    -1.510034
    -0.006696    -1.510591
    -0.005022    -1.511045
    -0.003348    -1.511383
    -0.001674    -1.511592
     0.000000    -1.511666
     0.001674    -1.511601
     0.003348    -1.511397
     0.005022    -1.511063
     0.006696    -1.510610
     0.008370    -1.510054
     0.010044    -1.509409
     0.011718    -1.508692
     0.013393    -1.507918
     0.015067    -1.507102
     0.016741    -1.506256
     0.018415    -1.505392
     0.020089    -1.504521
     0.021763    -1.503651
     0.023437    -1.502789
     0.025111    -1.501940
     0.026785    -1.501107
     0.028459    -1.500295
     0.030133    -1.499505
     0.031807    -1.498741
     0.033481    -1.498007
     0.035155    -1.497306
     0.036829    -1.496639
     0.038504    -1.496010
     0.040178    -1.495419
     0.041852    -1.494868
     0.043526    -1.494358
     0.045200    -1.493890
     0.046874    -1.493466
     0.048548    -1.493086
     0.050222    -1.492750
     0.051896    -1.492459
     0.053570    -1.492214
     0.055244    -1.492015
     0.056918    -1.491862
     0.058592    -1.491755
     0.060266    -1.491696
     0.061940    -1.491683
     0.063615    -1.491718
     0.065289    -1.491800
     0.066963    -1.491930
     0.068637    -1.492107
     0.070311    -1.492332
     0.071985    -1.492605
     0.073659    -1.492926
     0.075333    -1.493294
     0.077007    -1.493710
     0.078681    -1.494174
     0.080355    -1.494686
     0.082029    -1.495246
     0.083703    -1.495854
     0.085377    -1.496510
     0.087051    -1.497214
     0.088726    -1.497965
     0.090400    -1.498765
     0.092074    -1.499612
     0.093748    -1.500507
     0.095422    -1.501450
     0.097096    -1.502441
     0.098770    -1.503479
     0.100444    -1.504565
     0.102118    -1.505699
     0.103792    -1.506880
     0.105466    -1.508109
     0.107140    -1.509386
     0.108814    -1.510710
     0.110488    -1.512081
     0.112163    -1.513500
     0.113837    -1.514966
     0.115511    -1.516480
     0.117185    -1.518040
     0.118859    -1.519648
     0.120533    -1.521303
     0.122207    -1.523004
     0.123881    -1.524753
     0.125555    -1.526548
     0.127229    -1.528390
     0.128903    -1.530279
     0.130577    -1.532214
     0.132251    -1.534196
     0.133925    -1.536224
     0.135599    -1.538297
     0.137274    -1.540417
     0.138948    -1.542583
     0.140622    -1.544794
     0.142296    -1.547050
     0.143970    -1.549352
     0.145644    -1.551698
     0.147318    -1.554090
     0.148992    -1.556525
     0.150666    -1.559006
     0.152340    -1.561530
     0.154014    -1.564097
     0.155688    -1.566708
     0.157362    -1.569362
     0.159036    -1.572059
     0.160710    -1.574798
     0.162385    -1.577579
     0.164059    -1.580402
     0.165733    -1.583266
     0.167407    -1.586170


    -0.167407    -1.230233
    -0.165733    -1.225024
    -0.164059    -1.219763
    -0.162385    -1.214449
    -0.160710    -1.209083
    -0.159036    -1.203666
    -0.157362    -1.198196
    -0.155688    -1.192676
    -0.154014    -1.187111
    -0.152340    -1.182014
    -0.150666    -1.177178
    -0.148992    -1.172299
    -0.147318    -1.167373
    -0.145644    -1.162401
    -0.143970    -1.157380
    -0.142296    -1.152311
    -0.140622    -1.147192
    -0.138948    -1.142024
    -0.137274    -1.136804
    -0.135599    -1.131533
    -0.133925    -1.126210
    -0.132251    -1.120835
    -0.130577    -1.115407
    -0.128903    -1.109925
    -0.127229    -1.104390
    -0.125555    -1.098800
    -0.123881    -1.093156
    -0.122207    -1.087458
    -0.120533    -1.081705
    -0.118859    -1.075896
    -0.117185    -1.070033
    -0.115511    -1.064116
    -0.113837    -1.058143
    -0.112163    -1.052116
    -0.110488    -1.046035
    -0.108814    -1.039900
    -0.107140    -1.033711
    -0.105466    -1.027470
    -0.103792    -1.021177
    -0.102118    -1.014833
    -0.100444    -1.008438
    -0.098770    -1.001994
    -0.097096    -0.995501
    -0.095422    -0.988962
    -0.093748    -0.982377
    -0.092074    -0.975749
    -0.090400    -0.969078
    -0.088726    -0.962366
    -0.087051    -0.955616
    -0.085377    -0.948830
    -0.083703    -0.942009
    -0.082029    -0.935157
    -0.080355    -0.928276
    -0.078681    -0.921369
    -0.077007    -0.914439
    -0.075333    -0.907489
    -0.073659    -0.900523
    -0.071985    -0.893545
    -0.070311    -0.886557
    -0.068637    -0.879565
    -0.066963    -0.872573
    -0.065289    -0.865586
    -0.063615    -0.858609
    -0.061940    -0.851646
    -0.060266    -0.844704
    -0.058592    -0.837789
    -0.056918    -0.830906
    -0.055244    -0.824063
    -0.053570    -0.817267
    -0.051896    -0.810524
    -0.050222    -0.803844
    -0.048548    -0.797233
    -0.046874    -0.790702
    -0.045200    -0.784258
    -0.043526    -0.777911
    -0.041852    -0.771672
    -0.040178    -0.765551
    -0.038504    -0.759558
    -0.036829    -0.753705
    -0.035155    -0.748004
    -0.033481    -0.742466
    -0.031807    -0.737103
    -0.030133    -0.731927
    -0.028459    -0.726952
    -0.026785    -0.722189
    -0.025111    -0.717650
    -0.023437    -0.713349
    -0.021763    -0.709296
    -0.020089    -0.705502
    -0.018415    -0.701979
    -0.016741    -0.698735
    -0.015067    -0.695781
    -0.013393    -0.693123
    -0.011718    -0.690769
    -0.010044    -0.688723
    -0.008370    -0.686990
    -0.006696    -0.685573
    -0.005022    -0.684475
    -0.003348    -0.683695
    -0.001674    -0.683229
     0.000000    -0.683072
     0.001674    -0.683224
     0.003348    -0.683689
     0.005022    -0.684471
     0.006696    -0.685572
     0.008370    -0.686989
     0.010044    -0.688722
     0.011718    -0.690768
     0.013393    -0.693122
     0.015067    -0.695780
     0.016741    -0.698734
     0.018415    -0.701977
     0.020089    -0.705500
     0.021763    -0.709294
     0.023437    -0.713347
     0.025111    -0.717648
     0.026785    -0.722186
     0.028459    -0.726949
     0.030133    -0.731924
     0.031807    -0.737099
     0.033481    -0.742462
     0.035155    -0.748000
     0.036829    -0.753702
     0.038504    -0.759554
     0.040178    -0.765547
     0.041852    -0.771668
     0.043526    -0.777907
     0.045200    -0.784254
     0.046874    -0.790698
     0.048548    -0.797229
     0.050222    -0.803840
     0.051896    -0.810520
     0.053570    -0.817263
     0.055244    -0.824059
     0.056918    -0.830902
     0.058592    -0.837785
     0.060266    -0.844700
     0.061940    -0.851642
     0.063615    -0.858605
     0.065289    -0.865582
     0.066963    -0.872570
     0.068637    -0.879562
     0.070311    -0.886554
     0.071985    -0.893541
     0.073659    -0.900520
     0.075333    -0.907486
     0.077007    -0.914436
     0.078681    -0.921366
     0.080355    -0.928273
     0.082029    -0.935154
     0.083703    -0.942006
     0.085377    -0.948827
     0.087051    -0.955613
     0.088726    -0.962363
     0.090400    -0.969075
     0.092074    -0.975746
     0.093748    -0.982375
     0.095422    -0.988960
     0.097096    -0.995499
     0.098770    -1.001991
     0.100444    -1.008436
     0.102118    -1.014831
     0.103792    -1.021175
     0.105466    -1.027468
     0.107140    -1.033710
     0.108814    -1.039898
     0.110488    -1.046033
     0.112163    -1.052114
     0.113837    -1.058142
     0.115511    -1.064114
     0.117185    -1.070032
     0.118859    -1.075895
     0.120533    -1.081704
     0.122207    -1.087457
     0.123881    -1.093155
     0.125555    -1.098799
     0.127229    -1.104389
     0.128903    -1.109925
     0.130577    -1.115406
     0.132251    -1.120835
     0.133925    -1.126210
     0.135599    -1.131533
     0.137274    -1.136804
     0.138948    -1.142024
     0.140622    -1.147193
     0.142296    -1.152311
     0.143970    -1.157381
     0.145644    -1.162401
     0.147318    -1.167374
     0.148992    -1.172299
     0.150666    -1.177178
     0.152340    -1.182014
     0.154014    -1.187101
     0.155688    -1.192666
     0.157362    -1.198186
     0.159036    -1.203655
     0.160710    -1.209073
     0.162385    -1.214438
     0.164059    -1.219751
     0.165733    -1.225012
     0.167407    -1.230221


    -0.167407    -1.223564
    -0.165733    -1.219109
    -0.164059    -1.214615
    -0.162385    -1.210082
    -0.160710    -1.205508
    -0.159036    -1.200893
    -0.157362    -1.196235
    -0.155688    -1.191535
    -0.154014    -1.186784
    -0.152340    -1.181468
    -0.150666    -1.175797
    -0.148992    -1.170072
    -0.147318    -1.164296
    -0.145644    -1.158471
    -0.143970    -1.152596
    -0.142296    -1.146672
    -0.140622    -1.140701
    -0.138948    -1.134682
    -0.137274    -1.128617
    -0.135599    -1.122506
    -0.133925    -1.116350
    -0.132251    -1.110150
    -0.130577    -1.103908
    -0.128903    -1.097623
    -0.127229    -1.091298
    -0.125555    -1.084933
    -0.123881    -1.078529
    -0.122207    -1.072088
    -0.120533    -1.065612
    -0.118859    -1.059100
    -0.117185    -1.052556
    -0.115511    -1.045981
    -0.113837    -1.039375
    -0.112163    -1.032741
    -0.110488    -1.026080
    -0.108814    -1.019395
    -0.107140    -1.012686
    -0.105466    -1.005957
    -0.103792    -0.999208
    -0.102118    -0.992442
    -0.100444    -0.985660
    -0.098770    -0.978866
    -0.097096    -0.972061
    -0.095422    -0.965248
    -0.093748    -0.958428
    -0.092074    -0.951605
    -0.090400    -0.944780
    -0.088726    -0.937957
    -0.087051    -0.931137
    -0.085377    -0.924324
    -0.083703    -0.917521
    -0.082029    -0.910730
    -0.080355    -0.903954
    -0.078681    -0.897196
    -0.077007    -0.890460
    -0.075333    -0.883747
    -0.073659    -0.877063
    -0.071985    -0.870410
    -0.070311    -0.863791
    -0.068637    -0.857210
    -0.066963    -0.850671
    -0.065289    -0.844177
    -0.063615    -0.837733
    -0.061940    -0.831342
    -0.060266    -0.825008
    -0.058592    -0.818735
    -0.056918    -0.812529
    -0.055244    -0.806393
    -0.053570    -0.800331
    -0.051896    -0.794350
    -0.050222    -0.788452
    -0.048548    -0.782645
    -0.046874    -0.776932
    -0.045200    -0.771320
    -0.043526    -0.765813
    -0.041852    -0.760418
    -0.040178    -0.755141
    -0.038504    -0.749987
    -0.036829    -0.744964
    -0.035155    -0.740078
    -0.033481    -0.735335
    -0.031807    -0.730744
    -0.030133    -0.726311
    -0.028459    -0.722044
    -0.026785    -0.717950
    -0.025111    -0.714039
    -0.023437    -0.710317
    -0.021763    -0.706795
    -0.020089    -0.703479
    -0.018415    -0.700380
    -0.016741    -0.697506
    -0.015067    -0.694866
    -0.013393    -0.692469
    -0.011718    -0.690324
    -0.010044    -0.688440
    -0.008370    -0.686825
    -0.006696    -0.685488
    -0.005022    -0.684434
    -0.003348    -0.683672
    -0.001674    -0.683210
     0.000000    -0.683057
     0.001674    -0.683214
     0.003348    -0.683677
     0.005022    -0.684436
     0.006696    -0.685487
     0.008370    -0.686823
     0.010044    -0.688438
     0.011718    -0.690321
     0.013393    -0.692466
     0.015067    -0.694862
     0.016741    -0.697502
     0.018415    -0.700376
     0.020089    -0.703475
     0.021763    -0.706790
     0.023437    -0.710313
     0.025111    -0.714034
     0.026785    -0.717945
     0.028459    -0.722039
     0.030133    -0.726306
     0.031807    -0.730739
     0.033481    -0.735331
     0.035155    -0.740073
     0.036829    -0.744960
     0.038504    -0.749983
     0.040178    -0.755136
     0.041852    -0.760414
     0.043526    -0.765809
     0.045200    -0.771316
     0.046874    -0.776929
     0.048548    -0.782641
     0.050222    -0.788449
     0.051896    -0.794347
     0.053570    -0.800328
     0.055244    -0.806390
     0.056918    -0.812527
     0.058592    -0.818733
     0.060266    -0.825006
     0.061940    -0.831340
     0.063615    -0.837731
     0.065289    -0.844176
     0.066963    -0.850670
     0.068637    -0.857209
     0.070311    -0.863790
     0.071985    -0.870409
     0.073659    -0.877062
     0.075333    -0.883747
     0.077007    -0.890459
     0.078681    -0.897196
     0.080355    -0.903954
     0.082029    -0.910730
     0.083703    -0.917521
     0.085377    -0.924324
     0.087051    -0.931137
     0.088726    -0.937957
     0.090400    -0.944780
     0.092074    -0.951605
     0.093748    -0.958428
     0.095422    -0.965248
     0.097096    -0.972061
     0.098770    -0.978866
     0.100444    -0.985660
     0.102118    -0.992441
     0.103792    -0.999207
     0.105466    -1.005956
     0.107140    -1.012686
     0.108814    -1.019394
     0.110488    -1.026080
     0.112163    -1.032740
     0.113837    -1.039374
     0.115511    -1.045979
     0.117185    -1.052555
     0.118859    -1.059099
     0.120533    -1.065609
     0.122207    -1.072086
     0.123881    -1.078526
     0.125555    -1.084930
     0.127229    -1.091294
     0.128903    -1.097620
     0.130577    -1.103904
     0.132251    -1.110146
     0.133925    -1.116346
     0.135599    -1.122501
     0.137274    -1.128612
     0.138948    -1.134677
     0.140622    -1.140695
     0.142296    -1.146666
     0.143970    -1.152589
     0.145644    -1.158464
     0.147318    -1.164289
     0.148992    -1.170065
     0.150666    -1.175789
     0.152340    -1.181461
     0.154014    -1.186786
     0.155688    -1.191536
     0.157362    -1.196237
     0.159036    -1.200894
     0.160710    -1.205509
     0.162385    -1.210083
     0.164059    -1.214617
     0.165733    -1.219111
     0.167407    -1.223566


    -0.167407    -0.461341
    -0.165733    -0.457708
    -0.164059    -0.454119
    -0.162385    -0.450575
    -0.160710    -0.447077
    -0.159036    -0.443626
    -0.157362    -0.440222
    -0.155688    -0.436866
    -0.154014    -0.433559
    -0.152340    -0.430300
    -0.150666    -0.427092
    -0.148992    -0.423934
    -0.147318    -0.420828
    -0.145644    -0.417773
    -0.143970    -0.414771
    -0.142296    -0.411822
    -0.140622    -0.408927
    -0.138948    -0.406086
    -0.137274    -0.403300
    -0.135599    -0.400570
    -0.133925    -0.397896
    -0.132251    -0.395278
    -0.130577    -0.392717
    -0.128903    -0.390214
    -0.127229    -0.387770
    -0.125555    -0.385383
    -0.123881    -0.383056
    -0.122207    -0.380789
    -0.120533    -0.378581
    -0.118859    -0.376433
    -0.117185    -0.374346
    -0.115511    -0.372320
    -0.113837    -0.370355
    -0.112163    -0.368451
    -0.110488    -0.366609
    -0.108814    -0.364829
    -0.107140    -0.363110
    -0.105466    -0.361453
    -0.103792    -0.359857
    -0.102118    -0.358323
    -0.100444    -0.356851
    -0.098770    -0.355440
    -0.097096    -0.354091
    -0.095422    -0.352801
    -0.093748    -0.351572
    -0.092074    -0.350403
    -0.090400    -0.349293
    -0.088726    -0.348241
    -0.087051    -0.347247
    -0.085377    -0.346310
    -0.083703    -0.345428
    -0.082029    -0.344600
    -0.080355    -0.343825
    -0.078681    -0.343102
    -0.077007    -0.342429
    -0.075333    -0.341804
    -0.073659    -0.341225
    -0.071985    -0.340689
    -0.070311    -0.340196
    -0.068637    -0.339741
    -0.066963    -0.339322
    -0.065289    -0.338936
    -0.063615    -0.338580
    -0.061940    -0.338249
    -0.060266    -0.337941
    -0.058592    -0.337650
    -0.056918    -0.337372
    -0.055244    -0.337102
    -0.053570    -0.336835
    -0.051896    -0.336565
    -0.050222    -0.336285
    -0.048548    -0.335990
    -0.046874    -0.335672
    -0.045200    -0.335324
    -0.043526    -0.334938
    -0.041852    -0.334505
    -0.040178    -0.334017
    -0.038504    -0.333465
    -0.036829    -0.332839
    -0.035155    -0.332130
    -0.033481    -0.331326
    -0.031807    -0.330417
    -0.030133    -0.329393
    -0.028459    -0.328243
    -0.026785    -0.326956
    -0.025111    -0.325521
    -0.023437    -0.323928
    -0.021763    -0.322165
    -0.020089    -0.320225
    -0.018415    -0.318097
    -0.016741    -0.315773
    -0.015067    -0.313246
    -0.013393    -0.310510
    -0.011718    -0.307559
    -0.010044    -0.304389
    -0.008370    -0.300998
    -0.006696    -0.297385
    -0.005022    -0.293550
    -0.003348    -0.289494
    -0.001674    -0.285221
     0.000000    -0.280757
     0.001674    -0.285242
     0.003348    -0.289515
     0.005022    -0.293571
     0.006696    -0.297407
     0.008370    -0.301020
     0.010044    -0.304412
     0.011718    -0.307582
     0.013393    -0.310534
     0.015067    -0.313271
     0.016741    -0.315798
     0.018415    -0.318122
     0.020089    -0.320250
     0.021763    -0.322191
     0.023437    -0.323953
     0.025111    -0.325547
     0.026785    -0.326982
     0.028459    -0.328270
     0.030133    -0.329420
     0.031807    -0.330444
     0.033481    -0.331352
     0.035155    -0.332156
     0.036829    -0.332866
     0.038504    -0.333492
     0.040178    -0.334044
     0.041852    -0.334531
     0.043526    -0.334964
     0.045200    -0.335350
     0.046874    -0.335698
     0.048548    -0.336015
     0.050222    -0.336310
     0.051896    -0.336589
     0.053570    -0.336859
     0.055244    -0.337126
     0.056918    -0.337396
     0.058592    -0.337673
     0.060266    -0.337964
     0.061940    -0.338272
     0.063615    -0.338602
     0.065289    -0.338958
     0.066963    -0.339344
     0.068637    -0.339762
     0.070311    -0.340217
     0.071985    -0.340710
     0.073659    -0.341245
     0.075333    -0.341823
     0.077007    -0.342448
     0.078681    -0.343121
     0.080355    -0.343844
     0.082029    -0.344618
     0.083703    -0.345445
     0.085377    -0.346327
     0.087051    -0.347264
     0.088726    -0.348258
     0.090400    -0.349309
     0.092074    -0.350419
     0.093748    -0.351588
     0.095422    -0.352816
     0.097096    -0.354105
     0.098770    -0.355455
     0.100444    -0.356865
     0.102118    -0.358337
     0.103792    -0.359870
     0.105466    -0.361465
     0.107140    -0.363122
     0.108814    -0.364841
     0.110488    -0.366621
     0.112163    -0.368463
     0.113837    -0.370366
     0.115511    -0.372331
     0.117185    -0.374357
     0.118859    -0.376444
     0.120533    -0.378591
     0.122207    -0.380798
     0.123881    -0.383066
     0.125555    -0.385393
     0.127229    -0.387779
     0.128903    -0.390223
     0.130577    -0.392726
     0.132251    -0.395286
     0.133925    -0.397904
     0.135599    -0.400578
     0.137274    -0.403308
     0.138948    -0.406094
     0.140622    -0.408935
     0.142296    -0.411830
     0.143970    -0.414779
     0.145644    -0.417781
     0.147318    -0.420835
     0.148992    -0.423941
     0.150666    -0.427099
     0.152340    -0.430307
     0.154014    -0.433565
     0.155688    -0.436873
     0.157362    -0.440229
     0.159036    -0.443633
     0.160710    -0.447084
     0.162385    -0.450582
     0.164059    -0.454126
     0.165733    -0.457715
     0.167407    -0.461348


    -0.167407    -0.401718
    -0.165733    -0.396044
    -0.164059    -0.390375
    -0.162385    -0.384712
    -0.160710    -0.379056
    -0.159036    -0.373406
    -0.157362    -0.367762
    -0.155688    -0.362126
    -0.154014    -0.356496
    -0.152340    -0.350873
    -0.150666    -0.345258
    -0.148992    -0.339651
    -0.147318    -0.334052
    -0.145644    -0.328462
    -0.143970    -0.322879
    -0.142296    -0.317306
    -0.140622    -0.311743
    -0.138948    -0.306189
    -0.137274    -0.300645
    -0.135599    -0.295111
    -0.133925    -0.289589
    -0.132251    -0.284078
    -0.130577    -0.278580
    -0.128903    -0.273094
    -0.127229    -0.267622
    -0.125555    -0.262164
    -0.123881    -0.256721
    -0.122207    -0.251294
    -0.120533    -0.245883
    -0.118859    -0.240491
    -0.117185    -0.235118
    -0.115511    -0.229766
    -0.113837    -0.224435
    -0.112163    -0.219128
    -0.110488    -0.213847
    -0.108814    -0.208593
    -0.107140    -0.203369
    -0.105466    -0.198177
    -0.103792    -0.193021
    -0.102118    -0.187903
    -0.100444    -0.182828
    -0.098770    -0.177799
    -0.097096    -0.172820
    -0.095422    -0.167898
    -0.093748    -0.163038
    -0.092074    -0.158246
    -0.090400    -0.153531
    -0.088726    -0.148901
    -0.087051    -0.144367
    -0.085377    -0.139938
    -0.083703    -0.135628
    -0.082029    -0.131452
    -0.080355    -0.127425
    -0.078681    -0.123568
    -0.077007    -0.119900
    -0.075333    -0.116445
    -0.073659    -0.113230
    -0.071985    -0.110284
    -0.070311    -0.107638
    -0.068637    -0.105328
    -0.066963    -0.103388
    -0.065289    -0.101856
    -0.063615    -0.100768
    -0.061940    -0.100158
    -0.060266    -0.100055
    -0.058592    -0.100485
    -0.056918    -0.101462
    -0.055244    -0.102994
    -0.053570    -0.105076
    -0.051896    -0.107695
    -0.050222    -0.110828
    -0.048548    -0.114444
    -0.046874    -0.118507
    -0.045200    -0.122975
    -0.043526    -0.127809
    -0.041852    -0.132964
    -0.040178    -0.138400
    -0.038504    -0.144076
    -0.036829    -0.149957
    -0.035155    -0.156005
    -0.033481    -0.162191
    -0.031807    -0.168482
    -0.030133    -0.174853
    -0.028459    -0.181277
    -0.026785    -0.187732
    -0.025111    -0.194196
    -0.023437    -0.200647
    -0.021763    -0.207068
    -0.020089    -0.213441
    -0.018415    -0.219748
    -0.016741    -0.225974
    -0.015067    -0.232103
    -0.013393    -0.238120
    -0.011718    -0.244013
    -0.010044    -0.249768
    -0.008370    -0.255372
    -0.006696    -0.260814
    -0.005022    -0.266083
    -0.003348    -0.271168
    -0.001674    -0.276062
     0.000000    -0.280734
     0.001674    -0.276043
     0.003348    -0.271150
     0.005022    -0.266065
     0.006696    -0.260796
     0.008370    -0.255355
     0.010044    -0.249751
     0.011718    -0.243997
     0.013393    -0.238105
     0.015067    -0.232088
     0.016741    -0.225959
     0.018415    -0.219734
     0.020089    -0.213428
     0.021763    -0.207056
     0.023437    -0.200635
     0.025111    -0.194184
     0.026785    -0.187721
     0.028459    -0.181266
     0.030133    -0.174842
     0.031807    -0.168472
     0.033481    -0.162180
     0.035155    -0.155996
     0.036829    -0.149947
     0.038504    -0.144067
     0.040178    -0.138390
     0.041852    -0.132955
     0.043526    -0.127799
     0.045200    -0.122966
     0.046874    -0.118497
     0.048548    -0.114434
     0.050222    -0.110818
     0.051896    -0.107685
     0.053570    -0.105066
     0.055244    -0.102983
     0.056918    -0.101451
     0.058592    -0.100473
     0.060266    -0.100043
     0.061940    -0.100144
     0.063615    -0.100754
     0.065289    -0.101842
     0.066963    -0.103373
     0.068637    -0.105312
     0.070311    -0.107622
     0.071985    -0.110267
     0.073659    -0.113213
     0.075333    -0.116428
     0.077007    -0.119882
     0.078681    -0.123550
     0.080355    -0.127407
     0.082029    -0.131434
     0.083703    -0.135610
     0.085377    -0.139919
     0.087051    -0.144348
     0.088726    -0.148883
     0.090400    -0.153513
     0.092074    -0.158227
     0.093748    -0.163019
     0.095422    -0.167879
     0.097096    -0.172801
     0.098770    -0.177780
     0.100444    -0.182809
     0.102118    -0.187885
     0.103792    -0.193003
     0.105466    -0.198159
     0.107140    -0.203351
     0.108814    -0.208575
     0.110488    -0.213829
     0.112163    -0.219111
     0.113837    -0.224418
     0.115511    -0.229749
     0.117185    -0.235102
     0.118859    -0.240475
     0.120533    -0.245868
     0.122207    -0.251279
     0.123881    -0.256706
     0.125555    -0.262150
     0.127229    -0.267608
     0.128903    -0.273081
     0.130577    -0.278567
     0.132251    -0.284066
     0.133925    -0.289577
     0.135599    -0.295100
     0.137274    -0.300634
     0.138948    -0.306178
     0.140622    -0.311733
     0.142296    -0.317297
     0.143970    -0.322871
     0.145644    -0.328453
     0.147318    -0.334045
     0.148992    -0.339644
     0.150666    -0.345252
     0.152340    -0.350868
     0.154014    -0.356491
     0.155688    -0.362121
     0.157362    -0.367758
     0.159036    -0.373402
     0.160710    -0.379053
     0.162385    -0.384710
     0.164059    -0.390374
     0.165733    -0.396043
     0.167407    -0.401718


    -0.167407     0.626160
    -0.165733     0.617594
    -0.164059     0.609006
    -0.162385     0.600397
    -0.160710     0.591767
    -0.159036     0.583116
    -0.157362     0.574446
    -0.155688     0.565757
    -0.154014     0.557049
    -0.152340     0.548323
    -0.150666     0.539580
    -0.148992     0.530819
    -0.147318     0.522042
    -0.145644     0.513250
    -0.143970     0.504443
    -0.142296     0.495622
    -0.140622     0.486787
    -0.138948     0.477941
    -0.137274     0.469083
    -0.135599     0.460214
    -0.133925     0.451336
    -0.132251     0.442449
    -0.130577     0.433556
    -0.128903     0.424656
    -0.127229     0.415751
    -0.125555     0.406844
    -0.123881     0.397934
    -0.122207     0.389025
    -0.120533     0.380117
    -0.118859     0.371212
    -0.117185     0.362313
    -0.115511     0.353422
    -0.113837     0.344541
    -0.112163     0.335672
    -0.110488     0.326819
    -0.108814     0.317984
    -0.107140     0.309170
    -0.105466     0.300382
    -0.103792     0.291623
    -0.102118     0.282898
    -0.100444     0.274211
    -0.098770     0.265568
    -0.097096     0.256975
    -0.095422     0.248438
    -0.093748     0.239965
    -0.092074     0.231563
    -0.090400     0.223242
    -0.088726     0.215012
    -0.087051     0.206884
    -0.085377     0.198872
    -0.083703     0.190989
    -0.082029     0.183252
    -0.080355     0.175680
    -0.078681     0.168292
    -0.077007     0.161113
    -0.075333     0.154167
    -0.073659     0.147483
    -0.071985     0.141093
    -0.070311     0.135031
    -0.068637     0.129333
    -0.066963     0.124037
    -0.065289     0.119184
    -0.063615     0.114812
    -0.061940     0.110957
    -0.060266     0.107654
    -0.058592     0.104928
    -0.056918     0.102800
    -0.055244     0.101277
    -0.053570     0.100362
    -0.051896     0.100043
    -0.050222     0.100301
    -0.048548     0.101109
    -0.046874     0.102435
    -0.045200     0.104243
    -0.043526     0.106496
    -0.041852     0.109155
    -0.040178     0.112185
    -0.038504     0.115551
    -0.036829     0.119220
    -0.035155     0.123164
    -0.033481     0.127356
    -0.031807     0.131773
    -0.030133     0.136392
    -0.028459     0.141196
    -0.026785     0.146168
    -0.025111     0.151293
    -0.023437     0.156559
    -0.021763     0.161953
    -0.020089     0.167467
    -0.018415     0.173090
    -0.016741     0.178815
    -0.015067     0.184635
    -0.013393     0.190543
    -0.011718     0.196533
    -0.010044     0.202601
    -0.008370     0.208742
    -0.006696     0.214951
    -0.005022     0.221225
    -0.003348     0.227560
    -0.001674     0.233953
     0.000000     0.240398
     0.001674     0.233955
     0.003348     0.227562
     0.005022     0.221228
     0.006696     0.214954
     0.008370     0.208745
     0.010044     0.202605
     0.011718     0.196537
     0.013393     0.190547
     0.015067     0.184639
     0.016741     0.178820
     0.018415     0.173095
     0.020089     0.167472
     0.021763     0.161960
     0.023437     0.156565
     0.025111     0.151300
     0.026785     0.146175
     0.028459     0.141204
     0.030133     0.136400
     0.031807     0.131781
     0.033481     0.127365
     0.035155     0.123173
     0.036829     0.119229
     0.038504     0.115560
     0.040178     0.112195
     0.041852     0.109165
     0.043526     0.106505
     0.045200     0.104252
     0.046874     0.102444
     0.048548     0.101118
     0.050222     0.100309
     0.051896     0.100051
     0.053570     0.100370
     0.055244     0.101285
     0.056918     0.102807
     0.058592     0.104935
     0.060266     0.107660
     0.061940     0.110963
     0.063615     0.114817
     0.065289     0.119188
     0.066963     0.124041
     0.068637     0.129336
     0.070311     0.135034
     0.071985     0.141095
     0.073659     0.147485
     0.075333     0.154168
     0.077007     0.161113
     0.078681     0.168293
     0.080355     0.175680
     0.082029     0.183252
     0.083703     0.190988
     0.085377     0.198870
     0.087051     0.206882
     0.088726     0.215010
     0.090400     0.223239
     0.092074     0.231560
     0.093748     0.239962
     0.095422     0.248435
     0.097096     0.256972
     0.098770     0.265565
     0.100444     0.274207
     0.102118     0.282894
     0.103792     0.291619
     0.105466     0.300377
     0.107140     0.309165
     0.108814     0.317978
     0.110488     0.326813
     0.112163     0.335667
     0.113837     0.344535
     0.115511     0.353416
     0.117185     0.362307
     0.118859     0.371206
     0.120533     0.380111
     0.122207     0.389018
     0.123881     0.397928
     0.125555     0.406837
     0.127229     0.415745
     0.128903     0.424649
     0.130577     0.433549
     0.132251     0.442442
     0.133925     0.451329
     0.135599     0.460207
     0.137274     0.469075
     0.138948     0.477933
     0.140622     0.486780
     0.142296     0.495614
     0.143970     0.504435
     0.145644     0.513242
     0.147318     0.522035
     0.148992     0.530811
     0.150666     0.539572
     0.152340     0.548315
     0.154014     0.557041
     0.155688     0.565749
     0.157362     0.574439
     0.159036     0.583109
     0.160710     0.591759
     0.162385     0.600389
     0.164059     0.608998
     0.165733     0.617586
     0.167407     0.626152


    -0.167407     0.890877
    -0.165733     0.885426
    -0.164059     0.879956
    -0.162385     0.874467
    -0.160710     0.868959
    -0.159036     0.863430
    -0.157362     0.857882
    -0.155688     0.852313
    -0.154014     0.846723
    -0.152340     0.841112
    -0.150666     0.835478
    -0.148992     0.829823
    -0.147318     0.824144
    -0.145644     0.818442
    -0.143970     0.812717
    -0.142296     0.806967
    -0.140622     0.801192
    -0.138948     0.795393
    -0.137274     0.789568
    -0.135599     0.783717
    -0.133925     0.777840
    -0.132251     0.771936
    -0.130577     0.766004
    -0.128903     0.760045
    -0.127229     0.754058
    -0.125555     0.748043
    -0.123881     0.741998
    -0.122207     0.735925
    -0.120533     0.729823
    -0.118859     0.723690
    -0.117185     0.717528
    -0.115511     0.711336
    -0.113837     0.705113
    -0.112163     0.698860
    -0.110488     0.692576
    -0.108814     0.686261
    -0.107140     0.679915
    -0.105466     0.673539
    -0.103792     0.667131
    -0.102118     0.660693
    -0.100444     0.654224
    -0.098770     0.647725
    -0.097096     0.641195
    -0.095422     0.634635
    -0.093748     0.628044
    -0.092074     0.621425
    -0.090400     0.614776
    -0.088726     0.608098
    -0.087051     0.601392
    -0.085377     0.594658
    -0.083703     0.587897
    -0.082029     0.581109
    -0.080355     0.574296
    -0.078681     0.567457
    -0.077007     0.560594
    -0.075333     0.553707
    -0.073659     0.546798
    -0.071985     0.539866
    -0.070311     0.532914
    -0.068637     0.525942
    -0.066963     0.518952
    -0.065289     0.511944
    -0.063615     0.504919
    -0.061940     0.497880
    -0.060266     0.490826
    -0.058592     0.483759
    -0.056918     0.476682
    -0.055244     0.469594
    -0.053570     0.462497
    -0.051896     0.455394
    -0.050222     0.448284
    -0.048548     0.441170
    -0.046874     0.434054
    -0.045200     0.426936
    -0.043526     0.419818
    -0.041852     0.412702
    -0.040178     0.405590
    -0.038504     0.398483
    -0.036829     0.391383
    -0.035155     0.384290
    -0.033481     0.377208
    -0.031807     0.370138
    -0.030133     0.363081
    -0.028459     0.356039
    -0.026785     0.349014
    -0.025111     0.342007
    -0.023437     0.335021
    -0.021763     0.328057
    -0.020089     0.321117
    -0.018415     0.314202
    -0.016741     0.307315
    -0.015067     0.300458
    -0.013393     0.293632
    -0.011718     0.286839
    -0.010044     0.280082
    -0.008370     0.273362
    -0.006696     0.266681
    -0.005022     0.260043
    -0.003348     0.253448
    -0.001674     0.246901
     0.000000     0.240404
     0.001674     0.246900
     0.003348     0.253448
     0.005022     0.260042
     0.006696     0.266681
     0.008370     0.273362
     0.010044     0.280082
     0.011718     0.286840
     0.013393     0.293633
     0.015067     0.300459
     0.016741     0.307316
     0.018415     0.314203
     0.020089     0.321118
     0.021763     0.328058
     0.023437     0.335023
     0.025111     0.342009
     0.026785     0.349016
     0.028459     0.356041
     0.030133     0.363083
     0.031807     0.370140
     0.033481     0.377210
     0.035155     0.384292
     0.036829     0.391385
     0.038504     0.398485
     0.040178     0.405592
     0.041852     0.412704
     0.043526     0.419820
     0.045200     0.426938
     0.046874     0.434055
     0.048548     0.441172
     0.050222     0.448285
     0.051896     0.455395
     0.053570     0.462498
     0.055244     0.469595
     0.056918     0.476682
     0.058592     0.483760
     0.060266     0.490826
     0.061940     0.497880
     0.063615     0.504919
     0.065289     0.511944
     0.066963     0.518952
     0.068637     0.525942
     0.070311     0.532914
     0.071985     0.539865
     0.073659     0.546796
     0.075333     0.553706
     0.077007     0.560592
     0.078681     0.567455
     0.080355     0.574294
     0.082029     0.581107
     0.083703     0.587895
     0.085377     0.594655
     0.087051     0.601389
     0.088726     0.608095
     0.090400     0.614772
     0.092074     0.621421
     0.093748     0.628041
     0.095422     0.634631
     0.097096     0.641191
     0.098770     0.647720
     0.100444     0.654220
     0.102118     0.660688
     0.103792     0.667126
     0.105466     0.673534
     0.107140     0.679910
     0.108814     0.686255
     0.110488     0.692570
     0.112163     0.698854
     0.113837     0.705107
     0.115511     0.711329
     0.117185     0.717522
     0.118859     0.723684
     0.120533     0.729816
     0.122207     0.735918
     0.123881     0.741992
     0.125555     0.748036
     0.127229     0.754051
     0.128903     0.760038
     0.130577     0.765997
     0.132251     0.771928
     0.133925     0.777832
     0.135599     0.783709
     0.137274     0.789560
     0.138948     0.795385
     0.140622     0.801185
     0.142296     0.806959
     0.143970     0.812709
     0.145644     0.818434
     0.147318     0.824136
     0.148992     0.829815
     0.150666     0.835470
     0.152340     0.841104
     0.154014     0.846715
     0.155688     0.852305
     0.157362     0.857874
     0.159036     0.863422
     0.160710     0.868950
     0.162385     0.874459
     0.164059     0.879948
     0.165733     0.885418
     0.167407     0.890869


    -0.167407     1.822726
    -0.165733     1.815321
    -0.164059     1.807943
    -0.162385     1.800592
    -0.160710     1.793271
    -0.159036     1.785982
    -0.157362     1.778727
    -0.155688     1.771508
    -0.154014     1.764326
    -0.152340     1.757185
    -0.150666     1.750086
    -0.148992     1.743032
    -0.147318     1.736023
    -0.145644     1.729064
    -0.143970     1.722154
    -0.142296     1.715298
    -0.140622     1.708497
    -0.138948     1.701753
    -0.137274     1.695068
    -0.135599     1.688445
    -0.133925     1.681885
    -0.132251     1.675391
    -0.130577     1.668966
    -0.128903     1.662610
    -0.127229     1.656326
    -0.125555     1.650117
    -0.123881     1.643985
    -0.122207     1.637930
    -0.120533     1.631957
    -0.118859     1.626066
    -0.117185     1.620259
    -0.115511     1.614539
    -0.113837     1.608908
    -0.112163     1.603367
    -0.110488     1.597918
    -0.108814     1.592563
    -0.107140     1.587304
    -0.105466     1.582143
    -0.103792     1.577080
    -0.102118     1.572119
    -0.100444     1.567260
    -0.098770     1.562505
    -0.097096     1.557855
    -0.095422     1.553313
    -0.093748     1.548878
    -0.092074     1.544553
    -0.090400     1.540338
    -0.088726     1.536235
    -0.087051     1.532245
    -0.085377     1.528369
    -0.083703     1.524608
    -0.082029     1.520963
    -0.080355     1.517434
    -0.078681     1.514023
    -0.077007     1.510730
    -0.075333     1.507555
    -0.073659     1.504500
    -0.071985     1.501564
    -0.070311     1.498749
    -0.068637     1.496053
    -0.066963     1.493479
    -0.065289     1.491026
    -0.063615     1.488693
    -0.061940     1.486482
    -0.060266     1.484392
    -0.058592     1.482424
    -0.056918     1.480576
    -0.055244     1.478849
    -0.053570     1.477243
    -0.051896     1.475758
    -0.050222     1.474393
    -0.048548     1.473147
    -0.046874     1.472021
    -0.045200     1.471013
    -0.043526     1.470124
    -0.041852     1.469353
    -0.040178     1.468699
    -0.038504     1.468162
    -0.036829     1.467740
    -0.035155     1.467434
    -0.033481     1.467241
    -0.031807     1.467163
    -0.030133     1.467197
    -0.028459     1.467343
    -0.026785     1.467600
    -0.025111     1.467968
    -0.023437     1.468444
    -0.021763     1.469029
    -0.020089     1.469720
    -0.018415     1.470518
    -0.016741     1.471422
    -0.015067     1.472429
    -0.013393     1.473539
    -0.011718     1.474752
    -0.010044     1.476065
    -0.008370     1.477478
    -0.006696     1.478990
    -0.005022     1.480600
    -0.003348     1.482306
    -0.001674     1.484107
     0.000000     1.485991
     0.001674     1.484116
     0.003348     1.482315
     0.005022     1.480610
     0.006696     1.479001
     0.008370     1.477489
     0.010044     1.476076
     0.011718     1.474763
     0.013393     1.473551
     0.015067     1.472441
     0.016741     1.471434
     0.018415     1.470531
     0.020089     1.469733
     0.021763     1.469042
     0.023437     1.468458
     0.025111     1.467982
     0.026785     1.467615
     0.028459     1.467358
     0.030133     1.467212
     0.031807     1.467178
     0.033481     1.467257
     0.035155     1.467449
     0.036829     1.467756
     0.038504     1.468177
     0.040178     1.468715
     0.041852     1.469369
     0.043526     1.470140
     0.045200     1.471030
     0.046874     1.472037
     0.048548     1.473163
     0.050222     1.474409
     0.051896     1.475775
     0.053570     1.477260
     0.055244     1.478866
     0.056918     1.480593
     0.058592     1.482440
     0.060266     1.484409
     0.061940     1.486499
     0.063615     1.488710
     0.065289     1.491042
     0.066963     1.493496
     0.068637     1.496070
     0.070311     1.498765
     0.071985     1.501581
     0.073659     1.504516
     0.075333     1.507572
     0.077007     1.510746
     0.078681     1.514039
     0.080355     1.517450
     0.082029     1.520979
     0.083703     1.524624
     0.085377     1.528385
     0.087051     1.532261
     0.088726     1.536250
     0.090400     1.540353
     0.092074     1.544567
     0.093748     1.548892
     0.095422     1.553326
     0.097096     1.557869
     0.098770     1.562518
     0.100444     1.567273
     0.102118     1.572132
     0.103792     1.577093
     0.105466     1.582155
     0.107140     1.587316
     0.108814     1.592574
     0.110488     1.597929
     0.112163     1.603377
     0.113837     1.608918
     0.115511     1.614549
     0.117185     1.620269
     0.118859     1.626075
     0.120533     1.631965
     0.122207     1.637939
     0.123881     1.643993
     0.125555     1.650125
     0.127229     1.656334
     0.128903     1.662617
     0.130577     1.668972
     0.132251     1.675397
     0.133925     1.681891
     0.135599     1.688450
     0.137274     1.695073
     0.138948     1.701757
     0.140622     1.708501
     0.142296     1.715302
     0.143970     1.722158
     0.145644     1.729066
     0.147318     1.736026
     0.148992     1.743033
     0.150666     1.750088
     0.152340     1.757186
     0.154014     1.764327
     0.155688     1.771508
     0.157362     1.778727
     0.159036     1.785982
     0.160710     1.793270
     0.162385     1.800591
     0.164059     1.807942
     0.165733     1.815320
     0.167407     1.822724


    -0.167407     1.966924
    -0.165733     1.960745
    -0.164059     1.954570
    -0.162385     1.948401
    -0.160710     1.942238
    -0.159036     1.936082
    -0.157362     1.929932
    -0.155688     1.923790
    -0.154014     1.917656
    -0.152340     1.911531
    -0.150666     1.905415
    -0.148992     1.899308
    -0.147318     1.893212
    -0.145644     1.887127
    -0.143970     1.881053
    -0.142296     1.874991
    -0.140622     1.868942
    -0.138948     1.862906
    -0.137274     1.856884
    -0.135599     1.850876
    -0.133925     1.844884
    -0.132251     1.838907
    -0.130577     1.832946
    -0.128903     1.827003
    -0.127229     1.821077
    -0.125555     1.815169
    -0.123881     1.809280
    -0.122207     1.803412
    -0.120533     1.797563
    -0.118859     1.791735
    -0.117185     1.785930
    -0.115511     1.780147
    -0.113837     1.774387
    -0.112163     1.768651
    -0.110488     1.762939
    -0.108814     1.757254
    -0.107140     1.751594
    -0.105466     1.745962
    -0.103792     1.740357
    -0.102118     1.734781
    -0.100444     1.729234
    -0.098770     1.723718
    -0.097096     1.718233
    -0.095422     1.712779
    -0.093748     1.707359
    -0.092074     1.701972
    -0.090400     1.696620
    -0.088726     1.691302
    -0.087051     1.686022
    -0.085377     1.680778
    -0.083703     1.675572
    -0.082029     1.670406
    -0.080355     1.665279
    -0.078681     1.660193
    -0.077007     1.655148
    -0.075333     1.650147
    -0.073659     1.645189
    -0.071985     1.640275
    -0.070311     1.635408
    -0.068637     1.630586
    -0.066963     1.625813
    -0.065289     1.621087
    -0.063615     1.616412
    -0.061940     1.611787
    -0.060266     1.607213
    -0.058592     1.602692
    -0.056918     1.598225
    -0.055244     1.593812
    -0.053570     1.589455
    -0.051896     1.585154
    -0.050222     1.580912
    -0.048548     1.576728
    -0.046874     1.572604
    -0.045200     1.568542
    -0.043526     1.564541
    -0.041852     1.560604
    -0.040178     1.556731
    -0.038504     1.552923
    -0.036829     1.549182
    -0.035155     1.545508
    -0.033481     1.541904
    -0.031807     1.538369
    -0.030133     1.534905
    -0.028459     1.531513
    -0.026785     1.528195
    -0.025111     1.524951
    -0.023437     1.521782
    -0.021763     1.518691
    -0.020089     1.515677
    -0.018415     1.512742
    -0.016741     1.509888
    -0.015067     1.507115
    -0.013393     1.504424
    -0.011718     1.501817
    -0.010044     1.499295
    -0.008370     1.496859
    -0.006696     1.494511
    -0.005022     1.492250
    -0.003348     1.490080
    -0.001674     1.488000
     0.000000     1.486023
     0.001674     1.487991
     0.003348     1.490071
     0.005022     1.492242
     0.006696     1.494503
     0.008370     1.496852
     0.010044     1.499288
     0.011718     1.501810
     0.013393     1.504418
     0.015067     1.507109
     0.016741     1.509882
     0.018415     1.512737
     0.020089     1.515672
     0.021763     1.518686
     0.023437     1.521778
     0.025111     1.524947
     0.026785     1.528191
     0.028459     1.531510
     0.030133     1.534902
     0.031807     1.538366
     0.033481     1.541902
     0.035155     1.545507
     0.036829     1.549181
     0.038504     1.552922
     0.040178     1.556730
     0.041852     1.560604
     0.043526     1.564541
     0.045200     1.568542
     0.046874     1.572605
     0.048548     1.576729
     0.050222     1.580913
     0.051896     1.585156
     0.053570     1.589457
     0.055244     1.593814
     0.056918     1.598227
     0.058592     1.602695
     0.060266     1.607217
     0.061940     1.611790
     0.063615     1.616416
     0.065289     1.621092
     0.066963     1.625817
     0.068637     1.630591
     0.070311     1.635413
     0.071985     1.640281
     0.073659     1.645195
     0.075333     1.650153
     0.077007     1.655155
     0.078681     1.660200
     0.080355     1.665286
     0.082029     1.670413
     0.083703     1.675580
     0.085377     1.680786
     0.087051     1.686030
     0.088726     1.691311
     0.090400     1.696628
     0.092074     1.701981
     0.093748     1.707368
     0.095422     1.712789
     0.097096     1.718242
     0.098770     1.723728
     0.100444     1.729244
     0.102118     1.734791
     0.103792     1.740367
     0.105466     1.745972
     0.107140     1.751605
     0.108814     1.757265
     0.110488     1.762951
     0.112163     1.768662
     0.113837     1.774398
     0.115511     1.780158
     0.117185     1.785942
     0.118859     1.791748
     0.120533     1.797575
     0.122207     1.803424
     0.123881     1.809293
     0.125555     1.815182
     0.127229     1.821090
     0.128903     1.827016
     0.130577     1.832959
     0.132251     1.838920
     0.133925     1.844897
     0.135599     1.850890
     0.137274     1.856897
     0.138948     1.862920
     0.140622     1.868956
     0.142296     1.875005
     0.143970     1.881067
     0.145644     1.887141
     0.147318     1.893226
     0.148992     1.899322
     0.150666     1.905429
     0.152340     1.911545
     0.154014     1.917670
     0.155688     1.923804
     0.157362     1.929946
     0.159036     1.936096
     0.160710     1.942253
     0.162385     1.948416
     0.164059     1.954585
     0.165733     1.960759
     0.167407     1.966938


    -0.167407     2.322572
    -0.165733     2.315884
    -0.164059     2.309236
    -0.162385     2.302627
    -0.160710     2.296059
    -0.159036     2.289533
    -0.157362     2.283050
    -0.155688     2.276610
    -0.154014     2.270215
    -0.152340     2.263865
    -0.150666     2.257562
    -0.148992     2.251306
    -0.147318     2.245097
    -0.145644     2.238937
    -0.143970     2.232827
    -0.142296     2.226767
    -0.140622     2.220758
    -0.138948     2.214801
    -0.137274     2.208896
    -0.135599     2.203044
    -0.133925     2.197247
    -0.132251     2.191503
    -0.130577     2.185815
    -0.128903     2.180183
    -0.127229     2.174607
    -0.125555     2.169088
    -0.123881     2.163626
    -0.122207     2.158224
    -0.120533     2.152879
    -0.118859     2.147595
    -0.117185     2.142370
    -0.115511     2.137206
    -0.113837     2.132103
    -0.112163     2.127062
    -0.110488     2.122083
    -0.108814     2.117166
    -0.107140     2.112313
    -0.105466     2.107524
    -0.103792     2.102798
    -0.102118     2.098138
    -0.100444     2.093542
    -0.098770     2.089012
    -0.097096     2.084548
    -0.095422     2.080151
    -0.093748     2.075821
    -0.092074     2.071558
    -0.090400     2.067363
    -0.088726     2.063236
    -0.087051     2.059179
    -0.085377     2.055190
    -0.083703     2.051271
    -0.082029     2.047421
    -0.080355     2.043642
    -0.078681     2.039934
    -0.077007     2.036297
    -0.075333     2.032732
    -0.073659     2.029238
    -0.071985     2.025817
    -0.070311     2.022468
    -0.068637     2.019192
    -0.066963     2.015990
    -0.065289     2.012861
    -0.063615     2.009806
    -0.061940     2.006826
    -0.060266     2.003921
    -0.058592     2.001090
    -0.056918     1.998335
    -0.055244     1.995655
    -0.053570     1.993052
    -0.051896     1.990525
    -0.050222     1.988074
    -0.048548     1.985700
    -0.046874     1.983404
    -0.045200     1.981185
    -0.043526     1.979043
    -0.041852     1.976980
    -0.040178     1.974995
    -0.038504     1.973089
    -0.036829     1.971261
    -0.035155     1.969512
    -0.033481     1.967843
    -0.031807     1.966253
    -0.030133     1.964744
    -0.028459     1.963314
    -0.026785     1.961965
    -0.025111     1.960696
    -0.023437     1.959508
    -0.021763     1.958401
    -0.020089     1.957375
    -0.018415     1.956430
    -0.016741     1.955568
    -0.015067     1.954787
    -0.013393     1.954088
    -0.011718     1.953471
    -0.010044     1.952937
    -0.008370     1.952484
    -0.006696     1.952113
    -0.005022     1.951824
    -0.003348     1.951615
    -0.001674     1.951488
     0.000000     1.951443
     0.001674     1.951480
     0.003348     1.951600
     0.005022     1.951802
     0.006696     1.952087
     0.008370     1.952455
     0.010044     1.952905
     0.011718     1.953438
     0.013393     1.954054
     0.015067     1.954751
     0.016741     1.955531
     0.018415     1.956393
     0.020089     1.957337
     0.021763     1.958362
     0.023437     1.959469
     0.025111     1.960657
     0.026785     1.961926
     0.028459     1.963276
     0.030133     1.964706
     0.031807     1.966216
     0.033481     1.967806
     0.035155     1.969475
     0.036829     1.971224
     0.038504     1.973052
     0.040178     1.974959
     0.041852     1.976945
     0.043526     1.979009
     0.045200     1.981150
     0.046874     1.983370
     0.048548     1.985667
     0.050222     1.988041
     0.051896     1.990492
     0.053570     1.993020
     0.055244     1.995624
     0.056918     1.998304
     0.058592     2.001059
     0.060266     2.003890
     0.061940     2.006796
     0.063615     2.009777
     0.065289     2.012832
     0.066963     2.015962
     0.068637     2.019164
     0.070311     2.022441
     0.071985     2.025790
     0.073659     2.029212
     0.075333     2.032706
     0.077007     2.036272
     0.078681     2.039909
     0.080355     2.043618
     0.082029     2.047397
     0.083703     2.051247
     0.085377     2.055167
     0.087051     2.059156
     0.088726     2.063215
     0.090400     2.067342
     0.092074     2.071538
     0.093748     2.075801
     0.095422     2.080132
     0.097096     2.084530
     0.098770     2.088994
     0.100444     2.093525
     0.102118     2.098121
     0.103792     2.102782
     0.105466     2.107509
     0.107140     2.112299
     0.108814     2.117153
     0.110488     2.122070
     0.112163     2.127050
     0.113837     2.132092
     0.115511     2.137196
     0.117185     2.142360
     0.118859     2.147586
     0.120533     2.152871
     0.122207     2.158216
     0.123881     2.163620
     0.125555     2.169082
     0.127229     2.174602
     0.128903     2.180178
     0.130577     2.185812
     0.132251     2.191501
     0.133925     2.197245
     0.135599     2.203044
     0.137274     2.208896
     0.138948     2.214802
     0.140622     2.220760
     0.142296     2.226770
     0.143970     2.232831
     0.145644     2.238942
     0.147318     2.245102
     0.148992     2.251311
     0.150666     2.257568
     0.152340     2.263873
     0.154014     2.270223
     0.155688     2.276619
     0.157362     2.283059
     0.159036     2.289543
     0.160710     2.296070
     0.162385     2.302639
     0.164059     2.309248
     0.165733     2.315898
     0.167407     2.322586


    -0.167407     2.337037
    -0.165733     2.330224
    -0.164059     2.323440
    -0.162385     2.316687
    -0.160710     2.309965
    -0.159036     2.303277
    -0.157362     2.296623
    -0.155688     2.290004
    -0.154014     2.283423
    -0.152340     2.276879
    -0.150666     2.270376
    -0.148992     2.263913
    -0.147318     2.257492
    -0.145644     2.251114
    -0.143970     2.244780
    -0.142296     2.238492
    -0.140622     2.232250
    -0.138948     2.226056
    -0.137274     2.219911
    -0.135599     2.213816
    -0.133925     2.207772
    -0.132251     2.201780
    -0.130577     2.195842
    -0.128903     2.189957
    -0.127229     2.184128
    -0.125555     2.178354
    -0.123881     2.172638
    -0.122207     2.166980
    -0.120533     2.161381
    -0.118859     2.155842
    -0.117185     2.150364
    -0.115511     2.144948
    -0.113837     2.139594
    -0.112163     2.134303
    -0.110488     2.129076
    -0.108814     2.123915
    -0.107140     2.118819
    -0.105466     2.113790
    -0.103792     2.108828
    -0.102118     2.103933
    -0.100444     2.099108
    -0.098770     2.094351
    -0.097096     2.089665
    -0.095422     2.085049
    -0.093748     2.080505
    -0.092074     2.076032
    -0.090400     2.071632
    -0.088726     2.067304
    -0.087051     2.063050
    -0.085377     2.058870
    -0.083703     2.054765
    -0.082029     2.050734
    -0.080355     2.046779
    -0.078681     2.042900
    -0.077007     2.039098
    -0.075333     2.035372
    -0.073659     2.031724
    -0.071985     2.028153
    -0.070311     2.024660
    -0.068637     2.021246
    -0.066963     2.017910
    -0.065289     2.014654
    -0.063615     2.011476
    -0.061940     2.008379
    -0.060266     2.005361
    -0.058592     2.002424
    -0.056918     1.999568
    -0.055244     1.996792
    -0.053570     1.994097
    -0.051896     1.991484
    -0.050222     1.988952
    -0.048548     1.986501
    -0.046874     1.984133
    -0.045200     1.981846
    -0.043526     1.979642
    -0.041852     1.977521
    -0.040178     1.975481
    -0.038504     1.973525
    -0.036829     1.971651
    -0.035155     1.969860
    -0.033481     1.968152
    -0.031807     1.966528
    -0.030133     1.964986
    -0.028459     1.963527
    -0.026785     1.962152
    -0.025111     1.960860
    -0.023437     1.959651
    -0.021763     1.958526
    -0.020089     1.957483
    -0.018415     1.956524
    -0.016741     1.955648
    -0.015067     1.954856
    -0.013393     1.954146
    -0.011718     1.953520
    -0.010044     1.952977
    -0.008370     1.952518
    -0.006696     1.952142
    -0.005022     1.951851
    -0.003348     1.951645
    -0.001674     1.951523
     0.000000     1.951485
     0.001674     1.951530
     0.003348     1.951659
     0.005022     1.951871
     0.006696     1.952166
     0.008370     1.952544
     0.010044     1.953005
     0.011718     1.953549
     0.013393     1.954176
     0.015067     1.954886
     0.016741     1.955679
     0.018415     1.956555
     0.020089     1.957514
     0.021763     1.958556
     0.023437     1.959682
     0.025111     1.960890
     0.026785     1.962182
     0.028459     1.963556
     0.030133     1.965014
     0.031807     1.966555
     0.033481     1.968179
     0.035155     1.969886
     0.036829     1.971676
     0.038504     1.973549
     0.040178     1.975505
     0.041852     1.977543
     0.043526     1.979664
     0.045200     1.981867
     0.046874     1.984153
     0.048548     1.986521
     0.050222     1.988970
     0.051896     1.991501
     0.053570     1.994114
     0.055244     1.996808
     0.056918     1.999584
     0.058592     2.002440
     0.060266     2.005376
     0.061940     2.008393
     0.063615     2.011490
     0.065289     2.014667
     0.066963     2.017923
     0.068637     2.021258
     0.070311     2.024672
     0.071985     2.028164
     0.073659     2.031735
     0.075333     2.035383
     0.077007     2.039108
     0.078681     2.042910
     0.080355     2.046788
     0.082029     2.050743
     0.083703     2.054773
     0.085377     2.058878
     0.087051     2.063058
     0.088726     2.067311
     0.090400     2.071638
     0.092074     2.076039
     0.093748     2.080511
     0.095422     2.085055
     0.097096     2.089671
     0.098770     2.094357
     0.100444     2.099113
     0.102118     2.103938
     0.103792     2.108832
     0.105466     2.113794
     0.107140     2.118823
     0.108814     2.123919
     0.110488     2.129080
     0.112163     2.134307
     0.113837     2.139597
     0.115511     2.144951
     0.117185     2.150367
     0.118859     2.155845
     0.120533     2.161384
     0.122207     2.166983
     0.123881     2.172641
     0.125555     2.178357
     0.127229     2.184130
     0.128903     2.189959
     0.130577     2.195844
     0.132251     2.201782
     0.133925     2.207774
     0.135599     2.213818
     0.137274     2.219913
     0.138948     2.226058
     0.140622     2.232252
     0.142296     2.238493
     0.143970     2.244782
     0.145644     2.251115
     0.147318     2.257493
     0.148992     2.263914
     0.150666     2.270378
     0.152340     2.276881
     0.154014     2.283425
     0.155688     2.290006
     0.157362     2.296625
     0.159036     2.303279
     0.160710     2.309968
     0.162385     2.316689
     0.164059     2.323443
     0.165733     2.330227
     0.167407     2.337040


