    -0.167407    -4.029697
    -0.165733    -4.030253
    -0.164059    -4.030806
    -0.162385    -4.031356
    -0.160710    -4.031903
    -0.159036    -4.032447
    -0.157362    -4.032988
    -0.155688    -4.033525
    -0.154014    -4.034058
    -0.152340    -4.034588
    -0.150666    -4.035114
    -0.148992    -4.035635
    -0.147318    -4.036152
    -0.145644    -4.036665
    -0.143970    -4.037172
    -0.142296    -4.037676
    -0.140622    -4.038174
    -0.138948    -4.038667
    -0.137274    -4.039154
    -0.135599    -4.039637
    -0.133925    -4.040113
    -0.132251    -4.040584
    -0.130577    -4.041049
    -0.128903    -4.041509
    -0.127229    -4.041962
    -0.125555    -4.042409
    -0.123881    -4.042849
    -0.122207    -4.043283
    -0.120533    -4.043711
    -0.118859    -4.044132
    -0.117185    -4.044545
    -0.115511    -4.044952
    -0.113837    -4.045352
    -0.112163    -4.045745
    -0.110488    -4.046130
    -0.108814    -4.046508
    -0.107140    -4.046879
    -0.105466    -4.047241
    -0.103792    -4.047596
    -0.102118    -4.047944
    -0.100444    -4.048283
    -0.098770    -4.048614
    -0.097096    -4.048937
    -0.095422    -4.049252
    -0.093748    -4.049559
    -0.092074    -4.049857
    -0.090400    -4.050146
    -0.088726    -4.050428
    -0.087051    -4.050700
    -0.085377    -4.050964
    -0.083703    -4.051218
    -0.082029    -4.051464
    -0.080355    -4.051701
    -0.078681    -4.051929
    -0.077007    -4.052147
    -0.075333    -4.052357
    -0.073659    -4.052557
    -0.071985    -4.052748
    -0.070311    -4.052929
    -0.068637    -4.053101
    -0.066963    -4.053263
    -0.065289    -4.053415
    -0.063615    -4.053558
    -0.061940    -4.053691
    -0.060266    -4.053814
    -0.058592    -4.053928
    -0.056918    -4.054031
    -0.055244    -4.054124
    -0.053570    -4.054208
    -0.051896    -4.054281
    -0.050222    -4.054344
    -0.048548    -4.054396
    -0.046874    -4.054439
    -0.045200    -4.054471
    -0.043526    -4.054493
    -0.041852    -4.054504
    -0.040178    -4.054505
    -0.038504    -4.054496
    -0.036829    -4.054476
    -0.035155    -4.054445
    -0.033481    -4.054404
    -0.031807    -4.054352
    -0.030133    -4.054289
    -0.028459    -4.054216
    -0.026785    -4.054132
    -0.025111    -4.054037
    -0.023437    -4.053931
    -0.021763    -4.053814
    -0.020089    -4.053687
    -0.018415    -4.053548
    -0.016741    -4.053399
    -0.015067    -4.053239
    -0.013393    -4.053067
    -0.011718    -4.052885
    -0.010044    -4.052691
    -0.008370    -4.052487
    -0.006696    -4.052272
    -0.005022    -4.052045
    -0.003348    -4.051807
    -0.001674    -4.051558
     0.000000    -4.051305
     0.001674    -4.051563
     0.003348    -4.051813
     0.005022    -4.052050
     0.006696    -4.052277
     0.008370    -4.052493
     0.010044    -4.052697
     0.011718    -4.052891
     0.013393    -4.053073
     0.015067    -4.053245
     0.016741    -4.053405
     0.018415    -4.053555
     0.020089    -4.053693
     0.021763    -4.053821
     0.023437    -4.053937
     0.025111    -4.054043
     0.026785    -4.054138
     0.028459    -4.054222
     0.030133    -4.054296
     0.031807    -4.054358
     0.033481    -4.054410
     0.035155    -4.054452
     0.036829    -4.054482
     0.038504    -4.054502
     0.040178    -4.054512
     0.041852    -4.054511
     0.043526    -4.054499
     0.045200    -4.054477
     0.046874    -4.054445
     0.048548    -4.054402
     0.050222    -4.054350
     0.051896    -4.054286
     0.053570    -4.054213
     0.055244    -4.054130
     0.056918    -4.054036
     0.058592    -4.053933
     0.060266    -4.053819
     0.061940    -4.053696
     0.063615    -4.053563
     0.065289    -4.053420
     0.066963    -4.053267
     0.068637    -4.053104
     0.070311    -4.052932
     0.071985    -4.052751
     0.073659    -4.052560
     0.075333    -4.052360
     0.077007    -4.052150
     0.078681    -4.051931
     0.080355    -4.051703
     0.082029    -4.051466
     0.083703    -4.051220
     0.085377    -4.050964
     0.087051    -4.050700
     0.088726    -4.050428
     0.090400    -4.050146
     0.092074    -4.049856
     0.093748    -4.049558
     0.095422    -4.049251
     0.097096    -4.048936
     0.098770    -4.048612
     0.100444    -4.048280
     0.102118    -4.047941
     0.103792    -4.047593
     0.105466    -4.047238
     0.107140    -4.046875
     0.108814    -4.046504
     0.110488    -4.046125
     0.112163    -4.045740
     0.113837    -4.045347
     0.115511    -4.044946
     0.117185    -4.044539
     0.118859    -4.044125
     0.120533    -4.043703
     0.122207    -4.043276
     0.123881    -4.042841
     0.125555    -4.042400
     0.127229    -4.041953
     0.128903    -4.041499
     0.130577    -4.041040
     0.132251    -4.040574
     0.133925    -4.040103
     0.135599    -4.039626
     0.137274    -4.039143
     0.138948    -4.038655
     0.140622    -4.038161
     0.142296    -4.037663
     0.143970    -4.037160
     0.145644    -4.036651
     0.147318    -4.036138
     0.148992    -4.035621
     0.150666    -4.035099
     0.152340    -4.034573
     0.154014    -4.034043
     0.155688    -4.033510
     0.157362    -4.032972
     0.159036    -4.032431
     0.160710    -4.031887
     0.162385    -4.031339
     0.164059    -4.030789
     0.165733    -4.030236
     0.167407    -4.029680


    -0.167407    -3.970620
    -0.165733    -3.971907
    -0.164059    -3.973185
    -0.162385    -3.974456
    -0.160710    -3.975719
    -0.159036    -3.976974
    -0.157362    -3.978221
    -0.155688    -3.979460
    -0.154014    -3.980690
    -0.152340    -3.981913
    -0.150666    -3.983126
    -0.148992    -3.984331
    -0.147318    -3.985528
    -0.145644    -3.986716
    -0.143970    -3.987895
    -0.142296    -3.989066
    -0.140622    -3.990227
    -0.138948    -3.991380
    -0.137274    -3.992524
    -0.135599    -3.993659
    -0.133925    -3.994784
    -0.132251    -3.995900
    -0.130577    -3.997008
    -0.128903    -3.998105
    -0.127229    -3.999194
    -0.125555    -4.000273
    -0.123881    -4.001342
    -0.122207    -4.002402
    -0.120533    -4.003452
    -0.118859    -4.004493
    -0.117185    -4.005524
    -0.115511    -4.006545
    -0.113837    -4.007556
    -0.112163    -4.008558
    -0.110488    -4.009549
    -0.108814    -4.010530
    -0.107140    -4.011502
    -0.105466    -4.012463
    -0.103792    -4.013414
    -0.102118    -4.014356
    -0.100444    -4.015286
    -0.098770    -4.016207
    -0.097096    -4.017117
    -0.095422    -4.018017
    -0.093748    -4.018907
    -0.092074    -4.019786
    -0.090400    -4.020654
    -0.088726    -4.021512
    -0.087051    -4.022360
    -0.085377    -4.023197
    -0.083703    -4.024023
    -0.082029    -4.024839
    -0.080355    -4.025644
    -0.078681    -4.026438
    -0.077007    -4.027222
    -0.075333    -4.027995
    -0.073659    -4.028757
    -0.071985    -4.029508
    -0.070311    -4.030248
    -0.068637    -4.030978
    -0.066963    -4.031696
    -0.065289    -4.032404
    -0.063615    -4.033100
    -0.061940    -4.033786
    -0.060266    -4.034461
    -0.058592    -4.035124
    -0.056918    -4.035777
    -0.055244    -4.036418
    -0.053570    -4.037048
    -0.051896    -4.037668
    -0.050222    -4.038276
    -0.048548    -4.038873
    -0.046874    -4.039459
    -0.045200    -4.040033
    -0.043526    -4.040597
    -0.041852    -4.041149
    -0.040178    -4.041690
    -0.038504    -4.042220
    -0.036829    -4.042739
    -0.035155    -4.043246
    -0.033481    -4.043742
    -0.031807    -4.044227
    -0.030133    -4.044701
    -0.028459    -4.045163
    -0.026785    -4.045615
    -0.025111    -4.046055
    -0.023437    -4.046483
    -0.021763    -4.046901
    -0.020089    -4.047307
    -0.018415    -4.047702
    -0.016741    -4.048085
    -0.015067    -4.048458
    -0.013393    -4.048819
    -0.011718    -4.049169
    -0.010044    -4.049507
    -0.008370    -4.049835
    -0.006696    -4.050151
    -0.005022    -4.050456
    -0.003348    -4.050749
    -0.001674    -4.051032
     0.000000    -4.051297
     0.001674    -4.051027
     0.003348    -4.050745
     0.005022    -4.050451
     0.006696    -4.050146
     0.008370    -4.049831
     0.010044    -4.049503
     0.011718    -4.049165
     0.013393    -4.048815
     0.015067    -4.048454
     0.016741    -4.048082
     0.018415    -4.047699
     0.020089    -4.047304
     0.021763    -4.046898
     0.023437    -4.046481
     0.025111    -4.046053
     0.026785    -4.045613
     0.028459    -4.045162
     0.030133    -4.044700
     0.031807    -4.044226
     0.033481    -4.043742
     0.035155    -4.043246
     0.036829    -4.042739
     0.038504    -4.042220
     0.040178    -4.041690
     0.041852    -4.041150
     0.043526    -4.040598
     0.045200    -4.040034
     0.046874    -4.039460
     0.048548    -4.038874
     0.050222    -4.038277
     0.051896    -4.037670
     0.053570    -4.037050
     0.055244    -4.036420
     0.056918    -4.035779
     0.058592    -4.035127
     0.060266    -4.034463
     0.061940    -4.033789
     0.063615    -4.033104
     0.065289    -4.032407
     0.066963    -4.031700
     0.068637    -4.030981
     0.070311    -4.030252
     0.071985    -4.029512
     0.073659    -4.028761
     0.075333    -4.027999
     0.077007    -4.027227
     0.078681    -4.026443
     0.080355    -4.025649
     0.082029    -4.024844
     0.083703    -4.024028
     0.085377    -4.023202
     0.087051    -4.022365
     0.088726    -4.021518
     0.090400    -4.020660
     0.092074    -4.019791
     0.093748    -4.018912
     0.095422    -4.018022
     0.097096    -4.017123
     0.098770    -4.016212
     0.100444    -4.015292
     0.102118    -4.014361
     0.103792    -4.013420
     0.105466    -4.012469
     0.107140    -4.011507
     0.108814    -4.010536
     0.110488    -4.009554
     0.112163    -4.008563
     0.113837    -4.007562
     0.115511    -4.006550
     0.117185    -4.005529
     0.118859    -4.004498
     0.120533    -4.003457
     0.122207    -4.002407
     0.123881    -4.001347
     0.125555    -4.000278
     0.127229    -3.999198
     0.128903    -3.998110
     0.130577    -3.997012
     0.132251    -3.995905
     0.133925    -3.994788
     0.135599    -3.993663
     0.137274    -3.992528
     0.138948    -3.991384
     0.140622    -3.990231
     0.142296    -3.989069
     0.143970    -3.987899
     0.145644    -3.986719
     0.147318    -3.985531
     0.148992    -3.984334
     0.150666    -3.983129
     0.152340    -3.981915
     0.154014    -3.980693
     0.155688    -3.979462
     0.157362    -3.978223
     0.159036    -3.976976
     0.160710    -3.975721
     0.162385    -3.974458
     0.164059    -3.973187
     0.165733    -3.971908
     0.167407    -3.970621


    -0.167407    -2.492951
    -0.165733    -2.489004
    -0.164059    -2.485165
    -0.162385    -2.481429
    -0.160710    -2.477792
    -0.159036    -2.474249
    -0.157362    -2.470797
    -0.155688    -2.467432
    -0.154014    -2.464149
    -0.152340    -2.460947
    -0.150666    -2.457821
    -0.148992    -2.454769
    -0.147318    -2.451787
    -0.145644    -2.448873
    -0.143970    -2.446024
    -0.142296    -2.443238
    -0.140622    -2.440512
    -0.138948    -2.437844
    -0.137274    -2.435233
    -0.135599    -2.432675
    -0.133925    -2.430170
    -0.132251    -2.427716
    -0.130577    -2.425310
    -0.128903    -2.422952
    -0.127229    -2.420640
    -0.125555    -2.418372
    -0.123881    -2.416149
    -0.122207    -2.413967
    -0.120533    -2.411827
    -0.118859    -2.409726
    -0.117185    -2.407665
    -0.115511    -2.405642
    -0.113837    -2.403657
    -0.112163    -2.401708
    -0.110488    -2.399795
    -0.108814    -2.397917
    -0.107140    -2.396073
    -0.105466    -2.394264
    -0.103792    -2.392487
    -0.102118    -2.390744
    -0.100444    -2.389032
    -0.098770    -2.387352
    -0.097096    -2.385704
    -0.095422    -2.384086
    -0.093748    -2.382499
    -0.092074    -2.380942
    -0.090400    -2.379414
    -0.088726    -2.377916
    -0.087051    -2.376447
    -0.085377    -2.375007
    -0.083703    -2.373595
    -0.082029    -2.372212
    -0.080355    -2.370857
    -0.078681    -2.369530
    -0.077007    -2.368230
    -0.075333    -2.366957
    -0.073659    -2.365712
    -0.071985    -2.364495
    -0.070311    -2.363304
    -0.068637    -2.362140
    -0.066963    -2.361002
    -0.065289    -2.359891
    -0.063615    -2.358807
    -0.061940    -2.357749
    -0.060266    -2.356717
    -0.058592    -2.355712
    -0.056918    -2.354732
    -0.055244    -2.353778
    -0.053570    -2.352851
    -0.051896    -2.351949
    -0.050222    -2.351073
    -0.048548    -2.350223
    -0.046874    -2.349398
    -0.045200    -2.348600
    -0.043526    -2.347826
    -0.041852    -2.347079
    -0.040178    -2.346356
    -0.038504    -2.345660
    -0.036829    -2.344988
    -0.035155    -2.344343
    -0.033481    -2.343722
    -0.031807    -2.343127
    -0.030133    -2.342557
    -0.028459    -2.342013
    -0.026785    -2.341494
    -0.025111    -2.341000
    -0.023437    -2.340531
    -0.021763    -2.340088
    -0.020089    -2.339670
    -0.018415    -2.339277
    -0.016741    -2.338909
    -0.015067    -2.338566
    -0.013393    -2.338248
    -0.011718    -2.337956
    -0.010044    -2.337689
    -0.008370    -2.337447
    -0.006696    -2.337229
    -0.005022    -2.337037
    -0.003348    -2.336870
    -0.001674    -2.336728
     0.000000    -2.336626
     0.001674    -2.336742
     0.003348    -2.336884
     0.005022    -2.337051
     0.006696    -2.337243
     0.008370    -2.337461
     0.010044    -2.337703
     0.011718    -2.337970
     0.013393    -2.338263
     0.015067    -2.338580
     0.016741    -2.338923
     0.018415    -2.339291
     0.020089    -2.339684
     0.021763    -2.340102
     0.023437    -2.340546
     0.025111    -2.341014
     0.026785    -2.341508
     0.028459    -2.342027
     0.030133    -2.342572
     0.031807    -2.343142
     0.033481    -2.343737
     0.035155    -2.344357
     0.036829    -2.345003
     0.038504    -2.345674
     0.040178    -2.346371
     0.041852    -2.347093
     0.043526    -2.347840
     0.045200    -2.348614
     0.046874    -2.349412
     0.048548    -2.350237
     0.050222    -2.351087
     0.051896    -2.351963
     0.053570    -2.352864
     0.055244    -2.353792
     0.056918    -2.354745
     0.058592    -2.355724
     0.060266    -2.356730
     0.061940    -2.357762
     0.063615    -2.358819
     0.065289    -2.359904
     0.066963    -2.361014
     0.068637    -2.362152
     0.070311    -2.363315
     0.071985    -2.364506
     0.073659    -2.365724
     0.075333    -2.366969
     0.077007    -2.368241
     0.078681    -2.369540
     0.080355    -2.370868
     0.082029    -2.372223
     0.083703    -2.373606
     0.085377    -2.375017
     0.087051    -2.376457
     0.088726    -2.377926
     0.090400    -2.379424
     0.092074    -2.380951
     0.093748    -2.382508
     0.095422    -2.384095
     0.097096    -2.385713
     0.098770    -2.387361
     0.100444    -2.389041
     0.102118    -2.390752
     0.103792    -2.392496
     0.105466    -2.394272
     0.107140    -2.396082
     0.108814    -2.397925
     0.110488    -2.399803
     0.112163    -2.401716
     0.113837    -2.403664
     0.115511    -2.405650
     0.117185    -2.407672
     0.118859    -2.409733
     0.120533    -2.411834
     0.122207    -2.413974
     0.123881    -2.416155
     0.125555    -2.418379
     0.127229    -2.420646
     0.128903    -2.422958
     0.130577    -2.425316
     0.132251    -2.427722
     0.133925    -2.430176
     0.135599    -2.432682
     0.137274    -2.435239
     0.138948    -2.437851
     0.140622    -2.440518
     0.142296    -2.443244
     0.143970    -2.446030
     0.145644    -2.448879
     0.147318    -2.451793
     0.148992    -2.454775
     0.150666    -2.457827
     0.152340    -2.460953
     0.154014    -2.464155
     0.155688    -2.467437
     0.157362    -2.470802
     0.159036    -2.474254
     0.160710    -2.477797
     0.162385    -2.481434
     0.164059    -2.485170
     0.165733    -2.489009
     0.167407    -2.492955


    -0.167407    -2.455625
    -0.165733    -2.452387
    -0.164059    -2.449265
    -0.162385    -2.446251
    -0.160710    -2.443336
    -0.159036    -2.440515
    -0.157362    -2.437781
    -0.155688    -2.435128
    -0.154014    -2.432552
    -0.152340    -2.430046
    -0.150666    -2.427607
    -0.148992    -2.425231
    -0.147318    -2.422914
    -0.145644    -2.420653
    -0.143970    -2.418445
    -0.142296    -2.416287
    -0.140622    -2.414176
    -0.138948    -2.412111
    -0.137274    -2.410089
    -0.135599    -2.408108
    -0.133925    -2.406167
    -0.132251    -2.404264
    -0.130577    -2.402397
    -0.128903    -2.400566
    -0.127229    -2.398769
    -0.125555    -2.397005
    -0.123881    -2.395272
    -0.122207    -2.393571
    -0.120533    -2.391901
    -0.118859    -2.390259
    -0.117185    -2.388647
    -0.115511    -2.387063
    -0.113837    -2.385507
    -0.112163    -2.383977
    -0.110488    -2.382475
    -0.108814    -2.380999
    -0.107140    -2.379549
    -0.105466    -2.378124
    -0.103792    -2.376725
    -0.102118    -2.375351
    -0.100444    -2.374002
    -0.098770    -2.372677
    -0.097096    -2.371377
    -0.095422    -2.370101
    -0.093748    -2.368849
    -0.092074    -2.367621
    -0.090400    -2.366417
    -0.088726    -2.365237
    -0.087051    -2.364080
    -0.085377    -2.362947
    -0.083703    -2.361837
    -0.082029    -2.360751
    -0.080355    -2.359688
    -0.078681    -2.358648
    -0.077007    -2.357632
    -0.075333    -2.356640
    -0.073659    -2.355670
    -0.071985    -2.354724
    -0.070311    -2.353802
    -0.068637    -2.352903
    -0.066963    -2.352027
    -0.065289    -2.351174
    -0.063615    -2.350345
    -0.061940    -2.349540
    -0.060266    -2.348758
    -0.058592    -2.348000
    -0.056918    -2.347265
    -0.055244    -2.346554
    -0.053570    -2.345866
    -0.051896    -2.345202
    -0.050222    -2.344562
    -0.048548    -2.343946
    -0.046874    -2.343353
    -0.045200    -2.342785
    -0.043526    -2.342240
    -0.041852    -2.341720
    -0.040178    -2.341223
    -0.038504    -2.340750
    -0.036829    -2.340302
    -0.035155    -2.339878
    -0.033481    -2.339478
    -0.031807    -2.339102
    -0.030133    -2.338751
    -0.028459    -2.338423
    -0.026785    -2.338121
    -0.025111    -2.337842
    -0.023437    -2.337589
    -0.021763    -2.337359
    -0.020089    -2.337154
    -0.018415    -2.336974
    -0.016741    -2.336819
    -0.015067    -2.336688
    -0.013393    -2.336581
    -0.011718    -2.336500
    -0.010044    -2.336443
    -0.008370    -2.336411
    -0.006696    -2.336404
    -0.005022    -2.336422
    -0.003348    -2.336464
    -0.001674    -2.336532
     0.000000    -2.336609
     0.001674    -2.336518
     0.003348    -2.336451
     0.005022    -2.336409
     0.006696    -2.336391
     0.008370    -2.336399
     0.010044    -2.336431
     0.011718    -2.336488
     0.013393    -2.336570
     0.015067    -2.336676
     0.016741    -2.336808
     0.018415    -2.336963
     0.020089    -2.337144
     0.021763    -2.337349
     0.023437    -2.337579
     0.025111    -2.337833
     0.026785    -2.338111
     0.028459    -2.338415
     0.030133    -2.338742
     0.031807    -2.339094
     0.033481    -2.339470
     0.035155    -2.339870
     0.036829    -2.340295
     0.038504    -2.340744
     0.040178    -2.341217
     0.041852    -2.341714
     0.043526    -2.342235
     0.045200    -2.342780
     0.046874    -2.343349
     0.048548    -2.343942
     0.050222    -2.344559
     0.051896    -2.345199
     0.053570    -2.345863
     0.055244    -2.346551
     0.056918    -2.347263
     0.058592    -2.347998
     0.060266    -2.348757
     0.061940    -2.349540
     0.063615    -2.350346
     0.065289    -2.351175
     0.066963    -2.352028
     0.068637    -2.352904
     0.070311    -2.353804
     0.071985    -2.354727
     0.073659    -2.355673
     0.075333    -2.356643
     0.077007    -2.357636
     0.078681    -2.358653
     0.080355    -2.359693
     0.082029    -2.360756
     0.083703    -2.361843
     0.085377    -2.362953
     0.087051    -2.364086
     0.088726    -2.365244
     0.090400    -2.366425
     0.092074    -2.367629
     0.093748    -2.368858
     0.095422    -2.370110
     0.097096    -2.371386
     0.098770    -2.372687
     0.100444    -2.374012
     0.102118    -2.375362
     0.103792    -2.376736
     0.105466    -2.378136
     0.107140    -2.379560
     0.108814    -2.381011
     0.110488    -2.382487
     0.112163    -2.383990
     0.113837    -2.385519
     0.115511    -2.387076
     0.117185    -2.388660
     0.118859    -2.390273
     0.120533    -2.391914
     0.122207    -2.393585
     0.123881    -2.395287
     0.125555    -2.397019
     0.127229    -2.398784
     0.128903    -2.400581
     0.130577    -2.402413
     0.132251    -2.404279
     0.133925    -2.406183
     0.135599    -2.408124
     0.137274    -2.410105
     0.138948    -2.412127
     0.140622    -2.414193
     0.142296    -2.416303
     0.143970    -2.418461
     0.145644    -2.420670
     0.147318    -2.422931
     0.148992    -2.425248
     0.150666    -2.427624
     0.152340    -2.430062
     0.154014    -2.432568
     0.155688    -2.435145
     0.157362    -2.437797
     0.159036    -2.440531
     0.160710    -2.443352
     0.162385    -2.446267
     0.164059    -2.449281
     0.165733    -2.452403
     0.167407    -2.455640


    -0.167407    -2.215727
    -0.165733    -2.206643
    -0.164059    -2.197504
    -0.162385    -2.188321
    -0.160710    -2.179104
    -0.159036    -2.169860
    -0.157362    -2.160599
    -0.155688    -2.151327
    -0.154014    -2.142053
    -0.152340    -2.132783
    -0.150666    -2.123523
    -0.148992    -2.114279
    -0.147318    -2.105057
    -0.145644    -2.095862
    -0.143970    -2.086699
    -0.142296    -2.077573
    -0.140622    -2.068489
    -0.138948    -2.059450
    -0.137274    -2.050462
    -0.135599    -2.041526
    -0.133925    -2.032648
    -0.132251    -2.023831
    -0.130577    -2.015078
    -0.128903    -2.006393
    -0.127229    -1.997777
    -0.125555    -1.989236
    -0.123881    -1.980770
    -0.122207    -1.972383
    -0.120533    -1.964078
    -0.118859    -1.955857
    -0.117185    -1.947722
    -0.115511    -1.939676
    -0.113837    -1.931721
    -0.112163    -1.923859
    -0.110488    -1.916091
    -0.108814    -1.908421
    -0.107140    -1.900849
    -0.105466    -1.893377
    -0.103792    -1.886008
    -0.102118    -1.878742
    -0.100444    -1.871581
    -0.098770    -1.864526
    -0.097096    -1.857580
    -0.095422    -1.850742
    -0.093748    -1.844014
    -0.092074    -1.837398
    -0.090400    -1.830893
    -0.088726    -1.824502
    -0.087051    -1.818224
    -0.085377    -1.812061
    -0.083703    -1.806013
    -0.082029    -1.800081
    -0.080355    -1.794265
    -0.078681    -1.788566
    -0.077007    -1.782984
    -0.075333    -1.777520
    -0.073659    -1.772174
    -0.071985    -1.766945
    -0.070311    -1.761835
    -0.068637    -1.756843
    -0.066963    -1.751969
    -0.065289    -1.747214
    -0.063615    -1.742577
    -0.061940    -1.738058
    -0.060266    -1.733657
    -0.058592    -1.729375
    -0.056918    -1.725210
    -0.055244    -1.721163
    -0.053570    -1.717234
    -0.051896    -1.713422
    -0.050222    -1.709727
    -0.048548    -1.706150
    -0.046874    -1.702689
    -0.045200    -1.699346
    -0.043526    -1.696119
    -0.041852    -1.693009
    -0.040178    -1.690016
    -0.038504    -1.687139
    -0.036829    -1.684380
    -0.035155    -1.681737
    -0.033481    -1.679212
    -0.031807    -1.676804
    -0.030133    -1.674513
    -0.028459    -1.672340
    -0.026785    -1.670284
    -0.025111    -1.668347
    -0.023437    -1.666527
    -0.021763    -1.664827
    -0.020089    -1.663245
    -0.018415    -1.661784
    -0.016741    -1.660444
    -0.015067    -1.659225
    -0.013393    -1.658129
    -0.011718    -1.657158
    -0.010044    -1.656311
    -0.008370    -1.655590
    -0.006696    -1.654997
    -0.005022    -1.654532
    -0.003348    -1.654195
    -0.001674    -1.653989
     0.000000    -1.653914
     0.001674    -1.653980
     0.003348    -1.654185
     0.005022    -1.654521
     0.006696    -1.654987
     0.008370    -1.655580
     0.010044    -1.656301
     0.011718    -1.657148
     0.013393    -1.658120
     0.015067    -1.659216
     0.016741    -1.660435
     0.018415    -1.661776
     0.020089    -1.663238
     0.021763    -1.664820
     0.023437    -1.666521
     0.025111    -1.668341
     0.026785    -1.670279
     0.028459    -1.672336
     0.030133    -1.674510
     0.031807    -1.676801
     0.033481    -1.679209
     0.035155    -1.681735
     0.036829    -1.684378
     0.038504    -1.687137
     0.040178    -1.690013
     0.041852    -1.693006
     0.043526    -1.696116
     0.045200    -1.699342
     0.046874    -1.702685
     0.048548    -1.706145
     0.050222    -1.709722
     0.051896    -1.713416
     0.053570    -1.717228
     0.055244    -1.721156
     0.056918    -1.725203
     0.058592    -1.729367
     0.060266    -1.733649
     0.061940    -1.738049
     0.063615    -1.742568
     0.065289    -1.747204
     0.066963    -1.751959
     0.068637    -1.756832
     0.070311    -1.761824
     0.071985    -1.766934
     0.073659    -1.772162
     0.075333    -1.777508
     0.077007    -1.782971
     0.078681    -1.788553
     0.080355    -1.794251
     0.082029    -1.800066
     0.083703    -1.805998
     0.085377    -1.812046
     0.087051    -1.818208
     0.088726    -1.824486
     0.090400    -1.830877
     0.092074    -1.837381
     0.093748    -1.843997
     0.095422    -1.850725
     0.097096    -1.857562
     0.098770    -1.864508
     0.100444    -1.871563
     0.102118    -1.878723
     0.103792    -1.885989
     0.105466    -1.893358
     0.107140    -1.900829
     0.108814    -1.908401
     0.110488    -1.916071
     0.112163    -1.923839
     0.113837    -1.931701
     0.115511    -1.939656
     0.117185    -1.947702
     0.118859    -1.955837
     0.120533    -1.964058
     0.122207    -1.972363
     0.123881    -1.980749
     0.125555    -1.989215
     0.127229    -1.997756
     0.128903    -2.006372
     0.130577    -2.015057
     0.132251    -2.023810
     0.133925    -2.032627
     0.135599    -2.041505
     0.137274    -2.050441
     0.138948    -2.059429
     0.140622    -2.068468
     0.142296    -2.077553
     0.143970    -2.086678
     0.145644    -2.095841
     0.147318    -2.105036
     0.148992    -2.114258
     0.150666    -2.123502
     0.152340    -2.132763
     0.154014    -2.142033
     0.155688    -2.151308
     0.157362    -2.160579
     0.159036    -2.169841
     0.160710    -2.179085
     0.162385    -2.188302
     0.164059    -2.197485
     0.165733    -2.206624
     0.167407    -2.215709


    -0.167407    -2.165480
    -0.165733    -2.157202
    -0.164059    -2.148896
    -0.162385    -2.140569
    -0.160710    -2.132226
    -0.159036    -2.123873
    -0.157362    -2.115515
    -0.155688    -2.107158
    -0.154014    -2.098806
    -0.152340    -2.090466
    -0.150666    -2.082140
    -0.148992    -2.073835
    -0.147318    -2.065554
    -0.145644    -2.057301
    -0.143970    -2.049081
    -0.142296    -2.040898
    -0.140622    -2.032754
    -0.138948    -2.024654
    -0.137274    -2.016600
    -0.135599    -2.008597
    -0.133925    -2.000647
    -0.132251    -1.992752
    -0.130577    -1.984916
    -0.128903    -1.977142
    -0.127229    -1.969432
    -0.125555    -1.961788
    -0.123881    -1.954212
    -0.122207    -1.946707
    -0.120533    -1.939275
    -0.118859    -1.931918
    -0.117185    -1.924637
    -0.115511    -1.917434
    -0.113837    -1.910311
    -0.112163    -1.903270
    -0.110488    -1.896311
    -0.108814    -1.889437
    -0.107140    -1.882648
    -0.105466    -1.875946
    -0.103792    -1.869332
    -0.102118    -1.862807
    -0.100444    -1.856372
    -0.098770    -1.850027
    -0.097096    -1.843775
    -0.095422    -1.837615
    -0.093748    -1.831548
    -0.092074    -1.825575
    -0.090400    -1.819697
    -0.088726    -1.813914
    -0.087051    -1.808227
    -0.085377    -1.802636
    -0.083703    -1.797141
    -0.082029    -1.791744
    -0.080355    -1.786444
    -0.078681    -1.781242
    -0.077007    -1.776139
    -0.075333    -1.771133
    -0.073659    -1.766227
    -0.071985    -1.761419
    -0.070311    -1.756711
    -0.068637    -1.752102
    -0.066963    -1.747593
    -0.065289    -1.743184
    -0.063615    -1.738875
    -0.061940    -1.734666
    -0.060266    -1.730557
    -0.058592    -1.726549
    -0.056918    -1.722642
    -0.055244    -1.718836
    -0.053570    -1.715131
    -0.051896    -1.711528
    -0.050222    -1.708027
    -0.048548    -1.704627
    -0.046874    -1.701330
    -0.045200    -1.698135
    -0.043526    -1.695044
    -0.041852    -1.692056
    -0.040178    -1.689172
    -0.038504    -1.686393
    -0.036829    -1.683719
    -0.035155    -1.681151
    -0.033481    -1.678689
    -0.031807    -1.676335
    -0.030133    -1.674090
    -0.028459    -1.671955
    -0.026785    -1.669931
    -0.025111    -1.668020
    -0.023437    -1.666224
    -0.021763    -1.664544
    -0.020089    -1.662981
    -0.018415    -1.661538
    -0.016741    -1.660215
    -0.015067    -1.659014
    -0.013393    -1.657937
    -0.011718    -1.656985
    -0.010044    -1.656159
    -0.008370    -1.655460
    -0.006696    -1.654889
    -0.005022    -1.654447
    -0.003348    -1.654134
    -0.001674    -1.653951
     0.000000    -1.653896
     0.001674    -1.653959
     0.003348    -1.654143
     0.005022    -1.654456
     0.006696    -1.654898
     0.008370    -1.655468
     0.010044    -1.656166
     0.011718    -1.656992
     0.013393    -1.657943
     0.015067    -1.659019
     0.016741    -1.660219
     0.018415    -1.661540
     0.020089    -1.662983
     0.021763    -1.664544
     0.023437    -1.666223
     0.025111    -1.668018
     0.026785    -1.669928
     0.028459    -1.671950
     0.030133    -1.674085
     0.031807    -1.676329
     0.033481    -1.678682
     0.035155    -1.681143
     0.036829    -1.683710
     0.038504    -1.686384
     0.040178    -1.689163
     0.041852    -1.692046
     0.043526    -1.695034
     0.045200    -1.698125
     0.046874    -1.701319
     0.048548    -1.704616
     0.050222    -1.708016
     0.051896    -1.711517
     0.053570    -1.715120
     0.055244    -1.718825
     0.056918    -1.722631
     0.058592    -1.726538
     0.060266    -1.730546
     0.061940    -1.734655
     0.063615    -1.738864
     0.065289    -1.743173
     0.066963    -1.747582
     0.068637    -1.752091
     0.070311    -1.756700
     0.071985    -1.761408
     0.073659    -1.766215
     0.075333    -1.771122
     0.077007    -1.776127
     0.078681    -1.781230
     0.080355    -1.786432
     0.082029    -1.791732
     0.083703    -1.797129
     0.085377    -1.802623
     0.087051    -1.808214
     0.088726    -1.813901
     0.090400    -1.819684
     0.092074    -1.825562
     0.093748    -1.831535
     0.095422    -1.837601
     0.097096    -1.843761
     0.098770    -1.850014
     0.100444    -1.856358
     0.102118    -1.862793
     0.103792    -1.869318
     0.105466    -1.875932
     0.107140    -1.882634
     0.108814    -1.889422
     0.110488    -1.896297
     0.112163    -1.903255
     0.113837    -1.910296
     0.115511    -1.917419
     0.117185    -1.924622
     0.118859    -1.931903
     0.120533    -1.939260
     0.122207    -1.946692
     0.123881    -1.954197
     0.125555    -1.961772
     0.127229    -1.969416
     0.128903    -1.977127
     0.130577    -1.984901
     0.132251    -1.992736
     0.133925    -2.000631
     0.135599    -2.008581
     0.137274    -2.016584
     0.138948    -2.024638
     0.140622    -2.032738
     0.142296    -2.040882
     0.143970    -2.049065
     0.145644    -2.057285
     0.147318    -2.065538
     0.148992    -2.073819
     0.150666    -2.082124
     0.152340    -2.090450
     0.154014    -2.098790
     0.155688    -2.107142
     0.157362    -2.115499
     0.159036    -2.123857
     0.160710    -2.132210
     0.162385    -2.140554
     0.164059    -2.148881
     0.165733    -2.157187
     0.167407    -2.165465


    -0.167407    -1.749913
    -0.165733    -1.747203
    -0.164059    -1.744510
    -0.162385    -1.741833
    -0.160710    -1.739174
    -0.159036    -1.736532
    -0.157362    -1.733908
    -0.155688    -1.731302
    -0.154014    -1.728714
    -0.152340    -1.726145
    -0.150666    -1.723594
    -0.148992    -1.721061
    -0.147318    -1.718548
    -0.145644    -1.716054
    -0.143970    -1.713579
    -0.142296    -1.711124
    -0.140622    -1.708690
    -0.138948    -1.706275
    -0.137274    -1.703881
    -0.135599    -1.701507
    -0.133925    -1.699154
    -0.132251    -1.696823
    -0.130577    -1.694513
    -0.128903    -1.692225
    -0.127229    -1.689958
    -0.125555    -1.687714
    -0.123881    -1.685493
    -0.122207    -1.683294
    -0.120533    -1.681119
    -0.118859    -1.678967
    -0.117185    -1.676838
    -0.115511    -1.674734
    -0.113837    -1.672654
    -0.112163    -1.670598
    -0.110488    -1.668568
    -0.108814    -1.666562
    -0.107140    -1.664582
    -0.105466    -1.662628
    -0.103792    -1.660700
    -0.102118    -1.658798
    -0.100444    -1.656923
    -0.098770    -1.655076
    -0.097096    -1.653256
    -0.095422    -1.651463
    -0.093748    -1.649699
    -0.092074    -1.647963
    -0.090400    -1.646256
    -0.088726    -1.644578
    -0.087051    -1.642930
    -0.085377    -1.641312
    -0.083703    -1.639723
    -0.082029    -1.638166
    -0.080355    -1.636639
    -0.078681    -1.635144
    -0.077007    -1.633680
    -0.075333    -1.632248
    -0.073659    -1.630849
    -0.071985    -1.629482
    -0.070311    -1.628148
    -0.068637    -1.626848
    -0.066963    -1.625581
    -0.065289    -1.624348
    -0.063615    -1.623150
    -0.061940    -1.621986
    -0.060266    -1.620856
    -0.058592    -1.619762
    -0.056918    -1.618704
    -0.055244    -1.617680
    -0.053570    -1.616693
    -0.051896    -1.615741
    -0.050222    -1.614826
    -0.048548    -1.613946
    -0.046874    -1.613103
    -0.045200    -1.612296
    -0.043526    -1.611524
    -0.041852    -1.610789
    -0.040178    -1.610089
    -0.038504    -1.609425
    -0.036829    -1.608796
    -0.035155    -1.608202
    -0.033481    -1.607642
    -0.031807    -1.607115
    -0.030133    -1.606622
    -0.028459    -1.606161
    -0.026785    -1.605732
    -0.025111    -1.605333
    -0.023437    -1.604963
    -0.021763    -1.604622
    -0.020089    -1.604308
    -0.018415    -1.604020
    -0.016741    -1.603756
    -0.015067    -1.603516
    -0.013393    -1.603298
    -0.011718    -1.603100
    -0.010044    -1.602921
    -0.008370    -1.602761
    -0.006696    -1.602617
    -0.005022    -1.602489
    -0.003348    -1.602377
    -0.001674    -1.602279
     0.000000    -1.602201
     0.001674    -1.602282
     0.003348    -1.602380
     0.005022    -1.602493
     0.006696    -1.602620
     0.008370    -1.602764
     0.010044    -1.602925
     0.011718    -1.603104
     0.013393    -1.603302
     0.015067    -1.603520
     0.016741    -1.603761
     0.018415    -1.604024
     0.020089    -1.604313
     0.021763    -1.604627
     0.023437    -1.604968
     0.025111    -1.605338
     0.026785    -1.605737
     0.028459    -1.606167
     0.030133    -1.606628
     0.031807    -1.607122
     0.033481    -1.607648
     0.035155    -1.608208
     0.036829    -1.608803
     0.038504    -1.609432
     0.040178    -1.610096
     0.041852    -1.610796
     0.043526    -1.611531
     0.045200    -1.612303
     0.046874    -1.613110
     0.048548    -1.613954
     0.050222    -1.614833
     0.051896    -1.615749
     0.053570    -1.616701
     0.055244    -1.617688
     0.056918    -1.618711
     0.058592    -1.619770
     0.060266    -1.620864
     0.061940    -1.621993
     0.063615    -1.623157
     0.065289    -1.624356
     0.066963    -1.625588
     0.068637    -1.626855
     0.070311    -1.628155
     0.071985    -1.629489
     0.073659    -1.630856
     0.075333    -1.632255
     0.077007    -1.633687
     0.078681    -1.635150
     0.080355    -1.636646
     0.082029    -1.638172
     0.083703    -1.639729
     0.085377    -1.641317
     0.087051    -1.642936
     0.088726    -1.644584
     0.090400    -1.646261
     0.092074    -1.647968
     0.093748    -1.649704
     0.095422    -1.651468
     0.097096    -1.653260
     0.098770    -1.655080
     0.100444    -1.656927
     0.102118    -1.658802
     0.103792    -1.660703
     0.105466    -1.662631
     0.107140    -1.664585
     0.108814    -1.666565
     0.110488    -1.668570
     0.112163    -1.670601
     0.113837    -1.672656
     0.115511    -1.674736
     0.117185    -1.676840
     0.118859    -1.678968
     0.120533    -1.681120
     0.122207    -1.683295
     0.123881    -1.685494
     0.125555    -1.687715
     0.127229    -1.689959
     0.128903    -1.692225
     0.130577    -1.694513
     0.132251    -1.696823
     0.133925    -1.699154
     0.135599    -1.701506
     0.137274    -1.703880
     0.138948    -1.706274
     0.140622    -1.708688
     0.142296    -1.711123
     0.143970    -1.713578
     0.145644    -1.716052
     0.147318    -1.718546
     0.148992    -1.721059
     0.150666    -1.723592
     0.152340    -1.726142
     0.154014    -1.728712
     0.155688    -1.731300
     0.157362    -1.733906
     0.159036    -1.736530
     0.160710    -1.739171
     0.162385    -1.741830
     0.164059    -1.744507
     0.165733    -1.747200
     0.167407    -1.749910


    -0.167407    -1.739266
    -0.165733    -1.736379
    -0.164059    -1.733518
    -0.162385    -1.730683
    -0.160710    -1.727874
    -0.159036    -1.725093
    -0.157362    -1.722338
    -0.155688    -1.719610
    -0.154014    -1.716909
    -0.152340    -1.714236
    -0.150666    -1.711590
    -0.148992    -1.708971
    -0.147318    -1.706381
    -0.145644    -1.703819
    -0.143970    -1.701285
    -0.142296    -1.698779
    -0.140622    -1.696302
    -0.138948    -1.693854
    -0.137274    -1.691434
    -0.135599    -1.689044
    -0.133925    -1.686683
    -0.132251    -1.684351
    -0.130577    -1.682048
    -0.128903    -1.679776
    -0.127229    -1.677533
    -0.125555    -1.675321
    -0.123881    -1.673138
    -0.122207    -1.670987
    -0.120533    -1.668865
    -0.118859    -1.666775
    -0.117185    -1.664715
    -0.115511    -1.662686
    -0.113837    -1.660689
    -0.112163    -1.658723
    -0.110488    -1.656788
    -0.108814    -1.654886
    -0.107140    -1.653015
    -0.105466    -1.651176
    -0.103792    -1.649370
    -0.102118    -1.647596
    -0.100444    -1.645854
    -0.098770    -1.644145
    -0.097096    -1.642470
    -0.095422    -1.640827
    -0.093748    -1.639217
    -0.092074    -1.637641
    -0.090400    -1.636098
    -0.088726    -1.634589
    -0.087051    -1.633114
    -0.085377    -1.631673
    -0.083703    -1.630266
    -0.082029    -1.628893
    -0.080355    -1.627554
    -0.078681    -1.626250
    -0.077007    -1.624981
    -0.075333    -1.623747
    -0.073659    -1.622547
    -0.071985    -1.621383
    -0.070311    -1.620253
    -0.068637    -1.619159
    -0.066963    -1.618100
    -0.065289    -1.617077
    -0.063615    -1.616089
    -0.061940    -1.615136
    -0.060266    -1.614219
    -0.058592    -1.613337
    -0.056918    -1.612491
    -0.055244    -1.611680
    -0.053570    -1.610904
    -0.051896    -1.610164
    -0.050222    -1.609459
    -0.048548    -1.608790
    -0.046874    -1.608155
    -0.045200    -1.607554
    -0.043526    -1.606988
    -0.041852    -1.606456
    -0.040178    -1.605958
    -0.038504    -1.605493
    -0.036829    -1.605061
    -0.035155    -1.604662
    -0.033481    -1.604294
    -0.031807    -1.603957
    -0.030133    -1.603651
    -0.028459    -1.603374
    -0.026785    -1.603126
    -0.025111    -1.602905
    -0.023437    -1.602712
    -0.021763    -1.602544
    -0.020089    -1.602401
    -0.018415    -1.602281
    -0.016741    -1.602183
    -0.015067    -1.602107
    -0.013393    -1.602051
    -0.011718    -1.602013
    -0.010044    -1.601993
    -0.008370    -1.601990
    -0.006696    -1.602002
    -0.005022    -1.602030
    -0.003348    -1.602072
    -0.001674    -1.602128
     0.000000    -1.602192
     0.001674    -1.602124
     0.003348    -1.602068
     0.005022    -1.602026
     0.006696    -1.601998
     0.008370    -1.601985
     0.010044    -1.601988
     0.011718    -1.602008
     0.013393    -1.602045
     0.015067    -1.602101
     0.016741    -1.602177
     0.018415    -1.602274
     0.020089    -1.602394
     0.021763    -1.602536
     0.023437    -1.602704
     0.025111    -1.602897
     0.026785    -1.603117
     0.028459    -1.603365
     0.030133    -1.603641
     0.031807    -1.603947
     0.033481    -1.604284
     0.035155    -1.604651
     0.036829    -1.605050
     0.038504    -1.605482
     0.040178    -1.605947
     0.041852    -1.606444
     0.043526    -1.606976
     0.045200    -1.607542
     0.046874    -1.608142
     0.048548    -1.608776
     0.050222    -1.609446
     0.051896    -1.610151
     0.053570    -1.610891
     0.055244    -1.611666
     0.056918    -1.612476
     0.058592    -1.613323
     0.060266    -1.614204
     0.061940    -1.615121
     0.063615    -1.616074
     0.065289    -1.617062
     0.066963    -1.618085
     0.068637    -1.619144
     0.070311    -1.620238
     0.071985    -1.621367
     0.073659    -1.622532
     0.075333    -1.623731
     0.077007    -1.624966
     0.078681    -1.626235
     0.080355    -1.627539
     0.082029    -1.628877
     0.083703    -1.630250
     0.085377    -1.631657
     0.087051    -1.633098
     0.088726    -1.634574
     0.090400    -1.636083
     0.092074    -1.637626
     0.093748    -1.639202
     0.095422    -1.640812
     0.097096    -1.642454
     0.098770    -1.644130
     0.100444    -1.645839
     0.102118    -1.647581
     0.103792    -1.649355
     0.105466    -1.651162
     0.107140    -1.653001
     0.108814    -1.654872
     0.110488    -1.656775
     0.112163    -1.658709
     0.113837    -1.660675
     0.115511    -1.662673
     0.117185    -1.664702
     0.118859    -1.666762
     0.120533    -1.668853
     0.122207    -1.670974
     0.123881    -1.673126
     0.125555    -1.675309
     0.127229    -1.677522
     0.128903    -1.679765
     0.130577    -1.682037
     0.132251    -1.684340
     0.133925    -1.686672
     0.135599    -1.689034
     0.137274    -1.691424
     0.138948    -1.693844
     0.140622    -1.696293
     0.142296    -1.698770
     0.143970    -1.701276
     0.145644    -1.703811
     0.147318    -1.706373
     0.148992    -1.708964
     0.150666    -1.711582
     0.152340    -1.714229
     0.154014    -1.716902
     0.155688    -1.719603
     0.157362    -1.722332
     0.159036    -1.725087
     0.160710    -1.727869
     0.162385    -1.730678
     0.164059    -1.733513
     0.165733    -1.736374
     0.167407    -1.739262


    -0.167407    -1.339589
    -0.165733    -1.333409
    -0.164059    -1.327179
    -0.162385    -1.320899
    -0.160710    -1.314570
    -0.159036    -1.308191
    -0.157362    -1.301762
    -0.155688    -1.295284
    -0.154014    -1.288756
    -0.152340    -1.282178
    -0.150666    -1.275552
    -0.148992    -1.268876
    -0.147318    -1.262152
    -0.145644    -1.255379
    -0.143970    -1.248559
    -0.142296    -1.241691
    -0.140622    -1.234776
    -0.138948    -1.227815
    -0.137274    -1.220809
    -0.135599    -1.213759
    -0.133925    -1.206668
    -0.132251    -1.199546
    -0.130577    -1.192459
    -0.128903    -1.185720
    -0.127229    -1.179119
    -0.125555    -1.172496
    -0.123881    -1.165834
    -0.122207    -1.159128
    -0.120533    -1.152378
    -0.118859    -1.145583
    -0.117185    -1.138744
    -0.115511    -1.131859
    -0.113837    -1.124930
    -0.112163    -1.117957
    -0.110488    -1.110940
    -0.108814    -1.103879
    -0.107140    -1.096776
    -0.105466    -1.089630
    -0.103792    -1.082443
    -0.102118    -1.075216
    -0.100444    -1.067950
    -0.098770    -1.060645
    -0.097096    -1.053304
    -0.095422    -1.045927
    -0.093748    -1.038516
    -0.092074    -1.031072
    -0.090400    -1.023599
    -0.088726    -1.016097
    -0.087051    -1.008569
    -0.085377    -1.001017
    -0.083703    -0.993443
    -0.082029    -0.985851
    -0.080355    -0.978243
    -0.078681    -0.970622
    -0.077007    -0.962992
    -0.075333    -0.955356
    -0.073659    -0.947718
    -0.071985    -0.940082
    -0.070311    -0.932451
    -0.068637    -0.924831
    -0.066963    -0.917226
    -0.065289    -0.909642
    -0.063615    -0.902082
    -0.061940    -0.894554
    -0.060266    -0.887063
    -0.058592    -0.879616
    -0.056918    -0.872218
    -0.055244    -0.864876
    -0.053570    -0.857599
    -0.051896    -0.850394
    -0.050222    -0.843268
    -0.048548    -0.836230
    -0.046874    -0.829289
    -0.045200    -0.822454
    -0.043526    -0.815735
    -0.041852    -0.809141
    -0.040178    -0.802683
    -0.038504    -0.796372
    -0.036829    -0.790217
    -0.035155    -0.784232
    -0.033481    -0.778426
    -0.031807    -0.772811
    -0.030133    -0.767400
    -0.028459    -0.762204
    -0.026785    -0.757235
    -0.025111    -0.752505
    -0.023437    -0.748023
    -0.021763    -0.743803
    -0.020089    -0.739854
    -0.018415    -0.736187
    -0.016741    -0.732811
    -0.015067    -0.729734
    -0.013393    -0.726964
    -0.011718    -0.724508
    -0.010044    -0.722372
    -0.008370    -0.720560
    -0.006696    -0.719075
    -0.005022    -0.717921
    -0.003348    -0.717096
    -0.001674    -0.716601
     0.000000    -0.716435
     0.001674    -0.716598
     0.003348    -0.717086
     0.005022    -0.717906
     0.006696    -0.719060
     0.008370    -0.720544
     0.010044    -0.722356
     0.011718    -0.724493
     0.013393    -0.726949
     0.015067    -0.729718
     0.016741    -0.732795
     0.018415    -0.736172
     0.020089    -0.739839
     0.021763    -0.743788
     0.023437    -0.748008
     0.025111    -0.752489
     0.026785    -0.757220
     0.028459    -0.762190
     0.030133    -0.767386
     0.031807    -0.772797
     0.033481    -0.778412
     0.035155    -0.784218
     0.036829    -0.790204
     0.038504    -0.796358
     0.040178    -0.802670
     0.041852    -0.809128
     0.043526    -0.815723
     0.045200    -0.822442
     0.046874    -0.829277
     0.048548    -0.836219
     0.050222    -0.843257
     0.051896    -0.850383
     0.053570    -0.857589
     0.055244    -0.864866
     0.056918    -0.872208
     0.058592    -0.879606
     0.060266    -0.887055
     0.061940    -0.894546
     0.063615    -0.902075
     0.065289    -0.909634
     0.066963    -0.917219
     0.068637    -0.924824
     0.070311    -0.932445
     0.071985    -0.940076
     0.073659    -0.947712
     0.075333    -0.955351
     0.077007    -0.962987
     0.078681    -0.970618
     0.080355    -0.978239
     0.082029    -0.985847
     0.083703    -0.993439
     0.085377    -1.001013
     0.087051    -1.008566
     0.088726    -1.016094
     0.090400    -1.023596
     0.092074    -1.031070
     0.093748    -1.038514
     0.095422    -1.045925
     0.097096    -1.053302
     0.098770    -1.060644
     0.100444    -1.067949
     0.102118    -1.075215
     0.103792    -1.082443
     0.105466    -1.089629
     0.107140    -1.096775
     0.108814    -1.103879
     0.110488    -1.110939
     0.112163    -1.117956
     0.113837    -1.124930
     0.115511    -1.131859
     0.117185    -1.138743
     0.118859    -1.145583
     0.120533    -1.152377
     0.122207    -1.159127
     0.123881    -1.165833
     0.125555    -1.172495
     0.127229    -1.179116
     0.128903    -1.185713
     0.130577    -1.192441
     0.132251    -1.199530
     0.133925    -1.206654
     0.135599    -1.213745
     0.137274    -1.220795
     0.138948    -1.227801
     0.140622    -1.234762
     0.142296    -1.241676
     0.143970    -1.248544
     0.145644    -1.255364
     0.147318    -1.262136
     0.148992    -1.268860
     0.150666    -1.275535
     0.152340    -1.282161
     0.154014    -1.288738
     0.155688    -1.295265
     0.157362    -1.301743
     0.159036    -1.308172
     0.160710    -1.314550
     0.162385    -1.320879
     0.164059    -1.327158
     0.165733    -1.333388
     0.167407    -1.339568


    -0.167407    -1.325048
    -0.165733    -1.319411
    -0.164059    -1.313739
    -0.162385    -1.308031
    -0.160710    -1.302288
    -0.159036    -1.296508
    -0.157362    -1.290691
    -0.155688    -1.284837
    -0.154014    -1.278945
    -0.152340    -1.273014
    -0.150666    -1.267044
    -0.148992    -1.261034
    -0.147318    -1.254984
    -0.145644    -1.248893
    -0.143970    -1.242760
    -0.142296    -1.236586
    -0.140622    -1.230369
    -0.138948    -1.224110
    -0.137274    -1.217806
    -0.135599    -1.211457
    -0.133925    -1.205061
    -0.132251    -1.198608
    -0.130577    -1.192031
    -0.128903    -1.185021
    -0.127229    -1.177785
    -0.125555    -1.170486
    -0.123881    -1.163143
    -0.122207    -1.155759
    -0.120533    -1.148338
    -0.118859    -1.140881
    -0.117185    -1.133389
    -0.115511    -1.125865
    -0.113837    -1.118310
    -0.112163    -1.110726
    -0.110488    -1.103114
    -0.108814    -1.095476
    -0.107140    -1.087815
    -0.105466    -1.080132
    -0.103792    -1.072429
    -0.102118    -1.064709
    -0.100444    -1.056973
    -0.098770    -1.049225
    -0.097096    -1.041466
    -0.095422    -1.033700
    -0.093748    -1.025928
    -0.092074    -1.018154
    -0.090400    -1.010380
    -0.088726    -1.002609
    -0.087051    -0.994844
    -0.085377    -0.987089
    -0.083703    -0.979346
    -0.082029    -0.971620
    -0.080355    -0.963912
    -0.078681    -0.956228
    -0.077007    -0.948569
    -0.075333    -0.940941
    -0.073659    -0.933348
    -0.071985    -0.925792
    -0.070311    -0.918278
    -0.068637    -0.910810
    -0.066963    -0.903393
    -0.065289    -0.896031
    -0.063615    -0.888729
    -0.061940    -0.881491
    -0.060266    -0.874322
    -0.058592    -0.867227
    -0.056918    -0.860212
    -0.055244    -0.853281
    -0.053570    -0.846440
    -0.051896    -0.839695
    -0.050222    -0.833051
    -0.048548    -0.826515
    -0.046874    -0.820092
    -0.045200    -0.813789
    -0.043526    -0.807612
    -0.041852    -0.801567
    -0.040178    -0.795663
    -0.038504    -0.789905
    -0.036829    -0.784301
    -0.035155    -0.778859
    -0.033481    -0.773586
    -0.031807    -0.768489
    -0.030133    -0.763578
    -0.028459    -0.758860
    -0.026785    -0.754343
    -0.025111    -0.750037
    -0.023437    -0.745949
    -0.021763    -0.742088
    -0.020089    -0.738463
    -0.018415    -0.735084
    -0.016741    -0.731958
    -0.015067    -0.729094
    -0.013393    -0.726501
    -0.011718    -0.724187
    -0.010044    -0.722160
    -0.008370    -0.720428
    -0.006696    -0.718998
    -0.005022    -0.717876
    -0.003348    -0.717069
    -0.001674    -0.716583
     0.000000    -0.716421
     0.001674    -0.716586
     0.003348    -0.717078
     0.005022    -0.717888
     0.006696    -0.719010
     0.008370    -0.720440
     0.010044    -0.722171
     0.011718    -0.724197
     0.013393    -0.726511
     0.015067    -0.729103
     0.016741    -0.731966
     0.018415    -0.735092
     0.020089    -0.738471
     0.021763    -0.742095
     0.023437    -0.745956
     0.025111    -0.750043
     0.026785    -0.754350
     0.028459    -0.758866
     0.030133    -0.763584
     0.031807    -0.768495
     0.033481    -0.773591
     0.035155    -0.778864
     0.036829    -0.784306
     0.038504    -0.789910
     0.040178    -0.795667
     0.041852    -0.801572
     0.043526    -0.807616
     0.045200    -0.813793
     0.046874    -0.820096
     0.048548    -0.826519
     0.050222    -0.833055
     0.051896    -0.839699
     0.053570    -0.846444
     0.055244    -0.853284
     0.056918    -0.860215
     0.058592    -0.867230
     0.060266    -0.874325
     0.061940    -0.881493
     0.063615    -0.888731
     0.065289    -0.896033
     0.066963    -0.903395
     0.068637    -0.910812
     0.070311    -0.918280
     0.071985    -0.925793
     0.073659    -0.933349
     0.075333    -0.940943
     0.077007    -0.948571
     0.078681    -0.956229
     0.080355    -0.963913
     0.082029    -0.971620
     0.083703    -0.979347
     0.085377    -0.987089
     0.087051    -0.994844
     0.088726    -1.002608
     0.090400    -1.010379
     0.092074    -1.018153
     0.093748    -1.025927
     0.095422    -1.033698
     0.097096    -1.041465
     0.098770    -1.049223
     0.100444    -1.056971
     0.102118    -1.064706
     0.103792    -1.072426
     0.105466    -1.080128
     0.107140    -1.087811
     0.108814    -1.095472
     0.110488    -1.103109
     0.112163    -1.110721
     0.113837    -1.118305
     0.115511    -1.125860
     0.117185    -1.133383
     0.118859    -1.140874
     0.120533    -1.148331
     0.122207    -1.155752
     0.123881    -1.163136
     0.125555    -1.170479
     0.127229    -1.177779
     0.128903    -1.185018
     0.130577    -1.192039
     0.132251    -1.198613
     0.133925    -1.205064
     0.135599    -1.211459
     0.137274    -1.217808
     0.138948    -1.224111
     0.140622    -1.230371
     0.142296    -1.236587
     0.143970    -1.242761
     0.145644    -1.248893
     0.147318    -1.254984
     0.148992    -1.261034
     0.150666    -1.267044
     0.152340    -1.273014
     0.154014    -1.278945
     0.155688    -1.284837
     0.157362    -1.290691
     0.159036    -1.296508
     0.160710    -1.302287
     0.162385    -1.308030
     0.164059    -1.313738
     0.165733    -1.319410
     0.167407    -1.325047


    -0.167407    -0.500863
    -0.165733    -0.496053
    -0.164059    -0.491285
    -0.162385    -0.486561
    -0.160710    -0.481882
    -0.159036    -0.477248
    -0.157362    -0.472661
    -0.155688    -0.468121
    -0.154014    -0.463630
    -0.152340    -0.459187
    -0.150666    -0.454795
    -0.148992    -0.450453
    -0.147318    -0.446163
    -0.145644    -0.441927
    -0.143970    -0.437743
    -0.142296    -0.433614
    -0.140622    -0.429541
    -0.138948    -0.425524
    -0.137274    -0.421564
    -0.135599    -0.417662
    -0.133925    -0.413819
    -0.132251    -0.410036
    -0.130577    -0.406313
    -0.128903    -0.402652
    -0.127229    -0.399053
    -0.125555    -0.395517
    -0.123881    -0.392045
    -0.122207    -0.388637
    -0.120533    -0.385294
    -0.118859    -0.382017
    -0.117185    -0.378807
    -0.115511    -0.375664
    -0.113837    -0.372589
    -0.112163    -0.369582
    -0.110488    -0.366643
    -0.108814    -0.363774
    -0.107140    -0.360975
    -0.105466    -0.358245
    -0.103792    -0.355586
    -0.102118    -0.352997
    -0.100444    -0.350479
    -0.098770    -0.348031
    -0.097096    -0.345655
    -0.095422    -0.343348
    -0.093748    -0.341113
    -0.092074    -0.338947
    -0.090400    -0.336851
    -0.088726    -0.334824
    -0.087051    -0.332866
    -0.085377    -0.330976
    -0.083703    -0.329153
    -0.082029    -0.327396
    -0.080355    -0.325703
    -0.078681    -0.324074
    -0.077007    -0.322506
    -0.075333    -0.320999
    -0.073659    -0.319550
    -0.071985    -0.318157
    -0.070311    -0.316818
    -0.068637    -0.315529
    -0.066963    -0.314289
    -0.065289    -0.313093
    -0.063615    -0.311940
    -0.061940    -0.310824
    -0.060266    -0.309741
    -0.058592    -0.308689
    -0.056918    -0.307661
    -0.055244    -0.306652
    -0.053570    -0.305658
    -0.051896    -0.304672
    -0.050222    -0.303688
    -0.048548    -0.302699
    -0.046874    -0.301699
    -0.045200    -0.300680
    -0.043526    -0.299633
    -0.041852    -0.298551
    -0.040178    -0.297425
    -0.038504    -0.296246
    -0.036829    -0.295004
    -0.035155    -0.293690
    -0.033481    -0.292293
    -0.031807    -0.290803
    -0.030133    -0.289210
    -0.028459    -0.287503
    -0.026785    -0.285671
    -0.025111    -0.283705
    -0.023437    -0.281592
    -0.021763    -0.279324
    -0.020089    -0.276890
    -0.018415    -0.274282
    -0.016741    -0.271490
    -0.015067    -0.268507
    -0.013393    -0.265325
    -0.011718    -0.261938
    -0.010044    -0.258342
    -0.008370    -0.254531
    -0.006696    -0.250504
    -0.005022    -0.246257
    -0.003348    -0.241790
    -0.001674    -0.237103
     0.000000    -0.232224
     0.001674    -0.237129
     0.003348    -0.241817
     0.005022    -0.246284
     0.006696    -0.250532
     0.008370    -0.254560
     0.010044    -0.258371
     0.011718    -0.261968
     0.013393    -0.265355
     0.015067    -0.268538
     0.016741    -0.271521
     0.018415    -0.274314
     0.020089    -0.276922
     0.021763    -0.279356
     0.023437    -0.281625
     0.025111    -0.283737
     0.026785    -0.285704
     0.028459    -0.287536
     0.030133    -0.289243
     0.031807    -0.290836
     0.033481    -0.292326
     0.035155    -0.293723
     0.036829    -0.295037
     0.038504    -0.296279
     0.040178    -0.297458
     0.041852    -0.298583
     0.043526    -0.299665
     0.045200    -0.300711
     0.046874    -0.301730
     0.048548    -0.302730
     0.050222    -0.303718
     0.051896    -0.304702
     0.053570    -0.305687
     0.055244    -0.306681
     0.056918    -0.307689
     0.058592    -0.308717
     0.060266    -0.309769
     0.061940    -0.310851
     0.063615    -0.311966
     0.065289    -0.313119
     0.066963    -0.314314
     0.068637    -0.315554
     0.070311    -0.316842
     0.071985    -0.318181
     0.073659    -0.319574
     0.075333    -0.321022
     0.077007    -0.322529
     0.078681    -0.324096
     0.080355    -0.325724
     0.082029    -0.327416
     0.083703    -0.329173
     0.085377    -0.330996
     0.087051    -0.332885
     0.088726    -0.334843
     0.090400    -0.336869
     0.092074    -0.338965
     0.093748    -0.341130
     0.095422    -0.343365
     0.097096    -0.345671
     0.098770    -0.348047
     0.100444    -0.350494
     0.102118    -0.353012
     0.103792    -0.355600
     0.105466    -0.358259
     0.107140    -0.360988
     0.108814    -0.363787
     0.110488    -0.366656
     0.112163    -0.369594
     0.113837    -0.372600
     0.115511    -0.375675
     0.117185    -0.378818
     0.118859    -0.382028
     0.120533    -0.385305
     0.122207    -0.388647
     0.123881    -0.392054
     0.125555    -0.395526
     0.127229    -0.399062
     0.128903    -0.402661
     0.130577    -0.406322
     0.132251    -0.410044
     0.133925    -0.413827
     0.135599    -0.417670
     0.137274    -0.421572
     0.138948    -0.425532
     0.140622    -0.429548
     0.142296    -0.433622
     0.143970    -0.437750
     0.145644    -0.441933
     0.147318    -0.446170
     0.148992    -0.450460
     0.150666    -0.454801
     0.152340    -0.459194
     0.154014    -0.463636
     0.155688    -0.468128
     0.157362    -0.472667
     0.159036    -0.477254
     0.160710    -0.481888
     0.162385    -0.486567
     0.164059    -0.491291
     0.165733    -0.496059
     0.167407    -0.500869


    -0.167407    -0.463935
    -0.165733    -0.457332
    -0.164059    -0.450732
    -0.162385    -0.444135
    -0.160710    -0.437540
    -0.159036    -0.430948
    -0.157362    -0.424359
    -0.155688    -0.417774
    -0.154014    -0.411191
    -0.152340    -0.404612
    -0.150666    -0.398035
    -0.148992    -0.391463
    -0.147318    -0.384893
    -0.145644    -0.378328
    -0.143970    -0.371766
    -0.142296    -0.365207
    -0.140622    -0.358653
    -0.138948    -0.352102
    -0.137274    -0.345555
    -0.135599    -0.339012
    -0.133925    -0.332473
    -0.132251    -0.325938
    -0.130577    -0.319407
    -0.128903    -0.312881
    -0.127229    -0.306358
    -0.125555    -0.299840
    -0.123881    -0.293327
    -0.122207    -0.286818
    -0.120533    -0.280313
    -0.118859    -0.273813
    -0.117185    -0.267318
    -0.115511    -0.260827
    -0.113837    -0.254342
    -0.112163    -0.247861
    -0.110488    -0.241386
    -0.108814    -0.234916
    -0.107140    -0.228452
    -0.105466    -0.221993
    -0.103792    -0.215541
    -0.102118    -0.209095
    -0.100444    -0.202656
    -0.098770    -0.196224
    -0.097096    -0.189800
    -0.095422    -0.183385
    -0.093748    -0.176979
    -0.092074    -0.170583
    -0.090400    -0.164198
    -0.088726    -0.157826
    -0.087051    -0.151469
    -0.085377    -0.145127
    -0.083703    -0.138804
    -0.082029    -0.132502
    -0.080355    -0.126225
    -0.078681    -0.119977
    -0.077007    -0.113763
    -0.075333    -0.107591
    -0.073659    -0.101467
    -0.071985    -0.095404
    -0.070311    -0.089414
    -0.068637    -0.083515
    -0.066963    -0.077731
    -0.065289    -0.072091
    -0.063615    -0.066637
    -0.061940    -0.061426
    -0.060266    -0.056532
    -0.058592    -0.052060
    -0.056918    -0.048150
    -0.055244    -0.044983
    -0.053570    -0.042779
    -0.051896    -0.041771
    -0.050222    -0.042146
    -0.048548    -0.043979
    -0.046874    -0.047194
    -0.045200    -0.051599
    -0.043526    -0.056951
    -0.041852    -0.063018
    -0.040178    -0.069606
    -0.038504    -0.076564
    -0.036829    -0.083777
    -0.035155    -0.091162
    -0.033481    -0.098654
    -0.031807    -0.106204
    -0.030133    -0.113773
    -0.028459    -0.121331
    -0.026785    -0.128853
    -0.025111    -0.136317
    -0.023437    -0.143705
    -0.021763    -0.151001
    -0.020089    -0.158190
    -0.018415    -0.165260
    -0.016741    -0.172199
    -0.015067    -0.178995
    -0.013393    -0.185637
    -0.011718    -0.192117
    -0.010044    -0.198424
    -0.008370    -0.204550
    -0.006696    -0.210488
    -0.005022    -0.216230
    -0.003348    -0.221770
    -0.001674    -0.227103
     0.000000    -0.232198
     0.001674    -0.227079
     0.003348    -0.221747
     0.005022    -0.216207
     0.006696    -0.210466
     0.008370    -0.204529
     0.010044    -0.198403
     0.011718    -0.192097
     0.013393    -0.185618
     0.015067    -0.178977
     0.016741    -0.172182
     0.018415    -0.165244
     0.020089    -0.158174
     0.021763    -0.150985
     0.023437    -0.143690
     0.025111    -0.136302
     0.026785    -0.128839
     0.028459    -0.121318
     0.030133    -0.113760
     0.031807    -0.106191
     0.033481    -0.098642
     0.035155    -0.091150
     0.036829    -0.083765
     0.038504    -0.076551
     0.040178    -0.069593
     0.041852    -0.063005
     0.043526    -0.056937
     0.045200    -0.051584
     0.046874    -0.047178
     0.048548    -0.043962
     0.050222    -0.042128
     0.051896    -0.041752
     0.053570    -0.042760
     0.055244    -0.044964
     0.056918    -0.048131
     0.058592    -0.052042
     0.060266    -0.056514
     0.061940    -0.061408
     0.063615    -0.066620
     0.065289    -0.072074
     0.066963    -0.077713
     0.068637    -0.083498
     0.070311    -0.089397
     0.071985    -0.095387
     0.073659    -0.101451
     0.075333    -0.107574
     0.077007    -0.113747
     0.078681    -0.119961
     0.080355    -0.126209
     0.082029    -0.132487
     0.083703    -0.138789
     0.085377    -0.145112
     0.087051    -0.151454
     0.088726    -0.157812
     0.090400    -0.164184
     0.092074    -0.170569
     0.093748    -0.176965
     0.095422    -0.183372
     0.097096    -0.189787
     0.098770    -0.196212
     0.100444    -0.202644
     0.102118    -0.209083
     0.103792    -0.215529
     0.105466    -0.221982
     0.107140    -0.228441
     0.108814    -0.234906
     0.110488    -0.241376
     0.112163    -0.247852
     0.113837    -0.254333
     0.115511    -0.260819
     0.117185    -0.267310
     0.118859    -0.273806
     0.120533    -0.280306
     0.122207    -0.286811
     0.123881    -0.293321
     0.125555    -0.299835
     0.127229    -0.306354
     0.128903    -0.312876
     0.130577    -0.319404
     0.132251    -0.325935
     0.133925    -0.332470
     0.135599    -0.339010
     0.137274    -0.345553
     0.138948    -0.352101
     0.140622    -0.358652
     0.142296    -0.365207
     0.143970    -0.371766
     0.145644    -0.378329
     0.147318    -0.384895
     0.148992    -0.391465
     0.150666    -0.398038
     0.152340    -0.404615
     0.154014    -0.411195
     0.155688    -0.417778
     0.157362    -0.424365
     0.159036    -0.430954
     0.160710    -0.437546
     0.162385    -0.444141
     0.164059    -0.450739
     0.165733    -0.457340
     0.167407    -0.463943


    -0.167407     0.659255
    -0.165733     0.650471
    -0.164059     0.641660
    -0.162385     0.632822
    -0.160710     0.623959
    -0.159036     0.615070
    -0.157362     0.606155
    -0.155688     0.597215
    -0.154014     0.588250
    -0.152340     0.579261
    -0.150666     0.570247
    -0.148992     0.561209
    -0.147318     0.552148
    -0.145644     0.543063
    -0.143970     0.533955
    -0.142296     0.524825
    -0.140622     0.515673
    -0.138948     0.506499
    -0.137274     0.497304
    -0.135599     0.488088
    -0.133925     0.478852
    -0.132251     0.469596
    -0.130577     0.460321
    -0.128903     0.451026
    -0.127229     0.441714
    -0.125555     0.432384
    -0.123881     0.423038
    -0.122207     0.413675
    -0.120533     0.404296
    -0.118859     0.394903
    -0.117185     0.385495
    -0.115511     0.376075
    -0.113837     0.366642
    -0.112163     0.357197
    -0.110488     0.347742
    -0.108814     0.338278
    -0.107140     0.328806
    -0.105466     0.319326
    -0.103792     0.309841
    -0.102118     0.300351
    -0.100444     0.290859
    -0.098770     0.281365
    -0.097096     0.271872
    -0.095422     0.262381
    -0.093748     0.252894
    -0.092074     0.243415
    -0.090400     0.233944
    -0.088726     0.224486
    -0.087051     0.215043
    -0.085377     0.205619
    -0.083703     0.196218
    -0.082029     0.186844
    -0.080355     0.177503
    -0.078681     0.168201
    -0.077007     0.158945
    -0.075333     0.149745
    -0.073659     0.140610
    -0.071985     0.131554
    -0.070311     0.122592
    -0.068637     0.113745
    -0.066963     0.105039
    -0.065289     0.096506
    -0.063615     0.088192
    -0.061940     0.080154
    -0.060266     0.072473
    -0.058592     0.065254
    -0.056918     0.058641
    -0.055244     0.052820
    -0.053570     0.048014
    -0.051896     0.044459
    -0.050222     0.042348
    -0.048548     0.041758
    -0.046874     0.042619
    -0.045200     0.044743
    -0.043526     0.047892
    -0.041852     0.051839
    -0.040178     0.056395
    -0.038504     0.061414
    -0.036829     0.066788
    -0.035155     0.072437
    -0.033481     0.078305
    -0.031807     0.084347
    -0.030133     0.090533
    -0.028459     0.096837
    -0.026785     0.103241
    -0.025111     0.109732
    -0.023437     0.116298
    -0.021763     0.122930
    -0.020089     0.129621
    -0.018415     0.136366
    -0.016741     0.143159
    -0.015067     0.149996
    -0.013393     0.156875
    -0.011718     0.163792
    -0.010044     0.170745
    -0.008370     0.177732
    -0.006696     0.184750
    -0.005022     0.191799
    -0.003348     0.198875
    -0.001674     0.205979
     0.000000     0.213101
     0.001674     0.205974
     0.003348     0.198871
     0.005022     0.191794
     0.006696     0.184746
     0.008370     0.177728
     0.010044     0.170742
     0.011718     0.163789
     0.013393     0.156873
     0.015067     0.149994
     0.016741     0.143157
     0.018415     0.136364
     0.020089     0.129620
     0.021763     0.122930
     0.023437     0.116298
     0.025111     0.109732
     0.026785     0.103241
     0.028459     0.096837
     0.030133     0.090533
     0.031807     0.084348
     0.033481     0.078305
     0.035155     0.072438
     0.036829     0.066788
     0.038504     0.061413
     0.040178     0.056394
     0.041852     0.051838
     0.043526     0.047890
     0.045200     0.044740
     0.046874     0.042615
     0.048548     0.041752
     0.050222     0.042341
     0.051896     0.044452
     0.053570     0.048006
     0.055244     0.052811
     0.056918     0.058633
     0.058592     0.065246
     0.060266     0.072465
     0.061940     0.080147
     0.063615     0.088184
     0.065289     0.096499
     0.066963     0.105031
     0.068637     0.113738
     0.070311     0.122585
     0.071985     0.131546
     0.073659     0.140603
     0.075333     0.149737
     0.077007     0.158938
     0.078681     0.168194
     0.080355     0.177496
     0.082029     0.186837
     0.083703     0.196211
     0.085377     0.205612
     0.087051     0.215036
     0.088726     0.224479
     0.090400     0.233938
     0.092074     0.243408
     0.093748     0.252888
     0.095422     0.262375
     0.097096     0.271866
     0.098770     0.281359
     0.100444     0.290853
     0.102118     0.300346
     0.103792     0.309835
     0.105466     0.319321
     0.107140     0.328800
     0.108814     0.338273
     0.110488     0.347738
     0.112163     0.357193
     0.113837     0.366637
     0.115511     0.376070
     0.117185     0.385491
     0.118859     0.394899
     0.120533     0.404293
     0.122207     0.413672
     0.123881     0.423035
     0.125555     0.432382
     0.127229     0.441712
     0.128903     0.451025
     0.130577     0.460319
     0.132251     0.469595
     0.133925     0.478851
     0.135599     0.488088
     0.137274     0.497304
     0.138948     0.506499
     0.140622     0.515674
     0.142296     0.524826
     0.143970     0.533957
     0.145644     0.543064
     0.147318     0.552149
     0.148992     0.561211
     0.150666     0.570249
     0.152340     0.579263
     0.154014     0.588253
     0.155688     0.597218
     0.157362     0.606159
     0.159036     0.615074
     0.160710     0.623963
     0.162385     0.632827
     0.164059     0.641665
     0.165733     0.650476
     0.167407     0.659261


    -0.167407     0.884961
    -0.165733     0.879225
    -0.164059     0.873475
    -0.162385     0.867712
    -0.160710     0.861935
    -0.159036     0.856143
    -0.157362     0.850338
    -0.155688     0.844517
    -0.154014     0.838682
    -0.152340     0.832831
    -0.150666     0.826965
    -0.148992     0.821082
    -0.147318     0.815183
    -0.145644     0.809268
    -0.143970     0.803335
    -0.142296     0.797384
    -0.140622     0.791415
    -0.138948     0.785428
    -0.137274     0.779422
    -0.135599     0.773396
    -0.133925     0.767350
    -0.132251     0.761284
    -0.130577     0.755197
    -0.128903     0.749089
    -0.127229     0.742959
    -0.125555     0.736807
    -0.123881     0.730632
    -0.122207     0.724433
    -0.120533     0.718211
    -0.118859     0.711965
    -0.117185     0.705694
    -0.115511     0.699398
    -0.113837     0.693076
    -0.112163     0.686729
    -0.110488     0.680355
    -0.108814     0.673954
    -0.107140     0.667527
    -0.105466     0.661071
    -0.103792     0.654588
    -0.102118     0.648077
    -0.100444     0.641538
    -0.098770     0.634970
    -0.097096     0.628373
    -0.095422     0.621747
    -0.093748     0.615092
    -0.092074     0.608409
    -0.090400     0.601696
    -0.088726     0.594954
    -0.087051     0.588183
    -0.085377     0.581383
    -0.083703     0.574554
    -0.082029     0.567696
    -0.080355     0.560810
    -0.078681     0.553896
    -0.077007     0.546955
    -0.075333     0.539986
    -0.073659     0.532990
    -0.071985     0.525968
    -0.070311     0.518921
    -0.068637     0.511848
    -0.066963     0.504751
    -0.065289     0.497630
    -0.063615     0.490486
    -0.061940     0.483320
    -0.060266     0.476133
    -0.058592     0.468925
    -0.056918     0.461698
    -0.055244     0.454453
    -0.053570     0.447191
    -0.051896     0.439913
    -0.050222     0.432619
    -0.048548     0.425312
    -0.046874     0.417991
    -0.045200     0.410660
    -0.043526     0.403318
    -0.041852     0.395967
    -0.040178     0.388609
    -0.038504     0.381244
    -0.036829     0.373874
    -0.035155     0.366500
    -0.033481     0.359124
    -0.031807     0.351747
    -0.030133     0.344370
    -0.028459     0.336994
    -0.026785     0.329622
    -0.025111     0.322254
    -0.023437     0.314891
    -0.021763     0.307535
    -0.020089     0.300187
    -0.018415     0.292849
    -0.016741     0.285521
    -0.015067     0.278205
    -0.013393     0.270903
    -0.011718     0.263615
    -0.010044     0.256342
    -0.008370     0.249087
    -0.006696     0.241849
    -0.005022     0.234631
    -0.003348     0.227433
    -0.001674     0.220256
     0.000000     0.213111
     0.001674     0.220262
     0.003348     0.227439
     0.005022     0.234637
     0.006696     0.241856
     0.008370     0.249094
     0.010044     0.256350
     0.011718     0.263623
     0.013393     0.270911
     0.015067     0.278214
     0.016741     0.285530
     0.018415     0.292858
     0.020089     0.300196
     0.021763     0.307544
     0.023437     0.314900
     0.025111     0.322263
     0.026785     0.329632
     0.028459     0.337004
     0.030133     0.344380
     0.031807     0.351757
     0.033481     0.359134
     0.035155     0.366511
     0.036829     0.373884
     0.038504     0.381254
     0.040178     0.388619
     0.041852     0.395978
     0.043526     0.403328
     0.045200     0.410670
     0.046874     0.418002
     0.048548     0.425322
     0.050222     0.432629
     0.051896     0.439923
     0.053570     0.447201
     0.055244     0.454463
     0.056918     0.461708
     0.058592     0.468935
     0.060266     0.476142
     0.061940     0.483329
     0.063615     0.490495
     0.065289     0.497638
     0.066963     0.504759
     0.068637     0.511856
     0.070311     0.518929
     0.071985     0.525976
     0.073659     0.532998
     0.075333     0.539994
     0.077007     0.546962
     0.078681     0.553903
     0.080355     0.560817
     0.082029     0.567703
     0.083703     0.574560
     0.085377     0.581389
     0.087051     0.588189
     0.088726     0.594959
     0.090400     0.601701
     0.092074     0.608414
     0.093748     0.615097
     0.095422     0.621752
     0.097096     0.628377
     0.098770     0.634974
     0.100444     0.641542
     0.102118     0.648081
     0.103792     0.654592
     0.105466     0.661075
     0.107140     0.667530
     0.108814     0.673957
     0.110488     0.680358
     0.112163     0.686732
     0.113837     0.693079
     0.115511     0.699401
     0.117185     0.705696
     0.118859     0.711967
     0.120533     0.718213
     0.122207     0.724435
     0.123881     0.730634
     0.125555     0.736809
     0.127229     0.742961
     0.128903     0.749091
     0.130577     0.755199
     0.132251     0.761286
     0.133925     0.767352
     0.135599     0.773397
     0.137274     0.779423
     0.138948     0.785429
     0.140622     0.791416
     0.142296     0.797385
     0.143970     0.803336
     0.145644     0.809269
     0.147318     0.815185
     0.148992     0.821083
     0.150666     0.826966
     0.152340     0.832832
     0.154014     0.838683
     0.155688     0.844518
     0.157362     0.850339
     0.159036     0.856144
     0.160710     0.861936
     0.162385     0.867713
     0.164059     0.873476
     0.165733     0.879226
     0.167407     0.884963


    -0.167407     1.832630
    -0.165733     1.824706
    -0.164059     1.816798
    -0.162385     1.808909
    -0.160710     1.801039
    -0.159036     1.793192
    -0.157362     1.785369
    -0.155688     1.777571
    -0.154014     1.769802
    -0.152340     1.762063
    -0.150666     1.754356
    -0.148992     1.746684
    -0.147318     1.739048
    -0.145644     1.731452
    -0.143970     1.723896
    -0.142296     1.716384
    -0.140622     1.708918
    -0.138948     1.701500
    -0.137274     1.694132
    -0.135599     1.686817
    -0.133925     1.679558
    -0.132251     1.672357
    -0.130577     1.665215
    -0.128903     1.658137
    -0.127229     1.651124
    -0.125555     1.644178
    -0.123881     1.637303
    -0.122207     1.630500
    -0.120533     1.623773
    -0.118859     1.617123
    -0.117185     1.610554
    -0.115511     1.604067
    -0.113837     1.597666
    -0.112163     1.591352
    -0.110488     1.585129
    -0.108814     1.578998
    -0.107140     1.572962
    -0.105466     1.567024
    -0.103792     1.561185
    -0.102118     1.555448
    -0.100444     1.549815
    -0.098770     1.544289
    -0.097096     1.538872
    -0.095422     1.533565
    -0.093748     1.528372
    -0.092074     1.523293
    -0.090400     1.518330
    -0.088726     1.513487
    -0.087051     1.508764
    -0.085377     1.504163
    -0.083703     1.499686
    -0.082029     1.495335
    -0.080355     1.491110
    -0.078681     1.487014
    -0.077007     1.483048
    -0.075333     1.479212
    -0.073659     1.475509
    -0.071985     1.471939
    -0.070311     1.468503
    -0.068637     1.465203
    -0.066963     1.462038
    -0.065289     1.459010
    -0.063615     1.456120
    -0.061940     1.453367
    -0.060266     1.450752
    -0.058592     1.448276
    -0.056918     1.445939
    -0.055244     1.443740
    -0.053570     1.441681
    -0.051896     1.439760
    -0.050222     1.437979
    -0.048548     1.436336
    -0.046874     1.434832
    -0.045200     1.433465
    -0.043526     1.432236
    -0.041852     1.431144
    -0.040178     1.430189
    -0.038504     1.429369
    -0.036829     1.428684
    -0.035155     1.428133
    -0.033481     1.427715
    -0.031807     1.427430
    -0.030133     1.427275
    -0.028459     1.427251
    -0.026785     1.427356
    -0.025111     1.427588
    -0.023437     1.427947
    -0.021763     1.428432
    -0.020089     1.429040
    -0.018415     1.429770
    -0.016741     1.430621
    -0.015067     1.431592
    -0.013393     1.432681
    -0.011718     1.433887
    -0.010044     1.435207
    -0.008370     1.436641
    -0.006696     1.438187
    -0.005022     1.439842
    -0.003348     1.441607
    -0.001674     1.443477
     0.000000     1.445449
     0.001674     1.443487
     0.003348     1.441616
     0.005022     1.439852
     0.006696     1.438197
     0.008370     1.436652
     0.010044     1.435218
     0.011718     1.433898
     0.013393     1.432693
     0.015067     1.431604
     0.016741     1.430633
     0.018415     1.429782
     0.020089     1.429052
     0.021763     1.428444
     0.023437     1.427960
     0.025111     1.427602
     0.026785     1.427370
     0.028459     1.427265
     0.030133     1.427290
     0.031807     1.427444
     0.033481     1.427730
     0.035155     1.428148
     0.036829     1.428699
     0.038504     1.429384
     0.040178     1.430204
     0.041852     1.431160
     0.043526     1.432252
     0.045200     1.433482
     0.046874     1.434848
     0.048548     1.436353
     0.050222     1.437996
     0.051896     1.439778
     0.053570     1.441698
     0.055244     1.443758
     0.056918     1.445956
     0.058592     1.448294
     0.060266     1.450770
     0.061940     1.453385
     0.063615     1.456138
     0.065289     1.459029
     0.066963     1.462057
     0.068637     1.465221
     0.070311     1.468522
     0.071985     1.471958
     0.073659     1.475528
     0.075333     1.479231
     0.077007     1.483066
     0.078681     1.487033
     0.080355     1.491129
     0.082029     1.495353
     0.083703     1.499704
     0.085377     1.504181
     0.087051     1.508782
     0.088726     1.513505
     0.090400     1.518348
     0.092074     1.523310
     0.093748     1.528389
     0.095422     1.533583
     0.097096     1.538889
     0.098770     1.544306
     0.100444     1.549832
     0.102118     1.555465
     0.103792     1.561201
     0.105466     1.567040
     0.107140     1.572978
     0.108814     1.579013
     0.110488     1.585144
     0.112163     1.591367
     0.113837     1.597680
     0.115511     1.604081
     0.117185     1.610568
     0.118859     1.617137
     0.120533     1.623786
     0.122207     1.630513
     0.123881     1.637315
     0.125555     1.644190
     0.127229     1.651135
     0.128903     1.658148
     0.130577     1.665226
     0.132251     1.672367
     0.133925     1.679568
     0.135599     1.686826
     0.137274     1.694141
     0.138948     1.701508
     0.140622     1.708925
     0.142296     1.716391
     0.143970     1.723903
     0.145644     1.731458
     0.147318     1.739054
     0.148992     1.746689
     0.150666     1.754361
     0.152340     1.762068
     0.154014     1.769806
     0.155688     1.777575
     0.157362     1.785372
     0.159036     1.793195
     0.160710     1.801042
     0.162385     1.808911
     0.164059     1.816800
     0.165733     1.824707
     0.167407     1.832631


    -0.167407     1.945522
    -0.165733     1.938966
    -0.164059     1.932422
    -0.162385     1.925890
    -0.160710     1.919372
    -0.159036     1.912867
    -0.157362     1.906377
    -0.155688     1.899901
    -0.154014     1.893441
    -0.152340     1.886997
    -0.150666     1.880570
    -0.148992     1.874160
    -0.147318     1.867768
    -0.145644     1.861394
    -0.143970     1.855039
    -0.142296     1.848703
    -0.140622     1.842388
    -0.138948     1.836093
    -0.137274     1.829818
    -0.135599     1.823565
    -0.133925     1.817335
    -0.132251     1.811126
    -0.130577     1.804941
    -0.128903     1.798779
    -0.127229     1.792641
    -0.125555     1.786528
    -0.123881     1.780439
    -0.122207     1.774376
    -0.120533     1.768339
    -0.118859     1.762328
    -0.117185     1.756344
    -0.115511     1.750387
    -0.113837     1.744458
    -0.112163     1.738558
    -0.110488     1.732686
    -0.108814     1.726843
    -0.107140     1.721030
    -0.105466     1.715248
    -0.103792     1.709496
    -0.102118     1.703775
    -0.100444     1.698086
    -0.098770     1.692430
    -0.097096     1.686806
    -0.095422     1.681215
    -0.093748     1.675658
    -0.092074     1.670136
    -0.090400     1.664649
    -0.088726     1.659197
    -0.087051     1.653782
    -0.085377     1.648403
    -0.083703     1.643062
    -0.082029     1.637759
    -0.080355     1.632495
    -0.078681     1.627271
    -0.077007     1.622086
    -0.075333     1.616943
    -0.073659     1.611842
    -0.071985     1.606783
    -0.070311     1.601767
    -0.068637     1.596796
    -0.066963     1.591870
    -0.065289     1.586990
    -0.063615     1.582157
    -0.061940     1.577372
    -0.060266     1.572636
    -0.058592     1.567949
    -0.056918     1.563314
    -0.055244     1.558731
    -0.053570     1.554201
    -0.051896     1.549726
    -0.050222     1.545306
    -0.048548     1.540942
    -0.046874     1.536637
    -0.045200     1.532391
    -0.043526     1.528205
    -0.041852     1.524081
    -0.040178     1.520021
    -0.038504     1.516025
    -0.036829     1.512095
    -0.035155     1.508232
    -0.033481     1.504438
    -0.031807     1.500715
    -0.030133     1.497064
    -0.028459     1.493485
    -0.026785     1.489982
    -0.025111     1.486556
    -0.023437     1.483207
    -0.021763     1.479939
    -0.020089     1.476751
    -0.018415     1.473647
    -0.016741     1.470627
    -0.015067     1.467694
    -0.013393     1.464849
    -0.011718     1.462094
    -0.010044     1.459430
    -0.008370     1.456859
    -0.006696     1.454383
    -0.005022     1.452004
    -0.003348     1.449723
    -0.001674     1.447542
     0.000000     1.445467
     0.001674     1.447533
     0.003348     1.449714
     0.005022     1.451995
     0.006696     1.454375
     0.008370     1.456851
     0.010044     1.459422
     0.011718     1.462086
     0.013393     1.464842
     0.015067     1.467687
     0.016741     1.470620
     0.018415     1.473640
     0.020089     1.476745
     0.021763     1.479932
     0.023437     1.483201
     0.025111     1.486550
     0.026785     1.489976
     0.028459     1.493480
     0.030133     1.497058
     0.031807     1.500709
     0.033481     1.504433
     0.035155     1.508227
     0.036829     1.512089
     0.038504     1.516020
     0.040178     1.520016
     0.041852     1.524076
     0.043526     1.528200
     0.045200     1.532386
     0.046874     1.536632
     0.048548     1.540938
     0.050222     1.545301
     0.051896     1.549721
     0.053570     1.554197
     0.055244     1.558727
     0.056918     1.563310
     0.058592     1.567945
     0.060266     1.572631
     0.061940     1.577367
     0.063615     1.582153
     0.065289     1.586986
     0.066963     1.591866
     0.068637     1.596792
     0.070311     1.601763
     0.071985     1.606778
     0.073659     1.611837
     0.075333     1.616939
     0.077007     1.622082
     0.078681     1.627266
     0.080355     1.632491
     0.082029     1.637755
     0.083703     1.643058
     0.085377     1.648399
     0.087051     1.653778
     0.088726     1.659193
     0.090400     1.664645
     0.092074     1.670132
     0.093748     1.675654
     0.095422     1.681211
     0.097096     1.686802
     0.098770     1.692426
     0.100444     1.698082
     0.102118     1.703771
     0.103792     1.709492
     0.105466     1.715244
     0.107140     1.721027
     0.108814     1.726839
     0.110488     1.732682
     0.112163     1.738554
     0.113837     1.744455
     0.115511     1.750383
     0.117185     1.756340
     0.118859     1.762324
     0.120533     1.768335
     0.122207     1.774372
     0.123881     1.780435
     0.125555     1.786524
     0.127229     1.792638
     0.128903     1.798776
     0.130577     1.804937
     0.132251     1.811123
     0.133925     1.817331
     0.135599     1.823562
     0.137274     1.829815
     0.138948     1.836089
     0.140622     1.842385
     0.142296     1.848700
     0.143970     1.855036
     0.145644     1.861391
     0.147318     1.867765
     0.148992     1.874157
     0.150666     1.880567
     0.152340     1.886995
     0.154014     1.893438
     0.155688     1.899898
     0.157362     1.906374
     0.159036     1.912864
     0.160710     1.919369
     0.162385     1.925888
     0.164059     1.932419
     0.165733     1.938964
     0.167407     1.945520


    -0.167407     2.319260
    -0.165733     2.311408
    -0.164059     2.303586
    -0.162385     2.295797
    -0.160710     2.288042
    -0.159036     2.280323
    -0.157362     2.272640
    -0.155688     2.264996
    -0.154014     2.257391
    -0.152340     2.249827
    -0.150666     2.242305
    -0.148992     2.234827
    -0.147318     2.227394
    -0.145644     2.220006
    -0.143970     2.212667
    -0.142296     2.205375
    -0.140622     2.198134
    -0.138948     2.190944
    -0.137274     2.183805
    -0.135599     2.176720
    -0.133925     2.169690
    -0.132251     2.162715
    -0.130577     2.155796
    -0.128903     2.148936
    -0.127229     2.142134
    -0.125555     2.135391
    -0.123881     2.128710
    -0.122207     2.122091
    -0.120533     2.115534
    -0.118859     2.109041
    -0.117185     2.102613
    -0.115511     2.096250
    -0.113837     2.089955
    -0.112163     2.083726
    -0.110488     2.077566
    -0.108814     2.071476
    -0.107140     2.065456
    -0.105466     2.059506
    -0.103792     2.053629
    -0.102118     2.047825
    -0.100444     2.042094
    -0.098770     2.036438
    -0.097096     2.030856
    -0.095422     2.025351
    -0.093748     2.019923
    -0.092074     2.014573
    -0.090400     2.009300
    -0.088726     2.004107
    -0.087051     1.998994
    -0.085377     1.993962
    -0.083703     1.989011
    -0.082029     1.984143
    -0.080355     1.979357
    -0.078681     1.974655
    -0.077007     1.970038
    -0.075333     1.965505
    -0.073659     1.961059
    -0.071985     1.956699
    -0.070311     1.952426
    -0.068637     1.948241
    -0.066963     1.944144
    -0.065289     1.940137
    -0.063615     1.936220
    -0.061940     1.932394
    -0.060266     1.928659
    -0.058592     1.925016
    -0.056918     1.921465
    -0.055244     1.918008
    -0.053570     1.914645
    -0.051896     1.911376
    -0.050222     1.908202
    -0.048548     1.905124
    -0.046874     1.902143
    -0.045200     1.899259
    -0.043526     1.896472
    -0.041852     1.893784
    -0.040178     1.891194
    -0.038504     1.888704
    -0.036829     1.886314
    -0.035155     1.884025
    -0.033481     1.881836
    -0.031807     1.879750
    -0.030133     1.877765
    -0.028459     1.875884
    -0.026785     1.874106
    -0.025111     1.872431
    -0.023437     1.870861
    -0.021763     1.869396
    -0.020089     1.868037
    -0.018415     1.866784
    -0.016741     1.865638
    -0.015067     1.864600
    -0.013393     1.863669
    -0.011718     1.862848
    -0.010044     1.862137
    -0.008370     1.861535
    -0.006696     1.861043
    -0.005022     1.860662
    -0.003348     1.860391
    -0.001674     1.860228
     0.000000     1.860171
     0.001674     1.860221
     0.003348     1.860381
     0.005022     1.860650
     0.006696     1.861029
     0.008370     1.861519
     0.010044     1.862118
     0.011718     1.862828
     0.013393     1.863647
     0.015067     1.864576
     0.016741     1.865613
     0.018415     1.866757
     0.020089     1.868009
     0.021763     1.869367
     0.023437     1.870832
     0.025111     1.872401
     0.026785     1.874075
     0.028459     1.875853
     0.030133     1.877735
     0.031807     1.879719
     0.033481     1.881806
     0.035155     1.883994
     0.036829     1.886283
     0.038504     1.888674
     0.040178     1.891164
     0.041852     1.893753
     0.043526     1.896442
     0.045200     1.899229
     0.046874     1.902113
     0.048548     1.905095
     0.050222     1.908172
     0.051896     1.911346
     0.053570     1.914615
     0.055244     1.917979
     0.056918     1.921436
     0.058592     1.924987
     0.060266     1.928630
     0.061940     1.932366
     0.063615     1.936192
     0.065289     1.940110
     0.066963     1.944117
     0.068637     1.948213
     0.070311     1.952399
     0.071985     1.956672
     0.073659     1.961032
     0.075333     1.965479
     0.077007     1.970012
     0.078681     1.974630
     0.080355     1.979332
     0.082029     1.984118
     0.083703     1.988987
     0.085377     1.993938
     0.087051     1.998971
     0.088726     2.004085
     0.090400     2.009278
     0.092074     2.014551
     0.093748     2.019902
     0.095422     2.025330
     0.097096     2.030836
     0.098770     2.036418
     0.100444     2.042075
     0.102118     2.047806
     0.103792     2.053611
     0.105466     2.059489
     0.107140     2.065439
     0.108814     2.071459
     0.110488     2.077551
     0.112163     2.083711
     0.113837     2.089940
     0.115511     2.096236
     0.117185     2.102599
     0.118859     2.109028
     0.120533     2.115522
     0.122207     2.122079
     0.123881     2.128699
     0.125555     2.135381
     0.127229     2.142124
     0.128903     2.148926
     0.130577     2.155788
     0.132251     2.162707
     0.133925     2.169682
     0.135599     2.176714
     0.137274     2.183799
     0.138948     2.190938
     0.140622     2.198129
     0.142296     2.205371
     0.143970     2.212663
     0.145644     2.220003
     0.147318     2.227391
     0.148992     2.234825
     0.150666     2.242304
     0.152340     2.249826
     0.154014     2.257391
     0.155688     2.264996
     0.157362     2.272641
     0.159036     2.280325
     0.160710     2.288045
     0.162385     2.295800
     0.164059     2.303590
     0.165733     2.311411
     0.167407     2.319264


    -0.167407     2.348212
    -0.165733     2.340266
    -0.164059     2.332332
    -0.162385     2.324411
    -0.160710     2.316505
    -0.159036     2.308616
    -0.157362     2.300746
    -0.155688     2.292897
    -0.154014     2.285069
    -0.152340     2.277265
    -0.150666     2.269487
    -0.148992     2.261736
    -0.147318     2.254013
    -0.145644     2.246321
    -0.143970     2.238662
    -0.142296     2.231037
    -0.140622     2.223447
    -0.138948     2.215895
    -0.137274     2.208382
    -0.135599     2.200909
    -0.133925     2.193480
    -0.132251     2.186094
    -0.130577     2.178754
    -0.128903     2.171462
    -0.127229     2.164219
    -0.125555     2.157027
    -0.123881     2.149888
    -0.122207     2.142802
    -0.120533     2.135773
    -0.118859     2.128801
    -0.117185     2.121888
    -0.115511     2.115036
    -0.113837     2.108246
    -0.112163     2.101520
    -0.110488     2.094860
    -0.108814     2.088267
    -0.107140     2.081743
    -0.105466     2.075289
    -0.103792     2.068906
    -0.102118     2.062597
    -0.100444     2.056363
    -0.098770     2.050205
    -0.097096     2.044125
    -0.095422     2.038124
    -0.093748     2.032204
    -0.092074     2.026366
    -0.090400     2.020611
    -0.088726     2.014941
    -0.087051     2.009357
    -0.085377     2.003861
    -0.083703     1.998453
    -0.082029     1.993136
    -0.080355     1.987910
    -0.078681     1.982776
    -0.077007     1.977736
    -0.075333     1.972791
    -0.073659     1.967942
    -0.071985     1.963189
    -0.070311     1.958535
    -0.068637     1.953980
    -0.066963     1.949525
    -0.065289     1.945171
    -0.063615     1.940918
    -0.061940     1.936769
    -0.060266     1.932723
    -0.058592     1.928782
    -0.056918     1.924946
    -0.055244     1.921216
    -0.053570     1.917592
    -0.051896     1.914076
    -0.050222     1.910668
    -0.048548     1.907368
    -0.046874     1.904177
    -0.045200     1.901096
    -0.043526     1.898125
    -0.041852     1.895264
    -0.040178     1.892515
    -0.038504     1.889876
    -0.036829     1.887350
    -0.035155     1.884935
    -0.033481     1.882632
    -0.031807     1.880442
    -0.030133     1.878364
    -0.028459     1.876399
    -0.026785     1.874547
    -0.025111     1.872808
    -0.023437     1.871183
    -0.021763     1.869670
    -0.020089     1.868270
    -0.018415     1.866982
    -0.016741     1.865808
    -0.015067     1.864745
    -0.013393     1.863795
    -0.011718     1.862955
    -0.010044     1.862227
    -0.008370     1.861611
    -0.006696     1.861105
    -0.005022     1.860710
    -0.003348     1.860427
    -0.001674     1.860257
     0.000000     1.860203
     0.001674     1.860263
     0.003348     1.860436
     0.005022     1.860720
     0.006696     1.861116
     0.008370     1.861623
     0.010044     1.862241
     0.011718     1.862971
     0.013393     1.863811
     0.015067     1.864763
     0.016741     1.865827
     0.018415     1.867002
     0.020089     1.868290
     0.021763     1.869690
     0.023437     1.871203
     0.025111     1.872829
     0.026785     1.874568
     0.028459     1.876419
     0.030133     1.878384
     0.031807     1.880461
     0.033481     1.882651
     0.035155     1.884953
     0.036829     1.887367
     0.038504     1.889893
     0.040178     1.892531
     0.041852     1.895280
     0.043526     1.898140
     0.045200     1.901111
     0.046874     1.904192
     0.048548     1.907382
     0.050222     1.910681
     0.051896     1.914089
     0.053570     1.917605
     0.055244     1.921228
     0.056918     1.924958
     0.058592     1.928793
     0.060266     1.932734
     0.061940     1.936780
     0.063615     1.940929
     0.065289     1.945181
     0.066963     1.949534
     0.068637     1.953989
     0.070311     1.958544
     0.071985     1.963198
     0.073659     1.967950
     0.075333     1.972799
     0.077007     1.977744
     0.078681     1.982784
     0.080355     1.987917
     0.082029     1.993143
     0.083703     1.998460
     0.085377     2.003868
     0.087051     2.009364
     0.088726     2.014947
     0.090400     2.020617
     0.092074     2.026371
     0.093748     2.032209
     0.095422     2.038129
     0.097096     2.044130
     0.098770     2.050210
     0.100444     2.056368
     0.102118     2.062602
     0.103792     2.068911
     0.105466     2.075293
     0.107140     2.081747
     0.108814     2.088271
     0.110488     2.094864
     0.112163     2.101524
     0.113837     2.108250
     0.115511     2.115040
     0.117185     2.121892
     0.118859     2.128805
     0.120533     2.135776
     0.122207     2.142806
     0.123881     2.149891
     0.125555     2.157031
     0.127229     2.164223
     0.128903     2.171466
     0.130577     2.178758
     0.132251     2.186097
     0.133925     2.193483
     0.135599     2.200913
     0.137274     2.208385
     0.138948     2.215898
     0.140622     2.223450
     0.142296     2.231040
     0.143970     2.238666
     0.145644     2.246325
     0.147318     2.254017
     0.148992     2.261739
     0.150666     2.269490
     0.152340     2.277269
     0.154014     2.285073
     0.155688     2.292900
     0.157362     2.300750
     0.159036     2.308620
     0.160710     2.316509
     0.162385     2.324415
     0.164059     2.332336
     0.165733     2.340270
     0.167407     2.348217


