    -0.167407    -3.503951
    -0.165733    -3.503769
    -0.164059    -3.503591
    -0.162385    -3.503417
    -0.160710    -3.503248
    -0.159036    -3.503083
    -0.157362    -3.502922
    -0.155688    -3.502765
    -0.154014    -3.502611
    -0.152340    -3.502460
    -0.150666    -3.502312
    -0.148992    -3.502167
    -0.147318    -3.502024
    -0.145644    -3.501884
    -0.143970    -3.501746
    -0.142296    -3.501610
    -0.140622    -3.501475
    -0.138948    -3.501342
    -0.137274    -3.501210
    -0.135599    -3.501079
    -0.133925    -3.500950
    -0.132251    -3.500821
    -0.130577    -3.500692
    -0.128903    -3.500564
    -0.127229    -3.500436
    -0.125555    -3.500309
    -0.123881    -3.500181
    -0.122207    -3.500053
    -0.120533    -3.499924
    -0.118859    -3.499795
    -0.117185    -3.499665
    -0.115511    -3.499534
    -0.113837    -3.499402
    -0.112163    -3.499269
    -0.110488    -3.499135
    -0.108814    -3.498999
    -0.107140    -3.498861
    -0.105466    -3.498722
    -0.103792    -3.498581
    -0.102118    -3.498438
    -0.100444    -3.498292
    -0.098770    -3.498145
    -0.097096    -3.497995
    -0.095422    -3.497842
    -0.093748    -3.497687
    -0.092074    -3.497529
    -0.090400    -3.497369
    -0.088726    -3.497205
    -0.087051    -3.497038
    -0.085377    -3.496868
    -0.083703    -3.496695
    -0.082029    -3.496518
    -0.080355    -3.496338
    -0.078681    -3.496154
    -0.077007    -3.495967
    -0.075333    -3.495775
    -0.073659    -3.495580
    -0.071985    -3.495381
    -0.070311    -3.495178
    -0.068637    -3.494971
    -0.066963    -3.494759
    -0.065289    -3.494543
    -0.063615    -3.494323
    -0.061940    -3.494098
    -0.060266    -3.493869
    -0.058592    -3.493635
    -0.056918    -3.493396
    -0.055244    -3.493153
    -0.053570    -3.492904
    -0.051896    -3.492651
    -0.050222    -3.492393
    -0.048548    -3.492130
    -0.046874    -3.491861
    -0.045200    -3.491588
    -0.043526    -3.491309
    -0.041852    -3.491025
    -0.040178    -3.490735
    -0.038504    -3.490440
    -0.036829    -3.490140
    -0.035155    -3.489834
    -0.033481    -3.489522
    -0.031807    -3.489205
    -0.030133    -3.488882
    -0.028459    -3.488553
    -0.026785    -3.488218
    -0.025111    -3.487878
    -0.023437    -3.487531
    -0.021763    -3.487179
    -0.020089    -3.486820
    -0.018415    -3.486456
    -0.016741    -3.486085
    -0.015067    -3.485709
    -0.013393    -3.485326
    -0.011718    -3.484936
    -0.010044    -3.484541
    -0.008370    -3.484139
    -0.006696    -3.483731
    -0.005022    -3.483317
    -0.003348    -3.482896
    -0.001674    -3.482469
     0.000000    -3.482044
     0.001674    -3.482465
     0.003348    -3.482892
     0.005022    -3.483313
     0.006696    -3.483728
     0.008370    -3.484136
     0.010044    -3.484538
     0.011718    -3.484933
     0.013393    -3.485322
     0.015067    -3.485705
     0.016741    -3.486082
     0.018415    -3.486452
     0.020089    -3.486817
     0.021763    -3.487175
     0.023437    -3.487528
     0.025111    -3.487874
     0.026785    -3.488215
     0.028459    -3.488549
     0.030133    -3.488878
     0.031807    -3.489201
     0.033481    -3.489518
     0.035155    -3.489830
     0.036829    -3.490136
     0.038504    -3.490436
     0.040178    -3.490731
     0.041852    -3.491021
     0.043526    -3.491305
     0.045200    -3.491584
     0.046874    -3.491858
     0.048548    -3.492126
     0.050222    -3.492389
     0.051896    -3.492647
     0.053570    -3.492901
     0.055244    -3.493149
     0.056918    -3.493392
     0.058592    -3.493631
     0.060266    -3.493865
     0.061940    -3.494094
     0.063615    -3.494319
     0.065289    -3.494539
     0.066963    -3.494755
     0.068637    -3.494966
     0.070311    -3.495174
     0.071985    -3.495377
     0.073659    -3.495576
     0.075333    -3.495771
     0.077007    -3.495962
     0.078681    -3.496150
     0.080355    -3.496334
     0.082029    -3.496514
     0.083703    -3.496690
     0.085377    -3.496864
     0.087051    -3.497034
     0.088726    -3.497200
     0.090400    -3.497364
     0.092074    -3.497525
     0.093748    -3.497683
     0.095422    -3.497838
     0.097096    -3.497990
     0.098770    -3.498140
     0.100444    -3.498288
     0.102118    -3.498433
     0.103792    -3.498576
     0.105466    -3.498717
     0.107140    -3.498857
     0.108814    -3.498994
     0.110488    -3.499130
     0.112163    -3.499265
     0.113837    -3.499398
     0.115511    -3.499529
     0.117185    -3.499660
     0.118859    -3.499790
     0.120533    -3.499919
     0.122207    -3.500048
     0.123881    -3.500176
     0.125555    -3.500304
     0.127229    -3.500432
     0.128903    -3.500560
     0.130577    -3.500688
     0.132251    -3.500816
     0.133925    -3.500945
     0.135599    -3.501075
     0.137274    -3.501205
     0.138948    -3.501337
     0.140622    -3.501470
     0.142296    -3.501605
     0.143970    -3.501741
     0.145644    -3.501880
     0.147318    -3.502020
     0.148992    -3.502163
     0.150666    -3.502308
     0.152340    -3.502456
     0.154014    -3.502606
     0.155688    -3.502760
     0.157362    -3.502918
     0.159036    -3.503079
     0.160710    -3.503244
     0.162385    -3.503413
     0.164059    -3.503586
     0.165733    -3.503764
     0.167407    -3.503947


    -0.167407    -3.404416
    -0.165733    -3.405487
    -0.164059    -3.406554
    -0.162385    -3.407618
    -0.160710    -3.408677
    -0.159036    -3.409732
    -0.157362    -3.410782
    -0.155688    -3.411829
    -0.154014    -3.412870
    -0.152340    -3.413907
    -0.150666    -3.414940
    -0.148992    -3.415967
    -0.147318    -3.416990
    -0.145644    -3.418008
    -0.143970    -3.419021
    -0.142296    -3.420028
    -0.140622    -3.421031
    -0.138948    -3.422028
    -0.137274    -3.423019
    -0.135599    -3.424006
    -0.133925    -3.424986
    -0.132251    -3.425962
    -0.130577    -3.426931
    -0.128903    -3.427895
    -0.127229    -3.428853
    -0.125555    -3.429805
    -0.123881    -3.430751
    -0.122207    -3.431692
    -0.120533    -3.432626
    -0.118859    -3.433554
    -0.117185    -3.434476
    -0.115511    -3.435392
    -0.113837    -3.436301
    -0.112163    -3.437204
    -0.110488    -3.438101
    -0.108814    -3.438992
    -0.107140    -3.439875
    -0.105466    -3.440753
    -0.103792    -3.441624
    -0.102118    -3.442488
    -0.100444    -3.443346
    -0.098770    -3.444197
    -0.097096    -3.445041
    -0.095422    -3.445878
    -0.093748    -3.446709
    -0.092074    -3.447533
    -0.090400    -3.448350
    -0.088726    -3.449160
    -0.087051    -3.449963
    -0.085377    -3.450760
    -0.083703    -3.451549
    -0.082029    -3.452332
    -0.080355    -3.453107
    -0.078681    -3.453876
    -0.077007    -3.454637
    -0.075333    -3.455392
    -0.073659    -3.456139
    -0.071985    -3.456879
    -0.070311    -3.457613
    -0.068637    -3.458339
    -0.066963    -3.459058
    -0.065289    -3.459770
    -0.063615    -3.460474
    -0.061940    -3.461172
    -0.060266    -3.461863
    -0.058592    -3.462546
    -0.056918    -3.463222
    -0.055244    -3.463891
    -0.053570    -3.464553
    -0.051896    -3.465208
    -0.050222    -3.465856
    -0.048548    -3.466497
    -0.046874    -3.467130
    -0.045200    -3.467757
    -0.043526    -3.468376
    -0.041852    -3.468988
    -0.040178    -3.469593
    -0.038504    -3.470191
    -0.036829    -3.470782
    -0.035155    -3.471366
    -0.033481    -3.471943
    -0.031807    -3.472513
    -0.030133    -3.473075
    -0.028459    -3.473631
    -0.026785    -3.474180
    -0.025111    -3.474722
    -0.023437    -3.475257
    -0.021763    -3.475785
    -0.020089    -3.476306
    -0.018415    -3.476820
    -0.016741    -3.477328
    -0.015067    -3.477828
    -0.013393    -3.478322
    -0.011718    -3.478809
    -0.010044    -3.479290
    -0.008370    -3.479763
    -0.006696    -3.480230
    -0.005022    -3.480690
    -0.003348    -3.481144
    -0.001674    -3.481591
     0.000000    -3.482021
     0.001674    -3.481594
     0.003348    -3.481147
     0.005022    -3.480694
     0.006696    -3.480233
     0.008370    -3.479767
     0.010044    -3.479293
     0.011718    -3.478813
     0.013393    -3.478326
     0.015067    -3.477832
     0.016741    -3.477331
     0.018415    -3.476824
     0.020089    -3.476310
     0.021763    -3.475788
     0.023437    -3.475260
     0.025111    -3.474725
     0.026785    -3.474184
     0.028459    -3.473635
     0.030133    -3.473079
     0.031807    -3.472516
     0.033481    -3.471946
     0.035155    -3.471369
     0.036829    -3.470786
     0.038504    -3.470195
     0.040178    -3.469597
     0.041852    -3.468991
     0.043526    -3.468379
     0.045200    -3.467760
     0.046874    -3.467134
     0.048548    -3.466500
     0.050222    -3.465859
     0.051896    -3.465212
     0.053570    -3.464557
     0.055244    -3.463895
     0.056918    -3.463226
     0.058592    -3.462549
     0.060266    -3.461866
     0.061940    -3.461175
     0.063615    -3.460478
     0.065289    -3.459773
     0.066963    -3.459061
     0.068637    -3.458342
     0.070311    -3.457616
     0.071985    -3.456882
     0.073659    -3.456142
     0.075333    -3.455395
     0.077007    -3.454640
     0.078681    -3.453879
     0.080355    -3.453110
     0.082029    -3.452334
     0.083703    -3.451552
     0.085377    -3.450762
     0.087051    -3.449966
     0.088726    -3.449162
     0.090400    -3.448352
     0.092074    -3.447535
     0.093748    -3.446711
     0.095422    -3.445880
     0.097096    -3.445043
     0.098770    -3.444198
     0.100444    -3.443347
     0.102118    -3.442489
     0.103792    -3.441625
     0.105466    -3.440754
     0.107140    -3.439877
     0.108814    -3.438993
     0.110488    -3.438102
     0.112163    -3.437205
     0.113837    -3.436302
     0.115511    -3.435392
     0.117185    -3.434476
     0.118859    -3.433554
     0.120533    -3.432626
     0.122207    -3.431692
     0.123881    -3.430751
     0.125555    -3.429805
     0.127229    -3.428852
     0.128903    -3.427894
     0.130577    -3.426930
     0.132251    -3.425961
     0.133925    -3.424985
     0.135599    -3.424004
     0.137274    -3.423018
     0.138948    -3.422026
     0.140622    -3.421029
     0.142296    -3.420026
     0.143970    -3.419018
     0.145644    -3.418005
     0.147318    -3.416987
     0.148992    -3.415964
     0.150666    -3.414937
     0.152340    -3.413904
     0.154014    -3.412867
     0.155688    -3.411825
     0.157362    -3.410778
     0.159036    -3.409728
     0.160710    -3.408673
     0.162385    -3.407613
     0.164059    -3.406550
     0.165733    -3.405482
     0.167407    -3.404411


    -0.167407    -2.309901
    -0.165733    -2.304402
    -0.164059    -2.299013
    -0.162385    -2.293733
    -0.160710    -2.288561
    -0.159036    -2.283495
    -0.157362    -2.278533
    -0.155688    -2.273675
    -0.154014    -2.268918
    -0.152340    -2.264261
    -0.150666    -2.259701
    -0.148992    -2.255236
    -0.147318    -2.250865
    -0.145644    -2.246585
    -0.143970    -2.242395
    -0.142296    -2.238293
    -0.140622    -2.234276
    -0.138948    -2.230342
    -0.137274    -2.226490
    -0.135599    -2.222716
    -0.133925    -2.219021
    -0.132251    -2.215401
    -0.130577    -2.211854
    -0.128903    -2.208380
    -0.127229    -2.204975
    -0.125555    -2.201639
    -0.123881    -2.198369
    -0.122207    -2.195164
    -0.120533    -2.192023
    -0.118859    -2.188943
    -0.117185    -2.185924
    -0.115511    -2.182964
    -0.113837    -2.180062
    -0.112163    -2.177216
    -0.110488    -2.174425
    -0.108814    -2.171688
    -0.107140    -2.169004
    -0.105466    -2.166372
    -0.103792    -2.163791
    -0.102118    -2.161259
    -0.100444    -2.158775
    -0.098770    -2.156340
    -0.097096    -2.153952
    -0.095422    -2.151609
    -0.093748    -2.149313
    -0.092074    -2.147060
    -0.090400    -2.144852
    -0.088726    -2.142687
    -0.087051    -2.140564
    -0.085377    -2.138484
    -0.083703    -2.136445
    -0.082029    -2.134446
    -0.080355    -2.132488
    -0.078681    -2.130570
    -0.077007    -2.128691
    -0.075333    -2.126852
    -0.073659    -2.125050
    -0.071985    -2.123287
    -0.070311    -2.121561
    -0.068637    -2.119873
    -0.066963    -2.118222
    -0.065289    -2.116607
    -0.063615    -2.115029
    -0.061940    -2.113487
    -0.060266    -2.111980
    -0.058592    -2.110509
    -0.056918    -2.109074
    -0.055244    -2.107673
    -0.053570    -2.106307
    -0.051896    -2.104976
    -0.050222    -2.103678
    -0.048548    -2.102416
    -0.046874    -2.101186
    -0.045200    -2.099991
    -0.043526    -2.098829
    -0.041852    -2.097701
    -0.040178    -2.096606
    -0.038504    -2.095544
    -0.036829    -2.094515
    -0.035155    -2.093519
    -0.033481    -2.092555
    -0.031807    -2.091624
    -0.030133    -2.090726
    -0.028459    -2.089859
    -0.026785    -2.089025
    -0.025111    -2.088223
    -0.023437    -2.087452
    -0.021763    -2.086714
    -0.020089    -2.086007
    -0.018415    -2.085332
    -0.016741    -2.084688
    -0.015067    -2.084076
    -0.013393    -2.083495
    -0.011718    -2.082945
    -0.010044    -2.082427
    -0.008370    -2.081939
    -0.006696    -2.081482
    -0.005022    -2.081056
    -0.003348    -2.080661
    -0.001674    -2.080296
     0.000000    -2.079975
     0.001674    -2.080299
     0.003348    -2.080664
     0.005022    -2.081059
     0.006696    -2.081485
     0.008370    -2.081942
     0.010044    -2.082430
     0.011718    -2.082949
     0.013393    -2.083499
     0.015067    -2.084080
     0.016741    -2.084692
     0.018415    -2.085336
     0.020089    -2.086011
     0.021763    -2.086718
     0.023437    -2.087457
     0.025111    -2.088227
     0.026785    -2.089030
     0.028459    -2.089864
     0.030133    -2.090731
     0.031807    -2.091629
     0.033481    -2.092560
     0.035155    -2.093524
     0.036829    -2.094521
     0.038504    -2.095550
     0.040178    -2.096612
     0.041852    -2.097707
     0.043526    -2.098836
     0.045200    -2.099997
     0.046874    -2.101193
     0.048548    -2.102422
     0.050222    -2.103685
     0.051896    -2.104982
     0.053570    -2.106314
     0.055244    -2.107680
     0.056918    -2.109081
     0.058592    -2.110517
     0.060266    -2.111988
     0.061940    -2.113494
     0.063615    -2.115037
     0.065289    -2.116615
     0.066963    -2.118230
     0.068637    -2.119881
     0.070311    -2.121570
     0.071985    -2.123295
     0.073659    -2.125059
     0.075333    -2.126860
     0.077007    -2.128700
     0.078681    -2.130579
     0.080355    -2.132498
     0.082029    -2.134456
     0.083703    -2.136454
     0.085377    -2.138494
     0.087051    -2.140574
     0.088726    -2.142697
     0.090400    -2.144862
     0.092074    -2.147071
     0.093748    -2.149323
     0.095422    -2.151620
     0.097096    -2.153963
     0.098770    -2.156351
     0.100444    -2.158787
     0.102118    -2.161270
     0.103792    -2.163802
     0.105466    -2.166384
     0.107140    -2.169016
     0.108814    -2.171700
     0.110488    -2.174437
     0.112163    -2.177228
     0.113837    -2.180074
     0.115511    -2.182977
     0.117185    -2.185937
     0.118859    -2.188956
     0.120533    -2.192036
     0.122207    -2.195177
     0.123881    -2.198382
     0.125555    -2.201652
     0.127229    -2.204988
     0.128903    -2.208393
     0.130577    -2.211867
     0.132251    -2.215414
     0.133925    -2.219034
     0.135599    -2.222730
     0.137274    -2.226503
     0.138948    -2.230355
     0.140622    -2.234289
     0.142296    -2.238306
     0.143970    -2.242408
     0.145644    -2.246598
     0.147318    -2.250877
     0.148992    -2.255248
     0.150666    -2.259713
     0.152340    -2.264273
     0.154014    -2.268930
     0.155688    -2.273687
     0.157362    -2.278545
     0.159036    -2.283506
     0.160710    -2.288571
     0.162385    -2.293743
     0.164059    -2.299023
     0.165733    -2.304411
     0.167407    -2.309910


    -0.167407    -2.220073
    -0.165733    -2.215296
    -0.164059    -2.210694
    -0.162385    -2.206262
    -0.160710    -2.201995
    -0.159036    -2.197887
    -0.157362    -2.193931
    -0.155688    -2.190122
    -0.154014    -2.186453
    -0.152340    -2.182918
    -0.150666    -2.179509
    -0.148992    -2.176221
    -0.147318    -2.173047
    -0.145644    -2.169982
    -0.143970    -2.167019
    -0.142296    -2.164154
    -0.140622    -2.161381
    -0.138948    -2.158696
    -0.137274    -2.156093
    -0.135599    -2.153568
    -0.133925    -2.151118
    -0.132251    -2.148739
    -0.130577    -2.146427
    -0.128903    -2.144179
    -0.127229    -2.141992
    -0.125555    -2.139864
    -0.123881    -2.137791
    -0.122207    -2.135771
    -0.120533    -2.133803
    -0.118859    -2.131884
    -0.117185    -2.130012
    -0.115511    -2.128186
    -0.113837    -2.126404
    -0.112163    -2.124664
    -0.110488    -2.122966
    -0.108814    -2.121308
    -0.107140    -2.119689
    -0.105466    -2.118108
    -0.103792    -2.116563
    -0.102118    -2.115055
    -0.100444    -2.113582
    -0.098770    -2.112144
    -0.097096    -2.110739
    -0.095422    -2.109368
    -0.093748    -2.108029
    -0.092074    -2.106723
    -0.090400    -2.105449
    -0.088726    -2.104206
    -0.087051    -2.102994
    -0.085377    -2.101813
    -0.083703    -2.100662
    -0.082029    -2.099541
    -0.080355    -2.098449
    -0.078681    -2.097388
    -0.077007    -2.096356
    -0.075333    -2.095353
    -0.073659    -2.094379
    -0.071985    -2.093434
    -0.070311    -2.092518
    -0.068637    -2.091630
    -0.066963    -2.090772
    -0.065289    -2.089941
    -0.063615    -2.089140
    -0.061940    -2.088366
    -0.060266    -2.087621
    -0.058592    -2.086905
    -0.056918    -2.086217
    -0.055244    -2.085557
    -0.053570    -2.084926
    -0.051896    -2.084322
    -0.050222    -2.083748
    -0.048548    -2.083202
    -0.046874    -2.082684
    -0.045200    -2.082194
    -0.043526    -2.081734
    -0.041852    -2.081301
    -0.040178    -2.080898
    -0.038504    -2.080523
    -0.036829    -2.080177
    -0.035155    -2.079859
    -0.033481    -2.079571
    -0.031807    -2.079311
    -0.030133    -2.079080
    -0.028459    -2.078878
    -0.026785    -2.078706
    -0.025111    -2.078562
    -0.023437    -2.078448
    -0.021763    -2.078363
    -0.020089    -2.078308
    -0.018415    -2.078282
    -0.016741    -2.078286
    -0.015067    -2.078319
    -0.013393    -2.078382
    -0.011718    -2.078474
    -0.010044    -2.078597
    -0.008370    -2.078750
    -0.006696    -2.078932
    -0.005022    -2.079145
    -0.003348    -2.079388
    -0.001674    -2.079661
     0.000000    -2.079953
     0.001674    -2.079659
     0.003348    -2.079385
     0.005022    -2.079143
     0.006696    -2.078930
     0.008370    -2.078748
     0.010044    -2.078595
     0.011718    -2.078473
     0.013393    -2.078380
     0.015067    -2.078317
     0.016741    -2.078284
     0.018415    -2.078281
     0.020089    -2.078307
     0.021763    -2.078362
     0.023437    -2.078447
     0.025111    -2.078561
     0.026785    -2.078705
     0.028459    -2.078878
     0.030133    -2.079080
     0.031807    -2.079310
     0.033481    -2.079570
     0.035155    -2.079859
     0.036829    -2.080177
     0.038504    -2.080523
     0.040178    -2.080898
     0.041852    -2.081302
     0.043526    -2.081734
     0.045200    -2.082195
     0.046874    -2.082684
     0.048548    -2.083202
     0.050222    -2.083749
     0.051896    -2.084323
     0.053570    -2.084926
     0.055244    -2.085558
     0.056918    -2.086218
     0.058592    -2.086906
     0.060266    -2.087623
     0.061940    -2.088368
     0.063615    -2.089141
     0.065289    -2.089943
     0.066963    -2.090773
     0.068637    -2.091632
     0.070311    -2.092520
     0.071985    -2.093436
     0.073659    -2.094381
     0.075333    -2.095355
     0.077007    -2.096358
     0.078681    -2.097390
     0.080355    -2.098452
     0.082029    -2.099543
     0.083703    -2.100664
     0.085377    -2.101815
     0.087051    -2.102996
     0.088726    -2.104209
     0.090400    -2.105452
     0.092074    -2.106726
     0.093748    -2.108032
     0.095422    -2.109371
     0.097096    -2.110742
     0.098770    -2.112146
     0.100444    -2.113585
     0.102118    -2.115058
     0.103792    -2.116566
     0.105466    -2.118110
     0.107140    -2.119692
     0.108814    -2.121311
     0.110488    -2.122969
     0.112163    -2.124667
     0.113837    -2.126407
     0.115511    -2.128189
     0.117185    -2.130015
     0.118859    -2.131887
     0.120533    -2.133806
     0.122207    -2.135774
     0.123881    -2.137793
     0.125555    -2.139866
     0.127229    -2.141995
     0.128903    -2.144182
     0.130577    -2.146429
     0.132251    -2.148741
     0.133925    -2.151121
     0.135599    -2.153570
     0.137274    -2.156095
     0.138948    -2.158698
     0.140622    -2.161383
     0.142296    -2.164156
     0.143970    -2.167021
     0.145644    -2.169983
     0.147318    -2.173049
     0.148992    -2.176222
     0.150666    -2.179510
     0.152340    -2.182919
     0.154014    -2.186455
     0.155688    -2.190124
     0.157362    -2.193933
     0.159036    -2.197888
     0.160710    -2.201996
     0.162385    -2.206263
     0.164059    -2.210695
     0.165733    -2.215297
     0.167407    -2.220075


    -0.167407    -2.035132
    -0.165733    -2.029177
    -0.164059    -2.023092
    -0.162385    -2.016883
    -0.160710    -2.010556
    -0.159036    -2.004120
    -0.157362    -1.997581
    -0.155688    -1.990948
    -0.154014    -1.984228
    -0.152340    -1.977431
    -0.150666    -1.970563
    -0.148992    -1.963632
    -0.147318    -1.956647
    -0.145644    -1.949615
    -0.143970    -1.942542
    -0.142296    -1.935437
    -0.140622    -1.928305
    -0.138948    -1.921153
    -0.137274    -1.913987
    -0.135599    -1.906813
    -0.133925    -1.899636
    -0.132251    -1.892461
    -0.130577    -1.885294
    -0.128903    -1.878139
    -0.127229    -1.871000
    -0.125555    -1.863881
    -0.123881    -1.856787
    -0.122207    -1.849721
    -0.120533    -1.842686
    -0.118859    -1.835687
    -0.117185    -1.828726
    -0.115511    -1.821807
    -0.113837    -1.814946
    -0.112163    -1.808534
    -0.110488    -1.802316
    -0.108814    -1.796133
    -0.107140    -1.789984
    -0.105466    -1.783870
    -0.103792    -1.777794
    -0.102118    -1.771756
    -0.100444    -1.765759
    -0.098770    -1.759803
    -0.097096    -1.753891
    -0.095422    -1.748024
    -0.093748    -1.742203
    -0.092074    -1.736429
    -0.090400    -1.730705
    -0.088726    -1.725030
    -0.087051    -1.719408
    -0.085377    -1.713838
    -0.083703    -1.708322
    -0.082029    -1.702861
    -0.080355    -1.697457
    -0.078681    -1.692110
    -0.077007    -1.686823
    -0.075333    -1.681595
    -0.073659    -1.676428
    -0.071985    -1.671324
    -0.070311    -1.666283
    -0.068637    -1.661307
    -0.066963    -1.656397
    -0.065289    -1.651554
    -0.063615    -1.646780
    -0.061940    -1.642075
    -0.060266    -1.637441
    -0.058592    -1.632879
    -0.056918    -1.628391
    -0.055244    -1.623979
    -0.053570    -1.619643
    -0.051896    -1.615386
    -0.050222    -1.611209
    -0.048548    -1.607114
    -0.046874    -1.603102
    -0.045200    -1.599177
    -0.043526    -1.595340
    -0.041852    -1.591592
    -0.040178    -1.587938
    -0.038504    -1.584379
    -0.036829    -1.580918
    -0.035155    -1.577558
    -0.033481    -1.574302
    -0.031807    -1.571154
    -0.030133    -1.568116
    -0.028459    -1.565194
    -0.026785    -1.562390
    -0.025111    -1.559710
    -0.023437    -1.557157
    -0.021763    -1.554736
    -0.020089    -1.552452
    -0.018415    -1.550310
    -0.016741    -1.548315
    -0.015067    -1.546472
    -0.013393    -1.544786
    -0.011718    -1.543263
    -0.010044    -1.541906
    -0.008370    -1.540721
    -0.006696    -1.539712
    -0.005022    -1.538882
    -0.003348    -1.538234
    -0.001674    -1.537771
     0.000000    -1.537499
     0.001674    -1.537772
     0.003348    -1.538234
     0.005022    -1.538880
     0.006696    -1.539709
     0.008370    -1.540717
     0.010044    -1.541901
     0.011718    -1.543257
     0.013393    -1.544779
     0.015067    -1.546464
     0.016741    -1.548306
     0.018415    -1.550300
     0.020089    -1.552441
     0.021763    -1.554724
     0.023437    -1.557145
     0.025111    -1.559697
     0.026785    -1.562377
     0.028459    -1.565180
     0.030133    -1.568102
     0.031807    -1.571138
     0.033481    -1.574286
     0.035155    -1.577542
     0.036829    -1.580901
     0.038504    -1.584362
     0.040178    -1.587921
     0.041852    -1.591575
     0.043526    -1.595322
     0.045200    -1.599159
     0.046874    -1.603084
     0.048548    -1.607095
     0.050222    -1.611190
     0.051896    -1.615367
     0.053570    -1.619624
     0.055244    -1.623959
     0.056918    -1.628372
     0.058592    -1.632859
     0.060266    -1.637421
     0.061940    -1.642054
     0.063615    -1.646759
     0.065289    -1.651534
     0.066963    -1.656377
     0.068637    -1.661287
     0.070311    -1.666263
     0.071985    -1.671303
     0.073659    -1.676407
     0.075333    -1.681574
     0.077007    -1.686802
     0.078681    -1.692089
     0.080355    -1.697436
     0.082029    -1.702840
     0.083703    -1.708300
     0.085377    -1.713816
     0.087051    -1.719386
     0.088726    -1.725009
     0.090400    -1.730683
     0.092074    -1.736408
     0.093748    -1.742181
     0.095422    -1.748002
     0.097096    -1.753869
     0.098770    -1.759781
     0.100444    -1.765737
     0.102118    -1.771734
     0.103792    -1.777772
     0.105466    -1.783848
     0.107140    -1.789961
     0.108814    -1.796110
     0.110488    -1.802292
     0.112163    -1.808509
     0.113837    -1.814912
     0.115511    -1.821777
     0.117185    -1.828697
     0.118859    -1.835659
     0.120533    -1.842659
     0.122207    -1.849694
     0.123881    -1.856761
     0.125555    -1.863856
     0.127229    -1.870975
     0.128903    -1.878115
     0.130577    -1.885271
     0.132251    -1.892439
     0.133925    -1.899614
     0.135599    -1.906792
     0.137274    -1.913966
     0.138948    -1.921133
     0.140622    -1.928286
     0.142296    -1.935418
     0.143970    -1.942524
     0.145644    -1.949598
     0.147318    -1.956631
     0.148992    -1.963617
     0.150666    -1.970548
     0.152340    -1.977416
     0.154014    -1.984215
     0.155688    -1.990935
     0.157362    -1.997569
     0.159036    -2.004109
     0.160710    -2.010546
     0.162385    -2.016873
     0.164059    -2.023083
     0.165733    -2.029169
     0.167407    -2.035124


    -0.167407    -2.015883
    -0.165733    -2.010010
    -0.164059    -2.004083
    -0.162385    -1.998105
    -0.160710    -1.992078
    -0.159036    -1.986004
    -0.157362    -1.979887
    -0.155688    -1.973729
    -0.154014    -1.967532
    -0.152340    -1.961300
    -0.150666    -1.955035
    -0.148992    -1.948740
    -0.147318    -1.942419
    -0.145644    -1.936074
    -0.143970    -1.929707
    -0.142296    -1.923323
    -0.140622    -1.916925
    -0.138948    -1.910514
    -0.137274    -1.904094
    -0.135599    -1.897668
    -0.133925    -1.891238
    -0.132251    -1.884808
    -0.130577    -1.878380
    -0.128903    -1.871956
    -0.127229    -1.865540
    -0.125555    -1.859134
    -0.123881    -1.852740
    -0.122207    -1.846361
    -0.120533    -1.839999
    -0.118859    -1.833656
    -0.117185    -1.827334
    -0.115511    -1.821035
    -0.113837    -1.814747
    -0.112163    -1.808085
    -0.110488    -1.801307
    -0.108814    -1.794578
    -0.107140    -1.787901
    -0.105466    -1.781279
    -0.103792    -1.774715
    -0.102118    -1.768210
    -0.100444    -1.761766
    -0.098770    -1.755386
    -0.097096    -1.749069
    -0.095422    -1.742819
    -0.093748    -1.736636
    -0.092074    -1.730522
    -0.090400    -1.724478
    -0.088726    -1.718506
    -0.087051    -1.712606
    -0.085377    -1.706779
    -0.083703    -1.701028
    -0.082029    -1.695352
    -0.080355    -1.689753
    -0.078681    -1.684232
    -0.077007    -1.678789
    -0.075333    -1.673426
    -0.073659    -1.668143
    -0.071985    -1.662941
    -0.070311    -1.657821
    -0.068637    -1.652784
    -0.066963    -1.647831
    -0.065289    -1.642963
    -0.063615    -1.638180
    -0.061940    -1.633483
    -0.060266    -1.628874
    -0.058592    -1.624353
    -0.056918    -1.619921
    -0.055244    -1.615579
    -0.053570    -1.611329
    -0.051896    -1.607171
    -0.050222    -1.603108
    -0.048548    -1.599140
    -0.046874    -1.595268
    -0.045200    -1.591495
    -0.043526    -1.587822
    -0.041852    -1.584252
    -0.040178    -1.580785
    -0.038504    -1.577425
    -0.036829    -1.574174
    -0.035155    -1.571034
    -0.033481    -1.568009
    -0.031807    -1.565100
    -0.030133    -1.562313
    -0.028459    -1.559650
    -0.026785    -1.557115
    -0.025111    -1.554712
    -0.023437    -1.552445
    -0.021763    -1.550318
    -0.020089    -1.548337
    -0.018415    -1.546505
    -0.016741    -1.544828
    -0.015067    -1.543311
    -0.013393    -1.541957
    -0.011718    -1.540772
    -0.010044    -1.539760
    -0.008370    -1.538924
    -0.006696    -1.538269
    -0.005022    -1.537797
    -0.003348    -1.537510
    -0.001674    -1.537410
     0.000000    -1.537493
     0.001674    -1.537407
     0.003348    -1.537505
     0.005022    -1.537791
     0.006696    -1.538262
     0.008370    -1.538916
     0.010044    -1.539750
     0.011718    -1.540762
     0.013393    -1.541945
     0.015067    -1.543298
     0.016741    -1.544815
     0.018415    -1.546491
     0.020089    -1.548321
     0.021763    -1.550302
     0.023437    -1.552427
     0.025111    -1.554693
     0.026785    -1.557096
     0.028459    -1.559630
     0.030133    -1.562293
     0.031807    -1.565079
     0.033481    -1.567987
     0.035155    -1.571011
     0.036829    -1.574151
     0.038504    -1.577401
     0.040178    -1.580761
     0.041852    -1.584227
     0.043526    -1.587797
     0.045200    -1.591469
     0.046874    -1.595242
     0.048548    -1.599113
     0.050222    -1.603081
     0.051896    -1.607144
     0.053570    -1.611301
     0.055244    -1.615551
     0.056918    -1.619892
     0.058592    -1.624324
     0.060266    -1.628845
     0.061940    -1.633454
     0.063615    -1.638150
     0.065289    -1.642933
     0.066963    -1.647801
     0.068637    -1.652754
     0.070311    -1.657791
     0.071985    -1.662910
     0.073659    -1.668112
     0.075333    -1.673394
     0.077007    -1.678758
     0.078681    -1.684200
     0.080355    -1.689722
     0.082029    -1.695321
     0.083703    -1.700996
     0.085377    -1.706748
     0.087051    -1.712574
     0.088726    -1.718474
     0.090400    -1.724447
     0.092074    -1.730491
     0.093748    -1.736605
     0.095422    -1.742788
     0.097096    -1.749038
     0.098770    -1.755355
     0.100444    -1.761736
     0.102118    -1.768180
     0.103792    -1.774685
     0.105466    -1.781250
     0.107140    -1.787872
     0.108814    -1.794549
     0.110488    -1.801279
     0.112163    -1.808059
     0.113837    -1.814731
     0.115511    -1.821014
     0.117185    -1.827313
     0.118859    -1.833634
     0.120533    -1.839977
     0.122207    -1.846339
     0.123881    -1.852718
     0.125555    -1.859112
     0.127229    -1.865518
     0.128903    -1.871934
     0.130577    -1.878357
     0.132251    -1.884785
     0.133925    -1.891215
     0.135599    -1.897645
     0.137274    -1.904071
     0.138948    -1.910491
     0.140622    -1.916902
     0.142296    -1.923301
     0.143970    -1.929685
     0.145644    -1.936051
     0.147318    -1.942396
     0.148992    -1.948718
     0.150666    -1.955012
     0.152340    -1.961277
     0.154014    -1.967510
     0.155688    -1.973706
     0.157362    -1.979865
     0.159036    -1.985982
     0.160710    -1.992056
     0.162385    -1.998083
     0.164059    -2.004061
     0.165733    -2.009989
     0.167407    -2.015862


    -0.167407    -1.531989
    -0.165733    -1.528685
    -0.164059    -1.525409
    -0.162385    -1.522162
    -0.160710    -1.518945
    -0.159036    -1.515759
    -0.157362    -1.512606
    -0.155688    -1.509485
    -0.154014    -1.506398
    -0.152340    -1.503347
    -0.150666    -1.500331
    -0.148992    -1.497353
    -0.147318    -1.494412
    -0.145644    -1.491511
    -0.143970    -1.488650
    -0.142296    -1.485830
    -0.140622    -1.483053
    -0.138948    -1.480318
    -0.137274    -1.477628
    -0.135599    -1.474982
    -0.133925    -1.472383
    -0.132251    -1.469830
    -0.130577    -1.467326
    -0.128903    -1.464870
    -0.127229    -1.462464
    -0.125555    -1.460108
    -0.123881    -1.457803
    -0.122207    -1.455551
    -0.120533    -1.453352
    -0.118859    -1.451206
    -0.117185    -1.449115
    -0.115511    -1.447078
    -0.113837    -1.445098
    -0.112163    -1.443173
    -0.110488    -1.441306
    -0.108814    -1.439495
    -0.107140    -1.437743
    -0.105466    -1.436049
    -0.103792    -1.434414
    -0.102118    -1.432838
    -0.100444    -1.431322
    -0.098770    -1.429865
    -0.097096    -1.428468
    -0.095422    -1.427132
    -0.093748    -1.425856
    -0.092074    -1.424641
    -0.090400    -1.423487
    -0.088726    -1.422393
    -0.087051    -1.421360
    -0.085377    -1.420388
    -0.083703    -1.419476
    -0.082029    -1.418624
    -0.080355    -1.417833
    -0.078681    -1.417102
    -0.077007    -1.416431
    -0.075333    -1.415818
    -0.073659    -1.415265
    -0.071985    -1.414771
    -0.070311    -1.414334
    -0.068637    -1.413955
    -0.066963    -1.413632
    -0.065289    -1.413365
    -0.063615    -1.413154
    -0.061940    -1.412997
    -0.060266    -1.412894
    -0.058592    -1.412843
    -0.056918    -1.412843
    -0.055244    -1.412894
    -0.053570    -1.412993
    -0.051896    -1.413140
    -0.050222    -1.413333
    -0.048548    -1.413569
    -0.046874    -1.413849
    -0.045200    -1.414168
    -0.043526    -1.414527
    -0.041852    -1.414921
    -0.040178    -1.415349
    -0.038504    -1.415808
    -0.036829    -1.416295
    -0.035155    -1.416808
    -0.033481    -1.417344
    -0.031807    -1.417898
    -0.030133    -1.418469
    -0.028459    -1.419051
    -0.026785    -1.419641
    -0.025111    -1.420232
    -0.023437    -1.420820
    -0.021763    -1.421398
    -0.020089    -1.421960
    -0.018415    -1.422502
    -0.016741    -1.423018
    -0.015067    -1.423504
    -0.013393    -1.423954
    -0.011718    -1.424364
    -0.010044    -1.424729
    -0.008370    -1.425046
    -0.006696    -1.425310
    -0.005022    -1.425519
    -0.003348    -1.425669
    -0.001674    -1.425759
     0.000000    -1.425789
     0.001674    -1.425756
     0.003348    -1.425663
     0.005022    -1.425511
     0.006696    -1.425301
     0.008370    -1.425036
     0.010044    -1.424719
     0.011718    -1.424354
     0.013393    -1.423944
     0.015067    -1.423495
     0.016741    -1.423010
     0.018415    -1.422494
     0.020089    -1.421953
     0.021763    -1.421392
     0.023437    -1.420816
     0.025111    -1.420231
     0.026785    -1.419642
     0.028459    -1.419056
     0.030133    -1.418477
     0.031807    -1.417910
     0.033481    -1.417357
     0.035155    -1.416824
     0.036829    -1.416312
     0.038504    -1.415825
     0.040178    -1.415366
     0.041852    -1.414939
     0.043526    -1.414545
     0.045200    -1.414187
     0.046874    -1.413868
     0.048548    -1.413588
     0.050222    -1.413352
     0.051896    -1.413159
     0.053570    -1.413012
     0.055244    -1.412913
     0.056918    -1.412862
     0.058592    -1.412862
     0.060266    -1.412913
     0.061940    -1.413016
     0.063615    -1.413173
     0.065289    -1.413384
     0.066963    -1.413650
     0.068637    -1.413972
     0.070311    -1.414352
     0.071985    -1.414788
     0.073659    -1.415282
     0.075333    -1.415835
     0.077007    -1.416447
     0.078681    -1.417119
     0.080355    -1.417849
     0.082029    -1.418640
     0.083703    -1.419492
     0.085377    -1.420403
     0.087051    -1.421375
     0.088726    -1.422408
     0.090400    -1.423502
     0.092074    -1.424656
     0.093748    -1.425871
     0.095422    -1.427146
     0.097096    -1.428482
     0.098770    -1.429878
     0.100444    -1.431335
     0.102118    -1.432851
     0.103792    -1.434426
     0.105466    -1.436061
     0.107140    -1.437755
     0.108814    -1.439507
     0.110488    -1.441317
     0.112163    -1.443184
     0.113837    -1.445108
     0.115511    -1.447089
     0.117185    -1.449125
     0.118859    -1.451216
     0.120533    -1.453361
     0.122207    -1.455560
     0.123881    -1.457812
     0.125555    -1.460116
     0.127229    -1.462472
     0.128903    -1.464878
     0.130577    -1.467333
     0.132251    -1.469838
     0.133925    -1.472390
     0.135599    -1.474989
     0.137274    -1.477634
     0.138948    -1.480324
     0.140622    -1.483059
     0.142296    -1.485836
     0.143970    -1.488656
     0.145644    -1.491516
     0.147318    -1.494417
     0.148992    -1.497357
     0.150666    -1.500336
     0.152340    -1.503351
     0.154014    -1.506402
     0.155688    -1.509489
     0.157362    -1.512609
     0.159036    -1.515763
     0.160710    -1.518948
     0.162385    -1.522165
     0.164059    -1.525412
     0.165733    -1.528688
     0.167407    -1.531992


    -0.167407    -1.496096
    -0.165733    -1.493149
    -0.164059    -1.490250
    -0.162385    -1.487400
    -0.160710    -1.484599
    -0.159036    -1.481848
    -0.157362    -1.479147
    -0.155688    -1.476496
    -0.154014    -1.473897
    -0.152340    -1.471349
    -0.150666    -1.468853
    -0.148992    -1.466409
    -0.147318    -1.464017
    -0.145644    -1.461677
    -0.143970    -1.459391
    -0.142296    -1.457157
    -0.140622    -1.454976
    -0.138948    -1.452849
    -0.137274    -1.450775
    -0.135599    -1.448754
    -0.133925    -1.446787
    -0.132251    -1.444873
    -0.130577    -1.443012
    -0.128903    -1.441204
    -0.127229    -1.439450
    -0.125555    -1.437749
    -0.123881    -1.436101
    -0.122207    -1.434505
    -0.120533    -1.432963
    -0.118859    -1.431473
    -0.117185    -1.430035
    -0.115511    -1.428650
    -0.113837    -1.427317
    -0.112163    -1.426036
    -0.110488    -1.424806
    -0.108814    -1.423627
    -0.107140    -1.422500
    -0.105466    -1.421424
    -0.103792    -1.420398
    -0.102118    -1.419423
    -0.100444    -1.418497
    -0.098770    -1.417622
    -0.097096    -1.416796
    -0.095422    -1.416019
    -0.093748    -1.415291
    -0.092074    -1.414611
    -0.090400    -1.413980
    -0.088726    -1.413396
    -0.087051    -1.412860
    -0.085377    -1.412371
    -0.083703    -1.411928
    -0.082029    -1.411532
    -0.080355    -1.411182
    -0.078681    -1.410877
    -0.077007    -1.410616
    -0.075333    -1.410401
    -0.073659    -1.410229
    -0.071985    -1.410101
    -0.070311    -1.410015
    -0.068637    -1.409972
    -0.066963    -1.409970
    -0.065289    -1.410009
    -0.063615    -1.410088
    -0.061940    -1.410207
    -0.060266    -1.410364
    -0.058592    -1.410559
    -0.056918    -1.410790
    -0.055244    -1.411058
    -0.053570    -1.411360
    -0.051896    -1.411695
    -0.050222    -1.412062
    -0.048548    -1.412460
    -0.046874    -1.412888
    -0.045200    -1.413343
    -0.043526    -1.413824
    -0.041852    -1.414328
    -0.040178    -1.414855
    -0.038504    -1.415402
    -0.036829    -1.415965
    -0.035155    -1.416543
    -0.033481    -1.417133
    -0.031807    -1.417730
    -0.030133    -1.418333
    -0.028459    -1.418936
    -0.026785    -1.419537
    -0.025111    -1.420134
    -0.023437    -1.420722
    -0.021763    -1.421300
    -0.020089    -1.421862
    -0.018415    -1.422405
    -0.016741    -1.422923
    -0.015067    -1.423412
    -0.013393    -1.423867
    -0.011718    -1.424282
    -0.010044    -1.424653
    -0.008370    -1.424976
    -0.006696    -1.425246
    -0.005022    -1.425461
    -0.003348    -1.425617
    -0.001674    -1.425713
     0.000000    -1.425747
     0.001674    -1.425718
     0.003348    -1.425626
     0.005022    -1.425474
     0.006696    -1.425262
     0.008370    -1.424994
     0.010044    -1.424673
     0.011718    -1.424303
     0.013393    -1.423889
     0.015067    -1.423435
     0.016741    -1.422946
     0.018415    -1.422428
     0.020089    -1.421886
     0.021763    -1.421323
     0.023437    -1.420745
     0.025111    -1.420155
     0.026785    -1.419556
     0.028459    -1.418952
     0.030133    -1.418345
     0.031807    -1.417741
     0.033481    -1.417141
     0.035155    -1.416551
     0.036829    -1.415972
     0.038504    -1.415408
     0.040178    -1.414861
     0.041852    -1.414334
     0.043526    -1.413829
     0.045200    -1.413348
     0.046874    -1.412893
     0.048548    -1.412465
     0.050222    -1.412067
     0.051896    -1.411700
     0.053570    -1.411365
     0.055244    -1.411063
     0.056918    -1.410795
     0.058592    -1.410564
     0.060266    -1.410369
     0.061940    -1.410212
     0.063615    -1.410093
     0.065289    -1.410014
     0.066963    -1.409975
     0.068637    -1.409977
     0.070311    -1.410020
     0.071985    -1.410106
     0.073659    -1.410234
     0.075333    -1.410406
     0.077007    -1.410621
     0.078681    -1.410881
     0.080355    -1.411186
     0.082029    -1.411537
     0.083703    -1.411933
     0.085377    -1.412375
     0.087051    -1.412865
     0.088726    -1.413401
     0.090400    -1.413984
     0.092074    -1.414616
     0.093748    -1.415295
     0.095422    -1.416023
     0.097096    -1.416800
     0.098770    -1.417626
     0.100444    -1.418502
     0.102118    -1.419427
     0.103792    -1.420403
     0.105466    -1.421428
     0.107140    -1.422505
     0.108814    -1.423632
     0.110488    -1.424810
     0.112163    -1.426040
     0.113837    -1.427321
     0.115511    -1.428654
     0.117185    -1.430040
     0.118859    -1.431477
     0.120533    -1.432967
     0.122207    -1.434509
     0.123881    -1.436105
     0.125555    -1.437753
     0.127229    -1.439454
     0.128903    -1.441208
     0.130577    -1.443016
     0.132251    -1.444876
     0.133925    -1.446791
     0.135599    -1.448758
     0.137274    -1.450779
     0.138948    -1.452853
     0.140622    -1.454980
     0.142296    -1.457161
     0.143970    -1.459394
     0.145644    -1.461681
     0.147318    -1.464020
     0.148992    -1.466412
     0.150666    -1.468856
     0.152340    -1.471352
     0.154014    -1.473900
     0.155688    -1.476500
     0.157362    -1.479150
     0.159036    -1.481851
     0.160710    -1.484602
     0.162385    -1.487403
     0.164059    -1.490253
     0.165733    -1.493152
     0.167407    -1.496098


    -0.167407    -1.160437
    -0.165733    -1.155933
    -0.164059    -1.151376
    -0.162385    -1.146767
    -0.160710    -1.142104
    -0.159036    -1.138040
    -0.157362    -1.134230
    -0.155688    -1.130377
    -0.154014    -1.126479
    -0.152340    -1.122536
    -0.150666    -1.118546
    -0.148992    -1.114508
    -0.147318    -1.110422
    -0.145644    -1.106285
    -0.143970    -1.102097
    -0.142296    -1.097858
    -0.140622    -1.093565
    -0.138948    -1.089219
    -0.137274    -1.084817
    -0.135599    -1.080360
    -0.133925    -1.075846
    -0.132251    -1.071275
    -0.130577    -1.066645
    -0.128903    -1.061957
    -0.127229    -1.057209
    -0.125555    -1.052400
    -0.123881    -1.047531
    -0.122207    -1.042601
    -0.120533    -1.037609
    -0.118859    -1.032555
    -0.117185    -1.027439
    -0.115511    -1.022260
    -0.113837    -1.017019
    -0.112163    -1.011716
    -0.110488    -1.006350
    -0.108814    -1.000923
    -0.107140    -0.995433
    -0.105466    -0.989882
    -0.103792    -0.984270
    -0.102118    -0.978597
    -0.100444    -0.972866
    -0.098770    -0.967075
    -0.097096    -0.961227
    -0.095422    -0.955322
    -0.093748    -0.949361
    -0.092074    -0.943347
    -0.090400    -0.937280
    -0.088726    -0.931162
    -0.087051    -0.924995
    -0.085377    -0.918782
    -0.083703    -0.912523
    -0.082029    -0.906221
    -0.080355    -0.899879
    -0.078681    -0.893500
    -0.077007    -0.887086
    -0.075333    -0.880640
    -0.073659    -0.874165
    -0.071985    -0.867666
    -0.070311    -0.861145
    -0.068637    -0.854606
    -0.066963    -0.848055
    -0.065289    -0.841494
    -0.063615    -0.834929
    -0.061940    -0.828365
    -0.060266    -0.821807
    -0.058592    -0.815261
    -0.056918    -0.808733
    -0.055244    -0.802228
    -0.053570    -0.795755
    -0.051896    -0.789320
    -0.050222    -0.782931
    -0.048548    -0.776595
    -0.046874    -0.770322
    -0.045200    -0.764120
    -0.043526    -0.757999
    -0.041852    -0.751969
    -0.040178    -0.746040
    -0.038504    -0.740223
    -0.036829    -0.734531
    -0.035155    -0.728974
    -0.033481    -0.723566
    -0.031807    -0.718318
    -0.030133    -0.713245
    -0.028459    -0.708359
    -0.026785    -0.703674
    -0.025111    -0.699203
    -0.023437    -0.694959
    -0.021763    -0.690956
    -0.020089    -0.687205
    -0.018415    -0.683719
    -0.016741    -0.680508
    -0.015067    -0.677583
    -0.013393    -0.674951
    -0.011718    -0.672620
    -0.010044    -0.670596
    -0.008370    -0.668883
    -0.006696    -0.667484
    -0.005022    -0.666402
    -0.003348    -0.665639
    -0.001674    -0.665184
     0.000000    -0.665031
     0.001674    -0.665182
     0.003348    -0.665638
     0.005022    -0.666408
     0.006696    -0.667493
     0.008370    -0.668892
     0.010044    -0.670605
     0.011718    -0.672629
     0.013393    -0.674959
     0.015067    -0.677591
     0.016741    -0.680516
     0.018415    -0.683727
     0.020089    -0.687212
     0.021763    -0.690962
     0.023437    -0.694965
     0.025111    -0.699208
     0.026785    -0.703679
     0.028459    -0.708364
     0.030133    -0.713249
     0.031807    -0.718322
     0.033481    -0.723569
     0.035155    -0.728977
     0.036829    -0.734534
     0.038504    -0.740226
     0.040178    -0.746042
     0.041852    -0.751970
     0.043526    -0.758000
     0.045200    -0.764121
     0.046874    -0.770323
     0.048548    -0.776595
     0.050222    -0.782931
     0.051896    -0.789320
     0.053570    -0.795755
     0.055244    -0.802228
     0.056918    -0.808731
     0.058592    -0.815260
     0.060266    -0.821805
     0.061940    -0.828363
     0.063615    -0.834927
     0.065289    -0.841492
     0.066963    -0.848052
     0.068637    -0.854604
     0.070311    -0.861142
     0.071985    -0.867663
     0.073659    -0.874162
     0.075333    -0.880636
     0.077007    -0.887082
     0.078681    -0.893496
     0.080355    -0.899875
     0.082029    -0.906217
     0.083703    -0.912519
     0.085377    -0.918777
     0.087051    -0.924991
     0.088726    -0.931158
     0.090400    -0.937276
     0.092074    -0.943342
     0.093748    -0.949357
     0.095422    -0.955317
     0.097096    -0.961222
     0.098770    -0.967070
     0.100444    -0.972861
     0.102118    -0.978593
     0.103792    -0.984265
     0.105466    -0.989877
     0.107140    -0.995428
     0.108814    -1.000918
     0.110488    -1.006346
     0.112163    -1.011712
     0.113837    -1.017015
     0.115511    -1.022256
     0.117185    -1.027435
     0.118859    -1.032551
     0.120533    -1.037605
     0.122207    -1.042597
     0.123881    -1.047527
     0.125555    -1.052397
     0.127229    -1.057205
     0.128903    -1.061953
     0.130577    -1.066642
     0.132251    -1.071272
     0.133925    -1.075843
     0.135599    -1.080357
     0.137274    -1.084815
     0.138948    -1.089216
     0.140622    -1.093563
     0.142296    -1.097856
     0.143970    -1.102096
     0.145644    -1.106283
     0.147318    -1.110420
     0.148992    -1.114507
     0.150666    -1.118545
     0.152340    -1.122535
     0.154014    -1.126478
     0.155688    -1.130376
     0.157362    -1.134230
     0.159036    -1.138040
     0.160710    -1.142101
     0.162385    -1.146763
     0.164059    -1.151372
     0.165733    -1.155929
     0.167407    -1.160432


    -0.167407    -1.156474
    -0.165733    -1.152865
    -0.164059    -1.149218
    -0.162385    -1.145532
    -0.160710    -1.141806
    -0.159036    -1.137387
    -0.157362    -1.132617
    -0.155688    -1.127795
    -0.154014    -1.122919
    -0.152340    -1.117991
    -0.150666    -1.113011
    -0.148992    -1.107978
    -0.147318    -1.102894
    -0.145644    -1.097758
    -0.143970    -1.092572
    -0.142296    -1.087337
    -0.140622    -1.082051
    -0.138948    -1.076717
    -0.137274    -1.071336
    -0.135599    -1.065907
    -0.133925    -1.060432
    -0.132251    -1.054912
    -0.130577    -1.049348
    -0.128903    -1.043741
    -0.127229    -1.038091
    -0.125555    -1.032401
    -0.123881    -1.026672
    -0.122207    -1.020904
    -0.120533    -1.015100
    -0.118859    -1.009260
    -0.117185    -1.003385
    -0.115511    -0.997479
    -0.113837    -0.991541
    -0.112163    -0.985574
    -0.110488    -0.979579
    -0.108814    -0.973559
    -0.107140    -0.967514
    -0.105466    -0.961446
    -0.103792    -0.955358
    -0.102118    -0.949251
    -0.100444    -0.943128
    -0.098770    -0.936990
    -0.097096    -0.930839
    -0.095422    -0.924678
    -0.093748    -0.918509
    -0.092074    -0.912333
    -0.090400    -0.906153
    -0.088726    -0.899972
    -0.087051    -0.893792
    -0.085377    -0.887615
    -0.083703    -0.881444
    -0.082029    -0.875281
    -0.080355    -0.869130
    -0.078681    -0.862992
    -0.077007    -0.856870
    -0.075333    -0.850768
    -0.073659    -0.844687
    -0.071985    -0.838632
    -0.070311    -0.832605
    -0.068637    -0.826609
    -0.066963    -0.820648
    -0.065289    -0.814724
    -0.063615    -0.808842
    -0.061940    -0.803003
    -0.060266    -0.797214
    -0.058592    -0.791476
    -0.056918    -0.785793
    -0.055244    -0.780170
    -0.053570    -0.774611
    -0.051896    -0.769120
    -0.050222    -0.763700
    -0.048548    -0.758358
    -0.046874    -0.753096
    -0.045200    -0.747921
    -0.043526    -0.742837
    -0.041852    -0.737850
    -0.040178    -0.732964
    -0.038504    -0.728186
    -0.036829    -0.723522
    -0.035155    -0.718977
    -0.033481    -0.714558
    -0.031807    -0.710272
    -0.030133    -0.706126
    -0.028459    -0.702127
    -0.026785    -0.698283
    -0.025111    -0.694602
    -0.023437    -0.691091
    -0.021763    -0.687760
    -0.020089    -0.684618
    -0.018415    -0.681672
    -0.016741    -0.678934
    -0.015067    -0.676412
    -0.013393    -0.674116
    -0.011718    -0.672055
    -0.010044    -0.670241
    -0.008370    -0.668681
    -0.006696    -0.667385
    -0.005022    -0.666360
    -0.003348    -0.665613
    -0.001674    -0.665159
     0.000000    -0.665008
     0.001674    -0.665161
     0.003348    -0.665612
     0.005022    -0.666353
     0.006696    -0.667374
     0.008370    -0.668669
     0.010044    -0.670228
     0.011718    -0.672043
     0.013393    -0.674103
     0.015067    -0.676399
     0.016741    -0.678921
     0.018415    -0.681660
     0.020089    -0.684605
     0.021763    -0.687748
     0.023437    -0.691079
     0.025111    -0.694589
     0.026785    -0.698271
     0.028459    -0.702115
     0.030133    -0.706114
     0.031807    -0.710261
     0.033481    -0.714547
     0.035155    -0.718966
     0.036829    -0.723511
     0.038504    -0.728176
     0.040178    -0.732954
     0.041852    -0.737840
     0.043526    -0.742828
     0.045200    -0.747912
     0.046874    -0.753088
     0.048548    -0.758349
     0.050222    -0.763692
     0.051896    -0.769112
     0.053570    -0.774604
     0.055244    -0.780164
     0.056918    -0.785787
     0.058592    -0.791470
     0.060266    -0.797208
     0.061940    -0.802998
     0.063615    -0.808837
     0.065289    -0.814720
     0.066963    -0.820644
     0.068637    -0.826606
     0.070311    -0.832602
     0.071985    -0.838629
     0.073659    -0.844685
     0.075333    -0.850765
     0.077007    -0.856868
     0.078681    -0.862990
     0.080355    -0.869128
     0.082029    -0.875280
     0.083703    -0.881443
     0.085377    -0.887615
     0.087051    -0.893792
     0.088726    -0.899972
     0.090400    -0.906153
     0.092074    -0.912333
     0.093748    -0.918509
     0.095422    -0.924679
     0.097096    -0.930840
     0.098770    -0.936991
     0.100444    -0.943129
     0.102118    -0.949253
     0.103792    -0.955359
     0.105466    -0.961447
     0.107140    -0.967515
     0.108814    -0.973560
     0.110488    -0.979581
     0.112163    -0.985576
     0.113837    -0.991543
     0.115511    -0.997480
     0.117185    -1.003387
     0.118859    -1.009261
     0.120533    -1.015101
     0.122207    -1.020905
     0.123881    -1.026673
     0.125555    -1.032402
     0.127229    -1.038092
     0.128903    -1.043741
     0.130577    -1.049348
     0.132251    -1.054912
     0.133925    -1.060432
     0.135599    -1.065907
     0.137274    -1.071335
     0.138948    -1.076717
     0.140622    -1.082051
     0.142296    -1.087336
     0.143970    -1.092571
     0.145644    -1.097757
     0.147318    -1.102892
     0.148992    -1.107976
     0.150666    -1.113009
     0.152340    -1.117989
     0.154014    -1.122917
     0.155688    -1.127792
     0.157362    -1.132614
     0.159036    -1.137383
     0.160710    -1.141806
     0.162385    -1.145533
     0.164059    -1.149219
     0.165733    -1.152866
     0.167407    -1.156476


    -0.167407    -0.438343
    -0.165733    -0.435547
    -0.164059    -0.432797
    -0.162385    -0.430091
    -0.160710    -0.427432
    -0.159036    -0.424819
    -0.157362    -0.422252
    -0.155688    -0.419733
    -0.154014    -0.417262
    -0.152340    -0.414839
    -0.150666    -0.412465
    -0.148992    -0.410140
    -0.147318    -0.407865
    -0.145644    -0.405641
    -0.143970    -0.403466
    -0.142296    -0.401343
    -0.140622    -0.399272
    -0.138948    -0.397253
    -0.137274    -0.395285
    -0.135599    -0.393371
    -0.133925    -0.391510
    -0.132251    -0.389702
    -0.130577    -0.387948
    -0.128903    -0.386248
    -0.127229    -0.384603
    -0.125555    -0.383012
    -0.123881    -0.381476
    -0.122207    -0.379996
    -0.120533    -0.378571
    -0.118859    -0.377201
    -0.117185    -0.375888
    -0.115511    -0.374630
    -0.113837    -0.373428
    -0.112163    -0.372282
    -0.110488    -0.371192
    -0.108814    -0.370159
    -0.107140    -0.369181
    -0.105466    -0.368259
    -0.103792    -0.367393
    -0.102118    -0.366583
    -0.100444    -0.365828
    -0.098770    -0.365128
    -0.097096    -0.364482
    -0.095422    -0.363891
    -0.093748    -0.363353
    -0.092074    -0.362868
    -0.090400    -0.362436
    -0.088726    -0.362056
    -0.087051    -0.361727
    -0.085377    -0.361447
    -0.083703    -0.361216
    -0.082029    -0.361033
    -0.080355    -0.360897
    -0.078681    -0.360805
    -0.077007    -0.360757
    -0.075333    -0.360751
    -0.073659    -0.360785
    -0.071985    -0.360856
    -0.070311    -0.360963
    -0.068637    -0.361104
    -0.066963    -0.361275
    -0.065289    -0.361473
    -0.063615    -0.361696
    -0.061940    -0.361940
    -0.060266    -0.362201
    -0.058592    -0.362476
    -0.056918    -0.362759
    -0.055244    -0.363047
    -0.053570    -0.363334
    -0.051896    -0.363615
    -0.050222    -0.363884
    -0.048548    -0.364133
    -0.046874    -0.364358
    -0.045200    -0.364550
    -0.043526    -0.364702
    -0.041852    -0.364804
    -0.040178    -0.364850
    -0.038504    -0.364829
    -0.036829    -0.364731
    -0.035155    -0.364546
    -0.033481    -0.364264
    -0.031807    -0.363874
    -0.030133    -0.363364
    -0.028459    -0.362723
    -0.026785    -0.361939
    -0.025111    -0.361001
    -0.023437    -0.359896
    -0.021763    -0.358615
    -0.020089    -0.357145
    -0.018415    -0.355478
    -0.016741    -0.353605
    -0.015067    -0.351517
    -0.013393    -0.349207
    -0.011718    -0.346671
    -0.010044    -0.343904
    -0.008370    -0.340904
    -0.006696    -0.337671
    -0.005022    -0.334206
    -0.003348    -0.330511
    -0.001674    -0.326592
     0.000000    -0.322470
     0.001674    -0.326606
     0.003348    -0.330526
     0.005022    -0.334221
     0.006696    -0.337687
     0.008370    -0.340920
     0.010044    -0.343921
     0.011718    -0.346688
     0.013393    -0.349225
     0.015067    -0.351535
     0.016741    -0.353624
     0.018415    -0.355497
     0.020089    -0.357165
     0.021763    -0.358634
     0.023437    -0.359916
     0.025111    -0.361021
     0.026785    -0.361960
     0.028459    -0.362744
     0.030133    -0.363385
     0.031807    -0.363895
     0.033481    -0.364286
     0.035155    -0.364567
     0.036829    -0.364752
     0.038504    -0.364850
     0.040178    -0.364871
     0.041852    -0.364826
     0.043526    -0.364723
     0.045200    -0.364571
     0.046874    -0.364379
     0.048548    -0.364154
     0.050222    -0.363904
     0.051896    -0.363636
     0.053570    -0.363355
     0.055244    -0.363068
     0.056918    -0.362780
     0.058592    -0.362496
     0.060266    -0.362221
     0.061940    -0.361960
     0.063615    -0.361715
     0.065289    -0.361492
     0.066963    -0.361293
     0.068637    -0.361122
     0.070311    -0.360982
     0.071985    -0.360874
     0.073659    -0.360803
     0.075333    -0.360769
     0.077007    -0.360774
     0.078681    -0.360822
     0.080355    -0.360913
     0.082029    -0.361050
     0.083703    -0.361232
     0.085377    -0.361463
     0.087051    -0.361742
     0.088726    -0.362071
     0.090400    -0.362451
     0.092074    -0.362883
     0.093748    -0.363367
     0.095422    -0.363905
     0.097096    -0.364496
     0.098770    -0.365141
     0.100444    -0.365841
     0.102118    -0.366596
     0.103792    -0.367406
     0.105466    -0.368272
     0.107140    -0.369193
     0.108814    -0.370171
     0.110488    -0.371204
     0.112163    -0.372294
     0.113837    -0.373439
     0.115511    -0.374641
     0.117185    -0.375898
     0.118859    -0.377212
     0.120533    -0.378581
     0.122207    -0.380006
     0.123881    -0.381486
     0.125555    -0.383022
     0.127229    -0.384612
     0.128903    -0.386258
     0.130577    -0.387957
     0.132251    -0.389711
     0.133925    -0.391519
     0.135599    -0.393380
     0.137274    -0.395294
     0.138948    -0.397261
     0.140622    -0.399280
     0.142296    -0.401352
     0.143970    -0.403474
     0.145644    -0.405648
     0.147318    -0.407873
     0.148992    -0.410148
     0.150666    -0.412473
     0.152340    -0.414847
     0.154014    -0.417269
     0.155688    -0.419741
     0.157362    -0.422260
     0.159036    -0.424826
     0.160710    -0.427439
     0.162385    -0.430099
     0.164059    -0.432804
     0.165733    -0.435555
     0.167407    -0.438350


    -0.167407    -0.361347
    -0.165733    -0.356403
    -0.164059    -0.351469
    -0.162385    -0.346546
    -0.160710    -0.341634
    -0.159036    -0.336733
    -0.157362    -0.331845
    -0.155688    -0.326969
    -0.154014    -0.322106
    -0.152340    -0.317256
    -0.150666    -0.312420
    -0.148992    -0.307599
    -0.147318    -0.302792
    -0.145644    -0.298001
    -0.143970    -0.293227
    -0.142296    -0.288469
    -0.140622    -0.283730
    -0.138948    -0.279009
    -0.137274    -0.274307
    -0.135599    -0.269626
    -0.133925    -0.264967
    -0.132251    -0.260330
    -0.130577    -0.255717
    -0.128903    -0.251130
    -0.127229    -0.246569
    -0.125555    -0.242037
    -0.123881    -0.237535
    -0.122207    -0.233065
    -0.120533    -0.228630
    -0.118859    -0.224230
    -0.117185    -0.219870
    -0.115511    -0.215551
    -0.113837    -0.211277
    -0.112163    -0.207051
    -0.110488    -0.202876
    -0.108814    -0.198757
    -0.107140    -0.194697
    -0.105466    -0.190702
    -0.103792    -0.186776
    -0.102118    -0.182926
    -0.100444    -0.179157
    -0.098770    -0.175477
    -0.097096    -0.171892
    -0.095422    -0.168412
    -0.093748    -0.165045
    -0.092074    -0.161801
    -0.090400    -0.158691
    -0.088726    -0.155726
    -0.087051    -0.152919
    -0.085377    -0.150283
    -0.083703    -0.147833
    -0.082029    -0.145584
    -0.080355    -0.143552
    -0.078681    -0.141755
    -0.077007    -0.140208
    -0.075333    -0.138931
    -0.073659    -0.137940
    -0.071985    -0.137253
    -0.070311    -0.136886
    -0.068637    -0.136853
    -0.066963    -0.137169
    -0.065289    -0.137843
    -0.063615    -0.138885
    -0.061940    -0.140298
    -0.060266    -0.142084
    -0.058592    -0.144242
    -0.056918    -0.146765
    -0.055244    -0.149645
    -0.053570    -0.152869
    -0.051896    -0.156422
    -0.050222    -0.160287
    -0.048548    -0.164445
    -0.046874    -0.168875
    -0.045200    -0.173556
    -0.043526    -0.178466
    -0.041852    -0.183582
    -0.040178    -0.188882
    -0.038504    -0.194345
    -0.036829    -0.199949
    -0.035155    -0.205673
    -0.033481    -0.211497
    -0.031807    -0.217402
    -0.030133    -0.223368
    -0.028459    -0.229377
    -0.026785    -0.235412
    -0.025111    -0.241454
    -0.023437    -0.247488
    -0.021763    -0.253496
    -0.020089    -0.259463
    -0.018415    -0.265373
    -0.016741    -0.271211
    -0.015067    -0.276961
    -0.013393    -0.282608
    -0.011718    -0.288139
    -0.010044    -0.293539
    -0.008370    -0.298794
    -0.006696    -0.303892
    -0.005022    -0.308819
    -0.003348    -0.313565
    -0.001674    -0.318118
     0.000000    -0.322451
     0.001674    -0.318104
     0.003348    -0.313551
     0.005022    -0.308806
     0.006696    -0.303879
     0.008370    -0.298782
     0.010044    -0.293527
     0.011718    -0.288128
     0.013393    -0.282597
     0.015067    -0.276950
     0.016741    -0.271201
     0.018415    -0.265363
     0.020089    -0.259454
     0.021763    -0.253487
     0.023437    -0.247479
     0.025111    -0.241446
     0.026785    -0.235404
     0.028459    -0.229369
     0.030133    -0.223360
     0.031807    -0.217395
     0.033481    -0.211490
     0.035155    -0.205666
     0.036829    -0.199942
     0.038504    -0.194338
     0.040178    -0.188876
     0.041852    -0.183575
     0.043526    -0.178460
     0.045200    -0.173550
     0.046874    -0.168869
     0.048548    -0.164439
     0.050222    -0.160281
     0.051896    -0.156415
     0.053570    -0.152862
     0.055244    -0.149638
     0.056918    -0.146758
     0.058592    -0.144234
     0.060266    -0.142076
     0.061940    -0.140290
     0.063615    -0.138876
     0.065289    -0.137834
     0.066963    -0.137159
     0.068637    -0.136843
     0.070311    -0.136874
     0.071985    -0.137241
     0.073659    -0.137928
     0.075333    -0.138918
     0.077007    -0.140195
     0.078681    -0.141740
     0.080355    -0.143537
     0.082029    -0.145569
     0.083703    -0.147817
     0.085377    -0.150267
     0.087051    -0.152902
     0.088726    -0.155708
     0.090400    -0.158673
     0.092074    -0.161783
     0.093748    -0.165026
     0.095422    -0.168393
     0.097096    -0.171873
     0.098770    -0.175457
     0.100444    -0.179137
     0.102118    -0.182906
     0.103792    -0.186756
     0.105466    -0.190682
     0.107140    -0.194677
     0.108814    -0.198737
     0.110488    -0.202856
     0.112163    -0.207031
     0.113837    -0.211257
     0.115511    -0.215531
     0.117185    -0.219850
     0.118859    -0.224211
     0.120533    -0.228610
     0.122207    -0.233046
     0.123881    -0.237516
     0.125555    -0.242018
     0.127229    -0.246551
     0.128903    -0.251112
     0.130577    -0.255699
     0.132251    -0.260312
     0.133925    -0.264949
     0.135599    -0.269609
     0.137274    -0.274291
     0.138948    -0.278993
     0.140622    -0.283714
     0.142296    -0.288454
     0.143970    -0.293212
     0.145644    -0.297987
     0.147318    -0.302779
     0.148992    -0.307586
     0.150666    -0.312408
     0.152340    -0.317244
     0.154014    -0.322095
     0.155688    -0.326958
     0.157362    -0.331835
     0.159036    -0.336724
     0.160710    -0.341625
     0.162385    -0.346537
     0.164059    -0.351461
     0.165733    -0.356396
     0.167407    -0.361341


    -0.167407     0.601655
    -0.165733     0.593321
    -0.164059     0.584971
    -0.162385     0.576607
    -0.160710     0.568228
    -0.159036     0.559836
    -0.157362     0.551432
    -0.155688     0.543016
    -0.154014     0.534589
    -0.152340     0.526152
    -0.150666     0.517706
    -0.148992     0.509252
    -0.147318     0.500790
    -0.145644     0.492323
    -0.143970     0.483852
    -0.142296     0.475376
    -0.140622     0.466899
    -0.138948     0.458421
    -0.137274     0.449943
    -0.135599     0.441468
    -0.133925     0.432997
    -0.132251     0.424532
    -0.130577     0.416074
    -0.128903     0.407626
    -0.127229     0.399190
    -0.125555     0.390768
    -0.123881     0.382363
    -0.122207     0.373977
    -0.120533     0.365613
    -0.118859     0.357276
    -0.117185     0.348966
    -0.115511     0.340690
    -0.113837     0.332449
    -0.112163     0.324250
    -0.110488     0.316095
    -0.108814     0.307990
    -0.107140     0.299941
    -0.105466     0.291953
    -0.103792     0.284033
    -0.102118     0.276187
    -0.100444     0.268423
    -0.098770     0.260750
    -0.097096     0.253175
    -0.095422     0.245708
    -0.093748     0.238360
    -0.092074     0.231142
    -0.090400     0.224067
    -0.088726     0.217146
    -0.087051     0.210395
    -0.085377     0.203829
    -0.083703     0.197463
    -0.082029     0.191315
    -0.080355     0.185402
    -0.078681     0.179743
    -0.077007     0.174358
    -0.075333     0.169266
    -0.073659     0.164486
    -0.071985     0.160039
    -0.070311     0.155941
    -0.068637     0.152211
    -0.066963     0.148864
    -0.065289     0.145914
    -0.063615     0.143370
    -0.061940     0.141241
    -0.060266     0.139531
    -0.058592     0.138240
    -0.056918     0.137367
    -0.055244     0.136904
    -0.053570     0.136843
    -0.051896     0.137172
    -0.050222     0.137878
    -0.048548     0.138946
    -0.046874     0.140357
    -0.045200     0.142096
    -0.043526     0.144145
    -0.041852     0.146485
    -0.040178     0.149099
    -0.038504     0.151970
    -0.036829     0.155083
    -0.035155     0.158421
    -0.033481     0.161971
    -0.031807     0.165718
    -0.030133     0.169651
    -0.028459     0.173757
    -0.026785     0.178025
    -0.025111     0.182446
    -0.023437     0.187010
    -0.021763     0.191709
    -0.020089     0.196535
    -0.018415     0.201481
    -0.016741     0.206540
    -0.015067     0.211705
    -0.013393     0.216972
    -0.011718     0.222335
    -0.010044     0.227790
    -0.008370     0.233331
    -0.006696     0.238954
    -0.005022     0.244656
    -0.003348     0.250433
    -0.001674     0.256281
     0.000000     0.262194
     0.001674     0.256290
     0.003348     0.250442
     0.005022     0.244665
     0.006696     0.238964
     0.008370     0.233341
     0.010044     0.227800
     0.011718     0.222346
     0.013393     0.216984
     0.015067     0.211717
     0.016741     0.206552
     0.018415     0.201493
     0.020089     0.196548
     0.021763     0.191723
     0.023437     0.187024
     0.025111     0.182460
     0.026785     0.178040
     0.028459     0.173772
     0.030133     0.169666
     0.031807     0.165734
     0.033481     0.161987
     0.035155     0.158438
     0.036829     0.155100
     0.038504     0.151988
     0.040178     0.149117
     0.041852     0.146503
     0.043526     0.144163
     0.045200     0.142115
     0.046874     0.140376
     0.048548     0.138964
     0.050222     0.137897
     0.051896     0.137191
     0.053570     0.136861
     0.055244     0.136922
     0.056918     0.137385
     0.058592     0.138258
     0.060266     0.139548
     0.061940     0.141258
     0.063615     0.143387
     0.065289     0.145930
     0.066963     0.148880
     0.068637     0.152226
     0.070311     0.155955
     0.071985     0.160052
     0.073659     0.164499
     0.075333     0.169277
     0.077007     0.174369
     0.078681     0.179753
     0.080355     0.185411
     0.082029     0.191323
     0.083703     0.197471
     0.085377     0.203836
     0.087051     0.210402
     0.088726     0.217152
     0.090400     0.224072
     0.092074     0.231146
     0.093748     0.238364
     0.095422     0.245711
     0.097096     0.253177
     0.098770     0.260751
     0.100444     0.268424
     0.102118     0.276187
     0.103792     0.284032
     0.105466     0.291952
     0.107140     0.299939
     0.108814     0.307988
     0.110488     0.316092
     0.112163     0.324246
     0.113837     0.332445
     0.115511     0.340685
     0.117185     0.348961
     0.118859     0.357270
     0.120533     0.365607
     0.122207     0.373970
     0.123881     0.382355
     0.125555     0.390760
     0.127229     0.399182
     0.128903     0.407617
     0.130577     0.416065
     0.132251     0.424522
     0.133925     0.432987
     0.135599     0.441458
     0.137274     0.449933
     0.138948     0.458410
     0.140622     0.466888
     0.142296     0.475365
     0.143970     0.483839
     0.145644     0.492311
     0.147318     0.500778
     0.148992     0.509238
     0.150666     0.517692
     0.152340     0.526138
     0.154014     0.534575
     0.155688     0.543001
     0.157362     0.551417
     0.159036     0.559821
     0.160710     0.568213
     0.162385     0.576591
     0.164059     0.584955
     0.165733     0.593305
     0.167407     0.601639


    -0.167407     0.892732
    -0.165733     0.887467
    -0.164059     0.882179
    -0.162385     0.876869
    -0.160710     0.871536
    -0.159036     0.866180
    -0.157362     0.860800
    -0.155688     0.855395
    -0.154014     0.849966
    -0.152340     0.844511
    -0.150666     0.839031
    -0.148992     0.833524
    -0.147318     0.827991
    -0.145644     0.822431
    -0.143970     0.816844
    -0.142296     0.811229
    -0.140622     0.805585
    -0.138948     0.799913
    -0.137274     0.794212
    -0.135599     0.788482
    -0.133925     0.782722
    -0.132251     0.776932
    -0.130577     0.771111
    -0.128903     0.765261
    -0.127229     0.759379
    -0.125555     0.753466
    -0.123881     0.747523
    -0.122207     0.741547
    -0.120533     0.735541
    -0.118859     0.729503
    -0.117185     0.723433
    -0.115511     0.717331
    -0.113837     0.711198
    -0.112163     0.705033
    -0.110488     0.698836
    -0.108814     0.692608
    -0.107140     0.686349
    -0.105466     0.680059
    -0.103792     0.673738
    -0.102118     0.667387
    -0.100444     0.661005
    -0.098770     0.654594
    -0.097096     0.648154
    -0.095422     0.641685
    -0.093748     0.635187
    -0.092074     0.628662
    -0.090400     0.622110
    -0.088726     0.615532
    -0.087051     0.608928
    -0.085377     0.602300
    -0.083703     0.595647
    -0.082029     0.588972
    -0.080355     0.582274
    -0.078681     0.575556
    -0.077007     0.568817
    -0.075333     0.562059
    -0.073659     0.555283
    -0.071985     0.548491
    -0.070311     0.541683
    -0.068637     0.534860
    -0.066963     0.528025
    -0.065289     0.521178
    -0.063615     0.514320
    -0.061940     0.507454
    -0.060266     0.500580
    -0.058592     0.493699
    -0.056918     0.486815
    -0.055244     0.479927
    -0.053570     0.473037
    -0.051896     0.466148
    -0.050222     0.459260
    -0.048548     0.452375
    -0.046874     0.445495
    -0.045200     0.438622
    -0.043526     0.431757
    -0.041852     0.424902
    -0.040178     0.418058
    -0.038504     0.411228
    -0.036829     0.404414
    -0.035155     0.397616
    -0.033481     0.390837
    -0.031807     0.384078
    -0.030133     0.377342
    -0.028459     0.370631
    -0.026785     0.363945
    -0.025111     0.357288
    -0.023437     0.350661
    -0.021763     0.344066
    -0.020089     0.337504
    -0.018415     0.330979
    -0.016741     0.324492
    -0.015067     0.318045
    -0.013393     0.311641
    -0.011718     0.305281
    -0.010044     0.298967
    -0.008370     0.292703
    -0.006696     0.286490
    -0.005022     0.280332
    -0.003348     0.274229
    -0.001674     0.268186
     0.000000     0.262209
     0.001674     0.268178
     0.003348     0.274221
     0.005022     0.280324
     0.006696     0.286483
     0.008370     0.292696
     0.010044     0.298960
     0.011718     0.305274
     0.013393     0.311634
     0.015067     0.318039
     0.016741     0.324486
     0.018415     0.330973
     0.020089     0.337498
     0.021763     0.344060
     0.023437     0.350655
     0.025111     0.357282
     0.026785     0.363940
     0.028459     0.370625
     0.030133     0.377337
     0.031807     0.384073
     0.033481     0.390831
     0.035155     0.397610
     0.036829     0.404408
     0.038504     0.411223
     0.040178     0.418053
     0.041852     0.424896
     0.043526     0.431751
     0.045200     0.438616
     0.046874     0.445489
     0.048548     0.452369
     0.050222     0.459253
     0.051896     0.466141
     0.053570     0.473030
     0.055244     0.479920
     0.056918     0.486808
     0.058592     0.493692
     0.060266     0.500572
     0.061940     0.507446
     0.063615     0.514313
     0.065289     0.521170
     0.066963     0.528017
     0.068637     0.534852
     0.070311     0.541674
     0.071985     0.548482
     0.073659     0.555275
     0.075333     0.562050
     0.077007     0.568808
     0.078681     0.575546
     0.080355     0.582265
     0.082029     0.588962
     0.083703     0.595638
     0.085377     0.602290
     0.087051     0.608918
     0.088726     0.615522
     0.090400     0.622100
     0.092074     0.628652
     0.093748     0.635176
     0.095422     0.641674
     0.097096     0.648143
     0.098770     0.654583
     0.100444     0.660994
     0.102118     0.667375
     0.103792     0.673726
     0.105466     0.680047
     0.107140     0.686337
     0.108814     0.692596
     0.110488     0.698824
     0.112163     0.705020
     0.113837     0.711185
     0.115511     0.717318
     0.117185     0.723420
     0.118859     0.729489
     0.120533     0.735528
     0.122207     0.741534
     0.123881     0.747509
     0.125555     0.753453
     0.127229     0.759366
     0.128903     0.765247
     0.130577     0.771098
     0.132251     0.776918
     0.133925     0.782708
     0.135599     0.788468
     0.137274     0.794198
     0.138948     0.799899
     0.140622     0.805571
     0.142296     0.811215
     0.143970     0.816830
     0.145644     0.822417
     0.147318     0.827977
     0.148992     0.833510
     0.150666     0.839017
     0.152340     0.844497
     0.154014     0.849952
     0.155688     0.855381
     0.157362     0.860786
     0.159036     0.866166
     0.160710     0.871523
     0.162385     0.876856
     0.164059     0.882166
     0.165733     0.887453
     0.167407     0.892718


    -0.167407     1.814737
    -0.165733     1.807719
    -0.164059     1.800734
    -0.162385     1.793785
    -0.160710     1.786873
    -0.159036     1.780001
    -0.157362     1.773169
    -0.155688     1.766381
    -0.154014     1.759638
    -0.152340     1.752942
    -0.150666     1.746294
    -0.148992     1.739698
    -0.147318     1.733155
    -0.145644     1.726667
    -0.143970     1.720235
    -0.142296     1.713862
    -0.140622     1.707550
    -0.138948     1.701301
    -0.137274     1.695117
    -0.135599     1.688999
    -0.133925     1.682949
    -0.132251     1.676969
    -0.130577     1.671062
    -0.128903     1.665229
    -0.127229     1.659471
    -0.125555     1.653791
    -0.123881     1.648190
    -0.122207     1.642669
    -0.120533     1.637232
    -0.118859     1.631879
    -0.117185     1.626611
    -0.115511     1.621431
    -0.113837     1.616340
    -0.112163     1.611339
    -0.110488     1.606430
    -0.108814     1.601614
    -0.107140     1.596893
    -0.105466     1.592267
    -0.103792     1.587738
    -0.102118     1.583308
    -0.100444     1.578976
    -0.098770     1.574745
    -0.097096     1.570616
    -0.095422     1.566588
    -0.093748     1.562664
    -0.092074     1.558844
    -0.090400     1.555129
    -0.088726     1.551519
    -0.087051     1.548016
    -0.085377     1.544619
    -0.083703     1.541330
    -0.082029     1.538149
    -0.080355     1.535076
    -0.078681     1.532112
    -0.077007     1.529257
    -0.075333     1.526511
    -0.073659     1.523875
    -0.071985     1.521349
    -0.070311     1.518933
    -0.068637     1.516627
    -0.066963     1.514430
    -0.065289     1.512344
    -0.063615     1.510368
    -0.061940     1.508501
    -0.060266     1.506744
    -0.058592     1.505097
    -0.056918     1.503559
    -0.055244     1.502130
    -0.053570     1.500809
    -0.051896     1.499597
    -0.050222     1.498492
    -0.048548     1.497495
    -0.046874     1.496605
    -0.045200     1.495822
    -0.043526     1.495144
    -0.041852     1.494572
    -0.040178     1.494105
    -0.038504     1.493742
    -0.036829     1.493483
    -0.035155     1.493326
    -0.033481     1.493272
    -0.031807     1.493320
    -0.030133     1.493469
    -0.028459     1.493718
    -0.026785     1.494066
    -0.025111     1.494513
    -0.023437     1.495059
    -0.021763     1.495701
    -0.020089     1.496440
    -0.018415     1.497274
    -0.016741     1.498203
    -0.015067     1.499226
    -0.013393     1.500343
    -0.011718     1.501551
    -0.010044     1.502852
    -0.008370     1.504242
    -0.006696     1.505723
    -0.005022     1.507292
    -0.003348     1.508950
    -0.001674     1.510694
     0.000000     1.512509
     0.001674     1.510704
     0.003348     1.508960
     0.005022     1.507303
     0.006696     1.505734
     0.008370     1.504254
     0.010044     1.502863
     0.011718     1.501563
     0.013393     1.500355
     0.015067     1.499239
     0.016741     1.498216
     0.018415     1.497287
     0.020089     1.496453
     0.021763     1.495715
     0.023437     1.495073
     0.025111     1.494528
     0.026785     1.494081
     0.028459     1.493733
     0.030133     1.493484
     0.031807     1.493335
     0.033481     1.493288
     0.035155     1.493342
     0.036829     1.493498
     0.038504     1.493758
     0.040178     1.494121
     0.041852     1.494588
     0.043526     1.495160
     0.045200     1.495838
     0.046874     1.496622
     0.048548     1.497512
     0.050222     1.498509
     0.051896     1.499613
     0.053570     1.500825
     0.055244     1.502146
     0.056918     1.503575
     0.058592     1.505113
     0.060266     1.506761
     0.061940     1.508517
     0.063615     1.510384
     0.065289     1.512360
     0.066963     1.514446
     0.068637     1.516642
     0.070311     1.518949
     0.071985     1.521365
     0.073659     1.523891
     0.075333     1.526526
     0.077007     1.529272
     0.078681     1.532127
     0.080355     1.535091
     0.082029     1.538163
     0.083703     1.541344
     0.085377     1.544633
     0.087051     1.548029
     0.088726     1.551532
     0.090400     1.555142
     0.092074     1.558857
     0.093748     1.562676
     0.095422     1.566600
     0.097096     1.570627
     0.098770     1.574756
     0.100444     1.578987
     0.102118     1.583318
     0.103792     1.587748
     0.105466     1.592277
     0.107140     1.596902
     0.108814     1.601623
     0.110488     1.606439
     0.112163     1.611347
     0.113837     1.616348
     0.115511     1.621438
     0.117185     1.626618
     0.118859     1.631885
     0.120533     1.637238
     0.122207     1.642675
     0.123881     1.648195
     0.125555     1.653795
     0.127229     1.659475
     0.128903     1.665232
     0.130577     1.671066
     0.132251     1.676972
     0.133925     1.682952
     0.135599     1.689001
     0.137274     1.695119
     0.138948     1.701303
     0.140622     1.707552
     0.142296     1.713863
     0.143970     1.720235
     0.145644     1.726667
     0.147318     1.733155
     0.148992     1.739697
     0.150666     1.746293
     0.152340     1.752940
     0.154014     1.759636
     0.155688     1.766379
     0.157362     1.773167
     0.159036     1.779998
     0.160710     1.786870
     0.162385     1.793782
     0.164059     1.800731
     0.165733     1.807715
     0.167407     1.814733


    -0.167407     1.978870
    -0.165733     1.972873
    -0.164059     1.966877
    -0.162385     1.960882
    -0.160710     1.954890
    -0.159036     1.948901
    -0.157362     1.942916
    -0.155688     1.936935
    -0.154014     1.930959
    -0.152340     1.924988
    -0.150666     1.919024
    -0.148992     1.913066
    -0.147318     1.907116
    -0.145644     1.901174
    -0.143970     1.895242
    -0.142296     1.889319
    -0.140622     1.883407
    -0.138948     1.877506
    -0.137274     1.871617
    -0.135599     1.865740
    -0.133925     1.859878
    -0.132251     1.854030
    -0.130577     1.848197
    -0.128903     1.842380
    -0.127229     1.836579
    -0.125555     1.830797
    -0.123881     1.825033
    -0.122207     1.819288
    -0.120533     1.813564
    -0.118859     1.807861
    -0.117185     1.802179
    -0.115511     1.796520
    -0.113837     1.790885
    -0.112163     1.785275
    -0.110488     1.779690
    -0.108814     1.774131
    -0.107140     1.768600
    -0.105466     1.763097
    -0.103792     1.757622
    -0.102118     1.752178
    -0.100444     1.746764
    -0.098770     1.741382
    -0.097096     1.736033
    -0.095422     1.730717
    -0.093748     1.725436
    -0.092074     1.720190
    -0.090400     1.714980
    -0.088726     1.709808
    -0.087051     1.704674
    -0.085377     1.699578
    -0.083703     1.694523
    -0.082029     1.689508
    -0.080355     1.684535
    -0.078681     1.679605
    -0.077007     1.674719
    -0.075333     1.669877
    -0.073659     1.665080
    -0.071985     1.660329
    -0.070311     1.655626
    -0.068637     1.650971
    -0.066963     1.646364
    -0.065289     1.641808
    -0.063615     1.637303
    -0.061940     1.632849
    -0.060266     1.628447
    -0.058592     1.624100
    -0.056918     1.619806
    -0.055244     1.615568
    -0.053570     1.611386
    -0.051896     1.607261
    -0.050222     1.603194
    -0.048548     1.599186
    -0.046874     1.595238
    -0.045200     1.591350
    -0.043526     1.587524
    -0.041852     1.583760
    -0.040178     1.580059
    -0.038504     1.576423
    -0.036829     1.572852
    -0.035155     1.569346
    -0.033481     1.565907
    -0.031807     1.562537
    -0.030133     1.559234
    -0.028459     1.556002
    -0.026785     1.552839
    -0.025111     1.549748
    -0.023437     1.546729
    -0.021763     1.543783
    -0.020089     1.540911
    -0.018415     1.538114
    -0.016741     1.535392
    -0.015067     1.532747
    -0.013393     1.530180
    -0.011718     1.527690
    -0.010044     1.525280
    -0.008370     1.522951
    -0.006696     1.520702
    -0.005022     1.518535
    -0.003348     1.516451
    -0.001674     1.514451
     0.000000     1.512550
     0.001674     1.514442
     0.003348     1.516442
     0.005022     1.518527
     0.006696     1.520694
     0.008370     1.522943
     0.010044     1.525274
     0.011718     1.527684
     0.013393     1.530174
     0.015067     1.532742
     0.016741     1.535387
     0.018415     1.538109
     0.020089     1.540907
     0.021763     1.543780
     0.023437     1.546726
     0.025111     1.549746
     0.026785     1.552837
     0.028459     1.556000
     0.030133     1.559233
     0.031807     1.562536
     0.033481     1.565908
     0.035155     1.569347
     0.036829     1.572853
     0.038504     1.576424
     0.040178     1.580061
     0.041852     1.583762
     0.043526     1.587527
     0.045200     1.591354
     0.046874     1.595242
     0.048548     1.599191
     0.050222     1.603199
     0.051896     1.607267
     0.053570     1.611392
     0.055244     1.615575
     0.056918     1.619813
     0.058592     1.624107
     0.060266     1.628455
     0.061940     1.632857
     0.063615     1.637311
     0.065289     1.641817
     0.066963     1.646374
     0.068637     1.650981
     0.070311     1.655637
     0.071985     1.660340
     0.073659     1.665091
     0.075333     1.669889
     0.077007     1.674731
     0.078681     1.679618
     0.080355     1.684549
     0.082029     1.689522
     0.083703     1.694537
     0.085377     1.699593
     0.087051     1.704689
     0.088726     1.709823
     0.090400     1.714996
     0.092074     1.720206
     0.093748     1.725452
     0.095422     1.730734
     0.097096     1.736050
     0.098770     1.741400
     0.100444     1.746782
     0.102118     1.752196
     0.103792     1.757641
     0.105466     1.763115
     0.107140     1.768619
     0.108814     1.774151
     0.110488     1.779710
     0.112163     1.785295
     0.113837     1.790906
     0.115511     1.796541
     0.117185     1.802200
     0.118859     1.807881
     0.120533     1.813585
     0.122207     1.819310
     0.123881     1.825055
     0.125555     1.830819
     0.127229     1.836601
     0.128903     1.842402
     0.130577     1.848219
     0.132251     1.854052
     0.133925     1.859900
     0.135599     1.865763
     0.137274     1.871639
     0.138948     1.877529
     0.140622     1.883430
     0.142296     1.889342
     0.143970     1.895265
     0.145644     1.901198
     0.147318     1.907140
     0.148992     1.913090
     0.150666     1.919047
     0.152340     1.925012
     0.154014     1.930982
     0.155688     1.936959
     0.157362     1.942940
     0.159036     1.948925
     0.160710     1.954914
     0.162385     1.960906
     0.164059     1.966900
     0.165733     1.972896
     0.167407     1.978893


    -0.167407     2.327490
    -0.165733     2.321551
    -0.164059     2.315654
    -0.162385     2.309801
    -0.160710     2.303991
    -0.159036     2.298225
    -0.157362     2.292505
    -0.155688     2.286830
    -0.154014     2.281201
    -0.152340     2.275619
    -0.150666     2.270085
    -0.148992     2.264598
    -0.147318     2.259160
    -0.145644     2.253771
    -0.143970     2.248431
    -0.142296     2.243142
    -0.140622     2.237903
    -0.138948     2.232714
    -0.137274     2.227578
    -0.135599     2.222493
    -0.133925     2.217460
    -0.132251     2.212480
    -0.130577     2.207554
    -0.128903     2.202681
    -0.127229     2.197862
    -0.125555     2.193097
    -0.123881     2.188387
    -0.122207     2.183732
    -0.120533     2.179133
    -0.118859     2.174590
    -0.117185     2.170103
    -0.115511     2.165672
    -0.113837     2.161298
    -0.112163     2.156982
    -0.110488     2.152722
    -0.108814     2.148521
    -0.107140     2.144378
    -0.105466     2.140294
    -0.103792     2.136268
    -0.102118     2.132301
    -0.100444     2.128393
    -0.098770     2.124545
    -0.097096     2.120757
    -0.095422     2.117029
    -0.093748     2.113361
    -0.092074     2.109753
    -0.090400     2.106207
    -0.088726     2.102722
    -0.087051     2.099297
    -0.085377     2.095935
    -0.083703     2.092634
    -0.082029     2.089395
    -0.080355     2.086218
    -0.078681     2.083104
    -0.077007     2.080052
    -0.075333     2.077063
    -0.073659     2.074137
    -0.071985     2.071274
    -0.070311     2.068475
    -0.068637     2.065739
    -0.066963     2.063067
    -0.065289     2.060458
    -0.063615     2.057914
    -0.061940     2.055434
    -0.060266     2.053018
    -0.058592     2.050666
    -0.056918     2.048380
    -0.055244     2.046158
    -0.053570     2.044001
    -0.051896     2.041909
    -0.050222     2.039882
    -0.048548     2.037920
    -0.046874     2.036024
    -0.045200     2.034194
    -0.043526     2.032429
    -0.041852     2.030730
    -0.040178     2.029097
    -0.038504     2.027530
    -0.036829     2.026029
    -0.035155     2.024594
    -0.033481     2.023226
    -0.031807     2.021924
    -0.030133     2.020688
    -0.028459     2.019518
    -0.026785     2.018416
    -0.025111     2.017380
    -0.023437     2.016410
    -0.021763     2.015507
    -0.020089     2.014671
    -0.018415     2.013902
    -0.016741     2.013199
    -0.015067     2.012563
    -0.013393     2.011993
    -0.011718     2.011489
    -0.010044     2.011052
    -0.008370     2.010681
    -0.006696     2.010377
    -0.005022     2.010139
    -0.003348     2.009969
    -0.001674     2.009865
     0.000000     2.009829
     0.001674     2.009859
     0.003348     2.009957
     0.005022     2.010122
     0.006696     2.010354
     0.008370     2.010654
     0.010044     2.011020
     0.011718     2.011454
     0.013393     2.011954
     0.015067     2.012522
     0.016741     2.013156
     0.018415     2.013858
     0.020089     2.014627
     0.021763     2.015462
     0.023437     2.016365
     0.025111     2.017334
     0.026785     2.018370
     0.028459     2.019473
     0.030133     2.020642
     0.031807     2.021878
     0.033481     2.023180
     0.035155     2.024549
     0.036829     2.025984
     0.038504     2.027485
     0.040178     2.029052
     0.041852     2.030686
     0.043526     2.032385
     0.045200     2.034150
     0.046874     2.035981
     0.048548     2.037878
     0.050222     2.039839
     0.051896     2.041867
     0.053570     2.043959
     0.055244     2.046117
     0.056918     2.048340
     0.058592     2.050627
     0.060266     2.052979
     0.061940     2.055396
     0.063615     2.057877
     0.065289     2.060422
     0.066963     2.063031
     0.068637     2.065704
     0.070311     2.068441
     0.071985     2.071241
     0.073659     2.074105
     0.075333     2.077032
     0.077007     2.080022
     0.078681     2.083074
     0.080355     2.086190
     0.082029     2.089367
     0.083703     2.092607
     0.085377     2.095909
     0.087051     2.099272
     0.088726     2.102697
     0.090400     2.106183
     0.092074     2.109731
     0.093748     2.113339
     0.095422     2.117008
     0.097096     2.120737
     0.098770     2.124526
     0.100444     2.128375
     0.102118     2.132284
     0.103792     2.136252
     0.105466     2.140278
     0.107140     2.144364
     0.108814     2.148508
     0.110488     2.152710
     0.112163     2.156970
     0.113837     2.161288
     0.115511     2.165663
     0.117185     2.170094
     0.118859     2.174582
     0.120533     2.179127
     0.122207     2.183727
     0.123881     2.188383
     0.125555     2.193094
     0.127229     2.197859
     0.128903     2.202679
     0.130577     2.207553
     0.132251     2.212481
     0.133925     2.217462
     0.135599     2.222495
     0.137274     2.227581
     0.138948     2.232719
     0.140622     2.237908
     0.142296     2.243149
     0.143970     2.248439
     0.145644     2.253780
     0.147318     2.259170
     0.148992     2.264609
     0.150666     2.270097
     0.152340     2.275632
     0.154014     2.281215
     0.155688     2.286845
     0.157362     2.292520
     0.159036     2.298242
     0.160710     2.304008
     0.162385     2.309819
     0.164059     2.315673
     0.165733     2.321571
     0.167407     2.327510


    -0.167407     2.332375
    -0.165733     2.326358
    -0.164059     2.320379
    -0.162385     2.314440
    -0.160710     2.308542
    -0.159036     2.302686
    -0.157362     2.296873
    -0.155688     2.291103
    -0.154014     2.285378
    -0.152340     2.279698
    -0.150666     2.274064
    -0.148992     2.268477
    -0.147318     2.262938
    -0.145644     2.257448
    -0.143970     2.252006
    -0.142296     2.246615
    -0.140622     2.241274
    -0.138948     2.235984
    -0.137274     2.230747
    -0.135599     2.225561
    -0.133925     2.220429
    -0.132251     2.215351
    -0.130577     2.210326
    -0.128903     2.205357
    -0.127229     2.200443
    -0.125555     2.195584
    -0.123881     2.190782
    -0.122207     2.186037
    -0.120533     2.181349
    -0.118859     2.176719
    -0.117185     2.172146
    -0.115511     2.167632
    -0.113837     2.163177
    -0.112163     2.158782
    -0.110488     2.154445
    -0.108814     2.150169
    -0.107140     2.145953
    -0.105466     2.141797
    -0.103792     2.137703
    -0.102118     2.133669
    -0.100444     2.129697
    -0.098770     2.125787
    -0.097096     2.121938
    -0.095422     2.118152
    -0.093748     2.114428
    -0.092074     2.110767
    -0.090400     2.107169
    -0.088726     2.103633
    -0.087051     2.100161
    -0.085377     2.096753
    -0.083703     2.093408
    -0.082029     2.090127
    -0.080355     2.086910
    -0.078681     2.083757
    -0.077007     2.080669
    -0.075333     2.077645
    -0.073659     2.074685
    -0.071985     2.071791
    -0.070311     2.068961
    -0.068637     2.066196
    -0.066963     2.063497
    -0.065289     2.060862
    -0.063615     2.058293
    -0.061940     2.055789
    -0.060266     2.053351
    -0.058592     2.050979
    -0.056918     2.048672
    -0.055244     2.046431
    -0.053570     2.044257
    -0.051896     2.042148
    -0.050222     2.040105
    -0.048548     2.038128
    -0.046874     2.036218
    -0.045200     2.034374
    -0.043526     2.032596
    -0.041852     2.030885
    -0.040178     2.029241
    -0.038504     2.027662
    -0.036829     2.026151
    -0.035155     2.024706
    -0.033481     2.023328
    -0.031807     2.022017
    -0.030133     2.020772
    -0.028459     2.019595
    -0.026785     2.018484
    -0.025111     2.017441
    -0.023437     2.016464
    -0.021763     2.015555
    -0.020089     2.014712
    -0.018415     2.013937
    -0.016741     2.013230
    -0.015067     2.012590
    -0.013393     2.012017
    -0.011718     2.011513
    -0.010044     2.011077
    -0.008370     2.010708
    -0.006696     2.010408
    -0.005022     2.010175
    -0.003348     2.010009
    -0.001674     2.009911
     0.000000     2.009879
     0.001674     2.009916
     0.003348     2.010019
     0.005022     2.010190
     0.006696     2.010428
     0.008370     2.010733
     0.010044     2.011106
     0.011718     2.011545
     0.013393     2.012052
     0.015067     2.012626
     0.016741     2.013267
     0.018415     2.013976
     0.020089     2.014751
     0.021763     2.015593
     0.023437     2.016503
     0.025111     2.017479
     0.026785     2.018523
     0.028459     2.019633
     0.030133     2.020810
     0.031807     2.022054
     0.033481     2.023365
     0.035155     2.024742
     0.036829     2.026187
     0.038504     2.027697
     0.040178     2.029275
     0.041852     2.030919
     0.043526     2.032630
     0.045200     2.034406
     0.046874     2.036250
     0.048548     2.038159
     0.050222     2.040135
     0.051896     2.042177
     0.053570     2.044285
     0.055244     2.046459
     0.056918     2.048699
     0.058592     2.051005
     0.060266     2.053377
     0.061940     2.055814
     0.063615     2.058317
     0.065289     2.060885
     0.066963     2.063519
     0.068637     2.066218
     0.070311     2.068982
     0.071985     2.071811
     0.073659     2.074705
     0.075333     2.077663
     0.077007     2.080687
     0.078681     2.083774
     0.080355     2.086927
     0.082029     2.090143
     0.083703     2.093423
     0.085377     2.096767
     0.087051     2.100175
     0.088726     2.103646
     0.090400     2.107181
     0.092074     2.110779
     0.093748     2.114439
     0.095422     2.118163
     0.097096     2.121948
     0.098770     2.125796
     0.100444     2.129706
     0.102118     2.133678
     0.103792     2.137711
     0.105466     2.141805
     0.107140     2.145960
     0.108814     2.150176
     0.110488     2.154452
     0.112163     2.158788
     0.113837     2.163183
     0.115511     2.167638
     0.117185     2.172151
     0.118859     2.176723
     0.120533     2.181354
     0.122207     2.186041
     0.123881     2.190786
     0.125555     2.195588
     0.127229     2.200446
     0.128903     2.205360
     0.130577     2.210329
     0.132251     2.215353
     0.133925     2.220432
     0.135599     2.225564
     0.137274     2.230749
     0.138948     2.235986
     0.140622     2.241276
     0.142296     2.246617
     0.143970     2.252008
     0.145644     2.257450
     0.147318     2.262940
     0.148992     2.268479
     0.150666     2.274066
     0.152340     2.279699
     0.154014     2.285379
     0.155688     2.291104
     0.157362     2.296874
     0.159036     2.302688
     0.160710     2.308544
     0.162385     2.314442
     0.164059     2.320381
     0.165733     2.326360
     0.167407     2.332378


