    -0.167407    -3.973676
    -0.165733    -3.974172
    -0.164059    -3.974666
    -0.162385    -3.975158
    -0.160710    -3.975647
    -0.159036    -3.976134
    -0.157362    -3.976618
    -0.155688    -3.977100
    -0.154014    -3.977578
    -0.152340    -3.978052
    -0.150666    -3.978524
    -0.148992    -3.978991
    -0.147318    -3.979455
    -0.145644    -3.979915
    -0.143970    -3.980371
    -0.142296    -3.980823
    -0.140622    -3.981270
    -0.138948    -3.981712
    -0.137274    -3.982150
    -0.135599    -3.982583
    -0.133925    -3.983010
    -0.132251    -3.983433
    -0.130577    -3.983850
    -0.128903    -3.984262
    -0.127229    -3.984669
    -0.125555    -3.985069
    -0.123881    -3.985464
    -0.122207    -3.985853
    -0.120533    -3.986235
    -0.118859    -3.986612
    -0.117185    -3.986982
    -0.115511    -3.987345
    -0.113837    -3.987702
    -0.112163    -3.988052
    -0.110488    -3.988396
    -0.108814    -3.988732
    -0.107140    -3.989062
    -0.105466    -3.989384
    -0.103792    -3.989699
    -0.102118    -3.990007
    -0.100444    -3.990307
    -0.098770    -3.990599
    -0.097096    -3.990884
    -0.095422    -3.991161
    -0.093748    -3.991431
    -0.092074    -3.991692
    -0.090400    -3.991945
    -0.088726    -3.992191
    -0.087051    -3.992428
    -0.085377    -3.992656
    -0.083703    -3.992877
    -0.082029    -3.993088
    -0.080355    -3.993292
    -0.078681    -3.993486
    -0.077007    -3.993672
    -0.075333    -3.993849
    -0.073659    -3.994018
    -0.071985    -3.994177
    -0.070311    -3.994327
    -0.068637    -3.994469
    -0.066963    -3.994601
    -0.065289    -3.994724
    -0.063615    -3.994837
    -0.061940    -3.994942
    -0.060266    -3.995037
    -0.058592    -3.995122
    -0.056918    -3.995198
    -0.055244    -3.995264
    -0.053570    -3.995321
    -0.051896    -3.995368
    -0.050222    -3.995405
    -0.048548    -3.995433
    -0.046874    -3.995451
    -0.045200    -3.995458
    -0.043526    -3.995456
    -0.041852    -3.995444
    -0.040178    -3.995422
    -0.038504    -3.995390
    -0.036829    -3.995347
    -0.035155    -3.995295
    -0.033481    -3.995232
    -0.031807    -3.995159
    -0.030133    -3.995076
    -0.028459    -3.994982
    -0.026785    -3.994878
    -0.025111    -3.994764
    -0.023437    -3.994639
    -0.021763    -3.994504
    -0.020089    -3.994359
    -0.018415    -3.994203
    -0.016741    -3.994036
    -0.015067    -3.993859
    -0.013393    -3.993671
    -0.011718    -3.993473
    -0.010044    -3.993264
    -0.008370    -3.993044
    -0.006696    -3.992814
    -0.005022    -3.992573
    -0.003348    -3.992321
    -0.001674    -3.992058
     0.000000    -3.991791
     0.001674    -3.992062
     0.003348    -3.992325
     0.005022    -3.992577
     0.006696    -3.992818
     0.008370    -3.993048
     0.010044    -3.993268
     0.011718    -3.993477
     0.013393    -3.993676
     0.015067    -3.993864
     0.016741    -3.994041
     0.018415    -3.994208
     0.020089    -3.994364
     0.021763    -3.994510
     0.023437    -3.994645
     0.025111    -3.994769
     0.026785    -3.994884
     0.028459    -3.994988
     0.030133    -3.995081
     0.031807    -3.995164
     0.033481    -3.995237
     0.035155    -3.995300
     0.036829    -3.995352
     0.038504    -3.995395
     0.040178    -3.995427
     0.041852    -3.995449
     0.043526    -3.995461
     0.045200    -3.995463
     0.046874    -3.995455
     0.048548    -3.995438
     0.050222    -3.995410
     0.051896    -3.995372
     0.053570    -3.995325
     0.055244    -3.995268
     0.056918    -3.995202
     0.058592    -3.995126
     0.060266    -3.995040
     0.061940    -3.994945
     0.063615    -3.994841
     0.065289    -3.994727
     0.066963    -3.994604
     0.068637    -3.994471
     0.070311    -3.994330
     0.071985    -3.994179
     0.073659    -3.994019
     0.075333    -3.993851
     0.077007    -3.993674
     0.078681    -3.993487
     0.080355    -3.993292
     0.082029    -3.993089
     0.083703    -3.992877
     0.085377    -3.992656
     0.087051    -3.992427
     0.088726    -3.992190
     0.090400    -3.991944
     0.092074    -3.991691
     0.093748    -3.991429
     0.095422    -3.991159
     0.097096    -3.990882
     0.098770    -3.990596
     0.100444    -3.990304
     0.102118    -3.990003
     0.103792    -3.989695
     0.105466    -3.989380
     0.107140    -3.989057
     0.108814    -3.988727
     0.110488    -3.988390
     0.112163    -3.988047
     0.113837    -3.987696
     0.115511    -3.987339
     0.117185    -3.986975
     0.118859    -3.986604
     0.120533    -3.986228
     0.122207    -3.985845
     0.123881    -3.985455
     0.125555    -3.985060
     0.127229    -3.984659
     0.128903    -3.984253
     0.130577    -3.983841
     0.132251    -3.983423
     0.133925    -3.983000
     0.135599    -3.982572
     0.137274    -3.982139
     0.138948    -3.981700
     0.140622    -3.981258
     0.142296    -3.980810
     0.143970    -3.980358
     0.145644    -3.979902
     0.147318    -3.979442
     0.148992    -3.978978
     0.150666    -3.978510
     0.152340    -3.978038
     0.154014    -3.977563
     0.155688    -3.977085
     0.157362    -3.976603
     0.159036    -3.976119
     0.160710    -3.975632
     0.162385    -3.975142
     0.164059    -3.974650
     0.165733    -3.974155
     0.167407    -3.973659


    -0.167407    -3.911510
    -0.165733    -3.912777
    -0.164059    -3.914037
    -0.162385    -3.915289
    -0.160710    -3.916533
    -0.159036    -3.917770
    -0.157362    -3.918999
    -0.155688    -3.920221
    -0.154014    -3.921434
    -0.152340    -3.922639
    -0.150666    -3.923836
    -0.148992    -3.925025
    -0.147318    -3.926206
    -0.145644    -3.927378
    -0.143970    -3.928542
    -0.142296    -3.929697
    -0.140622    -3.930844
    -0.138948    -3.931982
    -0.137274    -3.933112
    -0.135599    -3.934233
    -0.133925    -3.935345
    -0.132251    -3.936448
    -0.130577    -3.937542
    -0.128903    -3.938627
    -0.127229    -3.939703
    -0.125555    -3.940769
    -0.123881    -3.941827
    -0.122207    -3.942875
    -0.120533    -3.943914
    -0.118859    -3.944944
    -0.117185    -3.945964
    -0.115511    -3.946975
    -0.113837    -3.947976
    -0.112163    -3.948968
    -0.110488    -3.949950
    -0.108814    -3.950922
    -0.107140    -3.951885
    -0.105466    -3.952838
    -0.103792    -3.953780
    -0.102118    -3.954714
    -0.100444    -3.955637
    -0.098770    -3.956550
    -0.097096    -3.957453
    -0.095422    -3.958346
    -0.093748    -3.959229
    -0.092074    -3.960102
    -0.090400    -3.960965
    -0.088726    -3.961817
    -0.087051    -3.962660
    -0.085377    -3.963492
    -0.083703    -3.964313
    -0.082029    -3.965125
    -0.080355    -3.965926
    -0.078681    -3.966716
    -0.077007    -3.967497
    -0.075333    -3.968266
    -0.073659    -3.969026
    -0.071985    -3.969774
    -0.070311    -3.970512
    -0.068637    -3.971240
    -0.066963    -3.971957
    -0.065289    -3.972663
    -0.063615    -3.973359
    -0.061940    -3.974044
    -0.060266    -3.974719
    -0.058592    -3.975382
    -0.056918    -3.976035
    -0.055244    -3.976678
    -0.053570    -3.977309
    -0.051896    -3.977930
    -0.050222    -3.978540
    -0.048548    -3.979139
    -0.046874    -3.979727
    -0.045200    -3.980305
    -0.043526    -3.980872
    -0.041852    -3.981427
    -0.040178    -3.981972
    -0.038504    -3.982507
    -0.036829    -3.983030
    -0.035155    -3.983542
    -0.033481    -3.984044
    -0.031807    -3.984534
    -0.030133    -3.985014
    -0.028459    -3.985483
    -0.026785    -3.985941
    -0.025111    -3.986388
    -0.023437    -3.986824
    -0.021763    -3.987249
    -0.020089    -3.987664
    -0.018415    -3.988067
    -0.016741    -3.988460
    -0.015067    -3.988841
    -0.013393    -3.989212
    -0.011718    -3.989572
    -0.010044    -3.989921
    -0.008370    -3.990260
    -0.006696    -3.990587
    -0.005022    -3.990904
    -0.003348    -3.991210
    -0.001674    -3.991505
     0.000000    -3.991783
     0.001674    -3.991501
     0.003348    -3.991206
     0.005022    -3.990900
     0.006696    -3.990584
     0.008370    -3.990257
     0.010044    -3.989919
     0.011718    -3.989570
     0.013393    -3.989210
     0.015067    -3.988839
     0.016741    -3.988458
     0.018415    -3.988065
     0.020089    -3.987662
     0.021763    -3.987248
     0.023437    -3.986823
     0.025111    -3.986387
     0.026785    -3.985940
     0.028459    -3.985482
     0.030133    -3.985014
     0.031807    -3.984534
     0.033481    -3.984044
     0.035155    -3.983542
     0.036829    -3.983030
     0.038504    -3.982507
     0.040178    -3.981973
     0.041852    -3.981429
     0.043526    -3.980873
     0.045200    -3.980306
     0.046874    -3.979729
     0.048548    -3.979141
     0.050222    -3.978542
     0.051896    -3.977932
     0.053570    -3.977312
     0.055244    -3.976680
     0.056918    -3.976038
     0.058592    -3.975385
     0.060266    -3.974722
     0.061940    -3.974048
     0.063615    -3.973363
     0.065289    -3.972667
     0.066963    -3.971961
     0.068637    -3.971244
     0.070311    -3.970517
     0.071985    -3.969779
     0.073659    -3.969030
     0.075333    -3.968271
     0.077007    -3.967501
     0.078681    -3.966721
     0.080355    -3.965931
     0.082029    -3.965130
     0.083703    -3.964318
     0.085377    -3.963497
     0.087051    -3.962665
     0.088726    -3.961823
     0.090400    -3.960970
     0.092074    -3.960107
     0.093748    -3.959235
     0.095422    -3.958351
     0.097096    -3.957458
     0.098770    -3.956555
     0.100444    -3.955642
     0.102118    -3.954719
     0.103792    -3.953786
     0.105466    -3.952843
     0.107140    -3.951890
     0.108814    -3.950928
     0.110488    -3.949955
     0.112163    -3.948973
     0.113837    -3.947981
     0.115511    -3.946980
     0.117185    -3.945969
     0.118859    -3.944949
     0.120533    -3.943919
     0.122207    -3.942880
     0.123881    -3.941832
     0.125555    -3.940774
     0.127229    -3.939707
     0.128903    -3.938631
     0.130577    -3.937546
     0.132251    -3.936452
     0.133925    -3.935349
     0.135599    -3.934236
     0.137274    -3.933116
     0.138948    -3.931986
     0.140622    -3.930848
     0.142296    -3.929701
     0.143970    -3.928545
     0.145644    -3.927381
     0.147318    -3.926208
     0.148992    -3.925028
     0.150666    -3.923839
     0.152340    -3.922641
     0.154014    -3.921436
     0.155688    -3.920222
     0.157362    -3.919001
     0.159036    -3.917772
     0.160710    -3.916535
     0.162385    -3.915290
     0.164059    -3.914037
     0.165733    -3.912778
     0.167407    -3.911510


    -0.167407    -2.471456
    -0.165733    -2.467371
    -0.164059    -2.463396
    -0.162385    -2.459527
    -0.160710    -2.455760
    -0.159036    -2.452091
    -0.157362    -2.448516
    -0.155688    -2.445030
    -0.154014    -2.441632
    -0.152340    -2.438316
    -0.150666    -2.435079
    -0.148992    -2.431920
    -0.147318    -2.428834
    -0.145644    -2.425818
    -0.143970    -2.422870
    -0.142296    -2.419988
    -0.140622    -2.417169
    -0.138948    -2.414411
    -0.137274    -2.411711
    -0.135599    -2.409068
    -0.133925    -2.406479
    -0.132251    -2.403944
    -0.130577    -2.401459
    -0.128903    -2.399024
    -0.127229    -2.396638
    -0.125555    -2.394297
    -0.123881    -2.392003
    -0.122207    -2.389752
    -0.120533    -2.387544
    -0.118859    -2.385378
    -0.117185    -2.383253
    -0.115511    -2.381168
    -0.113837    -2.379122
    -0.112163    -2.377114
    -0.110488    -2.375143
    -0.108814    -2.373208
    -0.107140    -2.371309
    -0.105466    -2.369446
    -0.103792    -2.367616
    -0.102118    -2.365821
    -0.100444    -2.364059
    -0.098770    -2.362330
    -0.097096    -2.360633
    -0.095422    -2.358969
    -0.093748    -2.357335
    -0.092074    -2.355733
    -0.090400    -2.354161
    -0.088726    -2.352620
    -0.087051    -2.351109
    -0.085377    -2.349627
    -0.083703    -2.348175
    -0.082029    -2.346752
    -0.080355    -2.345358
    -0.078681    -2.343992
    -0.077007    -2.342655
    -0.075333    -2.341347
    -0.073659    -2.340066
    -0.071985    -2.338813
    -0.070311    -2.337588
    -0.068637    -2.336390
    -0.066963    -2.335220
    -0.065289    -2.334077
    -0.063615    -2.332961
    -0.061940    -2.331872
    -0.060266    -2.330810
    -0.058592    -2.329774
    -0.056918    -2.328766
    -0.055244    -2.327784
    -0.053570    -2.326828
    -0.051896    -2.325899
    -0.050222    -2.324997
    -0.048548    -2.324120
    -0.046874    -2.323270
    -0.045200    -2.322446
    -0.043526    -2.321648
    -0.041852    -2.320877
    -0.040178    -2.320131
    -0.038504    -2.319411
    -0.036829    -2.318718
    -0.035155    -2.318050
    -0.033481    -2.317408
    -0.031807    -2.316792
    -0.030133    -2.316201
    -0.028459    -2.315637
    -0.026785    -2.315098
    -0.025111    -2.314585
    -0.023437    -2.314098
    -0.021763    -2.313636
    -0.020089    -2.313200
    -0.018415    -2.312790
    -0.016741    -2.312405
    -0.015067    -2.312046
    -0.013393    -2.311712
    -0.011718    -2.311404
    -0.010044    -2.311121
    -0.008370    -2.310864
    -0.006696    -2.310632
    -0.005022    -2.310426
    -0.003348    -2.310245
    -0.001674    -2.310090
     0.000000    -2.309973
     0.001674    -2.310101
     0.003348    -2.310257
     0.005022    -2.310438
     0.006696    -2.310644
     0.008370    -2.310876
     0.010044    -2.311134
     0.011718    -2.311416
     0.013393    -2.311725
     0.015067    -2.312058
     0.016741    -2.312418
     0.018415    -2.312803
     0.020089    -2.313213
     0.021763    -2.313649
     0.023437    -2.314111
     0.025111    -2.314598
     0.026785    -2.315111
     0.028459    -2.315650
     0.030133    -2.316214
     0.031807    -2.316805
     0.033481    -2.317421
     0.035155    -2.318063
     0.036829    -2.318731
     0.038504    -2.319424
     0.040178    -2.320144
     0.041852    -2.320889
     0.043526    -2.321661
     0.045200    -2.322459
     0.046874    -2.323283
     0.048548    -2.324133
     0.050222    -2.325009
     0.051896    -2.325912
     0.053570    -2.326840
     0.055244    -2.327796
     0.056918    -2.328778
     0.058592    -2.329786
     0.060266    -2.330821
     0.061940    -2.331883
     0.063615    -2.332972
     0.065289    -2.334088
     0.066963    -2.335231
     0.068637    -2.336401
     0.070311    -2.337599
     0.071985    -2.338824
     0.073659    -2.340077
     0.075333    -2.341357
     0.077007    -2.342666
     0.078681    -2.344003
     0.080355    -2.345368
     0.082029    -2.346762
     0.083703    -2.348185
     0.085377    -2.349637
     0.087051    -2.351118
     0.088726    -2.352630
     0.090400    -2.354171
     0.092074    -2.355742
     0.093748    -2.357344
     0.095422    -2.358978
     0.097096    -2.360642
     0.098770    -2.362339
     0.100444    -2.364068
     0.102118    -2.365830
     0.103792    -2.367625
     0.105466    -2.369454
     0.107140    -2.371317
     0.108814    -2.373216
     0.110488    -2.375151
     0.112163    -2.377121
     0.113837    -2.379130
     0.115511    -2.381176
     0.117185    -2.383261
     0.118859    -2.385386
     0.120533    -2.387552
     0.122207    -2.389759
     0.123881    -2.392010
     0.125555    -2.394305
     0.127229    -2.396645
     0.128903    -2.399031
     0.130577    -2.401466
     0.132251    -2.403951
     0.133925    -2.406486
     0.135599    -2.409075
     0.137274    -2.411718
     0.138948    -2.414417
     0.140622    -2.417176
     0.142296    -2.419995
     0.143970    -2.422877
     0.145644    -2.425824
     0.147318    -2.428840
     0.148992    -2.431926
     0.150666    -2.435086
     0.152340    -2.438322
     0.154014    -2.441638
     0.155688    -2.445036
     0.157362    -2.448522
     0.159036    -2.452097
     0.160710    -2.455766
     0.162385    -2.459533
     0.164059    -2.463401
     0.165733    -2.467376
     0.167407    -2.471461


    -0.167407    -2.430932
    -0.165733    -2.427557
    -0.164059    -2.424305
    -0.162385    -2.421169
    -0.160710    -2.418139
    -0.159036    -2.415210
    -0.157362    -2.412375
    -0.155688    -2.409627
    -0.154014    -2.406961
    -0.152340    -2.404371
    -0.150666    -2.401854
    -0.148992    -2.399405
    -0.147318    -2.397019
    -0.145644    -2.394693
    -0.143970    -2.392424
    -0.142296    -2.390209
    -0.140622    -2.388045
    -0.138948    -2.385929
    -0.137274    -2.383860
    -0.135599    -2.381835
    -0.133925    -2.379852
    -0.132251    -2.377910
    -0.130577    -2.376006
    -0.128903    -2.374140
    -0.127229    -2.372310
    -0.125555    -2.370515
    -0.123881    -2.368754
    -0.122207    -2.367026
    -0.120533    -2.365330
    -0.118859    -2.363664
    -0.117185    -2.362029
    -0.115511    -2.360424
    -0.113837    -2.358848
    -0.112163    -2.357300
    -0.110488    -2.355779
    -0.108814    -2.354287
    -0.107140    -2.352821
    -0.105466    -2.351382
    -0.103792    -2.349969
    -0.102118    -2.348582
    -0.100444    -2.347221
    -0.098770    -2.345885
    -0.097096    -2.344574
    -0.095422    -2.343288
    -0.093748    -2.342027
    -0.092074    -2.340791
    -0.090400    -2.339579
    -0.088726    -2.338391
    -0.087051    -2.337228
    -0.085377    -2.336088
    -0.083703    -2.334973
    -0.082029    -2.333882
    -0.080355    -2.332815
    -0.078681    -2.331771
    -0.077007    -2.330751
    -0.075333    -2.329756
    -0.073659    -2.328784
    -0.071985    -2.327835
    -0.070311    -2.326911
    -0.068637    -2.326010
    -0.066963    -2.325134
    -0.065289    -2.324280
    -0.063615    -2.323451
    -0.061940    -2.322646
    -0.060266    -2.321864
    -0.058592    -2.321107
    -0.056918    -2.320373
    -0.055244    -2.319664
    -0.053570    -2.318978
    -0.051896    -2.318316
    -0.050222    -2.317679
    -0.048548    -2.317066
    -0.046874    -2.316476
    -0.045200    -2.315911
    -0.043526    -2.315371
    -0.041852    -2.314854
    -0.040178    -2.314362
    -0.038504    -2.313894
    -0.036829    -2.313451
    -0.035155    -2.313032
    -0.033481    -2.312638
    -0.031807    -2.312269
    -0.030133    -2.311924
    -0.028459    -2.311603
    -0.026785    -2.311308
    -0.025111    -2.311037
    -0.023437    -2.310791
    -0.021763    -2.310570
    -0.020089    -2.310373
    -0.018415    -2.310202
    -0.016741    -2.310055
    -0.015067    -2.309934
    -0.013393    -2.309837
    -0.011718    -2.309766
    -0.010044    -2.309720
    -0.008370    -2.309699
    -0.006696    -2.309703
    -0.005022    -2.309732
    -0.003348    -2.309786
    -0.001674    -2.309866
     0.000000    -2.309957
     0.001674    -2.309854
     0.003348    -2.309775
     0.005022    -2.309721
     0.006696    -2.309692
     0.008370    -2.309688
     0.010044    -2.309709
     0.011718    -2.309756
     0.013393    -2.309827
     0.015067    -2.309924
     0.016741    -2.310046
     0.018415    -2.310193
     0.020089    -2.310364
     0.021763    -2.310561
     0.023437    -2.310782
     0.025111    -2.311029
     0.026785    -2.311300
     0.028459    -2.311596
     0.030133    -2.311917
     0.031807    -2.312262
     0.033481    -2.312632
     0.035155    -2.313026
     0.036829    -2.313446
     0.038504    -2.313889
     0.040178    -2.314357
     0.041852    -2.314850
     0.043526    -2.315366
     0.045200    -2.315908
     0.046874    -2.316473
     0.048548    -2.317063
     0.050222    -2.317676
     0.051896    -2.318314
     0.053570    -2.318976
     0.055244    -2.319662
     0.056918    -2.320372
     0.058592    -2.321107
     0.060266    -2.321864
     0.061940    -2.322646
     0.063615    -2.323452
     0.065289    -2.324282
     0.066963    -2.325135
     0.068637    -2.326013
     0.070311    -2.326914
     0.071985    -2.327838
     0.073659    -2.328787
     0.075333    -2.329760
     0.077007    -2.330756
     0.078681    -2.331776
     0.080355    -2.332820
     0.082029    -2.333887
     0.083703    -2.334979
     0.085377    -2.336095
     0.087051    -2.337235
     0.088726    -2.338398
     0.090400    -2.339586
     0.092074    -2.340799
     0.093748    -2.342036
     0.095422    -2.343297
     0.097096    -2.344583
     0.098770    -2.345894
     0.100444    -2.347231
     0.102118    -2.348592
     0.103792    -2.349980
     0.105466    -2.351393
     0.107140    -2.352832
     0.108814    -2.354298
     0.110488    -2.355791
     0.112163    -2.357312
     0.113837    -2.358860
     0.115511    -2.360437
     0.117185    -2.362042
     0.118859    -2.363677
     0.120533    -2.365343
     0.122207    -2.367040
     0.123881    -2.368768
     0.125555    -2.370529
     0.127229    -2.372325
     0.128903    -2.374155
     0.130577    -2.376021
     0.132251    -2.377924
     0.133925    -2.379867
     0.135599    -2.381850
     0.137274    -2.383875
     0.138948    -2.385944
     0.140622    -2.388060
     0.142296    -2.390224
     0.143970    -2.392439
     0.145644    -2.394708
     0.147318    -2.397034
     0.148992    -2.399420
     0.150666    -2.401870
     0.152340    -2.404387
     0.154014    -2.406976
     0.155688    -2.409642
     0.157362    -2.412390
     0.159036    -2.415225
     0.160710    -2.418154
     0.162385    -2.421183
     0.164059    -2.424320
     0.165733    -2.427572
     0.167407    -2.430947


    -0.167407    -2.197044
    -0.165733    -2.188261
    -0.164059    -2.179414
    -0.162385    -2.170514
    -0.160710    -2.161570
    -0.159036    -2.152592
    -0.157362    -2.143587
    -0.155688    -2.134564
    -0.154014    -2.125530
    -0.152340    -2.116493
    -0.150666    -2.107458
    -0.148992    -2.098432
    -0.147318    -2.089422
    -0.145644    -2.080432
    -0.143970    -2.071468
    -0.142296    -2.062534
    -0.140622    -2.053636
    -0.138948    -2.044777
    -0.137274    -2.035962
    -0.135599    -2.027195
    -0.133925    -2.018480
    -0.132251    -2.009819
    -0.130577    -2.001217
    -0.128903    -1.992677
    -0.127229    -1.984202
    -0.125555    -1.975795
    -0.123881    -1.967458
    -0.122207    -1.959194
    -0.120533    -1.951007
    -0.118859    -1.942897
    -0.117185    -1.934868
    -0.115511    -1.926922
    -0.113837    -1.919061
    -0.112163    -1.911287
    -0.110488    -1.903602
    -0.108814    -1.896007
    -0.107140    -1.888505
    -0.105466    -1.881097
    -0.103792    -1.873784
    -0.102118    -1.866568
    -0.100444    -1.859450
    -0.098770    -1.852432
    -0.097096    -1.845515
    -0.095422    -1.838699
    -0.093748    -1.831986
    -0.092074    -1.825376
    -0.090400    -1.818871
    -0.088726    -1.812471
    -0.087051    -1.806177
    -0.085377    -1.799989
    -0.083703    -1.793908
    -0.082029    -1.787934
    -0.080355    -1.782068
    -0.078681    -1.776310
    -0.077007    -1.770659
    -0.075333    -1.765118
    -0.073659    -1.759684
    -0.071985    -1.754359
    -0.070311    -1.749142
    -0.068637    -1.744033
    -0.066963    -1.739033
    -0.065289    -1.734140
    -0.063615    -1.729355
    -0.061940    -1.724678
    -0.060266    -1.720108
    -0.058592    -1.715645
    -0.056918    -1.711288
    -0.055244    -1.707038
    -0.053570    -1.702894
    -0.051896    -1.698855
    -0.050222    -1.694922
    -0.048548    -1.691094
    -0.046874    -1.687371
    -0.045200    -1.683752
    -0.043526    -1.680238
    -0.041852    -1.676827
    -0.040178    -1.673522
    -0.038504    -1.670320
    -0.036829    -1.667223
    -0.035155    -1.664231
    -0.033481    -1.661343
    -0.031807    -1.658562
    -0.030133    -1.655886
    -0.028459    -1.653318
    -0.026785    -1.650859
    -0.025111    -1.648510
    -0.023437    -1.646274
    -0.021763    -1.644153
    -0.020089    -1.642151
    -0.018415    -1.640271
    -0.016741    -1.638519
    -0.015067    -1.636899
    -0.013393    -1.635419
    -0.011718    -1.634085
    -0.010044    -1.632904
    -0.008370    -1.631884
    -0.006696    -1.631034
    -0.005022    -1.630360
    -0.003348    -1.629871
    -0.001674    -1.629570
     0.000000    -1.629464
     0.001674    -1.629561
     0.003348    -1.629860
     0.005022    -1.630349
     0.006696    -1.631022
     0.008370    -1.631873
     0.010044    -1.632892
     0.011718    -1.634073
     0.013393    -1.635408
     0.015067    -1.636889
     0.016741    -1.638508
     0.018415    -1.640261
     0.020089    -1.642141
     0.021763    -1.644144
     0.023437    -1.646265
     0.025111    -1.648502
     0.026785    -1.650851
     0.028459    -1.653311
     0.030133    -1.655879
     0.031807    -1.658555
     0.033481    -1.661337
     0.035155    -1.664224
     0.036829    -1.667217
     0.038504    -1.670314
     0.040178    -1.673515
     0.041852    -1.676821
     0.043526    -1.680231
     0.045200    -1.683745
     0.046874    -1.687363
     0.048548    -1.691086
     0.050222    -1.694914
     0.051896    -1.698847
     0.053570    -1.702885
     0.055244    -1.707028
     0.056918    -1.711278
     0.058592    -1.715634
     0.060266    -1.720097
     0.061940    -1.724667
     0.063615    -1.729343
     0.065289    -1.734128
     0.066963    -1.739020
     0.068637    -1.744020
     0.070311    -1.749128
     0.071985    -1.754345
     0.073659    -1.759669
     0.075333    -1.765103
     0.077007    -1.770644
     0.078681    -1.776294
     0.080355    -1.782052
     0.082029    -1.787918
     0.083703    -1.793891
     0.085377    -1.799972
     0.087051    -1.806159
     0.088726    -1.812453
     0.090400    -1.818853
     0.092074    -1.825358
     0.093748    -1.831967
     0.095422    -1.838680
     0.097096    -1.845495
     0.098770    -1.852412
     0.100444    -1.859430
     0.102118    -1.866548
     0.103792    -1.873764
     0.105466    -1.881076
     0.107140    -1.888484
     0.108814    -1.895986
     0.110488    -1.903581
     0.112163    -1.911266
     0.113837    -1.919040
     0.115511    -1.926901
     0.117185    -1.934847
     0.118859    -1.942876
     0.120533    -1.950985
     0.122207    -1.959173
     0.123881    -1.967436
     0.125555    -1.975773
     0.127229    -1.984181
     0.128903    -1.992656
     0.130577    -2.001196
     0.132251    -2.009798
     0.133925    -2.018458
     0.135599    -2.027174
     0.137274    -2.035941
     0.138948    -2.044756
     0.140622    -2.053615
     0.142296    -2.062513
     0.143970    -2.071447
     0.145644    -2.080411
     0.147318    -2.089402
     0.148992    -2.098412
     0.150666    -2.107438
     0.152340    -2.116473
     0.154014    -2.125511
     0.155688    -2.134545
     0.157362    -2.143568
     0.159036    -2.152573
     0.160710    -2.161552
     0.162385    -2.170496
     0.164059    -2.179396
     0.165733    -2.188243
     0.167407    -2.197027


    -0.167407    -2.150935
    -0.165733    -2.142900
    -0.164059    -2.134832
    -0.162385    -2.126737
    -0.160710    -2.118620
    -0.159036    -2.110487
    -0.157362    -2.102343
    -0.155688    -2.094193
    -0.154014    -2.086043
    -0.152340    -2.077897
    -0.150666    -2.069760
    -0.148992    -2.061636
    -0.147318    -2.053529
    -0.145644    -2.045445
    -0.143970    -2.037387
    -0.142296    -2.029358
    -0.140622    -2.021362
    -0.138948    -2.013403
    -0.137274    -2.005484
    -0.135599    -1.997608
    -0.133925    -1.989779
    -0.132251    -1.981998
    -0.130577    -1.974270
    -0.128903    -1.966596
    -0.127229    -1.958979
    -0.125555    -1.951421
    -0.123881    -1.943925
    -0.122207    -1.936493
    -0.120533    -1.929126
    -0.118859    -1.921827
    -0.117185    -1.914597
    -0.115511    -1.907438
    -0.113837    -1.900352
    -0.112163    -1.893340
    -0.110488    -1.886404
    -0.108814    -1.879545
    -0.107140    -1.872764
    -0.105466    -1.866062
    -0.103792    -1.859441
    -0.102118    -1.852901
    -0.100444    -1.846443
    -0.098770    -1.840069
    -0.097096    -1.833779
    -0.095422    -1.827574
    -0.093748    -1.821455
    -0.092074    -1.815421
    -0.090400    -1.809475
    -0.088726    -1.803616
    -0.087051    -1.797844
    -0.085377    -1.792161
    -0.083703    -1.786566
    -0.082029    -1.781060
    -0.080355    -1.775644
    -0.078681    -1.770317
    -0.077007    -1.765080
    -0.075333    -1.759933
    -0.073659    -1.754876
    -0.071985    -1.749909
    -0.070311    -1.745033
    -0.068637    -1.740248
    -0.066963    -1.735553
    -0.065289    -1.730949
    -0.063615    -1.726436
    -0.061940    -1.722015
    -0.060266    -1.717684
    -0.058592    -1.713444
    -0.056918    -1.709296
    -0.055244    -1.705239
    -0.053570    -1.701274
    -0.051896    -1.697400
    -0.050222    -1.693618
    -0.048548    -1.689928
    -0.046874    -1.686330
    -0.045200    -1.682825
    -0.043526    -1.679412
    -0.041852    -1.676093
    -0.040178    -1.672867
    -0.038504    -1.669736
    -0.036829    -1.666700
    -0.035155    -1.663761
    -0.033481    -1.660918
    -0.031807    -1.658175
    -0.030133    -1.655532
    -0.028459    -1.652991
    -0.026785    -1.650555
    -0.025111    -1.648227
    -0.023437    -1.646008
    -0.021763    -1.643904
    -0.020089    -1.641917
    -0.018415    -1.640052
    -0.016741    -1.638315
    -0.015067    -1.636711
    -0.013393    -1.635247
    -0.011718    -1.633929
    -0.010044    -1.632765
    -0.008370    -1.631764
    -0.006696    -1.630934
    -0.005022    -1.630281
    -0.003348    -1.629812
    -0.001674    -1.629533
     0.000000    -1.629444
     0.001674    -1.629541
     0.003348    -1.629821
     0.005022    -1.630289
     0.006696    -1.630942
     0.008370    -1.631772
     0.010044    -1.632772
     0.011718    -1.633934
     0.013393    -1.635251
     0.015067    -1.636715
     0.016741    -1.638318
     0.018415    -1.640054
     0.020089    -1.641917
     0.021763    -1.643903
     0.023437    -1.646007
     0.025111    -1.648224
     0.026785    -1.650551
     0.028459    -1.652986
     0.030133    -1.655526
     0.031807    -1.658168
     0.033481    -1.660911
     0.035155    -1.663752
     0.036829    -1.666691
     0.038504    -1.669727
     0.040178    -1.672857
     0.041852    -1.676083
     0.043526    -1.679402
     0.045200    -1.682814
     0.046874    -1.686319
     0.048548    -1.689917
     0.050222    -1.693607
     0.051896    -1.697389
     0.053570    -1.701262
     0.055244    -1.705228
     0.056918    -1.709284
     0.058592    -1.713433
     0.060266    -1.717672
     0.061940    -1.722003
     0.063615    -1.726424
     0.065289    -1.730937
     0.066963    -1.735541
     0.068637    -1.740235
     0.070311    -1.745021
     0.071985    -1.749896
     0.073659    -1.754863
     0.075333    -1.759920
     0.077007    -1.765067
     0.078681    -1.770304
     0.080355    -1.775631
     0.082029    -1.781047
     0.083703    -1.786553
     0.085377    -1.792147
     0.087051    -1.797830
     0.088726    -1.803602
     0.090400    -1.809461
     0.092074    -1.815407
     0.093748    -1.821441
     0.095422    -1.827560
     0.097096    -1.833765
     0.098770    -1.840055
     0.100444    -1.846429
     0.102118    -1.852886
     0.103792    -1.859426
     0.105466    -1.866047
     0.107140    -1.872748
     0.108814    -1.879529
     0.110488    -1.886388
     0.112163    -1.893325
     0.113837    -1.900336
     0.115511    -1.907422
     0.117185    -1.914581
     0.118859    -1.921811
     0.120533    -1.929110
     0.122207    -1.936476
     0.123881    -1.943909
     0.125555    -1.951405
     0.127229    -1.958963
     0.128903    -1.966579
     0.130577    -1.974253
     0.132251    -1.981982
     0.133925    -1.989762
     0.135599    -1.997592
     0.137274    -2.005467
     0.138948    -2.013386
     0.140622    -2.021345
     0.142296    -2.029341
     0.143970    -2.037370
     0.145644    -2.045428
     0.147318    -2.053513
     0.148992    -2.061619
     0.150666    -2.069743
     0.152340    -2.077880
     0.154014    -2.086026
     0.155688    -2.094177
     0.157362    -2.102326
     0.159036    -2.110471
     0.160710    -2.118604
     0.162385    -2.126721
     0.164059    -2.134816
     0.165733    -2.142884
     0.167407    -2.150919


    -0.167407    -1.725478
    -0.165733    -1.722718
    -0.164059    -1.719977
    -0.162385    -1.717254
    -0.160710    -1.714551
    -0.159036    -1.711866
    -0.157362    -1.709202
    -0.155688    -1.706557
    -0.154014    -1.703933
    -0.152340    -1.701329
    -0.150666    -1.698746
    -0.148992    -1.696184
    -0.147318    -1.693644
    -0.145644    -1.691125
    -0.143970    -1.688628
    -0.142296    -1.686154
    -0.140622    -1.683702
    -0.138948    -1.681273
    -0.137274    -1.678868
    -0.135599    -1.676486
    -0.133925    -1.674129
    -0.132251    -1.671795
    -0.130577    -1.669487
    -0.128903    -1.667203
    -0.127229    -1.664945
    -0.125555    -1.662713
    -0.123881    -1.660508
    -0.122207    -1.658329
    -0.120533    -1.656176
    -0.118859    -1.654052
    -0.117185    -1.651955
    -0.115511    -1.649886
    -0.113837    -1.647846
    -0.112163    -1.645836
    -0.110488    -1.643855
    -0.108814    -1.641903
    -0.107140    -1.639983
    -0.105466    -1.638093
    -0.103792    -1.636234
    -0.102118    -1.634408
    -0.100444    -1.632613
    -0.098770    -1.630852
    -0.097096    -1.629123
    -0.095422    -1.627429
    -0.093748    -1.625768
    -0.092074    -1.624143
    -0.090400    -1.622552
    -0.088726    -1.620998
    -0.087051    -1.619479
    -0.085377    -1.617998
    -0.083703    -1.616553
    -0.082029    -1.615147
    -0.080355    -1.613779
    -0.078681    -1.612449
    -0.077007    -1.611159
    -0.075333    -1.609909
    -0.073659    -1.608700
    -0.071985    -1.607531
    -0.070311    -1.606404
    -0.068637    -1.605318
    -0.066963    -1.604275
    -0.065289    -1.603275
    -0.063615    -1.602319
    -0.061940    -1.601406
    -0.060266    -1.600537
    -0.058592    -1.599714
    -0.056918    -1.598935
    -0.055244    -1.598202
    -0.053570    -1.597514
    -0.051896    -1.596873
    -0.050222    -1.596278
    -0.048548    -1.595729
    -0.046874    -1.595228
    -0.045200    -1.594773
    -0.043526    -1.594365
    -0.041852    -1.594003
    -0.040178    -1.593688
    -0.038504    -1.593419
    -0.036829    -1.593196
    -0.035155    -1.593018
    -0.033481    -1.592884
    -0.031807    -1.592794
    -0.030133    -1.592746
    -0.028459    -1.592738
    -0.026785    -1.592769
    -0.025111    -1.592836
    -0.023437    -1.592937
    -0.021763    -1.593068
    -0.020089    -1.593225
    -0.018415    -1.593405
    -0.016741    -1.593601
    -0.015067    -1.593809
    -0.013393    -1.594021
    -0.011718    -1.594230
    -0.010044    -1.594429
    -0.008370    -1.594609
    -0.006696    -1.594762
    -0.005022    -1.594880
    -0.003348    -1.594956
    -0.001674    -1.594985
     0.000000    -1.594968
     0.001674    -1.594988
     0.003348    -1.594959
     0.005022    -1.594883
     0.006696    -1.594766
     0.008370    -1.594613
     0.010044    -1.594434
     0.011718    -1.594236
     0.013393    -1.594027
     0.015067    -1.593815
     0.016741    -1.593608
     0.018415    -1.593411
     0.020089    -1.593232
     0.021763    -1.593075
     0.023437    -1.592944
     0.025111    -1.592844
     0.026785    -1.592777
     0.028459    -1.592746
     0.030133    -1.592754
     0.031807    -1.592803
     0.033481    -1.592893
     0.035155    -1.593027
     0.036829    -1.593205
     0.038504    -1.593428
     0.040178    -1.593697
     0.041852    -1.594012
     0.043526    -1.594374
     0.045200    -1.594782
     0.046874    -1.595237
     0.048548    -1.595739
     0.050222    -1.596287
     0.051896    -1.596882
     0.053570    -1.597524
     0.055244    -1.598211
     0.056918    -1.598944
     0.058592    -1.599723
     0.060266    -1.600547
     0.061940    -1.601415
     0.063615    -1.602328
     0.065289    -1.603284
     0.066963    -1.604284
     0.068637    -1.605327
     0.070311    -1.606412
     0.071985    -1.607539
     0.073659    -1.608708
     0.075333    -1.609917
     0.077007    -1.611167
     0.078681    -1.612457
     0.080355    -1.613786
     0.082029    -1.615154
     0.083703    -1.616560
     0.085377    -1.618005
     0.087051    -1.619486
     0.088726    -1.621004
     0.090400    -1.622558
     0.092074    -1.624149
     0.093748    -1.625774
     0.095422    -1.627434
     0.097096    -1.629129
     0.098770    -1.630857
     0.100444    -1.632618
     0.102118    -1.634412
     0.103792    -1.636239
     0.105466    -1.638097
     0.107140    -1.639986
     0.108814    -1.641907
     0.110488    -1.643858
     0.112163    -1.645839
     0.113837    -1.647849
     0.115511    -1.649889
     0.117185    -1.651957
     0.118859    -1.654054
     0.120533    -1.656178
     0.122207    -1.658330
     0.123881    -1.660509
     0.125555    -1.662715
     0.127229    -1.664947
     0.128903    -1.667204
     0.130577    -1.669487
     0.132251    -1.671796
     0.133925    -1.674129
     0.135599    -1.676486
     0.137274    -1.678868
     0.138948    -1.681273
     0.140622    -1.683701
     0.142296    -1.686153
     0.143970    -1.688627
     0.145644    -1.691124
     0.147318    -1.693642
     0.148992    -1.696183
     0.150666    -1.698745
     0.152340    -1.701327
     0.154014    -1.703931
     0.155688    -1.706555
     0.157362    -1.709200
     0.159036    -1.711864
     0.160710    -1.714548
     0.162385    -1.717252
     0.164059    -1.719974
     0.165733    -1.722715
     0.167407    -1.725475


    -0.167407    -1.712694
    -0.165733    -1.709806
    -0.164059    -1.706947
    -0.162385    -1.704118
    -0.160710    -1.701317
    -0.159036    -1.698546
    -0.157362    -1.695805
    -0.155688    -1.693094
    -0.154014    -1.690413
    -0.152340    -1.687762
    -0.150666    -1.685142
    -0.148992    -1.682552
    -0.147318    -1.679994
    -0.145644    -1.677467
    -0.143970    -1.674972
    -0.142296    -1.672508
    -0.140622    -1.670076
    -0.138948    -1.667676
    -0.137274    -1.665309
    -0.135599    -1.662974
    -0.133925    -1.660672
    -0.132251    -1.658403
    -0.130577    -1.656167
    -0.128903    -1.653964
    -0.127229    -1.651795
    -0.125555    -1.649660
    -0.123881    -1.647559
    -0.122207    -1.645492
    -0.120533    -1.643460
    -0.118859    -1.641462
    -0.117185    -1.639499
    -0.115511    -1.637572
    -0.113837    -1.635679
    -0.112163    -1.633822
    -0.110488    -1.632001
    -0.108814    -1.630216
    -0.107140    -1.628467
    -0.105466    -1.626754
    -0.103792    -1.625078
    -0.102118    -1.623439
    -0.100444    -1.621837
    -0.098770    -1.620273
    -0.097096    -1.618745
    -0.095422    -1.617256
    -0.093748    -1.615805
    -0.092074    -1.614391
    -0.090400    -1.613017
    -0.088726    -1.611680
    -0.087051    -1.610383
    -0.085377    -1.609125
    -0.083703    -1.607906
    -0.082029    -1.606727
    -0.080355    -1.605588
    -0.078681    -1.604489
    -0.077007    -1.603430
    -0.075333    -1.602411
    -0.073659    -1.601434
    -0.071985    -1.600497
    -0.070311    -1.599601
    -0.068637    -1.598747
    -0.066963    -1.597934
    -0.065289    -1.597163
    -0.063615    -1.596434
    -0.061940    -1.595748
    -0.060266    -1.595103
    -0.058592    -1.594501
    -0.056918    -1.593941
    -0.055244    -1.593424
    -0.053570    -1.592950
    -0.051896    -1.592518
    -0.050222    -1.592130
    -0.048548    -1.591784
    -0.046874    -1.591481
    -0.045200    -1.591220
    -0.043526    -1.591002
    -0.041852    -1.590826
    -0.040178    -1.590691
    -0.038504    -1.590598
    -0.036829    -1.590546
    -0.035155    -1.590534
    -0.033481    -1.590561
    -0.031807    -1.590626
    -0.030133    -1.590728
    -0.028459    -1.590865
    -0.026785    -1.591036
    -0.025111    -1.591238
    -0.023437    -1.591468
    -0.021763    -1.591724
    -0.020089    -1.592003
    -0.018415    -1.592298
    -0.016741    -1.592607
    -0.015067    -1.592924
    -0.013393    -1.593241
    -0.011718    -1.593553
    -0.010044    -1.593852
    -0.008370    -1.594131
    -0.006696    -1.594381
    -0.005022    -1.594596
    -0.003348    -1.594768
    -0.001674    -1.594892
     0.000000    -1.594960
     0.001674    -1.594889
     0.003348    -1.594764
     0.005022    -1.594592
     0.006696    -1.594378
     0.008370    -1.594127
     0.010044    -1.593849
     0.011718    -1.593549
     0.013393    -1.593237
     0.015067    -1.592919
     0.016741    -1.592602
     0.018415    -1.592293
     0.020089    -1.591996
     0.021763    -1.591718
     0.023437    -1.591461
     0.025111    -1.591231
     0.026785    -1.591028
     0.028459    -1.590857
     0.030133    -1.590720
     0.031807    -1.590617
     0.033481    -1.590552
     0.035155    -1.590525
     0.036829    -1.590536
     0.038504    -1.590588
     0.040178    -1.590681
     0.041852    -1.590815
     0.043526    -1.590991
     0.045200    -1.591209
     0.046874    -1.591469
     0.048548    -1.591772
     0.050222    -1.592118
     0.051896    -1.592507
     0.053570    -1.592938
     0.055244    -1.593412
     0.056918    -1.593929
     0.058592    -1.594488
     0.060266    -1.595090
     0.061940    -1.595735
     0.063615    -1.596421
     0.065289    -1.597150
     0.066963    -1.597921
     0.068637    -1.598734
     0.070311    -1.599588
     0.071985    -1.600484
     0.073659    -1.601420
     0.075333    -1.602398
     0.077007    -1.603416
     0.078681    -1.604475
     0.080355    -1.605575
     0.082029    -1.606714
     0.083703    -1.607893
     0.085377    -1.609112
     0.087051    -1.610370
     0.088726    -1.611667
     0.090400    -1.613003
     0.092074    -1.614378
     0.093748    -1.615791
     0.095422    -1.617243
     0.097096    -1.618733
     0.098770    -1.620260
     0.100444    -1.621825
     0.102118    -1.623427
     0.103792    -1.625066
     0.105466    -1.626742
     0.107140    -1.628455
     0.108814    -1.630204
     0.110488    -1.631989
     0.112163    -1.633811
     0.113837    -1.635668
     0.115511    -1.637560
     0.117185    -1.639488
     0.118859    -1.641451
     0.120533    -1.643449
     0.122207    -1.645482
     0.123881    -1.647549
     0.125555    -1.649650
     0.127229    -1.651786
     0.128903    -1.653955
     0.130577    -1.656157
     0.132251    -1.658394
     0.133925    -1.660663
     0.135599    -1.662965
     0.137274    -1.665300
     0.138948    -1.667668
     0.140622    -1.670068
     0.142296    -1.672500
     0.143970    -1.674964
     0.145644    -1.677460
     0.147318    -1.679987
     0.148992    -1.682546
     0.150666    -1.685136
     0.152340    -1.687756
     0.154014    -1.690407
     0.155688    -1.693089
     0.157362    -1.695800
     0.159036    -1.698542
     0.160710    -1.701313
     0.162385    -1.704114
     0.164059    -1.706944
     0.165733    -1.709803
     0.167407    -1.712691


    -0.167407    -1.321315
    -0.165733    -1.315287
    -0.164059    -1.309208
    -0.162385    -1.303079
    -0.160710    -1.296899
    -0.159036    -1.290670
    -0.157362    -1.284391
    -0.155688    -1.278061
    -0.154014    -1.271682
    -0.152340    -1.265253
    -0.150666    -1.258775
    -0.148992    -1.252248
    -0.147318    -1.245672
    -0.145644    -1.239048
    -0.143970    -1.232376
    -0.142296    -1.225656
    -0.140622    -1.218891
    -0.138948    -1.212082
    -0.137274    -1.205235
    -0.135599    -1.198399
    -0.133925    -1.191928
    -0.132251    -1.185628
    -0.130577    -1.179302
    -0.128903    -1.172935
    -0.127229    -1.166523
    -0.125555    -1.160065
    -0.123881    -1.153562
    -0.122207    -1.147011
    -0.120533    -1.140415
    -0.118859    -1.133771
    -0.117185    -1.127081
    -0.115511    -1.120345
    -0.113837    -1.113563
    -0.112163    -1.106735
    -0.110488    -1.099861
    -0.108814    -1.092943
    -0.107140    -1.085980
    -0.105466    -1.078974
    -0.103792    -1.071924
    -0.102118    -1.064833
    -0.100444    -1.057701
    -0.098770    -1.050530
    -0.097096    -1.043319
    -0.095422    -1.036072
    -0.093748    -1.028789
    -0.092074    -1.021472
    -0.090400    -1.014123
    -0.088726    -1.006745
    -0.087051    -0.999338
    -0.085377    -0.991905
    -0.083703    -0.984450
    -0.082029    -0.976973
    -0.080355    -0.969480
    -0.078681    -0.961971
    -0.077007    -0.954452
    -0.075333    -0.946924
    -0.073659    -0.939392
    -0.071985    -0.931860
    -0.070311    -0.924332
    -0.068637    -0.916812
    -0.066963    -0.909306
    -0.065289    -0.901817
    -0.063615    -0.894352
    -0.061940    -0.886915
    -0.060266    -0.879513
    -0.058592    -0.872152
    -0.056918    -0.864839
    -0.055244    -0.857579
    -0.053570    -0.850382
    -0.051896    -0.843253
    -0.050222    -0.836202
    -0.048548    -0.829236
    -0.046874    -0.822365
    -0.045200    -0.815597
    -0.043526    -0.808942
    -0.041852    -0.802410
    -0.040178    -0.796012
    -0.038504    -0.789757
    -0.036829    -0.783657
    -0.035155    -0.777723
    -0.033481    -0.771967
    -0.031807    -0.766400
    -0.030133    -0.761033
    -0.028459    -0.755880
    -0.026785    -0.750951
    -0.025111    -0.746258
    -0.023437    -0.741813
    -0.021763    -0.737626
    -0.020089    -0.733709
    -0.018415    -0.730072
    -0.016741    -0.726723
    -0.015067    -0.723671
    -0.013393    -0.720924
    -0.011718    -0.718489
    -0.010044    -0.716372
    -0.008370    -0.714576
    -0.006696    -0.713106
    -0.005022    -0.711962
    -0.003348    -0.711147
    -0.001674    -0.710657
     0.000000    -0.710493
     0.001674    -0.710653
     0.003348    -0.711136
     0.005022    -0.711949
     0.006696    -0.713092
     0.008370    -0.714563
     0.010044    -0.716359
     0.011718    -0.718477
     0.013393    -0.720911
     0.015067    -0.723658
     0.016741    -0.726710
     0.018415    -0.730059
     0.020089    -0.733696
     0.021763    -0.737613
     0.023437    -0.741800
     0.025111    -0.746245
     0.026785    -0.750938
     0.028459    -0.755867
     0.030133    -0.761021
     0.031807    -0.766387
     0.033481    -0.771954
     0.035155    -0.777711
     0.036829    -0.783645
     0.038504    -0.789745
     0.040178    -0.796000
     0.041852    -0.802399
     0.043526    -0.808931
     0.045200    -0.815586
     0.046874    -0.822355
     0.048548    -0.829226
     0.050222    -0.836192
     0.051896    -0.843244
     0.053570    -0.850372
     0.055244    -0.857570
     0.056918    -0.864830
     0.058592    -0.872144
     0.060266    -0.879505
     0.061940    -0.886907
     0.063615    -0.894344
     0.065289    -0.901810
     0.066963    -0.909299
     0.068637    -0.916806
     0.070311    -0.924326
     0.071985    -0.931855
     0.073659    -0.939387
     0.075333    -0.946919
     0.077007    -0.954447
     0.078681    -0.961967
     0.080355    -0.969476
     0.082029    -0.976970
     0.083703    -0.984446
     0.085377    -0.991902
     0.087051    -0.999335
     0.088726    -1.006742
     0.090400    -1.014121
     0.092074    -1.021470
     0.093748    -1.028787
     0.095422    -1.036070
     0.097096    -1.043318
     0.098770    -1.050528
     0.100444    -1.057700
     0.102118    -1.064832
     0.103792    -1.071924
     0.105466    -1.078973
     0.107140    -1.085979
     0.108814    -1.092942
     0.110488    -1.099861
     0.112163    -1.106734
     0.113837    -1.113563
     0.115511    -1.120345
     0.117185    -1.127081
     0.118859    -1.133771
     0.120533    -1.140415
     0.122207    -1.147011
     0.123881    -1.153561
     0.125555    -1.160065
     0.127229    -1.166523
     0.128903    -1.172934
     0.130577    -1.179301
     0.132251    -1.185626
     0.133925    -1.191922
     0.135599    -1.198381
     0.137274    -1.205220
     0.138948    -1.212068
     0.140622    -1.218877
     0.142296    -1.225642
     0.143970    -1.232361
     0.145644    -1.239033
     0.147318    -1.245657
     0.148992    -1.252233
     0.150666    -1.258760
     0.152340    -1.265237
     0.154014    -1.271666
     0.155688    -1.278044
     0.157362    -1.284373
     0.159036    -1.290652
     0.160710    -1.296881
     0.162385    -1.303060
     0.164059    -1.309188
     0.165733    -1.315267
     0.167407    -1.321295


    -0.167407    -1.308373
    -0.165733    -1.302918
    -0.164059    -1.297428
    -0.162385    -1.291902
    -0.160710    -1.286339
    -0.159036    -1.280738
    -0.157362    -1.275100
    -0.155688    -1.269423
    -0.154014    -1.263707
    -0.152340    -1.257951
    -0.150666    -1.252155
    -0.148992    -1.246318
    -0.147318    -1.240440
    -0.145644    -1.234519
    -0.143970    -1.228556
    -0.142296    -1.222549
    -0.140622    -1.216498
    -0.138948    -1.210401
    -0.137274    -1.204251
    -0.135599    -1.198000
    -0.133925    -1.191294
    -0.132251    -1.184328
    -0.130577    -1.177299
    -0.128903    -1.170223
    -0.127229    -1.163105
    -0.125555    -1.155946
    -0.123881    -1.148748
    -0.122207    -1.141512
    -0.120533    -1.134240
    -0.118859    -1.126932
    -0.117185    -1.119591
    -0.115511    -1.112218
    -0.113837    -1.104814
    -0.112163    -1.097381
    -0.110488    -1.089921
    -0.108814    -1.082436
    -0.107140    -1.074927
    -0.105466    -1.067397
    -0.103792    -1.059847
    -0.102118    -1.052281
    -0.100444    -1.044699
    -0.098770    -1.037105
    -0.097096    -1.029500
    -0.095422    -1.021888
    -0.093748    -1.014270
    -0.092074    -1.006650
    -0.090400    -0.999031
    -0.088726    -0.991414
    -0.087051    -0.983803
    -0.085377    -0.976202
    -0.083703    -0.968613
    -0.082029    -0.961039
    -0.080355    -0.953484
    -0.078681    -0.945951
    -0.077007    -0.938444
    -0.075333    -0.930967
    -0.073659    -0.923523
    -0.071985    -0.916115
    -0.070311    -0.908749
    -0.068637    -0.901428
    -0.066963    -0.894156
    -0.065289    -0.886938
    -0.063615    -0.879778
    -0.061940    -0.872681
    -0.060266    -0.865651
    -0.058592    -0.858693
    -0.056918    -0.851813
    -0.055244    -0.845014
    -0.053570    -0.838304
    -0.051896    -0.831687
    -0.050222    -0.825168
    -0.048548    -0.818754
    -0.046874    -0.812451
    -0.045200    -0.806264
    -0.043526    -0.800200
    -0.041852    -0.794266
    -0.040178    -0.788468
    -0.038504    -0.782813
    -0.036829    -0.777309
    -0.035155    -0.771961
    -0.033481    -0.766779
    -0.031807    -0.761770
    -0.030133    -0.756941
    -0.028459    -0.752301
    -0.026785    -0.747858
    -0.025111    -0.743620
    -0.023437    -0.739597
    -0.021763    -0.735796
    -0.020089    -0.732226
    -0.018415    -0.728896
    -0.016741    -0.725815
    -0.015067    -0.722992
    -0.013393    -0.720434
    -0.011718    -0.718151
    -0.010044    -0.716151
    -0.008370    -0.714441
    -0.006696    -0.713028
    -0.005022    -0.711919
    -0.003348    -0.711121
    -0.001674    -0.710640
     0.000000    -0.710480
     0.001674    -0.710643
     0.003348    -0.711130
     0.005022    -0.711930
     0.006696    -0.713038
     0.008370    -0.714450
     0.010044    -0.716160
     0.011718    -0.718159
     0.013393    -0.720442
     0.015067    -0.722999
     0.016741    -0.725822
     0.018415    -0.728902
     0.020089    -0.732232
     0.021763    -0.735801
     0.023437    -0.739602
     0.025111    -0.743625
     0.026785    -0.747863
     0.028459    -0.752305
     0.030133    -0.756945
     0.031807    -0.761774
     0.033481    -0.766783
     0.035155    -0.771965
     0.036829    -0.777312
     0.038504    -0.782816
     0.040178    -0.788471
     0.041852    -0.794269
     0.043526    -0.800203
     0.045200    -0.806267
     0.046874    -0.812454
     0.048548    -0.818757
     0.050222    -0.825171
     0.051896    -0.831689
     0.053570    -0.838306
     0.055244    -0.845017
     0.056918    -0.851815
     0.058592    -0.858695
     0.060266    -0.865653
     0.061940    -0.872683
     0.063615    -0.879780
     0.065289    -0.886940
     0.066963    -0.894158
     0.068637    -0.901430
     0.070311    -0.908751
     0.071985    -0.916117
     0.073659    -0.923524
     0.075333    -0.930968
     0.077007    -0.938445
     0.078681    -0.945952
     0.080355    -0.953485
     0.082029    -0.961039
     0.083703    -0.968613
     0.085377    -0.976202
     0.087051    -0.983803
     0.088726    -0.991414
     0.090400    -0.999030
     0.092074    -1.006650
     0.093748    -1.014269
     0.095422    -1.021887
     0.097096    -1.029499
     0.098770    -1.037103
     0.100444    -1.044697
     0.102118    -1.052278
     0.103792    -1.059845
     0.105466    -1.067394
     0.107140    -1.074924
     0.108814    -1.082432
     0.110488    -1.089917
     0.112163    -1.097376
     0.113837    -1.104809
     0.115511    -1.112212
     0.117185    -1.119586
     0.118859    -1.126926
     0.120533    -1.134234
     0.122207    -1.141506
     0.123881    -1.148741
     0.125555    -1.155939
     0.127229    -1.163098
     0.128903    -1.170216
     0.130577    -1.177291
     0.132251    -1.184321
     0.133925    -1.191290
     0.135599    -1.198007
     0.137274    -1.204255
     0.138948    -1.210403
     0.140622    -1.216500
     0.142296    -1.222551
     0.143970    -1.228557
     0.145644    -1.234520
     0.147318    -1.240441
     0.148992    -1.246319
     0.150666    -1.252156
     0.152340    -1.257952
     0.154014    -1.263707
     0.155688    -1.269423
     0.157362    -1.275100
     0.159036    -1.280738
     0.160710    -1.286339
     0.162385    -1.291902
     0.164059    -1.297428
     0.165733    -1.302918
     0.167407    -1.308372


    -0.167407    -0.493985
    -0.165733    -0.489361
    -0.164059    -0.484781
    -0.162385    -0.480244
    -0.160710    -0.475752
    -0.159036    -0.471307
    -0.157362    -0.466907
    -0.155688    -0.462556
    -0.154014    -0.458253
    -0.152340    -0.453999
    -0.150666    -0.449795
    -0.148992    -0.445642
    -0.147318    -0.441541
    -0.145644    -0.437493
    -0.143970    -0.433498
    -0.142296    -0.429557
    -0.140622    -0.425672
    -0.138948    -0.421843
    -0.137274    -0.418071
    -0.135599    -0.414357
    -0.133925    -0.410701
    -0.132251    -0.407104
    -0.130577    -0.403568
    -0.128903    -0.400092
    -0.127229    -0.396678
    -0.125555    -0.393327
    -0.123881    -0.390038
    -0.122207    -0.386813
    -0.120533    -0.383653
    -0.118859    -0.380557
    -0.117185    -0.377527
    -0.115511    -0.374564
    -0.113837    -0.371667
    -0.112163    -0.368837
    -0.110488    -0.366075
    -0.108814    -0.363381
    -0.107140    -0.360755
    -0.105466    -0.358198
    -0.103792    -0.355709
    -0.102118    -0.353290
    -0.100444    -0.350940
    -0.098770    -0.348658
    -0.097096    -0.346446
    -0.095422    -0.344303
    -0.093748    -0.342229
    -0.092074    -0.340222
    -0.090400    -0.338284
    -0.088726    -0.336413
    -0.087051    -0.334608
    -0.085377    -0.332870
    -0.083703    -0.331196
    -0.082029    -0.329586
    -0.080355    -0.328039
    -0.078681    -0.326553
    -0.077007    -0.325126
    -0.075333    -0.323758
    -0.073659    -0.322445
    -0.071985    -0.321186
    -0.070311    -0.319978
    -0.068637    -0.318819
    -0.066963    -0.317705
    -0.065289    -0.316634
    -0.063615    -0.315603
    -0.061940    -0.314606
    -0.060266    -0.313641
    -0.058592    -0.312703
    -0.056918    -0.311787
    -0.055244    -0.310889
    -0.053570    -0.310001
    -0.051896    -0.309120
    -0.050222    -0.308239
    -0.048548    -0.307350
    -0.046874    -0.306447
    -0.045200    -0.305522
    -0.043526    -0.304568
    -0.041852    -0.303576
    -0.040178    -0.302538
    -0.038504    -0.301444
    -0.036829    -0.300284
    -0.035155    -0.299050
    -0.033481    -0.297730
    -0.031807    -0.296315
    -0.030133    -0.294794
    -0.028459    -0.293157
    -0.026785    -0.291392
    -0.025111    -0.289490
    -0.023437    -0.287440
    -0.021763    -0.285231
    -0.020089    -0.282855
    -0.018415    -0.280302
    -0.016741    -0.277563
    -0.015067    -0.274631
    -0.013393    -0.271499
    -0.011718    -0.268160
    -0.010044    -0.264610
    -0.008370    -0.260845
    -0.006696    -0.256862
    -0.005022    -0.252660
    -0.003348    -0.248238
    -0.001674    -0.243597
     0.000000    -0.238765
     0.001674    -0.243623
     0.003348    -0.248264
     0.005022    -0.252687
     0.006696    -0.256890
     0.008370    -0.260873
     0.010044    -0.264639
     0.011718    -0.268189
     0.013393    -0.271528
     0.015067    -0.274661
     0.016741    -0.277594
     0.018415    -0.280333
     0.020089    -0.282887
     0.021763    -0.285263
     0.023437    -0.287472
     0.025111    -0.289522
     0.026785    -0.291424
     0.028459    -0.293189
     0.030133    -0.294826
     0.031807    -0.296347
     0.033481    -0.297762
     0.035155    -0.299082
     0.036829    -0.300316
     0.038504    -0.301475
     0.040178    -0.302569
     0.041852    -0.303608
     0.043526    -0.304599
     0.045200    -0.305553
     0.046874    -0.306477
     0.048548    -0.307380
     0.050222    -0.308268
     0.051896    -0.309149
     0.053570    -0.310030
     0.055244    -0.310917
     0.056918    -0.311815
     0.058592    -0.312731
     0.060266    -0.313668
     0.061940    -0.314633
     0.063615    -0.315629
     0.065289    -0.316660
     0.066963    -0.317730
     0.068637    -0.318843
     0.070311    -0.320002
     0.071985    -0.321209
     0.073659    -0.322468
     0.075333    -0.323780
     0.077007    -0.325148
     0.078681    -0.326574
     0.080355    -0.328060
     0.082029    -0.329607
     0.083703    -0.331216
     0.085377    -0.332889
     0.087051    -0.334627
     0.088726    -0.336431
     0.090400    -0.338302
     0.092074    -0.340240
     0.093748    -0.342245
     0.095422    -0.344319
     0.097096    -0.346462
     0.098770    -0.348674
     0.100444    -0.350955
     0.102118    -0.353304
     0.103792    -0.355723
     0.105466    -0.358211
     0.107140    -0.360768
     0.108814    -0.363394
     0.110488    -0.366087
     0.112163    -0.368849
     0.113837    -0.371679
     0.115511    -0.374575
     0.117185    -0.377538
     0.118859    -0.380568
     0.120533    -0.383663
     0.122207    -0.386823
     0.123881    -0.390048
     0.125555    -0.393336
     0.127229    -0.396687
     0.128903    -0.400101
     0.130577    -0.403576
     0.132251    -0.407113
     0.133925    -0.410709
     0.135599    -0.414365
     0.137274    -0.418079
     0.138948    -0.421851
     0.140622    -0.425680
     0.142296    -0.429565
     0.143970    -0.433505
     0.145644    -0.437500
     0.147318    -0.441548
     0.148992    -0.445649
     0.150666    -0.449801
     0.152340    -0.454005
     0.154014    -0.458259
     0.155688    -0.462562
     0.157362    -0.466914
     0.159036    -0.471313
     0.160710    -0.475759
     0.162385    -0.480250
     0.164059    -0.484787
     0.165733    -0.489368
     0.167407    -0.493992


    -0.167407    -0.453598
    -0.165733    -0.447136
    -0.164059    -0.440677
    -0.162385    -0.434220
    -0.160710    -0.427767
    -0.159036    -0.421316
    -0.157362    -0.414869
    -0.155688    -0.408425
    -0.154014    -0.401985
    -0.152340    -0.395548
    -0.150666    -0.389115
    -0.148992    -0.382686
    -0.147318    -0.376260
    -0.145644    -0.369838
    -0.143970    -0.363420
    -0.142296    -0.357006
    -0.140622    -0.350597
    -0.138948    -0.344191
    -0.137274    -0.337790
    -0.135599    -0.331394
    -0.133925    -0.325001
    -0.132251    -0.318614
    -0.130577    -0.312231
    -0.128903    -0.305853
    -0.127229    -0.299480
    -0.125555    -0.293111
    -0.123881    -0.286748
    -0.122207    -0.280390
    -0.120533    -0.274038
    -0.118859    -0.267691
    -0.117185    -0.261350
    -0.115511    -0.255015
    -0.113837    -0.248687
    -0.112163    -0.242365
    -0.110488    -0.236049
    -0.108814    -0.229741
    -0.107140    -0.223440
    -0.105466    -0.217147
    -0.103792    -0.210863
    -0.102118    -0.204588
    -0.100444    -0.198323
    -0.098770    -0.192069
    -0.097096    -0.185826
    -0.095422    -0.179596
    -0.093748    -0.173380
    -0.092074    -0.167180
    -0.090400    -0.160997
    -0.088726    -0.154834
    -0.087051    -0.148694
    -0.085377    -0.142579
    -0.083703    -0.136493
    -0.082029    -0.130440
    -0.080355    -0.124427
    -0.078681    -0.118459
    -0.077007    -0.112546
    -0.075333    -0.106696
    -0.073659    -0.100922
    -0.071985    -0.095241
    -0.070311    -0.089671
    -0.068637    -0.084238
    -0.066963    -0.078973
    -0.065289    -0.073919
    -0.063615    -0.069127
    -0.061940    -0.064666
    -0.060266    -0.060624
    -0.058592    -0.057110
    -0.056918    -0.054256
    -0.055244    -0.052214
    -0.053570    -0.051136
    -0.051896    -0.051153
    -0.050222    -0.052340
    -0.048548    -0.054694
    -0.046874    -0.058130
    -0.045200    -0.062510
    -0.043526    -0.067672
    -0.041852    -0.073456
    -0.040178    -0.079719
    -0.038504    -0.086345
    -0.036829    -0.093238
    -0.035155    -0.100322
    -0.033481    -0.107537
    -0.031807    -0.114835
    -0.030133    -0.122175
    -0.028459    -0.129526
    -0.026785    -0.136860
    -0.025111    -0.144155
    -0.023437    -0.151391
    -0.021763    -0.158549
    -0.020089    -0.165613
    -0.018415    -0.172570
    -0.016741    -0.179406
    -0.015067    -0.186108
    -0.013393    -0.192665
    -0.011718    -0.199066
    -0.010044    -0.205301
    -0.008370    -0.211361
    -0.006696    -0.217238
    -0.005022    -0.222923
    -0.003348    -0.228410
    -0.001674    -0.233692
     0.000000    -0.238739
     0.001674    -0.233668
     0.003348    -0.228386
     0.005022    -0.222901
     0.006696    -0.217216
     0.008370    -0.211340
     0.010044    -0.205281
     0.011718    -0.199046
     0.013393    -0.192646
     0.015067    -0.186090
     0.016741    -0.179388
     0.018415    -0.172553
     0.020089    -0.165597
     0.021763    -0.158533
     0.023437    -0.151376
     0.025111    -0.144141
     0.026785    -0.136846
     0.028459    -0.129512
     0.030133    -0.122162
     0.031807    -0.114822
     0.033481    -0.107525
     0.035155    -0.100310
     0.036829    -0.093226
     0.038504    -0.086333
     0.040178    -0.079707
     0.041852    -0.073443
     0.043526    -0.067659
     0.045200    -0.062496
     0.046874    -0.058115
     0.048548    -0.054678
     0.050222    -0.052324
     0.051896    -0.051136
     0.053570    -0.051118
     0.055244    -0.052196
     0.056918    -0.054238
     0.058592    -0.057092
     0.060266    -0.060606
     0.061940    -0.064648
     0.063615    -0.069109
     0.065289    -0.073901
     0.066963    -0.078956
     0.068637    -0.084220
     0.070311    -0.089653
     0.071985    -0.095223
     0.073659    -0.100905
     0.075333    -0.106679
     0.077007    -0.112529
     0.078681    -0.118443
     0.080355    -0.124410
     0.082029    -0.130424
     0.083703    -0.136476
     0.085377    -0.142563
     0.087051    -0.148678
     0.088726    -0.154819
     0.090400    -0.160982
     0.092074    -0.167165
     0.093748    -0.173365
     0.095422    -0.179581
     0.097096    -0.185812
     0.098770    -0.192055
     0.100444    -0.198310
     0.102118    -0.204575
     0.103792    -0.210850
     0.105466    -0.217135
     0.107140    -0.223428
     0.108814    -0.229729
     0.110488    -0.236038
     0.112163    -0.242354
     0.113837    -0.248676
     0.115511    -0.255006
     0.117185    -0.261341
     0.118859    -0.267683
     0.120533    -0.274030
     0.122207    -0.280383
     0.123881    -0.286741
     0.125555    -0.293104
     0.127229    -0.299473
     0.128903    -0.305847
     0.130577    -0.312226
     0.132251    -0.318609
     0.133925    -0.324997
     0.135599    -0.331390
     0.137274    -0.337787
     0.138948    -0.344189
     0.140622    -0.350595
     0.142296    -0.357005
     0.143970    -0.363419
     0.145644    -0.369838
     0.147318    -0.376260
     0.148992    -0.382687
     0.150666    -0.389117
     0.152340    -0.395550
     0.154014    -0.401988
     0.155688    -0.408429
     0.157362    -0.414873
     0.159036    -0.421321
     0.160710    -0.427772
     0.162385    -0.434226
     0.164059    -0.440683
     0.165733    -0.447143
     0.167407    -0.453605


    -0.167407     0.654105
    -0.165733     0.645347
    -0.164059     0.636562
    -0.162385     0.627752
    -0.160710     0.618916
    -0.159036     0.610055
    -0.157362     0.601169
    -0.155688     0.592258
    -0.154014     0.583323
    -0.152340     0.574364
    -0.150666     0.565381
    -0.148992     0.556375
    -0.147318     0.547346
    -0.145644     0.538295
    -0.143970     0.529221
    -0.142296     0.520126
    -0.140622     0.511010
    -0.138948     0.501872
    -0.137274     0.492715
    -0.135599     0.483537
    -0.133925     0.474341
    -0.132251     0.465125
    -0.130577     0.455892
    -0.128903     0.446641
    -0.127229     0.437373
    -0.125555     0.428089
    -0.123881     0.418789
    -0.122207     0.409475
    -0.120533     0.400146
    -0.118859     0.390805
    -0.117185     0.381452
    -0.115511     0.372087
    -0.113837     0.362712
    -0.112163     0.353328
    -0.110488     0.343936
    -0.108814     0.334537
    -0.107140     0.325133
    -0.105466     0.315725
    -0.103792     0.306315
    -0.102118     0.296904
    -0.100444     0.287494
    -0.098770     0.278087
    -0.097096     0.268685
    -0.095422     0.259291
    -0.093748     0.249908
    -0.092074     0.240538
    -0.090400     0.231184
    -0.088726     0.221851
    -0.087051     0.212542
    -0.085377     0.203262
    -0.083703     0.194017
    -0.082029     0.184813
    -0.080355     0.175657
    -0.078681     0.166558
    -0.077007     0.157526
    -0.075333     0.148572
    -0.073659     0.139713
    -0.071985     0.130966
    -0.070311     0.122352
    -0.068637     0.113899
    -0.066963     0.105643
    -0.065289     0.097626
    -0.063615     0.089905
    -0.061940     0.082551
    -0.060266     0.075654
    -0.058592     0.069328
    -0.056918     0.063707
    -0.055244     0.058947
    -0.053570     0.055204
    -0.051896     0.052613
    -0.050222     0.051252
    -0.048548     0.051122
    -0.046874     0.052144
    -0.045200     0.054183
    -0.043526     0.057083
    -0.041852     0.060687
    -0.040178     0.064860
    -0.038504     0.069490
    -0.036829     0.074485
    -0.035155     0.079777
    -0.033481     0.085311
    -0.031807     0.091044
    -0.030133     0.096944
    -0.028459     0.102985
    -0.026785     0.109146
    -0.025111     0.115412
    -0.023437     0.121770
    -0.021763     0.128209
    -0.020089     0.134720
    -0.018415     0.141296
    -0.016741     0.147932
    -0.015067     0.154623
    -0.013393     0.161363
    -0.011718     0.168150
    -0.010044     0.174981
    -0.008370     0.181852
    -0.006696     0.188761
    -0.005022     0.195706
    -0.003348     0.202685
    -0.001674     0.209695
     0.000000     0.216730
     0.001674     0.209691
     0.003348     0.202680
     0.005022     0.195702
     0.006696     0.188757
     0.008370     0.181849
     0.010044     0.174978
     0.011718     0.168148
     0.013393     0.161361
     0.015067     0.154621
     0.016741     0.147931
     0.018415     0.141296
     0.020089     0.134719
     0.021763     0.128209
     0.023437     0.121770
     0.025111     0.115413
     0.026785     0.109147
     0.028459     0.102986
     0.030133     0.096945
     0.031807     0.091045
     0.033481     0.085312
     0.035155     0.079778
     0.036829     0.074486
     0.038504     0.069490
     0.040178     0.064861
     0.041852     0.060687
     0.043526     0.057082
     0.045200     0.054182
     0.046874     0.052141
     0.048548     0.051118
     0.050222     0.051248
     0.051896     0.052608
     0.053570     0.055198
     0.055244     0.058941
     0.056918     0.063701
     0.058592     0.069321
     0.060266     0.075648
     0.061940     0.082544
     0.063615     0.089898
     0.065289     0.097620
     0.066963     0.105636
     0.068637     0.113893
     0.070311     0.122345
     0.071985     0.130959
     0.073659     0.139707
     0.075333     0.148566
     0.077007     0.157519
     0.078681     0.166551
     0.080355     0.175650
     0.082029     0.184806
     0.083703     0.194010
     0.085377     0.203255
     0.087051     0.212535
     0.088726     0.221844
     0.090400     0.231178
     0.092074     0.240531
     0.093748     0.249902
     0.095422     0.259285
     0.097096     0.268679
     0.098770     0.278081
     0.100444     0.287488
     0.102118     0.296898
     0.103792     0.306309
     0.105466     0.315720
     0.107140     0.325128
     0.108814     0.334532
     0.110488     0.343931
     0.112163     0.353323
     0.113837     0.362707
     0.115511     0.372082
     0.117185     0.381447
     0.118859     0.390801
     0.120533     0.400142
     0.122207     0.409471
     0.123881     0.418785
     0.125555     0.428085
     0.127229     0.437370
     0.128903     0.446638
     0.130577     0.455889
     0.132251     0.465123
     0.133925     0.474338
     0.135599     0.483535
     0.137274     0.492713
     0.138948     0.501871
     0.140622     0.511009
     0.142296     0.520125
     0.143970     0.529221
     0.145644     0.538295
     0.147318     0.547347
     0.148992     0.556376
     0.150666     0.565382
     0.152340     0.574365
     0.154014     0.583324
     0.155688     0.592260
     0.157362     0.601171
     0.159036     0.610057
     0.160710     0.618919
     0.162385     0.627755
     0.164059     0.636565
     0.165733     0.645350
     0.167407     0.654109


    -0.167407     0.886150
    -0.165733     0.880460
    -0.164059     0.874756
    -0.162385     0.869037
    -0.160710     0.863304
    -0.159036     0.857555
    -0.157362     0.851791
    -0.155688     0.846012
    -0.154014     0.840216
    -0.152340     0.834404
    -0.150666     0.828575
    -0.148992     0.822729
    -0.147318     0.816866
    -0.145644     0.810984
    -0.143970     0.805084
    -0.142296     0.799165
    -0.140622     0.793227
    -0.138948     0.787269
    -0.137274     0.781291
    -0.135599     0.775293
    -0.133925     0.769273
    -0.132251     0.763232
    -0.130577     0.757168
    -0.128903     0.751082
    -0.127229     0.744973
    -0.125555     0.738841
    -0.123881     0.732685
    -0.122207     0.726504
    -0.120533     0.720298
    -0.118859     0.714067
    -0.117185     0.707810
    -0.115511     0.701527
    -0.113837     0.695218
    -0.112163     0.688881
    -0.110488     0.682517
    -0.108814     0.676125
    -0.107140     0.669706
    -0.105466     0.663257
    -0.103792     0.656781
    -0.102118     0.650275
    -0.100444     0.643741
    -0.098770     0.637177
    -0.097096     0.630584
    -0.095422     0.623961
    -0.093748     0.617309
    -0.092074     0.610627
    -0.090400     0.603916
    -0.088726     0.597176
    -0.087051     0.590406
    -0.085377     0.583607
    -0.083703     0.576779
    -0.082029     0.569922
    -0.080355     0.563037
    -0.078681     0.556124
    -0.077007     0.549184
    -0.075333     0.542217
    -0.073659     0.535223
    -0.071985     0.528203
    -0.070311     0.521158
    -0.068637     0.514089
    -0.066963     0.506995
    -0.065289     0.499879
    -0.063615     0.492740
    -0.061940     0.485581
    -0.060266     0.478400
    -0.058592     0.471201
    -0.056918     0.463983
    -0.055244     0.456748
    -0.053570     0.449497
    -0.051896     0.442231
    -0.050222     0.434951
    -0.048548     0.427658
    -0.046874     0.420354
    -0.045200     0.413040
    -0.043526     0.405718
    -0.041852     0.398388
    -0.040178     0.391051
    -0.038504     0.383710
    -0.036829     0.376366
    -0.035155     0.369019
    -0.033481     0.361672
    -0.031807     0.354326
    -0.030133     0.346982
    -0.028459     0.339641
    -0.026785     0.332306
    -0.025111     0.324977
    -0.023437     0.317655
    -0.021763     0.310343
    -0.020089     0.303041
    -0.018415     0.295751
    -0.016741     0.288474
    -0.015067     0.281211
    -0.013393     0.273965
    -0.011718     0.266736
    -0.010044     0.259526
    -0.008370     0.252335
    -0.006696     0.245166
    -0.005022     0.238020
    -0.003348     0.230898
    -0.001674     0.223801
     0.000000     0.216738
     0.001674     0.223806
     0.003348     0.230903
     0.005022     0.238026
     0.006696     0.245172
     0.008370     0.252342
     0.010044     0.259533
     0.011718     0.266743
     0.013393     0.273973
     0.015067     0.281219
     0.016741     0.288482
     0.018415     0.295759
     0.020089     0.303049
     0.021763     0.310351
     0.023437     0.317664
     0.025111     0.324985
     0.026785     0.332315
     0.028459     0.339651
     0.030133     0.346991
     0.031807     0.354335
     0.033481     0.361682
     0.035155     0.369029
     0.036829     0.376375
     0.038504     0.383720
     0.040178     0.391061
     0.041852     0.398397
     0.043526     0.405727
     0.045200     0.413050
     0.046874     0.420364
     0.048548     0.427667
     0.050222     0.434960
     0.051896     0.442240
     0.053570     0.449506
     0.055244     0.456757
     0.056918     0.463992
     0.058592     0.471209
     0.060266     0.478409
     0.061940     0.485589
     0.063615     0.492748
     0.065289     0.499886
     0.066963     0.507003
     0.068637     0.514096
     0.070311     0.521165
     0.071985     0.528210
     0.073659     0.535229
     0.075333     0.542223
     0.077007     0.549190
     0.078681     0.556130
     0.080355     0.563043
     0.082029     0.569927
     0.083703     0.576784
     0.085377     0.583611
     0.087051     0.590410
     0.088726     0.597180
     0.090400     0.603920
     0.092074     0.610631
     0.093748     0.617313
     0.095422     0.623965
     0.097096     0.630587
     0.098770     0.637180
     0.100444     0.643744
     0.102118     0.650278
     0.103792     0.656783
     0.105466     0.663260
     0.107140     0.669708
     0.108814     0.676127
     0.110488     0.682519
     0.112163     0.688882
     0.113837     0.695219
     0.115511     0.701528
     0.117185     0.707811
     0.118859     0.714068
     0.120533     0.720299
     0.122207     0.726504
     0.123881     0.732685
     0.125555     0.738841
     0.127229     0.744974
     0.128903     0.751083
     0.130577     0.757168
     0.132251     0.763232
     0.133925     0.769273
     0.135599     0.775293
     0.137274     0.781291
     0.138948     0.787269
     0.140622     0.793227
     0.142296     0.799165
     0.143970     0.805084
     0.145644     0.810984
     0.147318     0.816865
     0.148992     0.822729
     0.150666     0.828575
     0.152340     0.834404
     0.154014     0.840216
     0.155688     0.846011
     0.157362     0.851791
     0.159036     0.857555
     0.160710     0.863303
     0.162385     0.869037
     0.164059     0.874755
     0.165733     0.880459
     0.167407     0.886149


    -0.167407     1.831107
    -0.165733     1.823265
    -0.164059     1.815440
    -0.162385     1.807635
    -0.160710     1.799852
    -0.159036     1.792092
    -0.157362     1.784357
    -0.155688     1.776651
    -0.154014     1.768973
    -0.152340     1.761328
    -0.150666     1.753716
    -0.148992     1.746140
    -0.147318     1.738603
    -0.145644     1.731106
    -0.143970     1.723651
    -0.142296     1.716242
    -0.140622     1.708880
    -0.138948     1.701567
    -0.137274     1.694307
    -0.135599     1.687101
    -0.133925     1.679952
    -0.132251     1.672862
    -0.130577     1.665833
    -0.128903     1.658869
    -0.127229     1.651971
    -0.125555     1.645142
    -0.123881     1.638384
    -0.122207     1.631700
    -0.120533     1.625093
    -0.118859     1.618564
    -0.117185     1.612116
    -0.115511     1.605752
    -0.113837     1.599474
    -0.112163     1.593284
    -0.110488     1.587185
    -0.108814     1.581179
    -0.107140     1.575268
    -0.105466     1.569455
    -0.103792     1.563741
    -0.102118     1.558130
    -0.100444     1.552623
    -0.098770     1.547222
    -0.097096     1.541930
    -0.095422     1.536748
    -0.093748     1.531678
    -0.092074     1.526722
    -0.090400     1.521883
    -0.088726     1.517161
    -0.087051     1.512558
    -0.085377     1.508077
    -0.083703     1.503718
    -0.082029     1.499484
    -0.080355     1.495374
    -0.078681     1.491392
    -0.077007     1.487537
    -0.075333     1.483812
    -0.073659     1.480217
    -0.071985     1.476752
    -0.070311     1.473420
    -0.068637     1.470221
    -0.066963     1.467155
    -0.065289     1.464224
    -0.063615     1.461427
    -0.061940     1.458765
    -0.060266     1.456238
    -0.058592     1.453848
    -0.056918     1.451593
    -0.055244     1.449474
    -0.053570     1.447492
    -0.051896     1.445645
    -0.050222     1.443934
    -0.048548     1.442358
    -0.046874     1.440918
    -0.045200     1.439612
    -0.043526     1.438441
    -0.041852     1.437403
    -0.040178     1.436499
    -0.038504     1.435727
    -0.036829     1.435087
    -0.035155     1.434578
    -0.033481     1.434198
    -0.031807     1.433948
    -0.030133     1.433826
    -0.028459     1.433831
    -0.026785     1.433962
    -0.025111     1.434218
    -0.023437     1.434597
    -0.021763     1.435098
    -0.020089     1.435721
    -0.018415     1.436463
    -0.016741     1.437324
    -0.015067     1.438302
    -0.013393     1.439395
    -0.011718     1.440603
    -0.010044     1.441923
    -0.008370     1.443354
    -0.006696     1.444895
    -0.005022     1.446544
    -0.003348     1.448300
    -0.001674     1.450161
     0.000000     1.452119
     0.001674     1.450170
     0.003348     1.448310
     0.005022     1.446554
     0.006696     1.444905
     0.008370     1.443365
     0.010044     1.441934
     0.011718     1.440614
     0.013393     1.439407
     0.015067     1.438314
     0.016741     1.437336
     0.018415     1.436476
     0.020089     1.435734
     0.021763     1.435111
     0.023437     1.434610
     0.025111     1.434231
     0.026785     1.433976
     0.028459     1.433845
     0.030133     1.433840
     0.031807     1.433963
     0.033481     1.434213
     0.035155     1.434593
     0.036829     1.435102
     0.038504     1.435743
     0.040178     1.436515
     0.041852     1.437419
     0.043526     1.438457
     0.045200     1.439628
     0.046874     1.440934
     0.048548     1.442375
     0.050222     1.443950
     0.051896     1.445662
     0.053570     1.447509
     0.055244     1.449492
     0.056918     1.451611
     0.058592     1.453865
     0.060266     1.456256
     0.061940     1.458783
     0.063615     1.461445
     0.065289     1.464242
     0.066963     1.467173
     0.068637     1.470239
     0.070311     1.473438
     0.071985     1.476771
     0.073659     1.480235
     0.075333     1.483830
     0.077007     1.487555
     0.078681     1.491410
     0.080355     1.495392
     0.082029     1.499502
     0.083703     1.503736
     0.085377     1.508095
     0.087051     1.512576
     0.088726     1.517178
     0.090400     1.521900
     0.092074     1.526740
     0.093748     1.531695
     0.095422     1.536765
     0.097096     1.541946
     0.098770     1.547239
     0.100444     1.552639
     0.102118     1.558146
     0.103792     1.563757
     0.105466     1.569470
     0.107140     1.575283
     0.108814     1.581193
     0.110488     1.587199
     0.112163     1.593298
     0.113837     1.599487
     0.115511     1.605765
     0.117185     1.612129
     0.118859     1.618576
     0.120533     1.625105
     0.122207     1.631712
     0.123881     1.638395
     0.125555     1.645153
     0.127229     1.651981
     0.128903     1.658879
     0.130577     1.665843
     0.132251     1.672871
     0.133925     1.679961
     0.135599     1.687109
     0.137274     1.694315
     0.138948     1.701575
     0.140622     1.708887
     0.142296     1.716249
     0.143970     1.723657
     0.145644     1.731111
     0.147318     1.738608
     0.148992     1.746145
     0.150666     1.753720
     0.152340     1.761332
     0.154014     1.768977
     0.155688     1.776654
     0.157362     1.784360
     0.159036     1.792094
     0.160710     1.799854
     0.162385     1.807637
     0.164059     1.815442
     0.165733     1.823266
     0.167407     1.831108


    -0.167407     1.949192
    -0.165733     1.942707
    -0.164059     1.936233
    -0.162385     1.929770
    -0.160710     1.923319
    -0.159036     1.916881
    -0.157362     1.910455
    -0.155688     1.904044
    -0.154014     1.897646
    -0.152340     1.891263
    -0.150666     1.884896
    -0.148992     1.878544
    -0.147318     1.872209
    -0.145644     1.865890
    -0.143970     1.859589
    -0.142296     1.853306
    -0.140622     1.847042
    -0.138948     1.840796
    -0.137274     1.834570
    -0.135599     1.828364
    -0.133925     1.822179
    -0.132251     1.816014
    -0.130577     1.809872
    -0.128903     1.803751
    -0.127229     1.797652
    -0.125555     1.791577
    -0.123881     1.785526
    -0.122207     1.779498
    -0.120533     1.773495
    -0.118859     1.767517
    -0.117185     1.761564
    -0.115511     1.755638
    -0.113837     1.749738
    -0.112163     1.743866
    -0.110488     1.738020
    -0.108814     1.732204
    -0.107140     1.726415
    -0.105466     1.720656
    -0.103792     1.714927
    -0.102118     1.709228
    -0.100444     1.703560
    -0.098770     1.697924
    -0.097096     1.692319
    -0.095422     1.686747
    -0.093748     1.681209
    -0.092074     1.675704
    -0.090400     1.670234
    -0.088726     1.664799
    -0.087051     1.659400
    -0.085377     1.654037
    -0.083703     1.648712
    -0.082029     1.643424
    -0.080355     1.638175
    -0.078681     1.632966
    -0.077007     1.627797
    -0.075333     1.622670
    -0.073659     1.617584
    -0.071985     1.612540
    -0.070311     1.607541
    -0.068637     1.602586
    -0.066963     1.597676
    -0.065289     1.592813
    -0.063615     1.587997
    -0.061940     1.583229
    -0.060266     1.578511
    -0.058592     1.573844
    -0.056918     1.569227
    -0.055244     1.564664
    -0.053570     1.560154
    -0.051896     1.555699
    -0.050222     1.551300
    -0.048548     1.546958
    -0.046874     1.542675
    -0.045200     1.538451
    -0.043526     1.534289
    -0.041852     1.530188
    -0.040178     1.526152
    -0.038504     1.522180
    -0.036829     1.518274
    -0.035155     1.514437
    -0.033481     1.510668
    -0.031807     1.506970
    -0.030133     1.503344
    -0.028459     1.499792
    -0.026785     1.496314
    -0.025111     1.492913
    -0.023437     1.489590
    -0.021763     1.486346
    -0.020089     1.483184
    -0.018415     1.480104
    -0.016741     1.477108
    -0.015067     1.474198
    -0.013393     1.471376
    -0.011718     1.468642
    -0.010044     1.465999
    -0.008370     1.463448
    -0.006696     1.460991
    -0.005022     1.458630
    -0.003348     1.456365
    -0.001674     1.454200
     0.000000     1.452140
     0.001674     1.454191
     0.003348     1.456357
     0.005022     1.458622
     0.006696     1.460983
     0.008370     1.463441
     0.010044     1.465992
     0.011718     1.468635
     0.013393     1.471368
     0.015067     1.474191
     0.016741     1.477101
     0.018415     1.480097
     0.020089     1.483177
     0.021763     1.486340
     0.023437     1.489584
     0.025111     1.492907
     0.026785     1.496308
     0.028459     1.499786
     0.030133     1.503339
     0.031807     1.506965
     0.033481     1.510663
     0.035155     1.514432
     0.036829     1.518270
     0.038504     1.522175
     0.040178     1.526147
     0.041852     1.530184
     0.043526     1.534285
     0.045200     1.538447
     0.046874     1.542671
     0.048548     1.546954
     0.050222     1.551296
     0.051896     1.555695
     0.053570     1.560151
     0.055244     1.564661
     0.056918     1.569224
     0.058592     1.573841
     0.060266     1.578508
     0.061940     1.583227
     0.063615     1.587994
     0.065289     1.592810
     0.066963     1.597673
     0.068637     1.602583
     0.070311     1.607538
     0.071985     1.612538
     0.073659     1.617581
     0.075333     1.622667
     0.077007     1.627795
     0.078681     1.632964
     0.080355     1.638173
     0.082029     1.643422
     0.083703     1.648710
     0.085377     1.654035
     0.087051     1.659398
     0.088726     1.664797
     0.090400     1.670232
     0.092074     1.675702
     0.093748     1.681207
     0.095422     1.686746
     0.097096     1.692317
     0.098770     1.697922
     0.100444     1.703559
     0.102118     1.709227
     0.103792     1.714926
     0.105466     1.720655
     0.107140     1.726414
     0.108814     1.732202
     0.110488     1.738019
     0.112163     1.743864
     0.113837     1.749737
     0.115511     1.755637
     0.117185     1.761563
     0.118859     1.767516
     0.120533     1.773494
     0.122207     1.779497
     0.123881     1.785525
     0.125555     1.791577
     0.127229     1.797652
     0.128903     1.803750
     0.130577     1.809871
     0.132251     1.816014
     0.133925     1.822178
     0.135599     1.828364
     0.137274     1.834570
     0.138948     1.840796
     0.140622     1.847042
     0.142296     1.853306
     0.143970     1.859589
     0.145644     1.865890
     0.147318     1.872209
     0.148992     1.878544
     0.150666     1.884896
     0.152340     1.891264
     0.154014     1.897646
     0.155688     1.904044
     0.157362     1.910456
     0.159036     1.916881
     0.160710     1.923320
     0.162385     1.929771
     0.164059     1.936234
     0.165733     1.942708
     0.167407     1.949193


    -0.167407     2.319379
    -0.165733     2.311721
    -0.164059     2.304095
    -0.162385     2.296503
    -0.160710     2.288947
    -0.159036     2.281427
    -0.157362     2.273946
    -0.155688     2.266503
    -0.154014     2.259102
    -0.152340     2.251742
    -0.150666     2.244425
    -0.148992     2.237153
    -0.147318     2.229926
    -0.145644     2.222747
    -0.143970     2.215615
    -0.142296     2.208532
    -0.140622     2.201499
    -0.138948     2.194517
    -0.137274     2.187588
    -0.135599     2.180713
    -0.133925     2.173892
    -0.132251     2.167126
    -0.130577     2.160417
    -0.128903     2.153766
    -0.127229     2.147173
    -0.125555     2.140639
    -0.123881     2.134166
    -0.122207     2.127754
    -0.120533     2.121405
    -0.118859     2.115119
    -0.117185     2.108897
    -0.115511     2.102740
    -0.113837     2.096648
    -0.112163     2.090624
    -0.110488     2.084666
    -0.108814     2.078777
    -0.107140     2.072958
    -0.105466     2.067208
    -0.103792     2.061529
    -0.102118     2.055921
    -0.100444     2.050386
    -0.098770     2.044924
    -0.097096     2.039536
    -0.095422     2.034222
    -0.093748     2.028983
    -0.092074     2.023821
    -0.090400     2.018735
    -0.088726     2.013726
    -0.087051     2.008796
    -0.085377     2.003944
    -0.083703     1.999172
    -0.082029     1.994480
    -0.080355     1.989870
    -0.078681     1.985340
    -0.077007     1.980893
    -0.075333     1.976529
    -0.073659     1.972248
    -0.071985     1.968051
    -0.070311     1.963939
    -0.068637     1.959913
    -0.066963     1.955972
    -0.065289     1.952118
    -0.063615     1.948352
    -0.061940     1.944673
    -0.060266     1.941083
    -0.058592     1.937582
    -0.056918     1.934171
    -0.055244     1.930850
    -0.053570     1.927620
    -0.051896     1.924481
    -0.050222     1.921434
    -0.048548     1.918480
    -0.046874     1.915619
    -0.045200     1.912852
    -0.043526     1.910179
    -0.041852     1.907600
    -0.040178     1.905118
    -0.038504     1.902730
    -0.036829     1.900440
    -0.035155     1.898246
    -0.033481     1.896149
    -0.031807     1.894150
    -0.030133     1.892250
    -0.028459     1.890448
    -0.026785     1.888746
    -0.025111     1.887144
    -0.023437     1.885641
    -0.021763     1.884240
    -0.020089     1.882940
    -0.018415     1.881742
    -0.016741     1.880647
    -0.015067     1.879654
    -0.013393     1.878766
    -0.011718     1.877981
    -0.010044     1.877301
    -0.008370     1.876727
    -0.006696     1.876257
    -0.005022     1.875893
    -0.003348     1.875633
    -0.001674     1.875476
     0.000000     1.875421
     0.001674     1.875469
     0.003348     1.875621
     0.005022     1.875878
     0.006696     1.876240
     0.008370     1.876708
     0.010044     1.877281
     0.011718     1.877959
     0.013393     1.878742
     0.015067     1.879629
     0.016741     1.880620
     0.018415     1.881714
     0.020089     1.882911
     0.021763     1.884210
     0.023437     1.885611
     0.025111     1.887112
     0.026785     1.888714
     0.028459     1.890417
     0.030133     1.892218
     0.031807     1.894119
     0.033481     1.896117
     0.035155     1.898214
     0.036829     1.900408
     0.038504     1.902699
     0.040178     1.905086
     0.041852     1.907570
     0.043526     1.910148
     0.045200     1.912821
     0.046874     1.915589
     0.048548     1.918450
     0.050222     1.921404
     0.051896     1.924451
     0.053570     1.927590
     0.055244     1.930820
     0.056918     1.934142
     0.058592     1.937553
     0.060266     1.941054
     0.061940     1.944645
     0.063615     1.948324
     0.065289     1.952090
     0.066963     1.955944
     0.068637     1.959885
     0.070311     1.963912
     0.071985     1.968024
     0.073659     1.972221
     0.075333     1.976503
     0.077007     1.980867
     0.078681     1.985315
     0.080355     1.989845
     0.082029     1.994456
     0.083703     1.999148
     0.085377     2.003921
     0.087051     2.008773
     0.088726     2.013704
     0.090400     2.018713
     0.092074     2.023799
     0.093748     2.028962
     0.095422     2.034201
     0.097096     2.039516
     0.098770     2.044904
     0.100444     2.050367
     0.102118     2.055903
     0.103792     2.061511
     0.105466     2.067191
     0.107140     2.072941
     0.108814     2.078761
     0.110488     2.084651
     0.112163     2.090609
     0.113837     2.096634
     0.115511     2.102726
     0.117185     2.108884
     0.118859     2.115107
     0.120533     2.121393
     0.122207     2.127743
     0.123881     2.134156
     0.125555     2.140629
     0.127229     2.147164
     0.128903     2.153757
     0.130577     2.160409
     0.132251     2.167119
     0.133925     2.173885
     0.135599     2.180707
     0.137274     2.187583
     0.138948     2.194513
     0.140622     2.201495
     0.142296     2.208529
     0.143970     2.215612
     0.145644     2.222745
     0.147318     2.229925
     0.148992     2.237153
     0.150666     2.244425
     0.152340     2.251743
     0.154014     2.259103
     0.155688     2.266505
     0.157362     2.273948
     0.159036     2.281430
     0.160710     2.288951
     0.162385     2.296507
     0.164059     2.304100
     0.165733     2.311726
     0.167407     2.319385


    -0.167407     2.345990
    -0.165733     2.338225
    -0.164059     2.330475
    -0.162385     2.322741
    -0.160710     2.315025
    -0.159036     2.307329
    -0.157362     2.299655
    -0.155688     2.292003
    -0.154014     2.284376
    -0.152340     2.276776
    -0.150666     2.269203
    -0.148992     2.261660
    -0.147318     2.254148
    -0.145644     2.246670
    -0.143970     2.239226
    -0.142296     2.231818
    -0.140622     2.224448
    -0.138948     2.217117
    -0.137274     2.209828
    -0.135599     2.202581
    -0.133925     2.195378
    -0.132251     2.188222
    -0.130577     2.181112
    -0.128903     2.174052
    -0.127229     2.167043
    -0.125555     2.160086
    -0.123881     2.153182
    -0.122207     2.146334
    -0.120533     2.139543
    -0.118859     2.132810
    -0.117185     2.126137
    -0.115511     2.119525
    -0.113837     2.112977
    -0.112163     2.106492
    -0.110488     2.100074
    -0.108814     2.093723
    -0.107140     2.087440
    -0.105466     2.081228
    -0.103792     2.075087
    -0.102118     2.069019
    -0.100444     2.063026
    -0.098770     2.057108
    -0.097096     2.051267
    -0.095422     2.045504
    -0.093748     2.039821
    -0.092074     2.034218
    -0.090400     2.028698
    -0.088726     2.023261
    -0.087051     2.017908
    -0.085377     2.012642
    -0.083703     2.007461
    -0.082029     2.002369
    -0.080355     1.997365
    -0.078681     1.992452
    -0.077007     1.987630
    -0.075333     1.982899
    -0.073659     1.978262
    -0.071985     1.973719
    -0.070311     1.969270
    -0.068637     1.964917
    -0.066963     1.960661
    -0.065289     1.956502
    -0.063615     1.952441
    -0.061940     1.948480
    -0.060266     1.944618
    -0.058592     1.940856
    -0.056918     1.937195
    -0.055244     1.933636
    -0.053570     1.930179
    -0.051896     1.926825
    -0.050222     1.923574
    -0.048548     1.920427
    -0.046874     1.917385
    -0.045200     1.914447
    -0.043526     1.911614
    -0.041852     1.908887
    -0.040178     1.906265
    -0.038504     1.903750
    -0.036829     1.901341
    -0.035155     1.899039
    -0.033481     1.896844
    -0.031807     1.894756
    -0.030133     1.892776
    -0.028459     1.890902
    -0.026785     1.889137
    -0.025111     1.887479
    -0.023437     1.885928
    -0.021763     1.884485
    -0.020089     1.883150
    -0.018415     1.881922
    -0.016741     1.880801
    -0.015067     1.879787
    -0.013393     1.878880
    -0.011718     1.878079
    -0.010044     1.877384
    -0.008370     1.876795
    -0.006696     1.876312
    -0.005022     1.875936
    -0.003348     1.875666
    -0.001674     1.875505
     0.000000     1.875454
     0.001674     1.875512
     0.003348     1.875677
     0.005022     1.875948
     0.006696     1.876326
     0.008370     1.876810
     0.010044     1.877400
     0.011718     1.878096
     0.013393     1.878898
     0.015067     1.879807
     0.016741     1.880821
     0.018415     1.881943
     0.020089     1.883172
     0.021763     1.884507
     0.023437     1.885950
     0.025111     1.887500
     0.026785     1.889158
     0.028459     1.890923
     0.030133     1.892796
     0.031807     1.894776
     0.033481     1.896864
     0.035155     1.899058
     0.036829     1.901360
     0.038504     1.903768
     0.040178     1.906283
     0.041852     1.908903
     0.043526     1.911630
     0.045200     1.914462
     0.046874     1.917400
     0.048548     1.920442
     0.050222     1.923588
     0.051896     1.926839
     0.053570     1.930192
     0.055244     1.933649
     0.056918     1.937207
     0.058592     1.940868
     0.060266     1.944629
     0.061940     1.948491
     0.063615     1.952452
     0.065289     1.956512
     0.066963     1.960671
     0.068637     1.964927
     0.070311     1.969279
     0.071985     1.973727
     0.073659     1.978271
     0.075333     1.982908
     0.077007     1.987638
     0.078681     1.992460
     0.080355     1.997373
     0.082029     2.002376
     0.083703     2.007468
     0.085377     2.012648
     0.087051     2.017915
     0.088726     2.023267
     0.090400     2.028704
     0.092074     2.034224
     0.093748     2.039826
     0.095422     2.045509
     0.097096     2.051272
     0.098770     2.057113
     0.100444     2.063030
     0.102118     2.069024
     0.103792     2.075091
     0.105466     2.081232
     0.107140     2.087444
     0.108814     2.093727
     0.110488     2.100078
     0.112163     2.106496
     0.113837     2.112980
     0.115511     2.119529
     0.117185     2.126140
     0.118859     2.132813
     0.120533     2.139546
     0.122207     2.146337
     0.123881     2.153185
     0.125555     2.160089
     0.127229     2.167046
     0.128903     2.174055
     0.130577     2.181115
     0.132251     2.188225
     0.133925     2.195381
     0.135599     2.202584
     0.137274     2.209831
     0.138948     2.217120
     0.140622     2.224451
     0.142296     2.231821
     0.143970     2.239229
     0.145644     2.246673
     0.147318     2.254152
     0.148992     2.261663
     0.150666     2.269206
     0.152340     2.276779
     0.154014     2.284379
     0.155688     2.292006
     0.157362     2.299658
     0.159036     2.307333
     0.160710     2.315029
     0.162385     2.322745
     0.164059     2.330479
     0.165733     2.338229
     0.167407     2.345995


