    -0.167407    -3.596770
    -0.165733    -3.596754
    -0.164059    -3.596742
    -0.162385    -3.596732
    -0.160710    -3.596725
    -0.159036    -3.596721
    -0.157362    -3.596719
    -0.155688    -3.596719
    -0.154014    -3.596721
    -0.152340    -3.596724
    -0.150666    -3.596729
    -0.148992    -3.596735
    -0.147318    -3.596742
    -0.145644    -3.596750
    -0.143970    -3.596758
    -0.142296    -3.596766
    -0.140622    -3.596775
    -0.138948    -3.596784
    -0.137274    -3.596793
    -0.135599    -3.596801
    -0.133925    -3.596809
    -0.132251    -3.596816
    -0.130577    -3.596822
    -0.128903    -3.596827
    -0.127229    -3.596831
    -0.125555    -3.596834
    -0.123881    -3.596835
    -0.122207    -3.596834
    -0.120533    -3.596832
    -0.118859    -3.596827
    -0.117185    -3.596821
    -0.115511    -3.596812
    -0.113837    -3.596801
    -0.112163    -3.596787
    -0.110488    -3.596770
    -0.108814    -3.596751
    -0.107140    -3.596729
    -0.105466    -3.596703
    -0.103792    -3.596675
    -0.102118    -3.596643
    -0.100444    -3.596608
    -0.098770    -3.596569
    -0.097096    -3.596526
    -0.095422    -3.596480
    -0.093748    -3.596430
    -0.092074    -3.596375
    -0.090400    -3.596317
    -0.088726    -3.596254
    -0.087051    -3.596187
    -0.085377    -3.596116
    -0.083703    -3.596040
    -0.082029    -3.595959
    -0.080355    -3.595873
    -0.078681    -3.595783
    -0.077007    -3.595688
    -0.075333    -3.595588
    -0.073659    -3.595483
    -0.071985    -3.595372
    -0.070311    -3.595257
    -0.068637    -3.595136
    -0.066963    -3.595009
    -0.065289    -3.594877
    -0.063615    -3.594740
    -0.061940    -3.594597
    -0.060266    -3.594448
    -0.058592    -3.594293
    -0.056918    -3.594132
    -0.055244    -3.593966
    -0.053570    -3.593793
    -0.051896    -3.593615
    -0.050222    -3.593430
    -0.048548    -3.593239
    -0.046874    -3.593042
    -0.045200    -3.592838
    -0.043526    -3.592628
    -0.041852    -3.592412
    -0.040178    -3.592189
    -0.038504    -3.591959
    -0.036829    -3.591723
    -0.035155    -3.591480
    -0.033481    -3.591231
    -0.031807    -3.590975
    -0.030133    -3.590712
    -0.028459    -3.590442
    -0.026785    -3.590165
    -0.025111    -3.589881
    -0.023437    -3.589590
    -0.021763    -3.589293
    -0.020089    -3.588988
    -0.018415    -3.588676
    -0.016741    -3.588356
    -0.015067    -3.588030
    -0.013393    -3.587696
    -0.011718    -3.587355
    -0.010044    -3.587007
    -0.008370    -3.586652
    -0.006696    -3.586289
    -0.005022    -3.585918
    -0.003348    -3.585540
    -0.001674    -3.585155
     0.000000    -3.584770
     0.001674    -3.585153
     0.003348    -3.585538
     0.005022    -3.585916
     0.006696    -3.586286
     0.008370    -3.586649
     0.010044    -3.587005
     0.011718    -3.587353
     0.013393    -3.587694
     0.015067    -3.588028
     0.016741    -3.588354
     0.018415    -3.588673
     0.020089    -3.588985
     0.021763    -3.589290
     0.023437    -3.589588
     0.025111    -3.589879
     0.026785    -3.590163
     0.028459    -3.590439
     0.030133    -3.590709
     0.031807    -3.590972
     0.033481    -3.591229
     0.035155    -3.591478
     0.036829    -3.591721
     0.038504    -3.591957
     0.040178    -3.592186
     0.041852    -3.592409
     0.043526    -3.592625
     0.045200    -3.592835
     0.046874    -3.593039
     0.048548    -3.593236
     0.050222    -3.593427
     0.051896    -3.593612
     0.053570    -3.593790
     0.055244    -3.593963
     0.056918    -3.594129
     0.058592    -3.594290
     0.060266    -3.594445
     0.061940    -3.594593
     0.063615    -3.594737
     0.065289    -3.594874
     0.066963    -3.595006
     0.068637    -3.595132
     0.070311    -3.595253
     0.071985    -3.595369
     0.073659    -3.595479
     0.075333    -3.595584
     0.077007    -3.595684
     0.078681    -3.595779
     0.080355    -3.595869
     0.082029    -3.595955
     0.083703    -3.596035
     0.085377    -3.596111
     0.087051    -3.596183
     0.088726    -3.596250
     0.090400    -3.596312
     0.092074    -3.596370
     0.093748    -3.596425
     0.095422    -3.596475
     0.097096    -3.596521
     0.098770    -3.596564
     0.100444    -3.596603
     0.102118    -3.596638
     0.103792    -3.596670
     0.105466    -3.596698
     0.107140    -3.596723
     0.108814    -3.596745
     0.110488    -3.596765
     0.112163    -3.596781
     0.113837    -3.596795
     0.115511    -3.596806
     0.117185    -3.596815
     0.118859    -3.596821
     0.120533    -3.596826
     0.122207    -3.596828
     0.123881    -3.596828
     0.125555    -3.596827
     0.127229    -3.596825
     0.128903    -3.596821
     0.130577    -3.596815
     0.132251    -3.596809
     0.133925    -3.596802
     0.135599    -3.596794
     0.137274    -3.596786
     0.138948    -3.596777
     0.140622    -3.596768
     0.142296    -3.596759
     0.143970    -3.596751
     0.145644    -3.596742
     0.147318    -3.596734
     0.148992    -3.596728
     0.150666    -3.596722
     0.152340    -3.596717
     0.154014    -3.596713
     0.155688    -3.596711
     0.157362    -3.596711
     0.159036    -3.596713
     0.160710    -3.596718
     0.162385    -3.596724
     0.164059    -3.596734
     0.165733    -3.596746
     0.167407    -3.596762


    -0.167407    -3.506729
    -0.165733    -3.507846
    -0.164059    -3.508958
    -0.162385    -3.510066
    -0.160710    -3.511168
    -0.159036    -3.512265
    -0.157362    -3.513357
    -0.155688    -3.514444
    -0.154014    -3.515525
    -0.152340    -3.516601
    -0.150666    -3.517671
    -0.148992    -3.518736
    -0.147318    -3.519795
    -0.145644    -3.520848
    -0.143970    -3.521895
    -0.142296    -3.522936
    -0.140622    -3.523972
    -0.138948    -3.525001
    -0.137274    -3.526024
    -0.135599    -3.527040
    -0.133925    -3.528051
    -0.132251    -3.529055
    -0.130577    -3.530052
    -0.128903    -3.531043
    -0.127229    -3.532027
    -0.125555    -3.533005
    -0.123881    -3.533976
    -0.122207    -3.534940
    -0.120533    -3.535897
    -0.118859    -3.536847
    -0.117185    -3.537791
    -0.115511    -3.538727
    -0.113837    -3.539657
    -0.112163    -3.540579
    -0.110488    -3.541494
    -0.108814    -3.542401
    -0.107140    -3.543302
    -0.105466    -3.544195
    -0.103792    -3.545081
    -0.102118    -3.545960
    -0.100444    -3.546831
    -0.098770    -3.547694
    -0.097096    -3.548550
    -0.095422    -3.549399
    -0.093748    -3.550240
    -0.092074    -3.551073
    -0.090400    -3.551898
    -0.088726    -3.552716
    -0.087051    -3.553527
    -0.085377    -3.554329
    -0.083703    -3.555124
    -0.082029    -3.555911
    -0.080355    -3.556690
    -0.078681    -3.557461
    -0.077007    -3.558225
    -0.075333    -3.558981
    -0.073659    -3.559728
    -0.071985    -3.560468
    -0.070311    -3.561200
    -0.068637    -3.561924
    -0.066963    -3.562640
    -0.065289    -3.563348
    -0.063615    -3.564048
    -0.061940    -3.564740
    -0.060266    -3.565425
    -0.058592    -3.566101
    -0.056918    -3.566769
    -0.055244    -3.567429
    -0.053570    -3.568081
    -0.051896    -3.568726
    -0.050222    -3.569362
    -0.048548    -3.569990
    -0.046874    -3.570610
    -0.045200    -3.571222
    -0.043526    -3.571826
    -0.041852    -3.572422
    -0.040178    -3.573011
    -0.038504    -3.573591
    -0.036829    -3.574163
    -0.035155    -3.574727
    -0.033481    -3.575283
    -0.031807    -3.575832
    -0.030133    -3.576372
    -0.028459    -3.576904
    -0.026785    -3.577429
    -0.025111    -3.577946
    -0.023437    -3.578454
    -0.021763    -3.578955
    -0.020089    -3.579448
    -0.018415    -3.579933
    -0.016741    -3.580411
    -0.015067    -3.580880
    -0.013393    -3.581342
    -0.011718    -3.581796
    -0.010044    -3.582243
    -0.008370    -3.582681
    -0.006696    -3.583112
    -0.005022    -3.583535
    -0.003348    -3.583951
    -0.001674    -3.584359
     0.000000    -3.584751
     0.001674    -3.584362
     0.003348    -3.583954
     0.005022    -3.583538
     0.006696    -3.583115
     0.008370    -3.582684
     0.010044    -3.582245
     0.011718    -3.581799
     0.013393    -3.581345
     0.015067    -3.580883
     0.016741    -3.580414
     0.018415    -3.579936
     0.020089    -3.579451
     0.021763    -3.578958
     0.023437    -3.578457
     0.025111    -3.577949
     0.026785    -3.577432
     0.028459    -3.576908
     0.030133    -3.576375
     0.031807    -3.575835
     0.033481    -3.575287
     0.035155    -3.574730
     0.036829    -3.574166
     0.038504    -3.573594
     0.040178    -3.573014
     0.041852    -3.572426
     0.043526    -3.571830
     0.045200    -3.571226
     0.046874    -3.570614
     0.048548    -3.569993
     0.050222    -3.569365
     0.051896    -3.568729
     0.053570    -3.568085
     0.055244    -3.567433
     0.056918    -3.566773
     0.058592    -3.566105
     0.060266    -3.565428
     0.061940    -3.564744
     0.063615    -3.564052
     0.065289    -3.563352
     0.066963    -3.562644
     0.068637    -3.561928
     0.070311    -3.561204
     0.071985    -3.560472
     0.073659    -3.559732
     0.075333    -3.558984
     0.077007    -3.558229
     0.078681    -3.557465
     0.080355    -3.556694
     0.082029    -3.555915
     0.083703    -3.555128
     0.085377    -3.554333
     0.087051    -3.553530
     0.088726    -3.552720
     0.090400    -3.551902
     0.092074    -3.551076
     0.093748    -3.550243
     0.095422    -3.549402
     0.097096    -3.548553
     0.098770    -3.547697
     0.100444    -3.546833
     0.102118    -3.545962
     0.103792    -3.545084
     0.105466    -3.544198
     0.107140    -3.543305
     0.108814    -3.542404
     0.110488    -3.541496
     0.112163    -3.540581
     0.113837    -3.539659
     0.115511    -3.538729
     0.117185    -3.537793
     0.118859    -3.536849
     0.120533    -3.535899
     0.122207    -3.534941
     0.123881    -3.533977
     0.125555    -3.533006
     0.127229    -3.532028
     0.128903    -3.531044
     0.130577    -3.530053
     0.132251    -3.529055
     0.133925    -3.528051
     0.135599    -3.527040
     0.137274    -3.526023
     0.138948    -3.525000
     0.140622    -3.523971
     0.142296    -3.522936
     0.143970    -3.521894
     0.145644    -3.520847
     0.147318    -3.519793
     0.148992    -3.518734
     0.150666    -3.517669
     0.152340    -3.516599
     0.154014    -3.515523
     0.155688    -3.514441
     0.157362    -3.513355
     0.159036    -3.512262
     0.160710    -3.511165
     0.162385    -3.510063
     0.164059    -3.508955
     0.165733    -3.507843
     0.167407    -3.506726


    -0.167407    -2.338768
    -0.165733    -2.333564
    -0.164059    -2.328476
    -0.162385    -2.323502
    -0.160710    -2.318639
    -0.159036    -2.313885
    -0.157362    -2.309237
    -0.155688    -2.304695
    -0.154014    -2.300254
    -0.152340    -2.295912
    -0.150666    -2.291668
    -0.148992    -2.287517
    -0.147318    -2.283459
    -0.145644    -2.279490
    -0.143970    -2.275609
    -0.142296    -2.271811
    -0.140622    -2.268096
    -0.138948    -2.264461
    -0.137274    -2.260904
    -0.135599    -2.257422
    -0.133925    -2.254013
    -0.132251    -2.250676
    -0.130577    -2.247408
    -0.128903    -2.244207
    -0.127229    -2.241072
    -0.125555    -2.238000
    -0.123881    -2.234991
    -0.122207    -2.232042
    -0.120533    -2.229151
    -0.118859    -2.226318
    -0.117185    -2.223541
    -0.115511    -2.220818
    -0.113837    -2.218149
    -0.112163    -2.215531
    -0.110488    -2.212964
    -0.108814    -2.210447
    -0.107140    -2.207979
    -0.105466    -2.205557
    -0.103792    -2.203183
    -0.102118    -2.200854
    -0.100444    -2.198570
    -0.098770    -2.196330
    -0.097096    -2.194133
    -0.095422    -2.191978
    -0.093748    -2.189865
    -0.092074    -2.187793
    -0.090400    -2.185762
    -0.088726    -2.183770
    -0.087051    -2.181818
    -0.085377    -2.179904
    -0.083703    -2.178028
    -0.082029    -2.176190
    -0.080355    -2.174390
    -0.078681    -2.172626
    -0.077007    -2.170899
    -0.075333    -2.169207
    -0.073659    -2.167552
    -0.071985    -2.165931
    -0.070311    -2.164346
    -0.068637    -2.162795
    -0.066963    -2.161279
    -0.065289    -2.159796
    -0.063615    -2.158348
    -0.061940    -2.156933
    -0.060266    -2.155551
    -0.058592    -2.154203
    -0.056918    -2.152887
    -0.055244    -2.151604
    -0.053570    -2.150354
    -0.051896    -2.149136
    -0.050222    -2.147950
    -0.048548    -2.146796
    -0.046874    -2.145674
    -0.045200    -2.144584
    -0.043526    -2.143525
    -0.041852    -2.142498
    -0.040178    -2.141502
    -0.038504    -2.140537
    -0.036829    -2.139603
    -0.035155    -2.138700
    -0.033481    -2.137827
    -0.031807    -2.136986
    -0.030133    -2.136175
    -0.028459    -2.135394
    -0.026785    -2.134644
    -0.025111    -2.133925
    -0.023437    -2.133235
    -0.021763    -2.132576
    -0.020089    -2.131946
    -0.018415    -2.131347
    -0.016741    -2.130778
    -0.015067    -2.130238
    -0.013393    -2.129728
    -0.011718    -2.129248
    -0.010044    -2.128797
    -0.008370    -2.128376
    -0.006696    -2.127984
    -0.005022    -2.127622
    -0.003348    -2.127289
    -0.001674    -2.126985
     0.000000    -2.126721
     0.001674    -2.126989
     0.003348    -2.127293
     0.005022    -2.127626
     0.006696    -2.127988
     0.008370    -2.128380
     0.010044    -2.128802
     0.011718    -2.129252
     0.013393    -2.129733
     0.015067    -2.130243
     0.016741    -2.130783
     0.018415    -2.131352
     0.020089    -2.131952
     0.021763    -2.132581
     0.023437    -2.133240
     0.025111    -2.133930
     0.026785    -2.134650
     0.028459    -2.135400
     0.030133    -2.136181
     0.031807    -2.136992
     0.033481    -2.137833
     0.035155    -2.138706
     0.036829    -2.139609
     0.038504    -2.140543
     0.040178    -2.141508
     0.041852    -2.142504
     0.043526    -2.143532
     0.045200    -2.144591
     0.046874    -2.145681
     0.048548    -2.146803
     0.050222    -2.147957
     0.051896    -2.149143
     0.053570    -2.150361
     0.055244    -2.151612
     0.056918    -2.152895
     0.058592    -2.154210
     0.060266    -2.155559
     0.061940    -2.156941
     0.063615    -2.158356
     0.065289    -2.159804
     0.066963    -2.161287
     0.068637    -2.162803
     0.070311    -2.164354
     0.071985    -2.165940
     0.073659    -2.167560
     0.075333    -2.169216
     0.077007    -2.170907
     0.078681    -2.172635
     0.080355    -2.174399
     0.082029    -2.176199
     0.083703    -2.178037
     0.085377    -2.179913
     0.087051    -2.181827
     0.088726    -2.183779
     0.090400    -2.185771
     0.092074    -2.187803
     0.093748    -2.189875
     0.095422    -2.191988
     0.097096    -2.194143
     0.098770    -2.196340
     0.100444    -2.198580
     0.102118    -2.200864
     0.103792    -2.203193
     0.105466    -2.205568
     0.107140    -2.207989
     0.108814    -2.210458
     0.110488    -2.212975
     0.112163    -2.215542
     0.113837    -2.218160
     0.115511    -2.220830
     0.117185    -2.223552
     0.118859    -2.226330
     0.120533    -2.229163
     0.122207    -2.232053
     0.123881    -2.235003
     0.125555    -2.238012
     0.127229    -2.241084
     0.128903    -2.244219
     0.130577    -2.247420
     0.132251    -2.250688
     0.133925    -2.254025
     0.135599    -2.257434
     0.137274    -2.260916
     0.138948    -2.264473
     0.140622    -2.268108
     0.142296    -2.271823
     0.143970    -2.275620
     0.145644    -2.279502
     0.147318    -2.283471
     0.148992    -2.287529
     0.150666    -2.291679
     0.152340    -2.295923
     0.154014    -2.300264
     0.155688    -2.304705
     0.157362    -2.309248
     0.159036    -2.313895
     0.160710    -2.318648
     0.162385    -2.323511
     0.164059    -2.328485
     0.165733    -2.333573
     0.167407    -2.338776


    -0.167407    -2.262658
    -0.165733    -2.258199
    -0.164059    -2.253909
    -0.162385    -2.249781
    -0.160710    -2.245808
    -0.159036    -2.241983
    -0.157362    -2.238300
    -0.155688    -2.234750
    -0.154014    -2.231328
    -0.152340    -2.228027
    -0.150666    -2.224840
    -0.148992    -2.221761
    -0.147318    -2.218783
    -0.145644    -2.215903
    -0.143970    -2.213113
    -0.142296    -2.210410
    -0.140622    -2.207788
    -0.138948    -2.205244
    -0.137274    -2.202773
    -0.135599    -2.200371
    -0.133925    -2.198036
    -0.132251    -2.195763
    -0.130577    -2.193550
    -0.128903    -2.191394
    -0.127229    -2.189293
    -0.125555    -2.187243
    -0.123881    -2.185244
    -0.122207    -2.183293
    -0.120533    -2.181388
    -0.118859    -2.179527
    -0.117185    -2.177709
    -0.115511    -2.175933
    -0.113837    -2.174196
    -0.112163    -2.172499
    -0.110488    -2.170840
    -0.108814    -2.169217
    -0.107140    -2.167630
    -0.105466    -2.166079
    -0.103792    -2.164561
    -0.102118    -2.163077
    -0.100444    -2.161626
    -0.098770    -2.160208
    -0.097096    -2.158821
    -0.095422    -2.157465
    -0.093748    -2.156140
    -0.092074    -2.154845
    -0.090400    -2.153580
    -0.088726    -2.152345
    -0.087051    -2.151139
    -0.085377    -2.149963
    -0.083703    -2.148815
    -0.082029    -2.147695
    -0.080355    -2.146604
    -0.078681    -2.145541
    -0.077007    -2.144506
    -0.075333    -2.143499
    -0.073659    -2.142520
    -0.071985    -2.141568
    -0.070311    -2.140644
    -0.068637    -2.139748
    -0.066963    -2.138878
    -0.065289    -2.138037
    -0.063615    -2.137222
    -0.061940    -2.136435
    -0.060266    -2.135675
    -0.058592    -2.134942
    -0.056918    -2.134237
    -0.055244    -2.133558
    -0.053570    -2.132907
    -0.051896    -2.132284
    -0.050222    -2.131687
    -0.048548    -2.131118
    -0.046874    -2.130576
    -0.045200    -2.130062
    -0.043526    -2.129575
    -0.041852    -2.129116
    -0.040178    -2.128684
    -0.038504    -2.128279
    -0.036829    -2.127902
    -0.035155    -2.127553
    -0.033481    -2.127231
    -0.031807    -2.126938
    -0.030133    -2.126672
    -0.028459    -2.126434
    -0.026785    -2.126223
    -0.025111    -2.126041
    -0.023437    -2.125887
    -0.021763    -2.125761
    -0.020089    -2.125664
    -0.018415    -2.125594
    -0.016741    -2.125553
    -0.015067    -2.125540
    -0.013393    -2.125556
    -0.011718    -2.125600
    -0.010044    -2.125673
    -0.008370    -2.125774
    -0.006696    -2.125904
    -0.005022    -2.126063
    -0.003348    -2.126251
    -0.001674    -2.126468
     0.000000    -2.126703
     0.001674    -2.126464
     0.003348    -2.126248
     0.005022    -2.126060
     0.006696    -2.125901
     0.008370    -2.125771
     0.010044    -2.125670
     0.011718    -2.125597
     0.013393    -2.125553
     0.015067    -2.125538
     0.016741    -2.125551
     0.018415    -2.125592
     0.020089    -2.125661
     0.021763    -2.125759
     0.023437    -2.125886
     0.025111    -2.126040
     0.026785    -2.126222
     0.028459    -2.126432
     0.030133    -2.126671
     0.031807    -2.126937
     0.033481    -2.127231
     0.035155    -2.127552
     0.036829    -2.127902
     0.038504    -2.128279
     0.040178    -2.128683
     0.041852    -2.129116
     0.043526    -2.129575
     0.045200    -2.130063
     0.046874    -2.130577
     0.048548    -2.131119
     0.050222    -2.131688
     0.051896    -2.132285
     0.053570    -2.132909
     0.055244    -2.133560
     0.056918    -2.134238
     0.058592    -2.134944
     0.060266    -2.135677
     0.061940    -2.136437
     0.063615    -2.137224
     0.065289    -2.138039
     0.066963    -2.138881
     0.068637    -2.139750
     0.070311    -2.140647
     0.071985    -2.141571
     0.073659    -2.142523
     0.075333    -2.143503
     0.077007    -2.144510
     0.078681    -2.145545
     0.080355    -2.146608
     0.082029    -2.147699
     0.083703    -2.148819
     0.085377    -2.149967
     0.087051    -2.151144
     0.088726    -2.152350
     0.090400    -2.153585
     0.092074    -2.154850
     0.093748    -2.156145
     0.095422    -2.157470
     0.097096    -2.158826
     0.098770    -2.160213
     0.100444    -2.161632
     0.102118    -2.163083
     0.103792    -2.164567
     0.105466    -2.166084
     0.107140    -2.167636
     0.108814    -2.169223
     0.110488    -2.170846
     0.112163    -2.172505
     0.113837    -2.174202
     0.115511    -2.175939
     0.117185    -2.177715
     0.118859    -2.179533
     0.120533    -2.181394
     0.122207    -2.183299
     0.123881    -2.185250
     0.125555    -2.187249
     0.127229    -2.189299
     0.128903    -2.191400
     0.130577    -2.193556
     0.132251    -2.195769
     0.133925    -2.198042
     0.135599    -2.200377
     0.137274    -2.202779
     0.138948    -2.205250
     0.140622    -2.207794
     0.142296    -2.210416
     0.143970    -2.213119
     0.145644    -2.215908
     0.147318    -2.218789
     0.148992    -2.221766
     0.150666    -2.224845
     0.152340    -2.228032
     0.154014    -2.231334
     0.155688    -2.234756
     0.157362    -2.238305
     0.159036    -2.241988
     0.160710    -2.245813
     0.162385    -2.249786
     0.164059    -2.253914
     0.165733    -2.258204
     0.167407    -2.262663


    -0.167407    -2.068247
    -0.165733    -2.061679
    -0.164059    -2.054990
    -0.162385    -2.048188
    -0.160710    -2.041282
    -0.159036    -2.034280
    -0.157362    -2.027191
    -0.155688    -2.020023
    -0.154014    -2.012785
    -0.152340    -2.005485
    -0.150666    -1.998132
    -0.148992    -1.990732
    -0.147318    -1.983294
    -0.145644    -1.975825
    -0.143970    -1.968331
    -0.142296    -1.960819
    -0.140622    -1.953294
    -0.138948    -1.945764
    -0.137274    -1.938233
    -0.135599    -1.930707
    -0.133925    -1.923191
    -0.132251    -1.915689
    -0.130577    -1.908206
    -0.128903    -1.900746
    -0.127229    -1.893313
    -0.125555    -1.885911
    -0.123881    -1.878543
    -0.122207    -1.871212
    -0.120533    -1.863922
    -0.118859    -1.856676
    -0.117185    -1.849477
    -0.115511    -1.842327
    -0.113837    -1.835228
    -0.112163    -1.828184
    -0.110488    -1.821198
    -0.108814    -1.814271
    -0.107140    -1.807413
    -0.105466    -1.800696
    -0.103792    -1.794349
    -0.102118    -1.788122
    -0.100444    -1.781950
    -0.098770    -1.775829
    -0.097096    -1.769760
    -0.095422    -1.763742
    -0.093748    -1.757777
    -0.092074    -1.751866
    -0.090400    -1.746010
    -0.088726    -1.740211
    -0.087051    -1.734469
    -0.085377    -1.728785
    -0.083703    -1.723160
    -0.082029    -1.717596
    -0.080355    -1.712093
    -0.078681    -1.706652
    -0.077007    -1.701274
    -0.075333    -1.695960
    -0.073659    -1.690710
    -0.071985    -1.685527
    -0.070311    -1.680409
    -0.068637    -1.675360
    -0.066963    -1.670379
    -0.065289    -1.665467
    -0.063615    -1.660625
    -0.061940    -1.655854
    -0.060266    -1.651156
    -0.058592    -1.646530
    -0.056918    -1.641979
    -0.055244    -1.637503
    -0.053570    -1.633103
    -0.051896    -1.628782
    -0.050222    -1.624539
    -0.048548    -1.620377
    -0.046874    -1.616297
    -0.045200    -1.612300
    -0.043526    -1.608389
    -0.041852    -1.604565
    -0.040178    -1.600830
    -0.038504    -1.597187
    -0.036829    -1.593638
    -0.035155    -1.590186
    -0.033481    -1.586834
    -0.031807    -1.583585
    -0.030133    -1.580443
    -0.028459    -1.577411
    -0.026785    -1.574494
    -0.025111    -1.571696
    -0.023437    -1.569023
    -0.021763    -1.566481
    -0.020089    -1.564074
    -0.018415    -1.561810
    -0.016741    -1.559694
    -0.015067    -1.557736
    -0.013393    -1.555940
    -0.011718    -1.554316
    -0.010044    -1.552870
    -0.008370    -1.551610
    -0.006696    -1.550542
    -0.005022    -1.549673
    -0.003348    -1.549008
    -0.001674    -1.548551
     0.000000    -1.548307
     0.001674    -1.548550
     0.003348    -1.549007
     0.005022    -1.549671
     0.006696    -1.550539
     0.008370    -1.551605
     0.010044    -1.552864
     0.011718    -1.554309
     0.013393    -1.555932
     0.015067    -1.557727
     0.016741    -1.559685
     0.018415    -1.561799
     0.020089    -1.564063
     0.021763    -1.566469
     0.023437    -1.569011
     0.025111    -1.571683
     0.026785    -1.574480
     0.028459    -1.577396
     0.030133    -1.580428
     0.031807    -1.583570
     0.033481    -1.586819
     0.035155    -1.590170
     0.036829    -1.593622
     0.038504    -1.597171
     0.040178    -1.600813
     0.041852    -1.604548
     0.043526    -1.608371
     0.045200    -1.612282
     0.046874    -1.616279
     0.048548    -1.620359
     0.050222    -1.624521
     0.051896    -1.628763
     0.053570    -1.633085
     0.055244    -1.637484
     0.056918    -1.641960
     0.058592    -1.646511
     0.060266    -1.651136
     0.061940    -1.655835
     0.063615    -1.660605
     0.065289    -1.665447
     0.066963    -1.670359
     0.068637    -1.675340
     0.070311    -1.680390
     0.071985    -1.685507
     0.073659    -1.690690
     0.075333    -1.695939
     0.077007    -1.701253
     0.078681    -1.706631
     0.080355    -1.712072
     0.082029    -1.717575
     0.083703    -1.723140
     0.085377    -1.728764
     0.087051    -1.734448
     0.088726    -1.740190
     0.090400    -1.745989
     0.092074    -1.751845
     0.093748    -1.757755
     0.095422    -1.763720
     0.097096    -1.769738
     0.098770    -1.775808
     0.100444    -1.781928
     0.102118    -1.788099
     0.103792    -1.794325
     0.105466    -1.800662
     0.107140    -1.807382
     0.108814    -1.814242
     0.110488    -1.821169
     0.112163    -1.828156
     0.113837    -1.835200
     0.115511    -1.842299
     0.117185    -1.849450
     0.118859    -1.856650
     0.120533    -1.863896
     0.122207    -1.871186
     0.123881    -1.878517
     0.125555    -1.885886
     0.127229    -1.893289
     0.128903    -1.900722
     0.130577    -1.908183
     0.132251    -1.915666
     0.133925    -1.923169
     0.135599    -1.930686
     0.137274    -1.938212
     0.138948    -1.945744
     0.140622    -1.953274
     0.142296    -1.960799
     0.143970    -1.968312
     0.145644    -1.975807
     0.147318    -1.983277
     0.148992    -1.990716
     0.150666    -1.998116
     0.152340    -2.005470
     0.154014    -2.012770
     0.155688    -2.020009
     0.157362    -2.027177
     0.159036    -2.034267
     0.160710    -2.041270
     0.162385    -2.048177
     0.164059    -2.054979
     0.165733    -2.061669
     0.167407    -2.068238


    -0.167407    -2.045034
    -0.165733    -2.038732
    -0.164059    -2.032374
    -0.162385    -2.025965
    -0.160710    -2.019507
    -0.159036    -2.013005
    -0.157362    -2.006460
    -0.155688    -1.999878
    -0.154014    -1.993260
    -0.152340    -1.986611
    -0.150666    -1.979934
    -0.148992    -1.973233
    -0.147318    -1.966511
    -0.145644    -1.959772
    -0.143970    -1.953019
    -0.142296    -1.946255
    -0.140622    -1.939484
    -0.138948    -1.932708
    -0.137274    -1.925932
    -0.135599    -1.919158
    -0.133925    -1.912388
    -0.132251    -1.905627
    -0.130577    -1.898877
    -0.128903    -1.892140
    -0.127229    -1.885420
    -0.125555    -1.878718
    -0.123881    -1.872038
    -0.122207    -1.865381
    -0.120533    -1.858750
    -0.118859    -1.852147
    -0.117185    -1.845575
    -0.115511    -1.839035
    -0.113837    -1.832529
    -0.112163    -1.826058
    -0.110488    -1.819625
    -0.108814    -1.813230
    -0.107140    -1.806869
    -0.105466    -1.800472
    -0.103792    -1.793812
    -0.102118    -1.787145
    -0.100444    -1.780538
    -0.098770    -1.773998
    -0.097096    -1.767527
    -0.095422    -1.761126
    -0.093748    -1.754799
    -0.092074    -1.748544
    -0.090400    -1.742365
    -0.088726    -1.736261
    -0.087051    -1.730234
    -0.085377    -1.724285
    -0.083703    -1.718414
    -0.082029    -1.712623
    -0.080355    -1.706911
    -0.078681    -1.701280
    -0.077007    -1.695731
    -0.075333    -1.690263
    -0.073659    -1.684878
    -0.071985    -1.679576
    -0.070311    -1.674358
    -0.068637    -1.669224
    -0.066963    -1.664175
    -0.065289    -1.659211
    -0.063615    -1.654333
    -0.061940    -1.649542
    -0.060266    -1.644837
    -0.058592    -1.640219
    -0.056918    -1.635690
    -0.055244    -1.631250
    -0.053570    -1.626899
    -0.051896    -1.622638
    -0.050222    -1.618469
    -0.048548    -1.614391
    -0.046874    -1.610407
    -0.045200    -1.606517
    -0.043526    -1.602724
    -0.041852    -1.599027
    -0.040178    -1.595429
    -0.038504    -1.591932
    -0.036829    -1.588538
    -0.035155    -1.585249
    -0.033481    -1.582068
    -0.031807    -1.578998
    -0.030133    -1.576042
    -0.028459    -1.573204
    -0.026785    -1.570487
    -0.025111    -1.567897
    -0.023437    -1.565438
    -0.021763    -1.563116
    -0.020089    -1.560936
    -0.018415    -1.558905
    -0.016741    -1.557030
    -0.015067    -1.555316
    -0.013393    -1.553772
    -0.011718    -1.552405
    -0.010044    -1.551221
    -0.008370    -1.550227
    -0.006696    -1.549431
    -0.005022    -1.548837
    -0.003348    -1.548449
    -0.001674    -1.548271
     0.000000    -1.548302
     0.001674    -1.548269
     0.003348    -1.548445
     0.005022    -1.548832
     0.006696    -1.549425
     0.008370    -1.550220
     0.010044    -1.551212
     0.011718    -1.552395
     0.013393    -1.553762
     0.015067    -1.555305
     0.016741    -1.557018
     0.018415    -1.558892
     0.020089    -1.560923
     0.021763    -1.563102
     0.023437    -1.565423
     0.025111    -1.567881
     0.026785    -1.570470
     0.028459    -1.573186
     0.030133    -1.576024
     0.031807    -1.578979
     0.033481    -1.582049
     0.035155    -1.585229
     0.036829    -1.588518
     0.038504    -1.591911
     0.040178    -1.595408
     0.041852    -1.599005
     0.043526    -1.602701
     0.045200    -1.606495
     0.046874    -1.610384
     0.048548    -1.614368
     0.050222    -1.618445
     0.051896    -1.622614
     0.053570    -1.626874
     0.055244    -1.631225
     0.056918    -1.635665
     0.058592    -1.640194
     0.060266    -1.644811
     0.061940    -1.649515
     0.063615    -1.654307
     0.065289    -1.659185
     0.066963    -1.664148
     0.068637    -1.669197
     0.070311    -1.674331
     0.071985    -1.679549
     0.073659    -1.684850
     0.075333    -1.690235
     0.077007    -1.695702
     0.078681    -1.701252
     0.080355    -1.706883
     0.082029    -1.712594
     0.083703    -1.718386
     0.085377    -1.724256
     0.087051    -1.730206
     0.088726    -1.736233
     0.090400    -1.742336
     0.092074    -1.748516
     0.093748    -1.754770
     0.095422    -1.761098
     0.097096    -1.767499
     0.098770    -1.773970
     0.100444    -1.780511
     0.102118    -1.787119
     0.103792    -1.793788
     0.105466    -1.800456
     0.107140    -1.806851
     0.108814    -1.813211
     0.110488    -1.819605
     0.112163    -1.826038
     0.113837    -1.832508
     0.115511    -1.839014
     0.117185    -1.845554
     0.118859    -1.852126
     0.120533    -1.858729
     0.122207    -1.865359
     0.123881    -1.872016
     0.125555    -1.878696
     0.127229    -1.885398
     0.128903    -1.892119
     0.130577    -1.898855
     0.132251    -1.905605
     0.133925    -1.912367
     0.135599    -1.919136
     0.137274    -1.925910
     0.138948    -1.932686
     0.140622    -1.939462
     0.142296    -1.946233
     0.143970    -1.952997
     0.145644    -1.959750
     0.147318    -1.966490
     0.148992    -1.973212
     0.150666    -1.979913
     0.152340    -1.986589
     0.154014    -1.993238
     0.155688    -1.999856
     0.157362    -2.006439
     0.159036    -2.012983
     0.160710    -2.019486
     0.162385    -2.025944
     0.164059    -2.032353
     0.165733    -2.038711
     0.167407    -2.045014


    -0.167407    -1.568397
    -0.165733    -1.565211
    -0.164059    -1.562054
    -0.162385    -1.558925
    -0.160710    -1.555824
    -0.159036    -1.552754
    -0.157362    -1.549715
    -0.155688    -1.546707
    -0.154014    -1.543731
    -0.152340    -1.540789
    -0.150666    -1.537881
    -0.148992    -1.535008
    -0.147318    -1.532170
    -0.145644    -1.529369
    -0.143970    -1.526606
    -0.142296    -1.523881
    -0.140622    -1.521196
    -0.138948    -1.518550
    -0.137274    -1.515945
    -0.135599    -1.513382
    -0.133925    -1.510861
    -0.132251    -1.508384
    -0.130577    -1.505951
    -0.128903    -1.503562
    -0.127229    -1.501220
    -0.125555    -1.498923
    -0.123881    -1.496674
    -0.122207    -1.494473
    -0.120533    -1.492320
    -0.118859    -1.490216
    -0.117185    -1.488163
    -0.115511    -1.486160
    -0.113837    -1.484208
    -0.112163    -1.482308
    -0.110488    -1.480460
    -0.108814    -1.478666
    -0.107140    -1.476925
    -0.105466    -1.475238
    -0.103792    -1.473605
    -0.102118    -1.472028
    -0.100444    -1.470506
    -0.098770    -1.469040
    -0.097096    -1.467630
    -0.095422    -1.466276
    -0.093748    -1.464980
    -0.092074    -1.463741
    -0.090400    -1.462559
    -0.088726    -1.461435
    -0.087051    -1.460369
    -0.085377    -1.459361
    -0.083703    -1.458411
    -0.082029    -1.457519
    -0.080355    -1.456686
    -0.078681    -1.455911
    -0.077007    -1.455194
    -0.075333    -1.454536
    -0.073659    -1.453936
    -0.071985    -1.453394
    -0.070311    -1.452910
    -0.068637    -1.452483
    -0.066963    -1.452114
    -0.065289    -1.451802
    -0.063615    -1.451547
    -0.061940    -1.451347
    -0.060266    -1.451204
    -0.058592    -1.451115
    -0.056918    -1.451081
    -0.055244    -1.451100
    -0.053570    -1.451172
    -0.051896    -1.451296
    -0.050222    -1.451470
    -0.048548    -1.451694
    -0.046874    -1.451967
    -0.045200    -1.452286
    -0.043526    -1.452650
    -0.041852    -1.453057
    -0.040178    -1.453506
    -0.038504    -1.453995
    -0.036829    -1.454521
    -0.035155    -1.455081
    -0.033481    -1.455673
    -0.031807    -1.456294
    -0.030133    -1.456941
    -0.028459    -1.457609
    -0.026785    -1.458293
    -0.025111    -1.458986
    -0.023437    -1.459681
    -0.021763    -1.460372
    -0.020089    -1.461053
    -0.018415    -1.461715
    -0.016741    -1.462354
    -0.015067    -1.462962
    -0.013393    -1.463532
    -0.011718    -1.464056
    -0.010044    -1.464528
    -0.008370    -1.464941
    -0.006696    -1.465288
    -0.005022    -1.465563
    -0.003348    -1.465762
    -0.001674    -1.465882
     0.000000    -1.465921
     0.001674    -1.465877
     0.003348    -1.465754
     0.005022    -1.465552
     0.006696    -1.465276
     0.008370    -1.464929
     0.010044    -1.464517
     0.011718    -1.464045
     0.013393    -1.463522
     0.015067    -1.462953
     0.016741    -1.462346
     0.018415    -1.461708
     0.020089    -1.461046
     0.021763    -1.460367
     0.023437    -1.459677
     0.025111    -1.458983
     0.026785    -1.458293
     0.028459    -1.457612
     0.030133    -1.456947
     0.031807    -1.456304
     0.033481    -1.455685
     0.035155    -1.455094
     0.036829    -1.454535
     0.038504    -1.454011
     0.040178    -1.453523
     0.041852    -1.453074
     0.043526    -1.452667
     0.045200    -1.452303
     0.046874    -1.451984
     0.048548    -1.451712
     0.050222    -1.451488
     0.051896    -1.451313
     0.053570    -1.451190
     0.055244    -1.451117
     0.056918    -1.451098
     0.058592    -1.451132
     0.060266    -1.451221
     0.061940    -1.451364
     0.063615    -1.451563
     0.065289    -1.451819
     0.066963    -1.452131
     0.068637    -1.452500
     0.070311    -1.452926
     0.071985    -1.453410
     0.073659    -1.453951
     0.075333    -1.454551
     0.077007    -1.455209
     0.078681    -1.455926
     0.080355    -1.456700
     0.082029    -1.457533
     0.083703    -1.458425
     0.085377    -1.459374
     0.087051    -1.460382
     0.088726    -1.461448
     0.090400    -1.462572
     0.092074    -1.463753
     0.093748    -1.464992
     0.095422    -1.466288
     0.097096    -1.467642
     0.098770    -1.469051
     0.100444    -1.470517
     0.102118    -1.472039
     0.103792    -1.473616
     0.105466    -1.475248
     0.107140    -1.476935
     0.108814    -1.478675
     0.110488    -1.480470
     0.112163    -1.482317
     0.113837    -1.484217
     0.115511    -1.486168
     0.117185    -1.488171
     0.118859    -1.490224
     0.120533    -1.492327
     0.122207    -1.494480
     0.123881    -1.496681
     0.125555    -1.498930
     0.127229    -1.501226
     0.128903    -1.503568
     0.130577    -1.505957
     0.132251    -1.508390
     0.133925    -1.510867
     0.135599    -1.513387
     0.137274    -1.515950
     0.138948    -1.518555
     0.140622    -1.521200
     0.142296    -1.523885
     0.143970    -1.526610
     0.145644    -1.529373
     0.147318    -1.532173
     0.148992    -1.535011
     0.150666    -1.537884
     0.152340    -1.540791
     0.154014    -1.543733
     0.155688    -1.546709
     0.157362    -1.549717
     0.159036    -1.552756
     0.160710    -1.555826
     0.162385    -1.558926
     0.164059    -1.562055
     0.165733    -1.565213
     0.167407    -1.568397


    -0.167407    -1.537877
    -0.165733    -1.534954
    -0.164059    -1.532076
    -0.162385    -1.529244
    -0.160710    -1.526457
    -0.159036    -1.523716
    -0.157362    -1.521022
    -0.155688    -1.518375
    -0.154014    -1.515776
    -0.152340    -1.513224
    -0.150666    -1.510721
    -0.148992    -1.508265
    -0.147318    -1.505859
    -0.145644    -1.503501
    -0.143970    -1.501193
    -0.142296    -1.498934
    -0.140622    -1.496724
    -0.138948    -1.494564
    -0.137274    -1.492454
    -0.135599    -1.490394
    -0.133925    -1.488384
    -0.132251    -1.486424
    -0.130577    -1.484514
    -0.128903    -1.482654
    -0.127229    -1.480844
    -0.125555    -1.479085
    -0.123881    -1.477376
    -0.122207    -1.475717
    -0.120533    -1.474108
    -0.118859    -1.472549
    -0.117185    -1.471041
    -0.115511    -1.469582
    -0.113837    -1.468174
    -0.112163    -1.466815
    -0.110488    -1.465506
    -0.108814    -1.464247
    -0.107140    -1.463037
    -0.105466    -1.461877
    -0.103792    -1.460767
    -0.102118    -1.459705
    -0.100444    -1.458693
    -0.098770    -1.457730
    -0.097096    -1.456816
    -0.095422    -1.455951
    -0.093748    -1.455134
    -0.092074    -1.454365
    -0.090400    -1.453645
    -0.088726    -1.452973
    -0.087051    -1.452349
    -0.085377    -1.451773
    -0.083703    -1.451244
    -0.082029    -1.450763
    -0.080355    -1.450328
    -0.078681    -1.449941
    -0.077007    -1.449600
    -0.075333    -1.449305
    -0.073659    -1.449057
    -0.071985    -1.448854
    -0.070311    -1.448697
    -0.068637    -1.448584
    -0.066963    -1.448517
    -0.065289    -1.448493
    -0.063615    -1.448513
    -0.061940    -1.448577
    -0.060266    -1.448683
    -0.058592    -1.448832
    -0.056918    -1.449022
    -0.055244    -1.449253
    -0.053570    -1.449523
    -0.051896    -1.449833
    -0.050222    -1.450181
    -0.048548    -1.450567
    -0.046874    -1.450988
    -0.045200    -1.451443
    -0.043526    -1.451932
    -0.041852    -1.452452
    -0.040178    -1.453002
    -0.038504    -1.453580
    -0.036829    -1.454183
    -0.035155    -1.454808
    -0.033481    -1.455453
    -0.031807    -1.456114
    -0.030133    -1.456788
    -0.028459    -1.457471
    -0.026785    -1.458161
    -0.025111    -1.458855
    -0.023437    -1.459549
    -0.021763    -1.460239
    -0.020089    -1.460920
    -0.018415    -1.461586
    -0.016741    -1.462229
    -0.015067    -1.462843
    -0.013393    -1.463421
    -0.011718    -1.463954
    -0.010044    -1.464436
    -0.008370    -1.464859
    -0.006696    -1.465216
    -0.005022    -1.465501
    -0.003348    -1.465710
    -0.001674    -1.465838
     0.000000    -1.465884
     0.001674    -1.465845
     0.003348    -1.465722
     0.005022    -1.465517
     0.006696    -1.465234
     0.008370    -1.464878
     0.010044    -1.464457
     0.011718    -1.463976
     0.013393    -1.463443
     0.015067    -1.462866
     0.016741    -1.462252
     0.018415    -1.461608
     0.020089    -1.460943
     0.021763    -1.460261
     0.023437    -1.459571
     0.025111    -1.458875
     0.026785    -1.458180
     0.028459    -1.457487
     0.030133    -1.456801
     0.031807    -1.456124
     0.033481    -1.455461
     0.035155    -1.454814
     0.036829    -1.454188
     0.038504    -1.453584
     0.040178    -1.453006
     0.041852    -1.452455
     0.043526    -1.451935
     0.045200    -1.451446
     0.046874    -1.450990
     0.048548    -1.450569
     0.050222    -1.450184
     0.051896    -1.449835
     0.053570    -1.449525
     0.055244    -1.449255
     0.056918    -1.449024
     0.058592    -1.448834
     0.060266    -1.448685
     0.061940    -1.448579
     0.063615    -1.448515
     0.065289    -1.448495
     0.066963    -1.448518
     0.068637    -1.448586
     0.070311    -1.448698
     0.071985    -1.448856
     0.073659    -1.449058
     0.075333    -1.449307
     0.077007    -1.449601
     0.078681    -1.449942
     0.080355    -1.450330
     0.082029    -1.450764
     0.083703    -1.451246
     0.085377    -1.451774
     0.087051    -1.452351
     0.088726    -1.452975
     0.090400    -1.453647
     0.092074    -1.454367
     0.093748    -1.455135
     0.095422    -1.455952
     0.097096    -1.456817
     0.098770    -1.457732
     0.100444    -1.458695
     0.102118    -1.459707
     0.103792    -1.460768
     0.105466    -1.461879
     0.107140    -1.463039
     0.108814    -1.464248
     0.110488    -1.465507
     0.112163    -1.466816
     0.113837    -1.468175
     0.115511    -1.469583
     0.117185    -1.471042
     0.118859    -1.472551
     0.120533    -1.474109
     0.122207    -1.475718
     0.123881    -1.477377
     0.125555    -1.479086
     0.127229    -1.480846
     0.128903    -1.482655
     0.130577    -1.484515
     0.132251    -1.486425
     0.133925    -1.488385
     0.135599    -1.490396
     0.137274    -1.492456
     0.138948    -1.494566
     0.140622    -1.496726
     0.142296    -1.498935
     0.143970    -1.501195
     0.145644    -1.503503
     0.147318    -1.505861
     0.148992    -1.508267
     0.150666    -1.510722
     0.152340    -1.513226
     0.154014    -1.515778
     0.155688    -1.518377
     0.157362    -1.521024
     0.159036    -1.523718
     0.160710    -1.526459
     0.162385    -1.529245
     0.164059    -1.532078
     0.165733    -1.534956
     0.167407    -1.537879


    -0.167407    -1.193410
    -0.165733    -1.188564
    -0.164059    -1.183666
    -0.162385    -1.178714
    -0.160710    -1.173710
    -0.159036    -1.168654
    -0.157362    -1.163716
    -0.155688    -1.159449
    -0.154014    -1.155142
    -0.152340    -1.150790
    -0.150666    -1.146391
    -0.148992    -1.141946
    -0.147318    -1.137452
    -0.145644    -1.132909
    -0.143970    -1.128316
    -0.142296    -1.123673
    -0.140622    -1.118978
    -0.138948    -1.114230
    -0.137274    -1.109429
    -0.135599    -1.104575
    -0.133925    -1.099665
    -0.132251    -1.094701
    -0.130577    -1.089680
    -0.128903    -1.084604
    -0.127229    -1.079470
    -0.125555    -1.074279
    -0.123881    -1.069030
    -0.122207    -1.063723
    -0.120533    -1.058357
    -0.118859    -1.052933
    -0.117185    -1.047450
    -0.115511    -1.041908
    -0.113837    -1.036308
    -0.112163    -1.030649
    -0.110488    -1.024932
    -0.108814    -1.019157
    -0.107140    -1.013324
    -0.105466    -1.007433
    -0.103792    -1.001486
    -0.102118    -0.995484
    -0.100444    -0.989426
    -0.098770    -0.983314
    -0.097096    -0.977150
    -0.095422    -0.970933
    -0.093748    -0.964666
    -0.092074    -0.958350
    -0.090400    -0.951986
    -0.088726    -0.945577
    -0.087051    -0.939124
    -0.085377    -0.932630
    -0.083703    -0.926095
    -0.082029    -0.919524
    -0.080355    -0.912918
    -0.078681    -0.906280
    -0.077007    -0.899613
    -0.075333    -0.892921
    -0.073659    -0.886206
    -0.071985    -0.879473
    -0.070311    -0.872724
    -0.068637    -0.865964
    -0.066963    -0.859198
    -0.065289    -0.852430
    -0.063615    -0.845664
    -0.061940    -0.838906
    -0.060266    -0.832162
    -0.058592    -0.825437
    -0.056918    -0.818738
    -0.055244    -0.812070
    -0.053570    -0.805442
    -0.051896    -0.798859
    -0.050222    -0.792330
    -0.048548    -0.785864
    -0.046874    -0.779468
    -0.045200    -0.773152
    -0.043526    -0.766925
    -0.041852    -0.760797
    -0.040178    -0.754780
    -0.038504    -0.748883
    -0.036829    -0.743118
    -0.035155    -0.737496
    -0.033481    -0.732031
    -0.031807    -0.726734
    -0.030133    -0.721618
    -0.028459    -0.716696
    -0.026785    -0.711981
    -0.025111    -0.707485
    -0.023437    -0.703221
    -0.021763    -0.699201
    -0.020089    -0.695437
    -0.018415    -0.691940
    -0.016741    -0.688721
    -0.015067    -0.685788
    -0.013393    -0.683149
    -0.011718    -0.680813
    -0.010044    -0.678783
    -0.008370    -0.677065
    -0.006696    -0.675661
    -0.005022    -0.674573
    -0.003348    -0.673803
    -0.001674    -0.673344
     0.000000    -0.673190
     0.001674    -0.673341
     0.003348    -0.673801
     0.005022    -0.674575
     0.006696    -0.675664
     0.008370    -0.677069
     0.010044    -0.678787
     0.011718    -0.680817
     0.013393    -0.683153
     0.015067    -0.685791
     0.016741    -0.688724
     0.018415    -0.691943
     0.020089    -0.695440
     0.021763    -0.699203
     0.023437    -0.703223
     0.025111    -0.707486
     0.026785    -0.711982
     0.028459    -0.716697
     0.030133    -0.721619
     0.031807    -0.726735
     0.033481    -0.732031
     0.035155    -0.737496
     0.036829    -0.743117
     0.038504    -0.748882
     0.040178    -0.754779
     0.041852    -0.760797
     0.043526    -0.766924
     0.045200    -0.773150
     0.046874    -0.779466
     0.048548    -0.785862
     0.050222    -0.792329
     0.051896    -0.798857
     0.053570    -0.805439
     0.055244    -0.812068
     0.056918    -0.818735
     0.058592    -0.825435
     0.060266    -0.832160
     0.061940    -0.838904
     0.063615    -0.845661
     0.065289    -0.852427
     0.066963    -0.859195
     0.068637    -0.865961
     0.070311    -0.872721
     0.071985    -0.879469
     0.073659    -0.886203
     0.075333    -0.892918
     0.077007    -0.899610
     0.078681    -0.906277
     0.080355    -0.912915
     0.082029    -0.919520
     0.083703    -0.926092
     0.085377    -0.932626
     0.087051    -0.939121
     0.088726    -0.945574
     0.090400    -0.951983
     0.092074    -0.958347
     0.093748    -0.964663
     0.095422    -0.970930
     0.097096    -0.977146
     0.098770    -0.983311
     0.100444    -0.989423
     0.102118    -0.995481
     0.103792    -1.001483
     0.105466    -1.007430
     0.107140    -1.013320
     0.108814    -1.019154
     0.110488    -1.024929
     0.112163    -1.030646
     0.113837    -1.036305
     0.115511    -1.041906
     0.117185    -1.047447
     0.118859    -1.052930
     0.120533    -1.058355
     0.122207    -1.063720
     0.123881    -1.069027
     0.125555    -1.074277
     0.127229    -1.079468
     0.128903    -1.084602
     0.130577    -1.089679
     0.132251    -1.094699
     0.133925    -1.099664
     0.135599    -1.104573
     0.137274    -1.109428
     0.138948    -1.114229
     0.140622    -1.118977
     0.142296    -1.123672
     0.143970    -1.128316
     0.145644    -1.132909
     0.147318    -1.137452
     0.148992    -1.141946
     0.150666    -1.146391
     0.152340    -1.150790
     0.154014    -1.155142
     0.155688    -1.159450
     0.157362    -1.163716
     0.159036    -1.168647
     0.160710    -1.173703
     0.162385    -1.178707
     0.164059    -1.183658
     0.165733    -1.188556
     0.167407    -1.193402


    -0.167407    -1.188403
    -0.165733    -1.184388
    -0.164059    -1.180333
    -0.162385    -1.176239
    -0.160710    -1.172105
    -0.159036    -1.167928
    -0.157362    -1.163537
    -0.155688    -1.158380
    -0.154014    -1.153166
    -0.152340    -1.147900
    -0.150666    -1.142582
    -0.148992    -1.137213
    -0.147318    -1.131792
    -0.145644    -1.126322
    -0.143970    -1.120801
    -0.142296    -1.115231
    -0.140622    -1.109613
    -0.138948    -1.103947
    -0.137274    -1.098233
    -0.135599    -1.092473
    -0.133925    -1.086668
    -0.132251    -1.080819
    -0.130577    -1.074926
    -0.128903    -1.068991
    -0.127229    -1.063014
    -0.125555    -1.056997
    -0.123881    -1.050942
    -0.122207    -1.044848
    -0.120533    -1.038719
    -0.118859    -1.032555
    -0.117185    -1.026357
    -0.115511    -1.020127
    -0.113837    -1.013867
    -0.112163    -1.007579
    -0.110488    -1.001263
    -0.108814    -0.994922
    -0.107140    -0.988557
    -0.105466    -0.982171
    -0.103792    -0.975765
    -0.102118    -0.969341
    -0.100444    -0.962902
    -0.098770    -0.956448
    -0.097096    -0.949984
    -0.095422    -0.943509
    -0.093748    -0.937028
    -0.092074    -0.930542
    -0.090400    -0.924053
    -0.088726    -0.917564
    -0.087051    -0.911078
    -0.085377    -0.904596
    -0.083703    -0.898123
    -0.082029    -0.891659
    -0.080355    -0.885209
    -0.078681    -0.878775
    -0.077007    -0.872360
    -0.075333    -0.865966
    -0.073659    -0.859598
    -0.071985    -0.853257
    -0.070311    -0.846948
    -0.068637    -0.840673
    -0.066963    -0.834437
    -0.065289    -0.828242
    -0.063615    -0.822092
    -0.061940    -0.815990
    -0.060266    -0.809942
    -0.058592    -0.803950
    -0.056918    -0.798018
    -0.055244    -0.792152
    -0.053570    -0.786354
    -0.051896    -0.780630
    -0.050222    -0.774985
    -0.048548    -0.769422
    -0.046874    -0.763947
    -0.045200    -0.758565
    -0.043526    -0.753281
    -0.041852    -0.748102
    -0.040178    -0.743032
    -0.038504    -0.738077
    -0.036829    -0.733244
    -0.035155    -0.728539
    -0.033481    -0.723968
    -0.031807    -0.719539
    -0.030133    -0.715259
    -0.028459    -0.711135
    -0.026785    -0.707176
    -0.025111    -0.703388
    -0.023437    -0.699780
    -0.021763    -0.696361
    -0.020089    -0.693139
    -0.018415    -0.690124
    -0.016741    -0.687324
    -0.015067    -0.684749
    -0.013393    -0.682408
    -0.011718    -0.680311
    -0.010044    -0.678466
    -0.008370    -0.676882
    -0.006696    -0.675569
    -0.005022    -0.674532
    -0.003348    -0.673780
    -0.001674    -0.673323
     0.000000    -0.673172
     0.001674    -0.673326
     0.003348    -0.673781
     0.005022    -0.674529
     0.006696    -0.675563
     0.008370    -0.676875
     0.010044    -0.678458
     0.011718    -0.680303
     0.013393    -0.682400
     0.015067    -0.684741
     0.016741    -0.687316
     0.018415    -0.690115
     0.020089    -0.693131
     0.021763    -0.696352
     0.023437    -0.699771
     0.025111    -0.703379
     0.026785    -0.707167
     0.028459    -0.711127
     0.030133    -0.715251
     0.031807    -0.719531
     0.033481    -0.723960
     0.035155    -0.728531
     0.036829    -0.733236
     0.038504    -0.738069
     0.040178    -0.743024
     0.041852    -0.748095
     0.043526    -0.753275
     0.045200    -0.758559
     0.046874    -0.763941
     0.048548    -0.769416
     0.050222    -0.774979
     0.051896    -0.780625
     0.053570    -0.786349
     0.055244    -0.792147
     0.056918    -0.798014
     0.058592    -0.803946
     0.060266    -0.809938
     0.061940    -0.815987
     0.063615    -0.822088
     0.065289    -0.828239
     0.066963    -0.834434
     0.068637    -0.840671
     0.070311    -0.846946
     0.071985    -0.853255
     0.073659    -0.859596
     0.075333    -0.865965
     0.077007    -0.872359
     0.078681    -0.878774
     0.080355    -0.885209
     0.082029    -0.891659
     0.083703    -0.898122
     0.085377    -0.904596
     0.087051    -0.911078
     0.088726    -0.917564
     0.090400    -0.924053
     0.092074    -0.930542
     0.093748    -0.937028
     0.095422    -0.943510
     0.097096    -0.949984
     0.098770    -0.956449
     0.100444    -0.962902
     0.102118    -0.969342
     0.103792    -0.975766
     0.105466    -0.982172
     0.107140    -0.988558
     0.108814    -0.994922
     0.110488    -1.001263
     0.112163    -1.007579
     0.113837    -1.013867
     0.115511    -1.020127
     0.117185    -1.026357
     0.118859    -1.032554
     0.120533    -1.038718
     0.122207    -1.044848
     0.123881    -1.050941
     0.125555    -1.056996
     0.127229    -1.063013
     0.128903    -1.068989
     0.130577    -1.074924
     0.132251    -1.080817
     0.133925    -1.086666
     0.135599    -1.092471
     0.137274    -1.098231
     0.138948    -1.103944
     0.140622    -1.109610
     0.142296    -1.115228
     0.143970    -1.120797
     0.145644    -1.126318
     0.147318    -1.131788
     0.148992    -1.137208
     0.150666    -1.142577
     0.152340    -1.147895
     0.154014    -1.153161
     0.155688    -1.158374
     0.157362    -1.163532
     0.159036    -1.167929
     0.160710    -1.172106
     0.162385    -1.176241
     0.164059    -1.180335
     0.165733    -1.184389
     0.167407    -1.188405


    -0.167407    -0.448976
    -0.165733    -0.445775
    -0.164059    -0.442619
    -0.162385    -0.439509
    -0.160710    -0.436444
    -0.159036    -0.433426
    -0.157362    -0.430455
    -0.155688    -0.427531
    -0.154014    -0.424656
    -0.152340    -0.421830
    -0.150666    -0.419054
    -0.148992    -0.416327
    -0.147318    -0.413651
    -0.145644    -0.411027
    -0.143970    -0.408453
    -0.142296    -0.405932
    -0.140622    -0.403464
    -0.138948    -0.401049
    -0.137274    -0.398688
    -0.135599    -0.396381
    -0.133925    -0.394129
    -0.132251    -0.391931
    -0.130577    -0.389789
    -0.128903    -0.387704
    -0.127229    -0.385674
    -0.125555    -0.383701
    -0.123881    -0.381785
    -0.122207    -0.379927
    -0.120533    -0.378126
    -0.118859    -0.376383
    -0.117185    -0.374699
    -0.115511    -0.373072
    -0.113837    -0.371505
    -0.112163    -0.369995
    -0.110488    -0.368545
    -0.108814    -0.367153
    -0.107140    -0.365821
    -0.105466    -0.364547
    -0.103792    -0.363331
    -0.102118    -0.362174
    -0.100444    -0.361076
    -0.098770    -0.360036
    -0.097096    -0.359053
    -0.095422    -0.358127
    -0.093748    -0.357259
    -0.092074    -0.356447
    -0.090400    -0.355690
    -0.088726    -0.354988
    -0.087051    -0.354340
    -0.085377    -0.353746
    -0.083703    -0.353203
    -0.082029    -0.352711
    -0.080355    -0.352269
    -0.078681    -0.351875
    -0.077007    -0.351527
    -0.075333    -0.351224
    -0.073659    -0.350963
    -0.071985    -0.350743
    -0.070311    -0.350562
    -0.068637    -0.350416
    -0.066963    -0.350303
    -0.065289    -0.350220
    -0.063615    -0.350164
    -0.061940    -0.350130
    -0.060266    -0.350116
    -0.058592    -0.350117
    -0.056918    -0.350129
    -0.055244    -0.350146
    -0.053570    -0.350164
    -0.051896    -0.350177
    -0.050222    -0.350178
    -0.048548    -0.350162
    -0.046874    -0.350121
    -0.045200    -0.350049
    -0.043526    -0.349936
    -0.041852    -0.349776
    -0.040178    -0.349559
    -0.038504    -0.349275
    -0.036829    -0.348916
    -0.035155    -0.348471
    -0.033481    -0.347930
    -0.031807    -0.347282
    -0.030133    -0.346516
    -0.028459    -0.345620
    -0.026785    -0.344585
    -0.025111    -0.343398
    -0.023437    -0.342048
    -0.021763    -0.340526
    -0.020089    -0.338820
    -0.018415    -0.336922
    -0.016741    -0.334824
    -0.015067    -0.332516
    -0.013393    -0.329994
    -0.011718    -0.327251
    -0.010044    -0.324285
    -0.008370    -0.321092
    -0.006696    -0.317673
    -0.005022    -0.314027
    -0.003348    -0.310158
    -0.001674    -0.306069
     0.000000    -0.301784
     0.001674    -0.306086
     0.003348    -0.310176
     0.005022    -0.314046
     0.006696    -0.317692
     0.008370    -0.321112
     0.010044    -0.324305
     0.011718    -0.327272
     0.013393    -0.330015
     0.015067    -0.332537
     0.016741    -0.334845
     0.018415    -0.336944
     0.020089    -0.338843
     0.021763    -0.340548
     0.023437    -0.342071
     0.025111    -0.343421
     0.026785    -0.344608
     0.028459    -0.345644
     0.030133    -0.346539
     0.031807    -0.347305
     0.033481    -0.347954
     0.035155    -0.348495
     0.036829    -0.348940
     0.038504    -0.349299
     0.040178    -0.349582
     0.041852    -0.349799
     0.043526    -0.349960
     0.045200    -0.350072
     0.046874    -0.350145
     0.048548    -0.350185
     0.050222    -0.350201
     0.051896    -0.350199
     0.053570    -0.350187
     0.055244    -0.350169
     0.056918    -0.350151
     0.058592    -0.350139
     0.060266    -0.350138
     0.061940    -0.350151
     0.063615    -0.350184
     0.065289    -0.350240
     0.066963    -0.350323
     0.068637    -0.350436
     0.070311    -0.350581
     0.071985    -0.350762
     0.073659    -0.350982
     0.075333    -0.351242
     0.077007    -0.351545
     0.078681    -0.351892
     0.080355    -0.352286
     0.082029    -0.352728
     0.083703    -0.353220
     0.085377    -0.353762
     0.087051    -0.354356
     0.088726    -0.355004
     0.090400    -0.355705
     0.092074    -0.356462
     0.093748    -0.357274
     0.095422    -0.358142
     0.097096    -0.359067
     0.098770    -0.360049
     0.100444    -0.361089
     0.102118    -0.362188
     0.103792    -0.363344
     0.105466    -0.364559
     0.107140    -0.365833
     0.108814    -0.367165
     0.110488    -0.368557
     0.112163    -0.370007
     0.113837    -0.371516
     0.115511    -0.373083
     0.117185    -0.374709
     0.118859    -0.376394
     0.120533    -0.378136
     0.122207    -0.379937
     0.123881    -0.381795
     0.125555    -0.383711
     0.127229    -0.385683
     0.128903    -0.387713
     0.130577    -0.389798
     0.132251    -0.391940
     0.133925    -0.394137
     0.135599    -0.396389
     0.137274    -0.398696
     0.138948    -0.401057
     0.140622    -0.403472
     0.142296    -0.405940
     0.143970    -0.408461
     0.145644    -0.411034
     0.147318    -0.413659
     0.148992    -0.416335
     0.150666    -0.419061
     0.152340    -0.421838
     0.154014    -0.424664
     0.155688    -0.427539
     0.157362    -0.430462
     0.159036    -0.433433
     0.160710    -0.436451
     0.162385    -0.439516
     0.164059    -0.442626
     0.165733    -0.445782
     0.167407    -0.448983


    -0.167407    -0.380504
    -0.165733    -0.375198
    -0.164059    -0.369901
    -0.162385    -0.364612
    -0.160710    -0.359331
    -0.159036    -0.354059
    -0.157362    -0.348796
    -0.155688    -0.343543
    -0.154014    -0.338299
    -0.152340    -0.333065
    -0.150666    -0.327842
    -0.148992    -0.322629
    -0.147318    -0.317428
    -0.145644    -0.312239
    -0.143970    -0.307061
    -0.142296    -0.301897
    -0.140622    -0.296746
    -0.138948    -0.291608
    -0.137274    -0.286485
    -0.135599    -0.281377
    -0.133925    -0.276286
    -0.132251    -0.271211
    -0.130577    -0.266153
    -0.128903    -0.261115
    -0.127229    -0.256096
    -0.125555    -0.251098
    -0.123881    -0.246122
    -0.122207    -0.241170
    -0.120533    -0.236243
    -0.118859    -0.231342
    -0.117185    -0.226470
    -0.115511    -0.221629
    -0.113837    -0.216821
    -0.112163    -0.212048
    -0.110488    -0.207313
    -0.108814    -0.202620
    -0.107140    -0.197971
    -0.105466    -0.193370
    -0.103792    -0.188822
    -0.102118    -0.184330
    -0.100444    -0.179901
    -0.098770    -0.175539
    -0.097096    -0.171252
    -0.095422    -0.167046
    -0.093748    -0.162929
    -0.092074    -0.158909
    -0.090400    -0.154997
    -0.088726    -0.151203
    -0.087051    -0.147540
    -0.085377    -0.144020
    -0.083703    -0.140658
    -0.082029    -0.137470
    -0.080355    -0.134474
    -0.078681    -0.131689
    -0.077007    -0.129135
    -0.075333    -0.126835
    -0.073659    -0.124812
    -0.071985    -0.123088
    -0.070311    -0.121690
    -0.068637    -0.120640
    -0.066963    -0.119963
    -0.065289    -0.119680
    -0.063615    -0.119809
    -0.061940    -0.120365
    -0.060266    -0.121361
    -0.058592    -0.122800
    -0.056918    -0.124684
    -0.055244    -0.127006
    -0.053570    -0.129755
    -0.051896    -0.132917
    -0.050222    -0.136469
    -0.048548    -0.140388
    -0.046874    -0.144647
    -0.045200    -0.149219
    -0.043526    -0.154074
    -0.041852    -0.159183
    -0.040178    -0.164516
    -0.038504    -0.170045
    -0.036829    -0.175743
    -0.035155    -0.181584
    -0.033481    -0.187543
    -0.031807    -0.193596
    -0.030133    -0.199720
    -0.028459    -0.205894
    -0.026785    -0.212099
    -0.025111    -0.218313
    -0.023437    -0.224520
    -0.021763    -0.230702
    -0.020089    -0.236841
    -0.018415    -0.242921
    -0.016741    -0.248926
    -0.015067    -0.254841
    -0.013393    -0.260651
    -0.011718    -0.266343
    -0.010044    -0.271902
    -0.008370    -0.277314
    -0.006696    -0.282569
    -0.005022    -0.287654
    -0.003348    -0.292557
    -0.001674    -0.297270
     0.000000    -0.301763
     0.001674    -0.297253
     0.003348    -0.292541
     0.005022    -0.287638
     0.006696    -0.282554
     0.008370    -0.277300
     0.010044    -0.271888
     0.011718    -0.266329
     0.013393    -0.260638
     0.015067    -0.254828
     0.016741    -0.248914
     0.018415    -0.242909
     0.020089    -0.236829
     0.021763    -0.230691
     0.023437    -0.224510
     0.025111    -0.218303
     0.026785    -0.212089
     0.028459    -0.205885
     0.030133    -0.199711
     0.031807    -0.193587
     0.033481    -0.187534
     0.035155    -0.181576
     0.036829    -0.175735
     0.038504    -0.170037
     0.040178    -0.164508
     0.041852    -0.159175
     0.043526    -0.154066
     0.045200    -0.149212
     0.046874    -0.144640
     0.048548    -0.140380
     0.050222    -0.136461
     0.051896    -0.132908
     0.053570    -0.129747
     0.055244    -0.126997
     0.056918    -0.124674
     0.058592    -0.122790
     0.060266    -0.121351
     0.061940    -0.120355
     0.063615    -0.119798
     0.065289    -0.119668
     0.066963    -0.119951
     0.068637    -0.120627
     0.070311    -0.121676
     0.071985    -0.123074
     0.073659    -0.124797
     0.075333    -0.126820
     0.077007    -0.129120
     0.078681    -0.131673
     0.080355    -0.134457
     0.082029    -0.137453
     0.083703    -0.140640
     0.085377    -0.144002
     0.087051    -0.147522
     0.088726    -0.151185
     0.090400    -0.154978
     0.092074    -0.158890
     0.093748    -0.162909
     0.095422    -0.167026
     0.097096    -0.171233
     0.098770    -0.175520
     0.100444    -0.179881
     0.102118    -0.184311
     0.103792    -0.188802
     0.105466    -0.193350
     0.107140    -0.197951
     0.108814    -0.202600
     0.110488    -0.207294
     0.112163    -0.212029
     0.113837    -0.216802
     0.115511    -0.221611
     0.117185    -0.226452
     0.118859    -0.231324
     0.120533    -0.236225
     0.122207    -0.241152
     0.123881    -0.246105
     0.125555    -0.251081
     0.127229    -0.256079
     0.128903    -0.261099
     0.130577    -0.266138
     0.132251    -0.271195
     0.133925    -0.276271
     0.135599    -0.281363
     0.137274    -0.286471
     0.138948    -0.291595
     0.140622    -0.296733
     0.142296    -0.301885
     0.143970    -0.307050
     0.145644    -0.312227
     0.147318    -0.317418
     0.148992    -0.322619
     0.150666    -0.327832
     0.152340    -0.333056
     0.154014    -0.338290
     0.155688    -0.343535
     0.157362    -0.348789
     0.159036    -0.354052
     0.160710    -0.359325
     0.162385    -0.364606
     0.164059    -0.369896
     0.165733    -0.375194
     0.167407    -0.380500


    -0.167407     0.613607
    -0.165733     0.605153
    -0.164059     0.596680
    -0.162385     0.588188
    -0.160710     0.579679
    -0.159036     0.571153
    -0.157362     0.562611
    -0.155688     0.554053
    -0.154014     0.545480
    -0.152340     0.536892
    -0.150666     0.528292
    -0.148992     0.519678
    -0.147318     0.511053
    -0.145644     0.502416
    -0.143970     0.493770
    -0.142296     0.485115
    -0.140622     0.476451
    -0.138948     0.467781
    -0.137274     0.459105
    -0.135599     0.450425
    -0.133925     0.441741
    -0.132251     0.433056
    -0.130577     0.424371
    -0.128903     0.415688
    -0.127229     0.407007
    -0.125555     0.398332
    -0.123881     0.389664
    -0.122207     0.381005
    -0.120533     0.372358
    -0.118859     0.363725
    -0.117185     0.355108
    -0.115511     0.346512
    -0.113837     0.337938
    -0.112163     0.329390
    -0.110488     0.320872
    -0.108814     0.312389
    -0.107140     0.303943
    -0.105466     0.295541
    -0.103792     0.287188
    -0.102118     0.278888
    -0.100444     0.270649
    -0.098770     0.262478
    -0.097096     0.254381
    -0.095422     0.246368
    -0.093748     0.238448
    -0.092074     0.230630
    -0.090400     0.222926
    -0.088726     0.215349
    -0.087051     0.207911
    -0.085377     0.200629
    -0.083703     0.193517
    -0.082029     0.186594
    -0.080355     0.179879
    -0.078681     0.173393
    -0.077007     0.167159
    -0.075333     0.161201
    -0.073659     0.155544
    -0.071985     0.150213
    -0.070311     0.145237
    -0.068637     0.140640
    -0.066963     0.136450
    -0.065289     0.132689
    -0.063615     0.129379
    -0.061940     0.126539
    -0.060266     0.124181
    -0.058592     0.122314
    -0.056918     0.120943
    -0.055244     0.120063
    -0.053570     0.119668
    -0.051896     0.119745
    -0.050222     0.120276
    -0.048548     0.121243
    -0.046874     0.122622
    -0.045200     0.124390
    -0.043526     0.126521
    -0.041852     0.128991
    -0.040178     0.131775
    -0.038504     0.134851
    -0.036829     0.138196
    -0.035155     0.141789
    -0.033481     0.145611
    -0.031807     0.149646
    -0.030133     0.153875
    -0.028459     0.158286
    -0.026785     0.162864
    -0.025111     0.167597
    -0.023437     0.172474
    -0.021763     0.177486
    -0.020089     0.182623
    -0.018415     0.187878
    -0.016741     0.193242
    -0.015067     0.198709
    -0.013393     0.204273
    -0.011718     0.209928
    -0.010044     0.215669
    -0.008370     0.221491
    -0.006696     0.227391
    -0.005022     0.233364
    -0.003348     0.239405
    -0.001674     0.245513
     0.000000     0.251680
     0.001674     0.245518
     0.003348     0.239411
     0.005022     0.233369
     0.006696     0.227397
     0.008370     0.221498
     0.010044     0.215676
     0.011718     0.209935
     0.013393     0.204280
     0.015067     0.198717
     0.016741     0.193250
     0.018415     0.187887
     0.020089     0.182633
     0.021763     0.177496
     0.023437     0.172485
     0.025111     0.167608
     0.026785     0.162875
     0.028459     0.158297
     0.030133     0.153887
     0.031807     0.149658
     0.033481     0.145624
     0.035155     0.141802
     0.036829     0.138209
     0.038504     0.134864
     0.040178     0.131789
     0.041852     0.129005
     0.043526     0.126535
     0.045200     0.124404
     0.046874     0.122636
     0.048548     0.121257
     0.050222     0.120290
     0.051896     0.119758
     0.053570     0.119681
     0.055244     0.120076
     0.056918     0.120955
     0.058592     0.122327
     0.060266     0.124193
     0.061940     0.126550
     0.063615     0.129390
     0.065289     0.132699
     0.066963     0.136459
     0.068637     0.140649
     0.070311     0.145245
     0.071985     0.150221
     0.073659     0.155551
     0.075333     0.161207
     0.077007     0.167165
     0.078681     0.173398
     0.080355     0.179883
     0.082029     0.186597
     0.083703     0.193520
     0.085377     0.200631
     0.087051     0.207913
     0.088726     0.215350
     0.090400     0.222927
     0.092074     0.230631
     0.093748     0.238448
     0.095422     0.246368
     0.097096     0.254380
     0.098770     0.262476
     0.100444     0.270647
     0.102118     0.278886
     0.103792     0.287185
     0.105466     0.295538
     0.107140     0.303940
     0.108814     0.312385
     0.110488     0.320868
     0.112163     0.329385
     0.113837     0.337933
     0.115511     0.346506
     0.117185     0.355102
     0.118859     0.363719
     0.120533     0.372351
     0.122207     0.380998
     0.123881     0.389657
     0.125555     0.398325
     0.127229     0.407000
     0.128903     0.415680
     0.130577     0.424363
     0.132251     0.433048
     0.133925     0.441733
     0.135599     0.450416
     0.137274     0.459096
     0.138948     0.467772
     0.140622     0.476442
     0.142296     0.485105
     0.143970     0.493760
     0.145644     0.502406
     0.147318     0.511042
     0.148992     0.519667
     0.150666     0.528281
     0.152340     0.536881
     0.154014     0.545469
     0.155688     0.554041
     0.157362     0.562599
     0.159036     0.571141
     0.160710     0.579667
     0.162385     0.588176
     0.164059     0.596667
     0.165733     0.605141
     0.167407     0.613595


    -0.167407     0.892082
    -0.165733     0.886729
    -0.164059     0.881355
    -0.162385     0.875961
    -0.160710     0.870545
    -0.159036     0.865108
    -0.157362     0.859649
    -0.155688     0.854167
    -0.154014     0.848662
    -0.152340     0.843133
    -0.150666     0.837581
    -0.148992     0.832004
    -0.147318     0.826402
    -0.145644     0.820775
    -0.143970     0.815123
    -0.142296     0.809444
    -0.140622     0.803739
    -0.138948     0.798006
    -0.137274     0.792246
    -0.135599     0.786459
    -0.133925     0.780643
    -0.132251     0.774799
    -0.130577     0.768926
    -0.128903     0.763023
    -0.127229     0.757091
    -0.125555     0.751129
    -0.123881     0.745137
    -0.122207     0.739114
    -0.120533     0.733061
    -0.118859     0.726977
    -0.117185     0.720862
    -0.115511     0.714715
    -0.113837     0.708538
    -0.112163     0.702329
    -0.110488     0.696089
    -0.108814     0.689818
    -0.107140     0.683515
    -0.105466     0.677182
    -0.103792     0.670817
    -0.102118     0.664421
    -0.100444     0.657995
    -0.098770     0.651539
    -0.097096     0.645052
    -0.095422     0.638536
    -0.093748     0.631991
    -0.092074     0.625417
    -0.090400     0.618814
    -0.088726     0.612184
    -0.087051     0.605527
    -0.085377     0.598844
    -0.083703     0.592135
    -0.082029     0.585401
    -0.080355     0.578643
    -0.078681     0.571861
    -0.077007     0.565058
    -0.075333     0.558233
    -0.073659     0.551387
    -0.071985     0.544522
    -0.070311     0.537640
    -0.068637     0.530740
    -0.066963     0.523824
    -0.065289     0.516894
    -0.063615     0.509950
    -0.061940     0.502994
    -0.060266     0.496027
    -0.058592     0.489052
    -0.056918     0.482068
    -0.055244     0.475077
    -0.053570     0.468082
    -0.051896     0.461083
    -0.050222     0.454082
    -0.048548     0.447081
    -0.046874     0.440081
    -0.045200     0.433084
    -0.043526     0.426091
    -0.041852     0.419104
    -0.040178     0.412125
    -0.038504     0.405156
    -0.036829     0.398198
    -0.035155     0.391252
    -0.033481     0.384321
    -0.031807     0.377407
    -0.030133     0.370511
    -0.028459     0.363635
    -0.026785     0.356781
    -0.025111     0.349950
    -0.023437     0.343145
    -0.021763     0.336367
    -0.020089     0.329619
    -0.018415     0.322902
    -0.016741     0.316219
    -0.015067     0.309571
    -0.013393     0.302960
    -0.011718     0.296388
    -0.010044     0.289859
    -0.008370     0.283373
    -0.006696     0.276934
    -0.005022     0.270543
    -0.003348     0.264203
    -0.001674     0.257917
     0.000000     0.251691
     0.001674     0.257913
     0.003348     0.264199
     0.005022     0.270539
     0.006696     0.276930
     0.008370     0.283370
     0.010044     0.289855
     0.011718     0.296385
     0.013393     0.302957
     0.015067     0.309568
     0.016741     0.316216
     0.018415     0.322900
     0.020089     0.329617
     0.021763     0.336365
     0.023437     0.343143
     0.025111     0.349948
     0.026785     0.356779
     0.028459     0.363633
     0.030133     0.370509
     0.031807     0.377405
     0.033481     0.384320
     0.035155     0.391250
     0.036829     0.398196
     0.038504     0.405154
     0.040178     0.412124
     0.041852     0.419102
     0.043526     0.426089
     0.045200     0.433082
     0.046874     0.440079
     0.048548     0.447079
     0.050222     0.454080
     0.051896     0.461081
     0.053570     0.468079
     0.055244     0.475074
     0.056918     0.482065
     0.058592     0.489048
     0.060266     0.496024
     0.061940     0.502990
     0.063615     0.509946
     0.065289     0.516890
     0.066963     0.523820
     0.068637     0.530735
     0.070311     0.537635
     0.071985     0.544518
     0.073659     0.551382
     0.075333     0.558227
     0.077007     0.565052
     0.078681     0.571856
     0.080355     0.578637
     0.082029     0.585395
     0.083703     0.592129
     0.085377     0.598837
     0.087051     0.605521
     0.088726     0.612178
     0.090400     0.618807
     0.092074     0.625409
     0.093748     0.631983
     0.095422     0.638529
     0.097096     0.645044
     0.098770     0.651531
     0.100444     0.657987
     0.102118     0.664413
     0.103792     0.670808
     0.105466     0.677173
     0.107140     0.683507
     0.108814     0.689809
     0.110488     0.696080
     0.112163     0.702320
     0.113837     0.708529
     0.115511     0.714706
     0.117185     0.720852
     0.118859     0.726967
     0.120533     0.733051
     0.122207     0.739104
     0.123881     0.745126
     0.125555     0.751118
     0.127229     0.757080
     0.128903     0.763012
     0.130577     0.768915
     0.132251     0.774788
     0.133925     0.780632
     0.135599     0.786448
     0.137274     0.792236
     0.138948     0.797995
     0.140622     0.803728
     0.142296     0.809433
     0.143970     0.815112
     0.145644     0.820764
     0.147318     0.826391
     0.148992     0.831993
     0.150666     0.837569
     0.152340     0.843122
     0.154014     0.848650
     0.155688     0.854155
     0.157362     0.859638
     0.159036     0.865097
     0.160710     0.870534
     0.162385     0.875950
     0.164059     0.881344
     0.165733     0.886718
     0.167407     0.892071


    -0.167407     1.818731
    -0.165733     1.811524
    -0.164059     1.804346
    -0.162385     1.797200
    -0.160710     1.790087
    -0.159036     1.783011
    -0.157362     1.775972
    -0.155688     1.768972
    -0.154014     1.762015
    -0.152340     1.755101
    -0.150666     1.748232
    -0.148992     1.741412
    -0.147318     1.734642
    -0.145644     1.727923
    -0.143970     1.721258
    -0.142296     1.714650
    -0.140622     1.708099
    -0.138948     1.701609
    -0.137274     1.695180
    -0.135599     1.688816
    -0.133925     1.682518
    -0.132251     1.676289
    -0.130577     1.670130
    -0.128903     1.664042
    -0.127229     1.658030
    -0.125555     1.652093
    -0.123881     1.646234
    -0.122207     1.640456
    -0.120533     1.634759
    -0.118859     1.629145
    -0.117185     1.623617
    -0.115511     1.618177
    -0.113837     1.612825
    -0.112163     1.607564
    -0.110488     1.602394
    -0.108814     1.597319
    -0.107140     1.592339
    -0.105466     1.587456
    -0.103792     1.582671
    -0.102118     1.577986
    -0.100444     1.573401
    -0.098770     1.568919
    -0.097096     1.564540
    -0.095422     1.560266
    -0.093748     1.556098
    -0.092074     1.552037
    -0.090400     1.548083
    -0.088726     1.544238
    -0.087051     1.540503
    -0.085377     1.536878
    -0.083703     1.533364
    -0.082029     1.529962
    -0.080355     1.526672
    -0.078681     1.523496
    -0.077007     1.520432
    -0.075333     1.517483
    -0.073659     1.514648
    -0.071985     1.511928
    -0.070311     1.509322
    -0.068637     1.506832
    -0.066963     1.504456
    -0.065289     1.502196
    -0.063615     1.500052
    -0.061940     1.498022
    -0.060266     1.496108
    -0.058592     1.494309
    -0.056918     1.492625
    -0.055244     1.491055
    -0.053570     1.489600
    -0.051896     1.488259
    -0.050222     1.487031
    -0.048548     1.485917
    -0.046874     1.484916
    -0.045200     1.484027
    -0.043526     1.483250
    -0.041852     1.482585
    -0.040178     1.482030
    -0.038504     1.481585
    -0.036829     1.481250
    -0.035155     1.481023
    -0.033481     1.480904
    -0.031807     1.480893
    -0.030133     1.480988
    -0.028459     1.481189
    -0.026785     1.481495
    -0.025111     1.481905
    -0.023437     1.482419
    -0.021763     1.483034
    -0.020089     1.483752
    -0.018415     1.484570
    -0.016741     1.485488
    -0.015067     1.486504
    -0.013393     1.487619
    -0.011718     1.488830
    -0.010044     1.490137
    -0.008370     1.491540
    -0.006696     1.493036
    -0.005022     1.494626
    -0.003348     1.496307
    -0.001674     1.498080
     0.000000     1.499929
     0.001674     1.498090
     0.003348     1.496317
     0.005022     1.494636
     0.006696     1.493047
     0.008370     1.491551
     0.010044     1.490149
     0.011718     1.488842
     0.013393     1.487631
     0.015067     1.486517
     0.016741     1.485500
     0.018415     1.484583
     0.020089     1.483765
     0.021763     1.483048
     0.023437     1.482432
     0.025111     1.481919
     0.026785     1.481510
     0.028459     1.481204
     0.030133     1.481003
     0.031807     1.480908
     0.033481     1.480919
     0.035155     1.481038
     0.036829     1.481265
     0.038504     1.481601
     0.040178     1.482046
     0.041852     1.482601
     0.043526     1.483267
     0.045200     1.484044
     0.046874     1.484933
     0.048548     1.485934
     0.050222     1.487048
     0.051896     1.488275
     0.053570     1.489617
     0.055244     1.491072
     0.056918     1.492641
     0.058592     1.494326
     0.060266     1.496125
     0.061940     1.498039
     0.063615     1.500068
     0.065289     1.502213
     0.066963     1.504473
     0.068637     1.506848
     0.070311     1.509338
     0.071985     1.511944
     0.073659     1.514664
     0.075333     1.517499
     0.077007     1.520448
     0.078681     1.523511
     0.080355     1.526687
     0.082029     1.529977
     0.083703     1.533379
     0.085377     1.536892
     0.087051     1.540517
     0.088726     1.544252
     0.090400     1.548097
     0.092074     1.552050
     0.093748     1.556111
     0.095422     1.560279
     0.097096     1.564553
     0.098770     1.568931
     0.100444     1.573413
     0.102118     1.577997
     0.103792     1.582682
     0.105466     1.587467
     0.107140     1.592350
     0.108814     1.597329
     0.110488     1.602404
     0.112163     1.607573
     0.113837     1.612834
     0.115511     1.618185
     0.117185     1.623626
     0.118859     1.629153
     0.120533     1.634766
     0.122207     1.640462
     0.123881     1.646241
     0.125555     1.652099
     0.127229     1.658035
     0.128903     1.664048
     0.130577     1.670134
     0.132251     1.676293
     0.133925     1.682522
     0.135599     1.688820
     0.137274     1.695184
     0.138948     1.701611
     0.140622     1.708101
     0.142296     1.714652
     0.143970     1.721260
     0.145644     1.727924
     0.147318     1.734642
     0.148992     1.741413
     0.150666     1.748233
     0.152340     1.755100
     0.154014     1.762014
     0.155688     1.768971
     0.157362     1.775970
     0.159036     1.783009
     0.160710     1.790085
     0.162385     1.797198
     0.164059     1.804343
     0.165733     1.811521
     0.167407     1.818728


    -0.167407     1.973487
    -0.165733     1.967409
    -0.164059     1.961334
    -0.162385     1.955262
    -0.160710     1.949194
    -0.159036     1.943130
    -0.157362     1.937071
    -0.155688     1.931018
    -0.154014     1.924971
    -0.152340     1.918931
    -0.150666     1.912898
    -0.148992     1.906873
    -0.147318     1.900857
    -0.145644     1.894850
    -0.143970     1.888853
    -0.142296     1.882866
    -0.140622     1.876891
    -0.138948     1.870927
    -0.137274     1.864976
    -0.135599     1.859038
    -0.133925     1.853114
    -0.132251     1.847205
    -0.130577     1.841311
    -0.128903     1.835434
    -0.127229     1.829573
    -0.125555     1.823730
    -0.123881     1.817905
    -0.122207     1.812099
    -0.120533     1.806314
    -0.118859     1.800549
    -0.117185     1.794806
    -0.115511     1.789085
    -0.113837     1.783387
    -0.112163     1.777713
    -0.110488     1.772064
    -0.108814     1.766441
    -0.107140     1.760844
    -0.105466     1.755274
    -0.103792     1.749733
    -0.102118     1.744221
    -0.100444     1.738739
    -0.098770     1.733287
    -0.097096     1.727867
    -0.095422     1.722480
    -0.093748     1.717127
    -0.092074     1.711808
    -0.090400     1.706524
    -0.088726     1.701276
    -0.087051     1.696066
    -0.085377     1.690893
    -0.083703     1.685760
    -0.082029     1.680666
    -0.080355     1.675613
    -0.078681     1.670602
    -0.077007     1.665634
    -0.075333     1.660709
    -0.073659     1.655829
    -0.071985     1.650994
    -0.070311     1.646206
    -0.068637     1.641465
    -0.066963     1.636773
    -0.065289     1.632130
    -0.063615     1.627537
    -0.061940     1.622995
    -0.060266     1.618506
    -0.058592     1.614070
    -0.056918     1.609688
    -0.055244     1.605361
    -0.053570     1.601090
    -0.051896     1.596876
    -0.050222     1.592720
    -0.048548     1.588623
    -0.046874     1.584587
    -0.045200     1.580611
    -0.043526     1.576697
    -0.041852     1.572846
    -0.040178     1.569059
    -0.038504     1.565337
    -0.036829     1.561680
    -0.035155     1.558091
    -0.033481     1.554570
    -0.031807     1.551117
    -0.030133     1.547735
    -0.028459     1.544423
    -0.026785     1.541183
    -0.025111     1.538016
    -0.023437     1.534923
    -0.021763     1.531905
    -0.020089     1.528963
    -0.018415     1.526098
    -0.016741     1.523311
    -0.015067     1.520603
    -0.013393     1.517975
    -0.011718     1.515428
    -0.010044     1.512963
    -0.008370     1.510581
    -0.006696     1.508283
    -0.005022     1.506070
    -0.003348     1.503944
    -0.001674     1.501904
     0.000000     1.499966
     0.001674     1.501895
     0.003348     1.503935
     0.005022     1.506062
     0.006696     1.508275
     0.008370     1.510574
     0.010044     1.512956
     0.011718     1.515422
     0.013393     1.517969
     0.015067     1.520598
     0.016741     1.523306
     0.018415     1.526094
     0.020089     1.528959
     0.021763     1.531902
     0.023437     1.534920
     0.025111     1.538013
     0.026785     1.541181
     0.028459     1.544421
     0.030133     1.547733
     0.031807     1.551116
     0.033481     1.554569
     0.035155     1.558091
     0.036829     1.561680
     0.038504     1.565337
     0.040178     1.569060
     0.041852     1.572847
     0.043526     1.576699
     0.045200     1.580613
     0.046874     1.584589
     0.048548     1.588626
     0.050222     1.592724
     0.051896     1.596880
     0.053570     1.601094
     0.055244     1.605365
     0.056918     1.609693
     0.058592     1.614075
     0.060266     1.618512
     0.061940     1.623002
     0.063615     1.627544
     0.065289     1.632137
     0.066963     1.636780
     0.068637     1.641473
     0.070311     1.646214
     0.071985     1.651003
     0.073659     1.655838
     0.075333     1.660718
     0.077007     1.665643
     0.078681     1.670612
     0.080355     1.675624
     0.082029     1.680677
     0.083703     1.685771
     0.085377     1.690905
     0.087051     1.696077
     0.088726     1.701288
     0.090400     1.706536
     0.092074     1.711820
     0.093748     1.717140
     0.095422     1.722494
     0.097096     1.727881
     0.098770     1.733301
     0.100444     1.738753
     0.102118     1.744235
     0.103792     1.749748
     0.105466     1.755289
     0.107140     1.760859
     0.108814     1.766456
     0.110488     1.772080
     0.112163     1.777729
     0.113837     1.783403
     0.115511     1.789101
     0.117185     1.794822
     0.118859     1.800566
     0.120533     1.806331
     0.122207     1.812117
     0.123881     1.817922
     0.125555     1.823747
     0.127229     1.829591
     0.128903     1.835452
     0.130577     1.841329
     0.132251     1.847223
     0.133925     1.853133
     0.135599     1.859057
     0.137274     1.864995
     0.138948     1.870946
     0.140622     1.876910
     0.142296     1.882885
     0.143970     1.888872
     0.145644     1.894869
     0.147318     1.900876
     0.148992     1.906893
     0.150666     1.912918
     0.152340     1.918951
     0.154014     1.924991
     0.155688     1.931038
     0.157362     1.937091
     0.159036     1.943150
     0.160710     1.949213
     0.162385     1.955281
     0.164059     1.961353
     0.165733     1.967428
     0.167407     1.973506


    -0.167407     2.324931
    -0.165733     2.318638
    -0.164059     2.312386
    -0.162385     2.306175
    -0.160710     2.300007
    -0.159036     2.293882
    -0.157362     2.287801
    -0.155688     2.281765
    -0.154014     2.275775
    -0.152340     2.269830
    -0.150666     2.263933
    -0.148992     2.258084
    -0.147318     2.252283
    -0.145644     2.246530
    -0.143970     2.240828
    -0.142296     2.235175
    -0.140622     2.229574
    -0.138948     2.224023
    -0.137274     2.218525
    -0.135599     2.213080
    -0.133925     2.207687
    -0.132251     2.202348
    -0.130577     2.197064
    -0.128903     2.191834
    -0.127229     2.186659
    -0.125555     2.181540
    -0.123881     2.176478
    -0.122207     2.171472
    -0.120533     2.166523
    -0.118859     2.161632
    -0.117185     2.156799
    -0.115511     2.152024
    -0.113837     2.147308
    -0.112163     2.142652
    -0.110488     2.138055
    -0.108814     2.133519
    -0.107140     2.129043
    -0.105466     2.124628
    -0.103792     2.120275
    -0.102118     2.115983
    -0.100444     2.111753
    -0.098770     2.107586
    -0.097096     2.103482
    -0.095422     2.099441
    -0.093748     2.095463
    -0.092074     2.091549
    -0.090400     2.087699
    -0.088726     2.083914
    -0.087051     2.080194
    -0.085377     2.076539
    -0.083703     2.072949
    -0.082029     2.069425
    -0.080355     2.065967
    -0.078681     2.062575
    -0.077007     2.059250
    -0.075333     2.055992
    -0.073659     2.052801
    -0.071985     2.049678
    -0.070311     2.046622
    -0.068637     2.043634
    -0.066963     2.040715
    -0.065289     2.037864
    -0.063615     2.035082
    -0.061940     2.032368
    -0.060266     2.029724
    -0.058592     2.027150
    -0.056918     2.024645
    -0.055244     2.022210
    -0.053570     2.019845
    -0.051896     2.017550
    -0.050222     2.015326
    -0.048548     2.013173
    -0.046874     2.011090
    -0.045200     2.009079
    -0.043526     2.007139
    -0.041852     2.005271
    -0.040178     2.003474
    -0.038504     2.001749
    -0.036829     2.000097
    -0.035155     1.998516
    -0.033481     1.997008
    -0.031807     1.995573
    -0.030133     1.994210
    -0.028459     1.992920
    -0.026785     1.991703
    -0.025111     1.990559
    -0.023437     1.989488
    -0.021763     1.988491
    -0.020089     1.987567
    -0.018415     1.986717
    -0.016741     1.985941
    -0.015067     1.985238
    -0.013393     1.984609
    -0.011718     1.984054
    -0.010044     1.983572
    -0.008370     1.983163
    -0.006696     1.982827
    -0.005022     1.982565
    -0.003348     1.982376
    -0.001674     1.982262
     0.000000     1.982221
     0.001674     1.982255
     0.003348     1.982362
     0.005022     1.982545
     0.006696     1.982801
     0.008370     1.983132
     0.010044     1.983538
     0.011718     1.984017
     0.013393     1.984571
     0.015067     1.985198
     0.016741     1.985900
     0.018415     1.986676
     0.020089     1.987526
     0.021763     1.988449
     0.023437     1.989446
     0.025111     1.990517
     0.026785     1.991660
     0.028459     1.992878
     0.030133     1.994168
     0.031807     1.995531
     0.033481     1.996967
     0.035155     1.998475
     0.036829     2.000056
     0.038504     2.001710
     0.040178     2.003435
     0.041852     2.005232
     0.043526     2.007101
     0.045200     2.009042
     0.046874     2.011053
     0.048548     2.013136
     0.050222     2.015290
     0.051896     2.017515
     0.053570     2.019810
     0.055244     2.022176
     0.056918     2.024611
     0.058592     2.027117
     0.060266     2.029692
     0.061940     2.032337
     0.063615     2.035050
     0.065289     2.037833
     0.066963     2.040685
     0.068637     2.043605
     0.070311     2.046593
     0.071985     2.049650
     0.073659     2.052774
     0.075333     2.055965
     0.077007     2.059224
     0.078681     2.062550
     0.080355     2.065942
     0.082029     2.069400
     0.083703     2.072925
     0.085377     2.076515
     0.087051     2.080171
     0.088726     2.083892
     0.090400     2.087678
     0.092074     2.091529
     0.093748     2.095443
     0.095422     2.099422
     0.097096     2.103464
     0.098770     2.107569
     0.100444     2.111737
     0.102118     2.115967
     0.103792     2.120260
     0.105466     2.124614
     0.107140     2.129030
     0.108814     2.133506
     0.110488     2.138043
     0.112163     2.142641
     0.113837     2.147298
     0.115511     2.152015
     0.117185     2.156790
     0.118859     2.161624
     0.120533     2.166516
     0.122207     2.171466
     0.123881     2.176473
     0.125555     2.181536
     0.127229     2.186656
     0.128903     2.191832
     0.130577     2.197062
     0.132251     2.202348
     0.133925     2.207688
     0.135599     2.213081
     0.137274     2.218527
     0.138948     2.224026
     0.140622     2.229578
     0.142296     2.235180
     0.143970     2.240833
     0.145644     2.246537
     0.147318     2.252290
     0.148992     2.258092
     0.150666     2.263943
     0.152340     2.269841
     0.154014     2.275786
     0.155688     2.281777
     0.157362     2.287814
     0.159036     2.293895
     0.160710     2.300021
     0.162385     2.306190
     0.164059     2.312402
     0.165733     2.318655
     0.167407     2.324949


    -0.167407     2.334346
    -0.165733     2.327945
    -0.164059     2.321579
    -0.162385     2.315248
    -0.160710     2.308953
    -0.159036     2.302697
    -0.157362     2.296480
    -0.155688     2.290303
    -0.154014     2.284167
    -0.152340     2.278074
    -0.150666     2.272024
    -0.148992     2.266018
    -0.147318     2.260057
    -0.145644     2.254143
    -0.143970     2.248275
    -0.142296     2.242457
    -0.140622     2.236687
    -0.138948     2.230967
    -0.137274     2.225298
    -0.135599     2.219680
    -0.133925     2.214115
    -0.132251     2.208604
    -0.130577     2.203146
    -0.128903     2.197744
    -0.127229     2.192397
    -0.125555     2.187106
    -0.123881     2.181872
    -0.122207     2.176697
    -0.120533     2.171579
    -0.118859     2.166521
    -0.117185     2.161523
    -0.115511     2.156584
    -0.113837     2.151707
    -0.112163     2.146891
    -0.110488     2.142138
    -0.108814     2.137446
    -0.107140     2.132819
    -0.105466     2.128254
    -0.103792     2.123754
    -0.102118     2.119319
    -0.100444     2.114948
    -0.098770     2.110643
    -0.097096     2.106404
    -0.095422     2.102231
    -0.093748     2.098126
    -0.092074     2.094087
    -0.090400     2.090116
    -0.088726     2.086212
    -0.087051     2.082377
    -0.085377     2.078611
    -0.083703     2.074913
    -0.082029     2.071285
    -0.080355     2.067726
    -0.078681     2.064237
    -0.077007     2.060818
    -0.075333     2.057469
    -0.073659     2.054191
    -0.071985     2.050983
    -0.070311     2.047847
    -0.068637     2.044782
    -0.066963     2.041789
    -0.065289     2.038867
    -0.063615     2.036017
    -0.061940     2.033240
    -0.060266     2.030534
    -0.058592     2.027902
    -0.056918     2.025341
    -0.055244     2.022854
    -0.053570     2.020440
    -0.051896     2.018098
    -0.050222     2.015830
    -0.048548     2.013635
    -0.046874     2.011514
    -0.045200     2.009466
    -0.043526     2.007492
    -0.041852     2.005592
    -0.040178     2.003766
    -0.038504     2.002014
    -0.036829     2.000335
    -0.035155     1.998731
    -0.033481     1.997201
    -0.031807     1.995745
    -0.030133     1.994364
    -0.028459     1.993057
    -0.026785     1.991824
    -0.025111     1.990666
    -0.023437     1.989582
    -0.021763     1.988573
    -0.020089     1.987638
    -0.018415     1.986778
    -0.016741     1.985993
    -0.015067     1.985282
    -0.013393     1.984645
    -0.011718     1.984084
    -0.010044     1.983598
    -0.008370     1.983188
    -0.006696     1.982853
    -0.005022     1.982594
    -0.003348     1.982411
    -0.001674     1.982302
     0.000000     1.982268
     0.001674     1.982308
     0.003348     1.982423
     0.005022     1.982613
     0.006696     1.982877
     0.008370     1.983216
     0.010044     1.983629
     0.011718     1.984117
     0.013393     1.984680
     0.015067     1.985316
     0.016741     1.986028
     0.018415     1.986813
     0.020089     1.987674
     0.021763     1.988608
     0.023437     1.989617
     0.025111     1.990701
     0.026785     1.991858
     0.028459     1.993090
     0.030133     1.994397
     0.031807     1.995777
     0.033481     1.997232
     0.035155     1.998761
     0.036829     2.000365
     0.038504     2.002042
     0.040178     2.003794
     0.041852     2.005619
     0.043526     2.007518
     0.045200     2.009492
     0.046874     2.011538
     0.048548     2.013659
     0.050222     2.015853
     0.051896     2.018120
     0.053570     2.020461
     0.055244     2.022874
     0.056918     2.025361
     0.058592     2.027920
     0.060266     2.030553
     0.061940     2.033257
     0.063615     2.036034
     0.065289     2.038883
     0.066963     2.041804
     0.068637     2.044797
     0.070311     2.047861
     0.071985     2.050997
     0.073659     2.054204
     0.075333     2.057481
     0.077007     2.060830
     0.078681     2.064248
     0.080355     2.067737
     0.082029     2.071295
     0.083703     2.074923
     0.085377     2.078620
     0.087051     2.082386
     0.088726     2.086221
     0.090400     2.090124
     0.092074     2.094095
     0.093748     2.098133
     0.095422     2.102239
     0.097096     2.106411
     0.098770     2.110650
     0.100444     2.114954
     0.102118     2.119324
     0.103792     2.123760
     0.105466     2.128260
     0.107140     2.132824
     0.108814     2.137451
     0.110488     2.142142
     0.112163     2.146896
     0.113837     2.151711
     0.115511     2.156588
     0.117185     2.161526
     0.118859     2.166524
     0.120533     2.171582
     0.122207     2.176700
     0.123881     2.181875
     0.125555     2.187109
     0.127229     2.192399
     0.128903     2.197746
     0.130577     2.203148
     0.132251     2.208606
     0.133925     2.214117
     0.135599     2.219682
     0.137274     2.225299
     0.138948     2.230968
     0.140622     2.236688
     0.142296     2.242458
     0.143970     2.248277
     0.145644     2.254144
     0.147318     2.260059
     0.148992     2.266019
     0.150666     2.272025
     0.152340     2.278075
     0.154014     2.284169
     0.155688     2.290305
     0.157362     2.296482
     0.159036     2.302699
     0.160710     2.308955
     0.162385     2.315250
     0.164059     2.321581
     0.165733     2.327948
     0.167407     2.334349


