    -0.167407    -4.015198
    -0.165733    -4.015738
    -0.164059    -4.016276
    -0.162385    -4.016811
    -0.160710    -4.017344
    -0.159036    -4.017873
    -0.157362    -4.018400
    -0.155688    -4.018923
    -0.154014    -4.019442
    -0.152340    -4.019958
    -0.150666    -4.020470
    -0.148992    -4.020977
    -0.147318    -4.021481
    -0.145644    -4.021980
    -0.143970    -4.022475
    -0.142296    -4.022965
    -0.140622    -4.023450
    -0.138948    -4.023930
    -0.137274    -4.024405
    -0.135599    -4.024875
    -0.133925    -4.025339
    -0.132251    -4.025798
    -0.130577    -4.026251
    -0.128903    -4.026698
    -0.127229    -4.027139
    -0.125555    -4.027574
    -0.123881    -4.028003
    -0.122207    -4.028426
    -0.120533    -4.028842
    -0.118859    -4.029251
    -0.117185    -4.029654
    -0.115511    -4.030050
    -0.113837    -4.030439
    -0.112163    -4.030821
    -0.110488    -4.031195
    -0.108814    -4.031563
    -0.107140    -4.031923
    -0.105466    -4.032275
    -0.103792    -4.032620
    -0.102118    -4.032957
    -0.100444    -4.033287
    -0.098770    -4.033608
    -0.097096    -4.033921
    -0.095422    -4.034227
    -0.093748    -4.034524
    -0.092074    -4.034813
    -0.090400    -4.035093
    -0.088726    -4.035365
    -0.087051    -4.035628
    -0.085377    -4.035883
    -0.083703    -4.036129
    -0.082029    -4.036366
    -0.080355    -4.036595
    -0.078681    -4.036814
    -0.077007    -4.037024
    -0.075333    -4.037226
    -0.073659    -4.037418
    -0.071985    -4.037600
    -0.070311    -4.037774
    -0.068637    -4.037938
    -0.066963    -4.038092
    -0.065289    -4.038237
    -0.063615    -4.038373
    -0.061940    -4.038498
    -0.060266    -4.038614
    -0.058592    -4.038721
    -0.056918    -4.038817
    -0.055244    -4.038903
    -0.053570    -4.038980
    -0.051896    -4.039047
    -0.050222    -4.039103
    -0.048548    -4.039149
    -0.046874    -4.039186
    -0.045200    -4.039211
    -0.043526    -4.039227
    -0.041852    -4.039233
    -0.040178    -4.039228
    -0.038504    -4.039212
    -0.036829    -4.039187
    -0.035155    -4.039150
    -0.033481    -4.039104
    -0.031807    -4.039046
    -0.030133    -4.038979
    -0.028459    -4.038900
    -0.026785    -4.038811
    -0.025111    -4.038711
    -0.023437    -4.038601
    -0.021763    -4.038479
    -0.020089    -4.038347
    -0.018415    -4.038204
    -0.016741    -4.038050
    -0.015067    -4.037886
    -0.013393    -4.037710
    -0.011718    -4.037524
    -0.010044    -4.037327
    -0.008370    -4.037118
    -0.006696    -4.036899
    -0.005022    -4.036669
    -0.003348    -4.036427
    -0.001674    -4.036175
     0.000000    -4.035918
     0.001674    -4.036180
     0.003348    -4.036432
     0.005022    -4.036674
     0.006696    -4.036904
     0.008370    -4.037124
     0.010044    -4.037332
     0.011718    -4.037530
     0.013393    -4.037716
     0.015067    -4.037892
     0.016741    -4.038056
     0.018415    -4.038210
     0.020089    -4.038353
     0.021763    -4.038485
     0.023437    -4.038607
     0.025111    -4.038717
     0.026785    -4.038817
     0.028459    -4.038906
     0.030133    -4.038985
     0.031807    -4.039053
     0.033481    -4.039110
     0.035155    -4.039157
     0.036829    -4.039193
     0.038504    -4.039219
     0.040178    -4.039234
     0.041852    -4.039239
     0.043526    -4.039233
     0.045200    -4.039217
     0.046874    -4.039191
     0.048548    -4.039155
     0.050222    -4.039109
     0.051896    -4.039052
     0.053570    -4.038985
     0.055244    -4.038909
     0.056918    -4.038822
     0.058592    -4.038725
     0.060266    -4.038619
     0.061940    -4.038503
     0.063615    -4.038377
     0.065289    -4.038241
     0.066963    -4.038096
     0.068637    -4.037941
     0.070311    -4.037777
     0.071985    -4.037603
     0.073659    -4.037420
     0.075333    -4.037228
     0.077007    -4.037026
     0.078681    -4.036816
     0.080355    -4.036596
     0.082029    -4.036368
     0.083703    -4.036130
     0.085377    -4.035884
     0.087051    -4.035629
     0.088726    -4.035365
     0.090400    -4.035093
     0.092074    -4.034812
     0.093748    -4.034523
     0.095422    -4.034225
     0.097096    -4.033920
     0.098770    -4.033606
     0.100444    -4.033284
     0.102118    -4.032954
     0.103792    -4.032617
     0.105466    -4.032271
     0.107140    -4.031919
     0.108814    -4.031558
     0.110488    -4.031190
     0.112163    -4.030815
     0.113837    -4.030433
     0.115511    -4.030044
     0.117185    -4.029647
     0.118859    -4.029244
     0.120533    -4.028834
     0.122207    -4.028418
     0.123881    -4.027995
     0.125555    -4.027566
     0.127229    -4.027130
     0.128903    -4.026688
     0.130577    -4.026241
     0.132251    -4.025787
     0.133925    -4.025328
     0.135599    -4.024864
     0.137274    -4.024393
     0.138948    -4.023918
     0.140622    -4.023438
     0.142296    -4.022952
     0.143970    -4.022462
     0.145644    -4.021967
     0.147318    -4.021467
     0.148992    -4.020963
     0.150666    -4.020455
     0.152340    -4.019943
     0.154014    -4.019427
     0.155688    -4.018907
     0.157362    -4.018384
     0.159036    -4.017858
     0.160710    -4.017328
     0.162385    -4.016795
     0.164059    -4.016259
     0.165733    -4.015721
     0.167407    -4.015180


    -0.167407    -3.955339
    -0.165733    -3.956621
    -0.164059    -3.957895
    -0.162385    -3.959161
    -0.160710    -3.960419
    -0.159036    -3.961670
    -0.157362    -3.962912
    -0.155688    -3.964146
    -0.154014    -3.965372
    -0.152340    -3.966590
    -0.150666    -3.967800
    -0.148992    -3.969001
    -0.147318    -3.970193
    -0.145644    -3.971377
    -0.143970    -3.972552
    -0.142296    -3.973719
    -0.140622    -3.974877
    -0.138948    -3.976026
    -0.137274    -3.977166
    -0.135599    -3.978297
    -0.133925    -3.979419
    -0.132251    -3.980532
    -0.130577    -3.981636
    -0.128903    -3.982730
    -0.127229    -3.983815
    -0.125555    -3.984891
    -0.123881    -3.985958
    -0.122207    -3.987014
    -0.120533    -3.988062
    -0.118859    -3.989100
    -0.117185    -3.990128
    -0.115511    -3.991146
    -0.113837    -3.992155
    -0.112163    -3.993154
    -0.110488    -3.994143
    -0.108814    -3.995122
    -0.107140    -3.996091
    -0.105466    -3.997050
    -0.103792    -3.997999
    -0.102118    -3.998938
    -0.100444    -3.999867
    -0.098770    -4.000786
    -0.097096    -4.001694
    -0.095422    -4.002592
    -0.093748    -4.003480
    -0.092074    -4.004357
    -0.090400    -4.005225
    -0.088726    -4.006081
    -0.087051    -4.006927
    -0.085377    -4.007763
    -0.083703    -4.008588
    -0.082029    -4.009403
    -0.080355    -4.010207
    -0.078681    -4.011000
    -0.077007    -4.011783
    -0.075333    -4.012555
    -0.073659    -4.013316
    -0.071985    -4.014067
    -0.070311    -4.014806
    -0.068637    -4.015535
    -0.066963    -4.016253
    -0.065289    -4.016961
    -0.063615    -4.017657
    -0.061940    -4.018342
    -0.060266    -4.019017
    -0.058592    -4.019680
    -0.056918    -4.020333
    -0.055244    -4.020975
    -0.053570    -4.021605
    -0.051896    -4.022225
    -0.050222    -4.022833
    -0.048548    -4.023431
    -0.046874    -4.024017
    -0.045200    -4.024593
    -0.043526    -4.025157
    -0.041852    -4.025710
    -0.040178    -4.026252
    -0.038504    -4.026783
    -0.036829    -4.027303
    -0.035155    -4.027812
    -0.033481    -4.028309
    -0.031807    -4.028796
    -0.030133    -4.029271
    -0.028459    -4.029735
    -0.026785    -4.030188
    -0.025111    -4.030629
    -0.023437    -4.031060
    -0.021763    -4.031479
    -0.020089    -4.031888
    -0.018415    -4.032285
    -0.016741    -4.032670
    -0.015067    -4.033045
    -0.013393    -4.033409
    -0.011718    -4.033761
    -0.010044    -4.034102
    -0.008370    -4.034433
    -0.006696    -4.034752
    -0.005022    -4.035059
    -0.003348    -4.035356
    -0.001674    -4.035642
     0.000000    -4.035910
     0.001674    -4.035637
     0.003348    -4.035352
     0.005022    -4.035055
     0.006696    -4.034748
     0.008370    -4.034429
     0.010044    -4.034099
     0.011718    -4.033758
     0.013393    -4.033406
     0.015067    -4.033042
     0.016741    -4.032668
     0.018415    -4.032282
     0.020089    -4.031885
     0.021763    -4.031477
     0.023437    -4.031058
     0.025111    -4.030628
     0.026785    -4.030186
     0.028459    -4.029734
     0.030133    -4.029270
     0.031807    -4.028795
     0.033481    -4.028309
     0.035155    -4.027811
     0.036829    -4.027303
     0.038504    -4.026783
     0.040178    -4.026253
     0.041852    -4.025711
     0.043526    -4.025158
     0.045200    -4.024594
     0.046874    -4.024019
     0.048548    -4.023432
     0.050222    -4.022835
     0.051896    -4.022227
     0.053570    -4.021607
     0.055244    -4.020977
     0.056918    -4.020336
     0.058592    -4.019683
     0.060266    -4.019020
     0.061940    -4.018345
     0.063615    -4.017660
     0.065289    -4.016964
     0.066963    -4.016257
     0.068637    -4.015539
     0.070311    -4.014810
     0.071985    -4.014071
     0.073659    -4.013320
     0.075333    -4.012559
     0.077007    -4.011787
     0.078681    -4.011005
     0.080355    -4.010212
     0.082029    -4.009408
     0.083703    -4.008593
     0.085377    -4.007768
     0.087051    -4.006933
     0.088726    -4.006086
     0.090400    -4.005230
     0.092074    -4.004363
     0.093748    -4.003485
     0.095422    -4.002598
     0.097096    -4.001699
     0.098770    -4.000791
     0.100444    -3.999872
     0.102118    -3.998944
     0.103792    -3.998005
     0.105466    -3.997056
     0.107140    -3.996096
     0.108814    -3.995127
     0.110488    -3.994148
     0.112163    -3.993159
     0.113837    -3.992160
     0.115511    -3.991151
     0.117185    -3.990133
     0.118859    -3.989105
     0.120533    -3.988067
     0.122207    -3.987019
     0.123881    -3.985962
     0.125555    -3.984896
     0.127229    -3.983820
     0.128903    -3.982735
     0.130577    -3.981640
     0.132251    -3.980536
     0.133925    -3.979423
     0.135599    -3.978301
     0.137274    -3.977170
     0.138948    -3.976030
     0.140622    -3.974881
     0.142296    -3.973723
     0.143970    -3.972556
     0.145644    -3.971380
     0.147318    -3.970196
     0.148992    -3.969003
     0.150666    -3.967802
     0.152340    -3.966593
     0.154014    -3.965375
     0.155688    -3.964149
     0.157362    -3.962914
     0.159036    -3.961672
     0.160710    -3.960421
     0.162385    -3.959163
     0.164059    -3.957896
     0.165733    -3.956622
     0.167407    -3.955340


    -0.167407    -2.487367
    -0.165733    -2.483385
    -0.164059    -2.479512
    -0.162385    -2.475742
    -0.160710    -2.472072
    -0.159036    -2.468498
    -0.157362    -2.465014
    -0.155688    -2.461619
    -0.154014    -2.458308
    -0.152340    -2.455077
    -0.150666    -2.451923
    -0.148992    -2.448844
    -0.147318    -2.445836
    -0.145644    -2.442896
    -0.143970    -2.440023
    -0.142296    -2.437213
    -0.140622    -2.434463
    -0.138948    -2.431773
    -0.137274    -2.429139
    -0.135599    -2.426560
    -0.133925    -2.424034
    -0.132251    -2.421559
    -0.130577    -2.419134
    -0.128903    -2.416757
    -0.127229    -2.414426
    -0.125555    -2.412141
    -0.123881    -2.409899
    -0.122207    -2.407700
    -0.120533    -2.405543
    -0.118859    -2.403426
    -0.117185    -2.401349
    -0.115511    -2.399311
    -0.113837    -2.397310
    -0.112163    -2.395347
    -0.110488    -2.393419
    -0.108814    -2.391527
    -0.107140    -2.389670
    -0.105466    -2.387847
    -0.103792    -2.386057
    -0.102118    -2.384301
    -0.100444    -2.382577
    -0.098770    -2.380884
    -0.097096    -2.379224
    -0.095422    -2.377594
    -0.093748    -2.375996
    -0.092074    -2.374427
    -0.090400    -2.372889
    -0.088726    -2.371380
    -0.087051    -2.369901
    -0.085377    -2.368450
    -0.083703    -2.367028
    -0.082029    -2.365635
    -0.080355    -2.364270
    -0.078681    -2.362933
    -0.077007    -2.361624
    -0.075333    -2.360343
    -0.073659    -2.359089
    -0.071985    -2.357862
    -0.070311    -2.356663
    -0.068637    -2.355490
    -0.066963    -2.354345
    -0.065289    -2.353226
    -0.063615    -2.352134
    -0.061940    -2.351068
    -0.060266    -2.350029
    -0.058592    -2.349016
    -0.056918    -2.348029
    -0.055244    -2.347068
    -0.053570    -2.346134
    -0.051896    -2.345225
    -0.050222    -2.344343
    -0.048548    -2.343486
    -0.046874    -2.342655
    -0.045200    -2.341850
    -0.043526    -2.341071
    -0.041852    -2.340317
    -0.040178    -2.339589
    -0.038504    -2.338886
    -0.036829    -2.338210
    -0.035155    -2.337558
    -0.033481    -2.336933
    -0.031807    -2.336332
    -0.030133    -2.335757
    -0.028459    -2.335208
    -0.026785    -2.334684
    -0.025111    -2.334185
    -0.023437    -2.333712
    -0.021763    -2.333264
    -0.020089    -2.332841
    -0.018415    -2.332444
    -0.016741    -2.332072
    -0.015067    -2.331725
    -0.013393    -2.331404
    -0.011718    -2.331107
    -0.010044    -2.330836
    -0.008370    -2.330590
    -0.006696    -2.330370
    -0.005022    -2.330174
    -0.003348    -2.330003
    -0.001674    -2.329858
     0.000000    -2.329753
     0.001674    -2.329871
     0.003348    -2.330017
     0.005022    -2.330187
     0.006696    -2.330383
     0.008370    -2.330604
     0.010044    -2.330850
     0.011718    -2.331121
     0.013393    -2.331418
     0.015067    -2.331739
     0.016741    -2.332086
     0.018415    -2.332458
     0.020089    -2.332856
     0.021763    -2.333278
     0.023437    -2.333726
     0.025111    -2.334199
     0.026785    -2.334698
     0.028459    -2.335222
     0.030133    -2.335772
     0.031807    -2.336346
     0.033481    -2.336947
     0.035155    -2.337572
     0.036829    -2.338224
     0.038504    -2.338900
     0.040178    -2.339603
     0.041852    -2.340331
     0.043526    -2.341084
     0.045200    -2.341864
     0.046874    -2.342669
     0.048548    -2.343499
     0.050222    -2.344356
     0.051896    -2.345238
     0.053570    -2.346147
     0.055244    -2.347081
     0.056918    -2.348042
     0.058592    -2.349028
     0.060266    -2.350041
     0.061940    -2.351080
     0.063615    -2.352146
     0.065289    -2.353238
     0.066963    -2.354357
     0.068637    -2.355502
     0.070311    -2.356674
     0.071985    -2.357874
     0.073659    -2.359100
     0.075333    -2.360354
     0.077007    -2.361635
     0.078681    -2.362944
     0.080355    -2.364281
     0.082029    -2.365646
     0.083703    -2.367039
     0.085377    -2.368460
     0.087051    -2.369910
     0.088726    -2.371390
     0.090400    -2.372898
     0.092074    -2.374437
     0.093748    -2.376005
     0.095422    -2.377604
     0.097096    -2.379233
     0.098770    -2.380893
     0.100444    -2.382585
     0.102118    -2.384309
     0.103792    -2.386066
     0.105466    -2.387855
     0.107140    -2.389678
     0.108814    -2.391535
     0.110488    -2.393427
     0.112163    -2.395354
     0.113837    -2.397318
     0.115511    -2.399318
     0.117185    -2.401357
     0.118859    -2.403434
     0.120533    -2.405550
     0.122207    -2.407707
     0.123881    -2.409906
     0.125555    -2.412148
     0.127229    -2.414433
     0.128903    -2.416764
     0.130577    -2.419141
     0.132251    -2.421566
     0.133925    -2.424041
     0.135599    -2.426567
     0.137274    -2.429146
     0.138948    -2.431779
     0.140622    -2.434470
     0.142296    -2.437219
     0.143970    -2.440029
     0.145644    -2.442903
     0.147318    -2.445842
     0.148992    -2.448850
     0.150666    -2.451929
     0.152340    -2.455082
     0.154014    -2.458313
     0.155688    -2.461625
     0.157362    -2.465020
     0.159036    -2.468503
     0.160710    -2.472077
     0.162385    -2.475747
     0.164059    -2.479517
     0.165733    -2.483390
     0.167407    -2.487372


    -0.167407    -2.449252
    -0.165733    -2.445979
    -0.164059    -2.442824
    -0.162385    -2.439778
    -0.160710    -2.436835
    -0.159036    -2.433986
    -0.157362    -2.431226
    -0.155688    -2.428549
    -0.154014    -2.425950
    -0.152340    -2.423423
    -0.150666    -2.420964
    -0.148992    -2.418569
    -0.147318    -2.416235
    -0.145644    -2.413958
    -0.143970    -2.411734
    -0.142296    -2.409562
    -0.140622    -2.407437
    -0.138948    -2.405359
    -0.137274    -2.403325
    -0.135599    -2.401333
    -0.133925    -2.399382
    -0.132251    -2.397469
    -0.130577    -2.395593
    -0.128903    -2.393752
    -0.127229    -2.391947
    -0.125555    -2.390175
    -0.123881    -2.388435
    -0.122207    -2.386727
    -0.120533    -2.385050
    -0.118859    -2.383403
    -0.117185    -2.381785
    -0.115511    -2.380195
    -0.113837    -2.378634
    -0.112163    -2.377100
    -0.110488    -2.375593
    -0.108814    -2.374113
    -0.107140    -2.372659
    -0.105466    -2.371230
    -0.103792    -2.369828
    -0.102118    -2.368451
    -0.100444    -2.367098
    -0.098770    -2.365771
    -0.097096    -2.364468
    -0.095422    -2.363189
    -0.093748    -2.361935
    -0.092074    -2.360705
    -0.090400    -2.359499
    -0.088726    -2.358316
    -0.087051    -2.357158
    -0.085377    -2.356023
    -0.083703    -2.354912
    -0.082029    -2.353824
    -0.080355    -2.352760
    -0.078681    -2.351720
    -0.077007    -2.350703
    -0.075333    -2.349709
    -0.073659    -2.348739
    -0.071985    -2.347793
    -0.070311    -2.346870
    -0.068637    -2.345970
    -0.066963    -2.345094
    -0.065289    -2.344241
    -0.063615    -2.343412
    -0.061940    -2.342607
    -0.060266    -2.341825
    -0.058592    -2.341067
    -0.056918    -2.340332
    -0.055244    -2.339622
    -0.053570    -2.338934
    -0.051896    -2.338271
    -0.050222    -2.337632
    -0.048548    -2.337016
    -0.046874    -2.336424
    -0.045200    -2.335857
    -0.043526    -2.335313
    -0.041852    -2.334793
    -0.040178    -2.334298
    -0.038504    -2.333827
    -0.036829    -2.333380
    -0.035155    -2.332957
    -0.033481    -2.332558
    -0.031807    -2.332184
    -0.030133    -2.331834
    -0.028459    -2.331508
    -0.026785    -2.331207
    -0.025111    -2.330931
    -0.023437    -2.330679
    -0.021763    -2.330452
    -0.020089    -2.330249
    -0.018415    -2.330071
    -0.016741    -2.329918
    -0.015067    -2.329789
    -0.013393    -2.329685
    -0.011718    -2.329606
    -0.010044    -2.329552
    -0.008370    -2.329523
    -0.006696    -2.329518
    -0.005022    -2.329539
    -0.003348    -2.329584
    -0.001674    -2.329655
     0.000000    -2.329735
     0.001674    -2.329642
     0.003348    -2.329572
     0.005022    -2.329527
     0.006696    -2.329506
     0.008370    -2.329511
     0.010044    -2.329540
     0.011718    -2.329595
     0.013393    -2.329674
     0.015067    -2.329778
     0.016741    -2.329907
     0.018415    -2.330061
     0.020089    -2.330239
     0.021763    -2.330442
     0.023437    -2.330670
     0.025111    -2.330922
     0.026785    -2.331199
     0.028459    -2.331500
     0.030133    -2.331826
     0.031807    -2.332176
     0.033481    -2.332551
     0.035155    -2.332950
     0.036829    -2.333373
     0.038504    -2.333820
     0.040178    -2.334292
     0.041852    -2.334788
     0.043526    -2.335308
     0.045200    -2.335852
     0.046874    -2.336420
     0.048548    -2.337012
     0.050222    -2.337628
     0.051896    -2.338268
     0.053570    -2.338932
     0.055244    -2.339620
     0.056918    -2.340331
     0.058592    -2.341066
     0.060266    -2.341825
     0.061940    -2.342607
     0.063615    -2.343413
     0.065289    -2.344242
     0.066963    -2.345095
     0.068637    -2.345972
     0.070311    -2.346872
     0.071985    -2.347796
     0.073659    -2.348743
     0.075333    -2.349713
     0.077007    -2.350707
     0.078681    -2.351724
     0.080355    -2.352765
     0.082029    -2.353830
     0.083703    -2.354918
     0.085377    -2.356029
     0.087051    -2.357165
     0.088726    -2.358323
     0.090400    -2.359506
     0.092074    -2.360713
     0.093748    -2.361943
     0.095422    -2.363198
     0.097096    -2.364477
     0.098770    -2.365780
     0.100444    -2.367108
     0.102118    -2.368461
     0.103792    -2.369839
     0.105466    -2.371242
     0.107140    -2.372670
     0.108814    -2.374124
     0.110488    -2.375605
     0.112163    -2.377112
     0.113837    -2.378646
     0.115511    -2.380208
     0.117185    -2.381798
     0.118859    -2.383416
     0.120533    -2.385064
     0.122207    -2.386741
     0.123881    -2.388450
     0.125555    -2.390189
     0.127229    -2.391962
     0.128903    -2.393767
     0.130577    -2.395608
     0.132251    -2.397484
     0.133925    -2.399397
     0.135599    -2.401349
     0.137274    -2.403341
     0.138948    -2.405375
     0.140622    -2.407453
     0.142296    -2.409578
     0.143970    -2.411750
     0.145644    -2.413974
     0.147318    -2.416251
     0.148992    -2.418586
     0.150666    -2.420980
     0.152340    -2.423439
     0.154014    -2.425966
     0.155688    -2.428565
     0.157362    -2.431242
     0.159036    -2.434002
     0.160710    -2.436850
     0.162385    -2.439794
     0.164059    -2.442839
     0.165733    -2.445994
     0.167407    -2.449267


    -0.167407    -2.210919
    -0.165733    -2.201912
    -0.164059    -2.192848
    -0.162385    -2.183738
    -0.160710    -2.174591
    -0.159036    -2.165416
    -0.157362    -2.156220
    -0.155688    -2.147013
    -0.154014    -2.137800
    -0.152340    -2.128590
    -0.150666    -2.119388
    -0.148992    -2.110200
    -0.147318    -2.101033
    -0.145644    -2.091890
    -0.143970    -2.082779
    -0.142296    -2.073703
    -0.140622    -2.064666
    -0.138948    -2.055674
    -0.137274    -2.046730
    -0.135599    -2.037838
    -0.133925    -2.029002
    -0.132251    -2.020225
    -0.130577    -2.011511
    -0.128903    -2.002863
    -0.127229    -1.994283
    -0.125555    -1.985776
    -0.123881    -1.977344
    -0.122207    -1.968988
    -0.120533    -1.960713
    -0.118859    -1.952521
    -0.117185    -1.944413
    -0.115511    -1.936392
    -0.113837    -1.928461
    -0.112163    -1.920621
    -0.110488    -1.912874
    -0.108814    -1.905222
    -0.107140    -1.897668
    -0.105466    -1.890212
    -0.103792    -1.882856
    -0.102118    -1.875602
    -0.100444    -1.868451
    -0.098770    -1.861405
    -0.097096    -1.854465
    -0.095422    -1.847631
    -0.093748    -1.840906
    -0.092074    -1.834289
    -0.090400    -1.827783
    -0.088726    -1.821387
    -0.087051    -1.815103
    -0.085377    -1.808931
    -0.083703    -1.802872
    -0.082029    -1.796926
    -0.080355    -1.791094
    -0.078681    -1.785377
    -0.077007    -1.779774
    -0.075333    -1.774286
    -0.073659    -1.768914
    -0.071985    -1.763656
    -0.070311    -1.758514
    -0.068637    -1.753487
    -0.066963    -1.748576
    -0.065289    -1.743780
    -0.063615    -1.739099
    -0.061940    -1.734534
    -0.060266    -1.730083
    -0.058592    -1.725748
    -0.056918    -1.721528
    -0.055244    -1.717422
    -0.053570    -1.713430
    -0.051896    -1.709553
    -0.050222    -1.705789
    -0.048548    -1.702140
    -0.046874    -1.698605
    -0.045200    -1.695183
    -0.043526    -1.691875
    -0.041852    -1.688681
    -0.040178    -1.685600
    -0.038504    -1.682634
    -0.036829    -1.679782
    -0.035155    -1.677044
    -0.033481    -1.674421
    -0.031807    -1.671913
    -0.030133    -1.669521
    -0.028459    -1.667246
    -0.026785    -1.665087
    -0.025111    -1.663046
    -0.023437    -1.661124
    -0.021763    -1.659322
    -0.020089    -1.657641
    -0.018415    -1.656083
    -0.016741    -1.654649
    -0.015067    -1.653342
    -0.013393    -1.652163
    -0.011718    -1.651114
    -0.010044    -1.650199
    -0.008370    -1.649418
    -0.006696    -1.648774
    -0.005022    -1.648268
    -0.003348    -1.647902
    -0.001674    -1.647678
     0.000000    -1.647597
     0.001674    -1.647669
     0.003348    -1.647892
     0.005022    -1.648258
     0.006696    -1.648763
     0.008370    -1.649407
     0.010044    -1.650188
     0.011718    -1.651104
     0.013393    -1.652153
     0.015067    -1.653332
     0.016741    -1.654640
     0.018415    -1.656074
     0.020089    -1.657633
     0.021763    -1.659315
     0.023437    -1.661117
     0.025111    -1.663040
     0.026785    -1.665082
     0.028459    -1.667241
     0.030133    -1.669517
     0.031807    -1.671909
     0.033481    -1.674417
     0.035155    -1.677041
     0.036829    -1.679778
     0.038504    -1.682631
     0.040178    -1.685597
     0.041852    -1.688677
     0.043526    -1.691871
     0.045200    -1.695179
     0.046874    -1.698600
     0.048548    -1.702135
     0.050222    -1.705784
     0.051896    -1.709546
     0.053570    -1.713423
     0.055244    -1.717414
     0.056918    -1.721520
     0.058592    -1.725740
     0.060266    -1.730075
     0.061940    -1.734525
     0.063615    -1.739089
     0.065289    -1.743770
     0.066963    -1.748565
     0.068637    -1.753476
     0.070311    -1.758502
     0.071985    -1.763644
     0.073659    -1.768901
     0.075333    -1.774273
     0.077007    -1.779761
     0.078681    -1.785363
     0.080355    -1.791080
     0.082029    -1.796911
     0.083703    -1.802856
     0.085377    -1.808915
     0.087051    -1.815087
     0.088726    -1.821370
     0.090400    -1.827766
     0.092074    -1.834272
     0.093748    -1.840888
     0.095422    -1.847613
     0.097096    -1.854446
     0.098770    -1.861387
     0.100444    -1.868433
     0.102118    -1.875583
     0.103792    -1.882837
     0.105466    -1.890192
     0.107140    -1.897648
     0.108814    -1.905203
     0.110488    -1.912854
     0.112163    -1.920601
     0.113837    -1.928440
     0.115511    -1.936372
     0.117185    -1.944392
     0.118859    -1.952500
     0.120533    -1.960692
     0.122207    -1.968967
     0.123881    -1.977322
     0.125555    -1.985755
     0.127229    -1.994262
     0.128903    -2.002841
     0.130577    -2.011490
     0.132251    -2.020204
     0.133925    -2.028981
     0.135599    -2.037817
     0.137274    -2.046709
     0.138948    -2.055653
     0.140622    -2.064645
     0.142296    -2.073682
     0.143970    -2.082758
     0.145644    -2.091870
     0.147318    -2.101012
     0.148992    -2.110180
     0.150666    -2.119368
     0.152340    -2.128570
     0.154014    -2.137781
     0.155688    -2.146993
     0.157362    -2.156201
     0.159036    -2.165396
     0.160710    -2.174572
     0.162385    -2.183719
     0.164059    -2.192830
     0.165733    -2.201894
     0.167407    -2.210901


    -0.167407    -2.161758
    -0.165733    -2.153542
    -0.164059    -2.145298
    -0.162385    -2.137030
    -0.160710    -2.128745
    -0.159036    -2.120449
    -0.157362    -2.112146
    -0.155688    -2.103842
    -0.154014    -2.095542
    -0.152340    -2.087251
    -0.150666    -2.078974
    -0.148992    -2.070715
    -0.147318    -2.062479
    -0.145644    -2.054269
    -0.143970    -2.046090
    -0.142296    -2.037946
    -0.140622    -2.029840
    -0.138948    -2.021775
    -0.137274    -2.013756
    -0.135599    -2.005785
    -0.133925    -1.997865
    -0.132251    -1.990000
    -0.130577    -1.982191
    -0.128903    -1.974442
    -0.127229    -1.966755
    -0.125555    -1.959132
    -0.123881    -1.951576
    -0.122207    -1.944089
    -0.120533    -1.936672
    -0.118859    -1.929329
    -0.117185    -1.922060
    -0.115511    -1.914867
    -0.113837    -1.907752
    -0.112163    -1.900717
    -0.110488    -1.893763
    -0.108814    -1.886891
    -0.107140    -1.880102
    -0.105466    -1.873398
    -0.103792    -1.866781
    -0.102118    -1.860250
    -0.100444    -1.853806
    -0.098770    -1.847452
    -0.097096    -1.841188
    -0.095422    -1.835013
    -0.093748    -1.828930
    -0.092074    -1.822939
    -0.090400    -1.817040
    -0.088726    -1.811234
    -0.087051    -1.805522
    -0.085377    -1.799904
    -0.083703    -1.794380
    -0.082029    -1.788951
    -0.080355    -1.783617
    -0.078681    -1.778378
    -0.077007    -1.773236
    -0.075333    -1.768189
    -0.073659    -1.763239
    -0.071985    -1.758386
    -0.070311    -1.753629
    -0.068637    -1.748970
    -0.066963    -1.744407
    -0.065289    -1.739942
    -0.063615    -1.735575
    -0.061940    -1.731305
    -0.060266    -1.727133
    -0.058592    -1.723059
    -0.056918    -1.719083
    -0.055244    -1.715206
    -0.053570    -1.711428
    -0.051896    -1.707748
    -0.050222    -1.704168
    -0.048548    -1.700687
    -0.046874    -1.697306
    -0.045200    -1.694025
    -0.043526    -1.690845
    -0.041852    -1.687766
    -0.040178    -1.684789
    -0.038504    -1.681915
    -0.036829    -1.679143
    -0.035155    -1.676476
    -0.033481    -1.673914
    -0.031807    -1.671458
    -0.030133    -1.669110
    -0.028459    -1.666871
    -0.026785    -1.664743
    -0.025111    -1.662729
    -0.023437    -1.660829
    -0.021763    -1.659047
    -0.020089    -1.657384
    -0.018415    -1.655843
    -0.016741    -1.654426
    -0.015067    -1.653136
    -0.013393    -1.651975
    -0.011718    -1.650946
    -0.010044    -1.650050
    -0.008370    -1.649290
    -0.006696    -1.648668
    -0.005022    -1.648185
    -0.003348    -1.647842
    -0.001674    -1.647640
     0.000000    -1.647579
     0.001674    -1.647648
     0.003348    -1.647851
     0.005022    -1.648193
     0.006696    -1.648676
     0.008370    -1.649298
     0.010044    -1.650057
     0.011718    -1.650952
     0.013393    -1.651981
     0.015067    -1.653141
     0.016741    -1.654430
     0.018415    -1.655845
     0.020089    -1.657385
     0.021763    -1.659047
     0.023437    -1.660828
     0.025111    -1.662726
     0.026785    -1.664740
     0.028459    -1.666867
     0.030133    -1.669104
     0.031807    -1.671452
     0.033481    -1.673907
     0.035155    -1.676468
     0.036829    -1.679135
     0.038504    -1.681906
     0.040178    -1.684780
     0.041852    -1.687757
     0.043526    -1.690835
     0.045200    -1.694015
     0.046874    -1.697295
     0.048548    -1.700676
     0.050222    -1.704157
     0.051896    -1.707737
     0.053570    -1.711417
     0.055244    -1.715195
     0.056918    -1.719072
     0.058592    -1.723048
     0.060266    -1.727121
     0.061940    -1.731293
     0.063615    -1.735563
     0.065289    -1.739931
     0.066963    -1.744396
     0.068637    -1.748958
     0.070311    -1.753618
     0.071985    -1.758374
     0.073659    -1.763227
     0.075333    -1.768177
     0.077007    -1.773224
     0.078681    -1.778366
     0.080355    -1.783604
     0.082029    -1.788938
     0.083703    -1.794367
     0.085377    -1.799891
     0.087051    -1.805509
     0.088726    -1.811221
     0.090400    -1.817027
     0.092074    -1.822926
     0.093748    -1.828917
     0.095422    -1.835000
     0.097096    -1.841174
     0.098770    -1.847438
     0.100444    -1.853793
     0.102118    -1.860236
     0.103792    -1.866766
     0.105466    -1.873384
     0.107140    -1.880088
     0.108814    -1.886876
     0.110488    -1.893748
     0.112163    -1.900702
     0.113837    -1.907737
     0.115511    -1.914852
     0.117185    -1.922045
     0.118859    -1.929313
     0.120533    -1.936657
     0.122207    -1.944073
     0.123881    -1.951560
     0.125555    -1.959116
     0.127229    -1.966739
     0.128903    -1.974426
     0.130577    -1.982175
     0.132251    -1.989984
     0.133925    -1.997849
     0.135599    -2.005769
     0.137274    -2.013740
     0.138948    -2.021759
     0.140622    -2.029824
     0.142296    -2.037930
     0.143970    -2.046074
     0.145644    -2.054253
     0.147318    -2.062462
     0.148992    -2.070699
     0.150666    -2.078958
     0.152340    -2.087235
     0.154014    -2.095526
     0.155688    -2.103826
     0.157362    -2.112130
     0.159036    -2.120433
     0.160710    -2.128730
     0.162385    -2.137015
     0.164059    -2.145282
     0.165733    -2.153527
     0.167407    -2.161742


    -0.167407    -1.743581
    -0.165733    -1.740859
    -0.164059    -1.738153
    -0.162385    -1.735465
    -0.160710    -1.732795
    -0.159036    -1.730142
    -0.157362    -1.727508
    -0.155688    -1.724893
    -0.154014    -1.722296
    -0.152340    -1.719718
    -0.150666    -1.717159
    -0.148992    -1.714619
    -0.147318    -1.712099
    -0.145644    -1.709599
    -0.143970    -1.707119
    -0.142296    -1.704659
    -0.140622    -1.702221
    -0.138948    -1.699803
    -0.137274    -1.697406
    -0.135599    -1.695031
    -0.133925    -1.692677
    -0.132251    -1.690346
    -0.130577    -1.688037
    -0.128903    -1.685750
    -0.127229    -1.683486
    -0.125555    -1.681246
    -0.123881    -1.679029
    -0.122207    -1.676836
    -0.120533    -1.674667
    -0.118859    -1.672523
    -0.117185    -1.670403
    -0.115511    -1.668309
    -0.113837    -1.666240
    -0.112163    -1.664197
    -0.110488    -1.662180
    -0.108814    -1.660189
    -0.107140    -1.658225
    -0.105466    -1.656289
    -0.103792    -1.654380
    -0.102118    -1.652499
    -0.100444    -1.650646
    -0.098770    -1.648822
    -0.097096    -1.647027
    -0.095422    -1.645262
    -0.093748    -1.643526
    -0.092074    -1.641821
    -0.090400    -1.640146
    -0.088726    -1.638502
    -0.087051    -1.636890
    -0.085377    -1.635310
    -0.083703    -1.633761
    -0.082029    -1.632246
    -0.080355    -1.630763
    -0.078681    -1.629314
    -0.077007    -1.627899
    -0.075333    -1.626517
    -0.073659    -1.625171
    -0.071985    -1.623860
    -0.070311    -1.622584
    -0.068637    -1.621344
    -0.066963    -1.620140
    -0.065289    -1.618972
    -0.063615    -1.617842
    -0.061940    -1.616748
    -0.060266    -1.615692
    -0.058592    -1.614674
    -0.056918    -1.613694
    -0.055244    -1.612753
    -0.053570    -1.611850
    -0.051896    -1.610985
    -0.050222    -1.610159
    -0.048548    -1.609372
    -0.046874    -1.608624
    -0.045200    -1.607915
    -0.043526    -1.607244
    -0.041852    -1.606612
    -0.040178    -1.606018
    -0.038504    -1.605462
    -0.036829    -1.604943
    -0.035155    -1.604461
    -0.033481    -1.604016
    -0.031807    -1.603605
    -0.030133    -1.603228
    -0.028459    -1.602885
    -0.026785    -1.602573
    -0.025111    -1.602292
    -0.023437    -1.602039
    -0.021763    -1.601814
    -0.020089    -1.601613
    -0.018415    -1.601435
    -0.016741    -1.601278
    -0.015067    -1.601139
    -0.013393    -1.601015
    -0.011718    -1.600906
    -0.010044    -1.600807
    -0.008370    -1.600718
    -0.006696    -1.600635
    -0.005022    -1.600558
    -0.003348    -1.600483
    -0.001674    -1.600412
     0.000000    -1.600347
     0.001674    -1.600415
     0.003348    -1.600487
     0.005022    -1.600561
     0.006696    -1.600639
     0.008370    -1.600721
     0.010044    -1.600811
     0.011718    -1.600910
     0.013393    -1.601020
     0.015067    -1.601143
     0.016741    -1.601282
     0.018415    -1.601440
     0.020089    -1.601618
     0.021763    -1.601819
     0.023437    -1.602045
     0.025111    -1.602298
     0.026785    -1.602579
     0.028459    -1.602891
     0.030133    -1.603235
     0.031807    -1.603612
     0.033481    -1.604022
     0.035155    -1.604469
     0.036829    -1.604951
     0.038504    -1.605470
     0.040178    -1.606026
     0.041852    -1.606620
     0.043526    -1.607252
     0.045200    -1.607923
     0.046874    -1.608632
     0.048548    -1.609380
     0.050222    -1.610167
     0.051896    -1.610993
     0.053570    -1.611858
     0.055244    -1.612761
     0.056918    -1.613703
     0.058592    -1.614683
     0.060266    -1.615701
     0.061940    -1.616756
     0.063615    -1.617850
     0.065289    -1.618980
     0.066963    -1.620147
     0.068637    -1.621351
     0.070311    -1.622591
     0.071985    -1.623867
     0.073659    -1.625178
     0.075333    -1.626525
     0.077007    -1.627906
     0.078681    -1.629321
     0.080355    -1.630770
     0.082029    -1.632252
     0.083703    -1.633768
     0.085377    -1.635316
     0.087051    -1.636896
     0.088726    -1.638508
     0.090400    -1.640152
     0.092074    -1.641826
     0.093748    -1.643531
     0.095422    -1.645267
     0.097096    -1.647032
     0.098770    -1.648827
     0.100444    -1.650651
     0.102118    -1.652503
     0.103792    -1.654384
     0.105466    -1.656292
     0.107140    -1.658229
     0.108814    -1.660192
     0.110488    -1.662182
     0.112163    -1.664199
     0.113837    -1.666242
     0.115511    -1.668311
     0.117185    -1.670405
     0.118859    -1.672525
     0.120533    -1.674669
     0.122207    -1.676837
     0.123881    -1.679030
     0.125555    -1.681247
     0.127229    -1.683487
     0.128903    -1.685750
     0.130577    -1.688037
     0.132251    -1.690346
     0.133925    -1.692677
     0.135599    -1.695030
     0.137274    -1.697405
     0.138948    -1.699802
     0.140622    -1.702220
     0.142296    -1.704658
     0.143970    -1.707118
     0.145644    -1.709598
     0.147318    -1.712097
     0.148992    -1.714617
     0.150666    -1.717157
     0.152340    -1.719716
     0.154014    -1.722294
     0.155688    -1.724890
     0.157362    -1.727506
     0.159036    -1.730140
     0.160710    -1.732792
     0.162385    -1.735462
     0.164059    -1.738150
     0.165733    -1.740856
     0.167407    -1.743578


    -0.167407    -1.732391
    -0.165733    -1.729503
    -0.164059    -1.726643
    -0.162385    -1.723810
    -0.160710    -1.721003
    -0.159036    -1.718224
    -0.157362    -1.715473
    -0.155688    -1.712750
    -0.154014    -1.710054
    -0.152340    -1.707387
    -0.150666    -1.704748
    -0.148992    -1.702137
    -0.147318    -1.699555
    -0.145644    -1.697002
    -0.143970    -1.694479
    -0.142296    -1.691984
    -0.140622    -1.689519
    -0.138948    -1.687083
    -0.137274    -1.684678
    -0.135599    -1.682302
    -0.133925    -1.679957
    -0.132251    -1.677642
    -0.130577    -1.675357
    -0.128903    -1.673103
    -0.127229    -1.670880
    -0.125555    -1.668689
    -0.123881    -1.666528
    -0.122207    -1.664399
    -0.120533    -1.662301
    -0.118859    -1.660236
    -0.117185    -1.658202
    -0.115511    -1.656201
    -0.113837    -1.654232
    -0.112163    -1.652295
    -0.110488    -1.650392
    -0.108814    -1.648521
    -0.107140    -1.646683
    -0.105466    -1.644879
    -0.103792    -1.643108
    -0.102118    -1.641371
    -0.100444    -1.639667
    -0.098770    -1.637998
    -0.097096    -1.636363
    -0.095422    -1.634762
    -0.093748    -1.633196
    -0.092074    -1.631664
    -0.090400    -1.630168
    -0.088726    -1.628707
    -0.087051    -1.627281
    -0.085377    -1.625890
    -0.083703    -1.624535
    -0.082029    -1.623216
    -0.080355    -1.621933
    -0.078681    -1.620686
    -0.077007    -1.619476
    -0.075333    -1.618302
    -0.073659    -1.617164
    -0.071985    -1.616063
    -0.070311    -1.614999
    -0.068637    -1.613972
    -0.066963    -1.612982
    -0.065289    -1.612030
    -0.063615    -1.611114
    -0.061940    -1.610236
    -0.060266    -1.609395
    -0.058592    -1.608592
    -0.056918    -1.607826
    -0.055244    -1.607097
    -0.053570    -1.606406
    -0.051896    -1.605752
    -0.050222    -1.605135
    -0.048548    -1.604556
    -0.046874    -1.604013
    -0.045200    -1.603506
    -0.043526    -1.603036
    -0.041852    -1.602601
    -0.040178    -1.602202
    -0.038504    -1.601838
    -0.036829    -1.601508
    -0.035155    -1.601212
    -0.033481    -1.600948
    -0.031807    -1.600717
    -0.030133    -1.600516
    -0.028459    -1.600345
    -0.026785    -1.600203
    -0.025111    -1.600087
    -0.023437    -1.599997
    -0.021763    -1.599931
    -0.020089    -1.599887
    -0.018415    -1.599862
    -0.016741    -1.599856
    -0.015067    -1.599866
    -0.013393    -1.599890
    -0.011718    -1.599925
    -0.010044    -1.599970
    -0.008370    -1.600023
    -0.006696    -1.600081
    -0.005022    -1.600144
    -0.003348    -1.600209
    -0.001674    -1.600276
     0.000000    -1.600339
     0.001674    -1.600273
     0.003348    -1.600205
     0.005022    -1.600140
     0.006696    -1.600077
     0.008370    -1.600018
     0.010044    -1.599966
     0.011718    -1.599920
     0.013393    -1.599885
     0.015067    -1.599861
     0.016741    -1.599850
     0.018415    -1.599856
     0.020089    -1.599880
     0.021763    -1.599924
     0.023437    -1.599989
     0.025111    -1.600079
     0.026785    -1.600194
     0.028459    -1.600336
     0.030133    -1.600507
     0.031807    -1.600707
     0.033481    -1.600939
     0.035155    -1.601202
     0.036829    -1.601498
     0.038504    -1.601827
     0.040178    -1.602191
     0.041852    -1.602590
     0.043526    -1.603024
     0.045200    -1.603494
     0.046874    -1.604000
     0.048548    -1.604543
     0.050222    -1.605123
     0.051896    -1.605739
     0.053570    -1.606393
     0.055244    -1.607084
     0.056918    -1.607812
     0.058592    -1.608578
     0.060266    -1.609381
     0.061940    -1.610222
     0.063615    -1.611100
     0.065289    -1.612015
     0.066963    -1.612968
     0.068637    -1.613958
     0.070311    -1.614985
     0.071985    -1.616048
     0.073659    -1.617149
     0.075333    -1.618287
     0.077007    -1.619461
     0.078681    -1.620671
     0.080355    -1.621918
     0.082029    -1.623201
     0.083703    -1.624520
     0.085377    -1.625875
     0.087051    -1.627266
     0.088726    -1.628692
     0.090400    -1.630153
     0.092074    -1.631650
     0.093748    -1.633181
     0.095422    -1.634747
     0.097096    -1.636348
     0.098770    -1.637983
     0.100444    -1.639653
     0.102118    -1.641356
     0.103792    -1.643094
     0.105466    -1.644865
     0.107140    -1.646669
     0.108814    -1.648507
     0.110488    -1.650378
     0.112163    -1.652282
     0.113837    -1.654219
     0.115511    -1.656188
     0.117185    -1.658190
     0.118859    -1.660224
     0.120533    -1.662289
     0.122207    -1.664387
     0.123881    -1.666516
     0.125555    -1.668677
     0.127229    -1.670869
     0.128903    -1.673092
     0.130577    -1.675346
     0.132251    -1.677631
     0.133925    -1.679947
     0.135599    -1.682292
     0.137274    -1.684668
     0.138948    -1.687074
     0.140622    -1.689510
     0.142296    -1.691975
     0.143970    -1.694470
     0.145644    -1.696994
     0.147318    -1.699548
     0.148992    -1.702130
     0.150666    -1.704741
     0.152340    -1.707380
     0.154014    -1.710048
     0.155688    -1.712744
     0.157362    -1.715467
     0.159036    -1.718219
     0.160710    -1.720998
     0.162385    -1.723805
     0.164059    -1.726639
     0.165733    -1.729499
     0.167407    -1.732387


    -0.167407    -1.334896
    -0.165733    -1.328754
    -0.164059    -1.322563
    -0.162385    -1.316322
    -0.160710    -1.310031
    -0.159036    -1.303690
    -0.157362    -1.297300
    -0.155688    -1.290859
    -0.154014    -1.284369
    -0.152340    -1.277830
    -0.150666    -1.271241
    -0.148992    -1.264604
    -0.147318    -1.257917
    -0.145644    -1.251183
    -0.143970    -1.244400
    -0.142296    -1.237570
    -0.140622    -1.230693
    -0.138948    -1.223771
    -0.137274    -1.216803
    -0.135599    -1.209793
    -0.133925    -1.202747
    -0.132251    -1.195702
    -0.130577    -1.188949
    -0.128903    -1.182423
    -0.127229    -1.175884
    -0.125555    -1.169306
    -0.123881    -1.162685
    -0.122207    -1.156019
    -0.120533    -1.149308
    -0.118859    -1.142552
    -0.117185    -1.135751
    -0.115511    -1.128905
    -0.113837    -1.122013
    -0.112163    -1.115077
    -0.110488    -1.108096
    -0.108814    -1.101072
    -0.107140    -1.094005
    -0.105466    -1.086895
    -0.103792    -1.079743
    -0.102118    -1.072551
    -0.100444    -1.065319
    -0.098770    -1.058048
    -0.097096    -1.050740
    -0.095422    -1.043396
    -0.093748    -1.036018
    -0.092074    -1.028607
    -0.090400    -1.021165
    -0.088726    -1.013695
    -0.087051    -1.006198
    -0.085377    -0.998676
    -0.083703    -0.991133
    -0.082029    -0.983571
    -0.080355    -0.975992
    -0.078681    -0.968400
    -0.077007    -0.960798
    -0.075333    -0.953190
    -0.073659    -0.945579
    -0.071985    -0.937970
    -0.070311    -0.930365
    -0.068637    -0.922771
    -0.066963    -0.915192
    -0.065289    -0.907632
    -0.063615    -0.900097
    -0.061940    -0.892592
    -0.060266    -0.885124
    -0.058592    -0.877699
    -0.056918    -0.870322
    -0.055244    -0.863002
    -0.053570    -0.855746
    -0.051896    -0.848560
    -0.050222    -0.841454
    -0.048548    -0.834434
    -0.046874    -0.827512
    -0.045200    -0.820694
    -0.043526    -0.813992
    -0.041852    -0.807414
    -0.040178    -0.800971
    -0.038504    -0.794675
    -0.036829    -0.788535
    -0.035155    -0.782562
    -0.033481    -0.776769
    -0.031807    -0.771167
    -0.030133    -0.765768
    -0.028459    -0.760583
    -0.026785    -0.755625
    -0.025111    -0.750904
    -0.023437    -0.746432
    -0.021763    -0.742221
    -0.020089    -0.738281
    -0.018415    -0.734621
    -0.016741    -0.731252
    -0.015067    -0.728182
    -0.013393    -0.725418
    -0.011718    -0.722968
    -0.010044    -0.720836
    -0.008370    -0.719029
    -0.006696    -0.717548
    -0.005022    -0.716396
    -0.003348    -0.715574
    -0.001674    -0.715081
     0.000000    -0.714915
     0.001674    -0.715077
     0.003348    -0.715564
     0.005022    -0.716382
     0.006696    -0.717533
     0.008370    -0.719014
     0.010044    -0.720822
     0.011718    -0.722953
     0.013393    -0.725403
     0.015067    -0.728167
     0.016741    -0.731237
     0.018415    -0.734607
     0.020089    -0.738266
     0.021763    -0.742206
     0.023437    -0.746418
     0.025111    -0.750889
     0.026785    -0.755610
     0.028459    -0.760569
     0.030133    -0.765754
     0.031807    -0.771153
     0.033481    -0.776756
     0.035155    -0.782549
     0.036829    -0.788521
     0.038504    -0.794662
     0.040178    -0.800959
     0.041852    -0.807401
     0.043526    -0.813979
     0.045200    -0.820682
     0.046874    -0.827500
     0.048548    -0.834423
     0.050222    -0.841443
     0.051896    -0.848550
     0.053570    -0.855736
     0.055244    -0.862993
     0.056918    -0.870313
     0.058592    -0.877690
     0.060266    -0.885115
     0.061940    -0.892584
     0.063615    -0.900089
     0.065289    -0.907624
     0.066963    -0.915185
     0.068637    -0.922765
     0.070311    -0.930359
     0.071985    -0.937964
     0.073659    -0.945574
     0.075333    -0.953185
     0.077007    -0.960793
     0.078681    -0.968396
     0.080355    -0.975988
     0.082029    -0.983567
     0.083703    -0.991129
     0.085377    -0.998673
     0.087051    -1.006195
     0.088726    -1.013692
     0.090400    -1.021163
     0.092074    -1.028605
     0.093748    -1.036016
     0.095422    -1.043394
     0.097096    -1.050738
     0.098770    -1.058047
     0.100444    -1.065317
     0.102118    -1.072550
     0.103792    -1.079742
     0.105466    -1.086894
     0.107140    -1.094004
     0.108814    -1.101072
     0.110488    -1.108096
     0.112163    -1.115076
     0.113837    -1.122013
     0.115511    -1.128904
     0.117185    -1.135751
     0.118859    -1.142552
     0.120533    -1.149308
     0.122207    -1.156019
     0.123881    -1.162684
     0.125555    -1.169305
     0.127229    -1.175882
     0.128903    -1.182420
     0.130577    -1.188941
     0.132251    -1.195685
     0.133925    -1.202732
     0.135599    -1.209779
     0.137274    -1.216789
     0.138948    -1.223757
     0.140622    -1.230679
     0.142296    -1.237555
     0.143970    -1.244385
     0.145644    -1.251167
     0.147318    -1.257901
     0.148992    -1.264587
     0.150666    -1.271224
     0.152340    -1.277813
     0.154014    -1.284352
     0.155688    -1.290841
     0.157362    -1.297281
     0.159036    -1.303671
     0.160710    -1.310012
     0.162385    -1.316302
     0.164059    -1.322543
     0.165733    -1.328733
     0.167407    -1.334874


    -0.167407    -1.320778
    -0.165733    -1.315187
    -0.164059    -1.309561
    -0.162385    -1.303900
    -0.160710    -1.298203
    -0.159036    -1.292469
    -0.157362    -1.286697
    -0.155688    -1.280888
    -0.154014    -1.275041
    -0.152340    -1.269155
    -0.150666    -1.263229
    -0.148992    -1.257263
    -0.147318    -1.251257
    -0.145644    -1.245209
    -0.143970    -1.239120
    -0.142296    -1.232989
    -0.140622    -1.226814
    -0.138948    -1.220596
    -0.137274    -1.214334
    -0.135599    -1.208025
    -0.133925    -1.201663
    -0.132251    -1.195211
    -0.130577    -1.188380
    -0.128903    -1.181235
    -0.127229    -1.174016
    -0.125555    -1.166750
    -0.123881    -1.159443
    -0.122207    -1.152097
    -0.120533    -1.144714
    -0.118859    -1.137295
    -0.117185    -1.129842
    -0.115511    -1.122356
    -0.113837    -1.114840
    -0.112163    -1.107294
    -0.110488    -1.099722
    -0.108814    -1.092123
    -0.107140    -1.084501
    -0.105466    -1.076857
    -0.103792    -1.069194
    -0.102118    -1.061513
    -0.100444    -1.053817
    -0.098770    -1.046108
    -0.097096    -1.038389
    -0.095422    -1.030662
    -0.093748    -1.022930
    -0.092074    -1.015196
    -0.090400    -1.007461
    -0.088726    -0.999730
    -0.087051    -0.992005
    -0.085377    -0.984290
    -0.083703    -0.976587
    -0.082029    -0.968899
    -0.080355    -0.961231
    -0.078681    -0.953586
    -0.077007    -0.945966
    -0.075333    -0.938377
    -0.073659    -0.930822
    -0.071985    -0.923304
    -0.070311    -0.915829
    -0.068637    -0.908399
    -0.066963    -0.901019
    -0.065289    -0.893694
    -0.063615    -0.886429
    -0.061940    -0.879227
    -0.060266    -0.872094
    -0.058592    -0.865035
    -0.056918    -0.858054
    -0.055244    -0.851158
    -0.053570    -0.844351
    -0.051896    -0.837639
    -0.050222    -0.831027
    -0.048548    -0.824523
    -0.046874    -0.818131
    -0.045200    -0.811857
    -0.043526    -0.805710
    -0.041852    -0.799694
    -0.040178    -0.793817
    -0.038504    -0.788086
    -0.036829    -0.782508
    -0.035155    -0.777090
    -0.033481    -0.771840
    -0.031807    -0.766767
    -0.030133    -0.761877
    -0.028459    -0.757179
    -0.026785    -0.752682
    -0.025111    -0.748393
    -0.023437    -0.744322
    -0.021763    -0.740476
    -0.020089    -0.736866
    -0.018415    -0.733499
    -0.016741    -0.730385
    -0.015067    -0.727532
    -0.013393    -0.724948
    -0.011718    -0.722643
    -0.010044    -0.720623
    -0.008370    -0.718896
    -0.006696    -0.717470
    -0.005022    -0.716352
    -0.003348    -0.715547
    -0.001674    -0.715063
     0.000000    -0.714902
     0.001674    -0.715066
     0.003348    -0.715556
     0.005022    -0.716364
     0.006696    -0.717482
     0.008370    -0.718907
     0.010044    -0.720633
     0.011718    -0.722652
     0.013393    -0.724957
     0.015067    -0.727540
     0.016741    -0.730393
     0.018415    -0.733507
     0.020089    -0.736873
     0.021763    -0.740483
     0.023437    -0.744328
     0.025111    -0.748399
     0.026785    -0.752687
     0.028459    -0.757185
     0.030133    -0.761882
     0.031807    -0.766772
     0.033481    -0.771845
     0.035155    -0.777095
     0.036829    -0.782512
     0.038504    -0.788090
     0.040178    -0.793821
     0.041852    -0.799698
     0.043526    -0.805713
     0.045200    -0.811861
     0.046874    -0.818134
     0.048548    -0.824526
     0.050222    -0.831031
     0.051896    -0.837642
     0.053570    -0.844354
     0.055244    -0.851161
     0.056918    -0.858057
     0.058592    -0.865038
     0.060266    -0.872097
     0.061940    -0.879230
     0.063615    -0.886431
     0.065289    -0.893697
     0.066963    -0.901021
     0.068637    -0.908401
     0.070311    -0.915830
     0.071985    -0.923306
     0.073659    -0.930823
     0.075333    -0.938379
     0.077007    -0.945968
     0.078681    -0.953587
     0.080355    -0.961232
     0.082029    -0.968900
     0.083703    -0.976587
     0.085377    -0.984290
     0.087051    -0.992005
     0.088726    -0.999730
     0.090400    -1.007461
     0.092074    -1.015195
     0.093748    -1.022929
     0.095422    -1.030661
     0.097096    -1.038388
     0.098770    -1.046106
     0.100444    -1.053815
     0.102118    -1.061510
     0.103792    -1.069191
     0.105466    -1.076854
     0.107140    -1.084497
     0.108814    -1.092119
     0.110488    -1.099717
     0.112163    -1.107290
     0.113837    -1.114835
     0.115511    -1.122351
     0.117185    -1.129836
     0.118859    -1.137289
     0.120533    -1.144707
     0.122207    -1.152090
     0.123881    -1.159436
     0.125555    -1.166743
     0.127229    -1.174009
     0.128903    -1.181229
     0.130577    -1.188379
     0.132251    -1.195219
     0.133925    -1.201667
     0.135599    -1.208027
     0.137274    -1.214336
     0.138948    -1.220598
     0.140622    -1.226816
     0.142296    -1.232990
     0.143970    -1.239121
     0.145644    -1.245210
     0.147318    -1.251257
     0.148992    -1.257264
     0.150666    -1.263229
     0.152340    -1.269155
     0.154014    -1.275041
     0.155688    -1.280888
     0.157362    -1.286697
     0.159036    -1.292468
     0.160710    -1.298202
     0.162385    -1.303899
     0.164059    -1.309560
     0.165733    -1.315186
     0.167407    -1.320777


    -0.167407    -0.499104
    -0.165733    -0.494342
    -0.164059    -0.489622
    -0.162385    -0.484946
    -0.160710    -0.480315
    -0.159036    -0.475729
    -0.157362    -0.471190
    -0.155688    -0.466699
    -0.154014    -0.462255
    -0.152340    -0.457861
    -0.150666    -0.453517
    -0.148992    -0.449224
    -0.147318    -0.444983
    -0.145644    -0.440794
    -0.143970    -0.436660
    -0.142296    -0.432579
    -0.140622    -0.428554
    -0.138948    -0.424585
    -0.137274    -0.420674
    -0.135599    -0.416820
    -0.133925    -0.413025
    -0.132251    -0.409290
    -0.130577    -0.405615
    -0.128903    -0.402001
    -0.127229    -0.398450
    -0.125555    -0.394961
    -0.123881    -0.391536
    -0.122207    -0.388175
    -0.120533    -0.384879
    -0.118859    -0.381649
    -0.117185    -0.378485
    -0.115511    -0.375388
    -0.113837    -0.372358
    -0.112163    -0.369397
    -0.110488    -0.366504
    -0.108814    -0.363680
    -0.107140    -0.360925
    -0.105466    -0.358239
    -0.103792    -0.355624
    -0.102118    -0.353079
    -0.100444    -0.350604
    -0.098770    -0.348199
    -0.097096    -0.345864
    -0.095422    -0.343600
    -0.093748    -0.341406
    -0.092074    -0.339281
    -0.090400    -0.337225
    -0.088726    -0.335238
    -0.087051    -0.333320
    -0.085377    -0.331468
    -0.083703    -0.329684
    -0.082029    -0.327964
    -0.080355    -0.326309
    -0.078681    -0.324716
    -0.077007    -0.323185
    -0.075333    -0.321713
    -0.073659    -0.320299
    -0.071985    -0.318940
    -0.070311    -0.317634
    -0.068637    -0.316378
    -0.066963    -0.315170
    -0.065289    -0.314007
    -0.063615    -0.312884
    -0.061940    -0.311798
    -0.060266    -0.310746
    -0.058592    -0.309722
    -0.056918    -0.308723
    -0.055244    -0.307742
    -0.053570    -0.306775
    -0.051896    -0.305815
    -0.050222    -0.304857
    -0.048548    -0.303894
    -0.046874    -0.302918
    -0.045200    -0.301922
    -0.043526    -0.300899
    -0.041852    -0.299839
    -0.040178    -0.298735
    -0.038504    -0.297577
    -0.036829    -0.296356
    -0.035155    -0.295061
    -0.033481    -0.293683
    -0.031807    -0.292212
    -0.030133    -0.290636
    -0.028459    -0.288946
    -0.026785    -0.287131
    -0.025111    -0.285180
    -0.023437    -0.283082
    -0.021763    -0.280828
    -0.020089    -0.278408
    -0.018415    -0.275813
    -0.016741    -0.273034
    -0.015067    -0.270063
    -0.013393    -0.266892
    -0.011718    -0.263517
    -0.010044    -0.259932
    -0.008370    -0.256131
    -0.006696    -0.252114
    -0.005022    -0.247877
    -0.003348    -0.243421
    -0.001674    -0.238745
     0.000000    -0.233877
     0.001674    -0.238771
     0.003348    -0.243448
     0.005022    -0.247905
     0.006696    -0.252142
     0.008370    -0.256160
     0.010044    -0.259961
     0.011718    -0.263547
     0.013393    -0.266923
     0.015067    -0.270093
     0.016741    -0.273065
     0.018415    -0.275845
     0.020089    -0.278440
     0.021763    -0.280860
     0.023437    -0.283115
     0.025111    -0.285212
     0.026785    -0.287164
     0.028459    -0.288979
     0.030133    -0.290669
     0.031807    -0.292244
     0.033481    -0.293716
     0.035155    -0.295094
     0.036829    -0.296388
     0.038504    -0.297609
     0.040178    -0.298767
     0.041852    -0.299871
     0.043526    -0.300930
     0.045200    -0.301953
     0.046874    -0.302949
     0.048548    -0.303924
     0.050222    -0.304887
     0.051896    -0.305845
     0.053570    -0.306804
     0.055244    -0.307771
     0.056918    -0.308751
     0.058592    -0.309750
     0.060266    -0.310773
     0.061940    -0.311825
     0.063615    -0.312910
     0.065289    -0.314033
     0.066963    -0.315196
     0.068637    -0.316403
     0.070311    -0.317658
     0.071985    -0.318964
     0.073659    -0.320322
     0.075333    -0.321736
     0.077007    -0.323207
     0.078681    -0.324738
     0.080355    -0.326330
     0.082029    -0.327985
     0.083703    -0.329704
     0.085377    -0.331488
     0.087051    -0.333339
     0.088726    -0.335257
     0.090400    -0.337243
     0.092074    -0.339298
     0.093748    -0.341422
     0.095422    -0.343616
     0.097096    -0.345880
     0.098770    -0.348214
     0.100444    -0.350619
     0.102118    -0.353093
     0.103792    -0.355638
     0.105466    -0.358253
     0.107140    -0.360938
     0.108814    -0.363692
     0.110488    -0.366516
     0.112163    -0.369409
     0.113837    -0.372370
     0.115511    -0.375399
     0.117185    -0.378496
     0.118859    -0.381660
     0.120533    -0.384889
     0.122207    -0.388185
     0.123881    -0.391545
     0.125555    -0.394970
     0.127229    -0.398459
     0.128903    -0.402010
     0.130577    -0.405623
     0.132251    -0.409298
     0.133925    -0.413033
     0.135599    -0.416828
     0.137274    -0.420681
     0.138948    -0.424593
     0.140622    -0.428561
     0.142296    -0.432586
     0.143970    -0.436667
     0.145644    -0.440801
     0.147318    -0.444990
     0.148992    -0.449231
     0.150666    -0.453524
     0.152340    -0.457868
     0.154014    -0.462262
     0.155688    -0.466705
     0.157362    -0.471197
     0.159036    -0.475735
     0.160710    -0.480321
     0.162385    -0.484952
     0.164059    -0.489628
     0.165733    -0.494348
     0.167407    -0.499110


    -0.167407    -0.461294
    -0.165733    -0.454727
    -0.164059    -0.448163
    -0.162385    -0.441601
    -0.160710    -0.435042
    -0.159036    -0.428487
    -0.157362    -0.421934
    -0.155688    -0.415384
    -0.154014    -0.408838
    -0.152340    -0.402295
    -0.150666    -0.395755
    -0.148992    -0.389219
    -0.147318    -0.382686
    -0.145644    -0.376157
    -0.143970    -0.369631
    -0.142296    -0.363109
    -0.140622    -0.356592
    -0.138948    -0.350078
    -0.137274    -0.343568
    -0.135599    -0.337062
    -0.133925    -0.330560
    -0.132251    -0.324062
    -0.130577    -0.317569
    -0.128903    -0.311080
    -0.127229    -0.304595
    -0.125555    -0.298115
    -0.123881    -0.291639
    -0.122207    -0.285168
    -0.120533    -0.278702
    -0.118859    -0.272240
    -0.117185    -0.265784
    -0.115511    -0.259332
    -0.113837    -0.252886
    -0.112163    -0.246445
    -0.110488    -0.240010
    -0.108814    -0.233580
    -0.107140    -0.227157
    -0.105466    -0.220739
    -0.103792    -0.214329
    -0.102118    -0.207925
    -0.100444    -0.201529
    -0.098770    -0.195141
    -0.097096    -0.188762
    -0.095422    -0.182392
    -0.093748    -0.176033
    -0.092074    -0.169685
    -0.090400    -0.163350
    -0.088726    -0.157029
    -0.087051    -0.150724
    -0.085377    -0.144437
    -0.083703    -0.138171
    -0.082029    -0.131930
    -0.080355    -0.125716
    -0.078681    -0.119535
    -0.077007    -0.113394
    -0.075333    -0.107298
    -0.073659    -0.101258
    -0.071985    -0.095286
    -0.070311    -0.089396
    -0.068637    -0.083609
    -0.066963    -0.077949
    -0.065289    -0.072450
    -0.063615    -0.067157
    -0.061940    -0.062129
    -0.060266    -0.057446
    -0.058592    -0.053216
    -0.056918    -0.049579
    -0.055244    -0.046711
    -0.053570    -0.044816
    -0.051896    -0.044099
    -0.050222    -0.044710
    -0.048548    -0.046696
    -0.046874    -0.049976
    -0.045200    -0.054374
    -0.043526    -0.059672
    -0.041852    -0.065659
    -0.040178    -0.072158
    -0.038504    -0.079026
    -0.036829    -0.086155
    -0.035155    -0.093461
    -0.033481    -0.100881
    -0.031807    -0.108366
    -0.030133    -0.115878
    -0.028459    -0.123383
    -0.026785    -0.130858
    -0.025111    -0.138280
    -0.023437    -0.145631
    -0.021763    -0.152893
    -0.020089    -0.160052
    -0.018415    -0.167095
    -0.016741    -0.174008
    -0.015067    -0.180782
    -0.013393    -0.187404
    -0.011718    -0.193864
    -0.010044    -0.200155
    -0.008370    -0.206265
    -0.006696    -0.212189
    -0.005022    -0.217918
    -0.003348    -0.223446
    -0.001674    -0.228767
     0.000000    -0.233851
     0.001674    -0.228742
     0.003348    -0.223422
     0.005022    -0.217895
     0.006696    -0.212167
     0.008370    -0.206244
     0.010044    -0.200134
     0.011718    -0.193845
     0.013393    -0.187385
     0.015067    -0.180763
     0.016741    -0.173991
     0.018415    -0.167078
     0.020089    -0.160036
     0.021763    -0.152877
     0.023437    -0.145616
     0.025111    -0.138266
     0.026785    -0.130844
     0.028459    -0.123370
     0.030133    -0.115864
     0.031807    -0.108354
     0.033481    -0.100869
     0.035155    -0.093449
     0.036829    -0.086143
     0.038504    -0.079014
     0.040178    -0.072146
     0.041852    -0.065646
     0.043526    -0.059658
     0.045200    -0.054359
     0.046874    -0.049961
     0.048548    -0.046679
     0.050222    -0.044692
     0.051896    -0.044081
     0.053570    -0.044798
     0.055244    -0.046693
     0.056918    -0.049561
     0.058592    -0.053198
     0.060266    -0.057428
     0.061940    -0.062111
     0.063615    -0.067139
     0.065289    -0.072433
     0.066963    -0.077932
     0.068637    -0.083592
     0.070311    -0.089379
     0.071985    -0.095269
     0.073659    -0.101242
     0.075333    -0.107282
     0.077007    -0.113377
     0.078681    -0.119519
     0.080355    -0.125700
     0.082029    -0.131914
     0.083703    -0.138156
     0.085377    -0.144422
     0.087051    -0.150709
     0.088726    -0.157014
     0.090400    -0.163335
     0.092074    -0.169671
     0.093748    -0.176019
     0.095422    -0.182379
     0.097096    -0.188749
     0.098770    -0.195129
     0.100444    -0.201517
     0.102118    -0.207913
     0.103792    -0.214317
     0.105466    -0.220728
     0.107140    -0.227146
     0.108814    -0.233570
     0.110488    -0.240000
     0.112163    -0.246435
     0.113837    -0.252877
     0.115511    -0.259324
     0.117185    -0.265776
     0.118859    -0.272233
     0.120533    -0.278695
     0.122207    -0.285161
     0.123881    -0.291633
     0.125555    -0.298109
     0.127229    -0.304590
     0.128903    -0.311075
     0.130577    -0.317565
     0.132251    -0.324059
     0.133925    -0.330557
     0.135599    -0.337059
     0.137274    -0.343566
     0.138948    -0.350076
     0.140622    -0.356591
     0.142296    -0.363109
     0.143970    -0.369632
     0.145644    -0.376158
     0.147318    -0.382687
     0.148992    -0.389221
     0.150666    -0.395758
     0.152340    -0.402298
     0.154014    -0.408842
     0.155688    -0.415389
     0.157362    -0.421939
     0.159036    -0.428492
     0.160710    -0.435048
     0.162385    -0.441608
     0.164059    -0.448170
     0.165733    -0.454734
     0.167407    -0.461302


    -0.167407     0.657910
    -0.165733     0.649132
    -0.164059     0.640327
    -0.162385     0.631496
    -0.160710     0.622640
    -0.159036     0.613757
    -0.157362     0.604850
    -0.155688     0.595917
    -0.154014     0.586959
    -0.152340     0.577977
    -0.150666     0.568971
    -0.148992     0.559941
    -0.147318     0.550887
    -0.145644     0.541810
    -0.143970     0.532711
    -0.142296     0.523589
    -0.140622     0.514446
    -0.138948     0.505281
    -0.137274     0.496095
    -0.135599     0.486888
    -0.133925     0.477661
    -0.132251     0.468415
    -0.130577     0.459150
    -0.128903     0.449866
    -0.127229     0.440564
    -0.125555     0.431245
    -0.123881     0.421910
    -0.122207     0.412559
    -0.120533     0.403192
    -0.118859     0.393811
    -0.117185     0.384416
    -0.115511     0.375009
    -0.113837     0.365590
    -0.112163     0.356160
    -0.110488     0.346720
    -0.108814     0.337271
    -0.107140     0.327815
    -0.105466     0.318352
    -0.103792     0.308885
    -0.102118     0.299414
    -0.100444     0.289941
    -0.098770     0.280467
    -0.097096     0.270996
    -0.095422     0.261528
    -0.093748     0.252065
    -0.092074     0.242611
    -0.090400     0.233168
    -0.088726     0.223739
    -0.087051     0.214327
    -0.085377     0.204937
    -0.083703     0.195572
    -0.082029     0.186238
    -0.080355     0.176940
    -0.078681     0.167685
    -0.077007     0.158482
    -0.075333     0.149339
    -0.073659     0.140269
    -0.071985     0.131285
    -0.070311     0.122405
    -0.068637     0.113651
    -0.066963     0.105051
    -0.065289     0.096642
    -0.063615     0.088470
    -0.061940     0.080599
    -0.060266     0.073111
    -0.058592     0.066117
    -0.056918     0.059761
    -0.055244     0.054222
    -0.053570     0.049709
    -0.051896     0.046429
    -0.050222     0.044538
    -0.048548     0.044086
    -0.046874     0.044997
    -0.045200     0.047098
    -0.043526     0.050178
    -0.041852     0.054030
    -0.040178     0.058482
    -0.038504     0.063396
    -0.036829     0.068670
    -0.035155     0.074226
    -0.033481     0.080008
    -0.031807     0.085971
    -0.030133     0.092084
    -0.028459     0.098322
    -0.026785     0.104665
    -0.025111     0.111100
    -0.023437     0.117614
    -0.021763     0.124198
    -0.020089     0.130845
    -0.018415     0.137548
    -0.016741     0.144302
    -0.015067     0.151103
    -0.013393     0.157948
    -0.011718     0.164833
    -0.010044     0.171756
    -0.008370     0.178715
    -0.006696     0.185707
    -0.005022     0.192730
    -0.003348     0.199783
    -0.001674     0.206864
     0.000000     0.213965
     0.001674     0.206859
     0.003348     0.199779
     0.005022     0.192726
     0.006696     0.185703
     0.008370     0.178711
     0.010044     0.171753
     0.011718     0.164831
     0.013393     0.157946
     0.015067     0.151101
     0.016741     0.144301
     0.018415     0.137547
     0.020089     0.130844
     0.021763     0.124198
     0.023437     0.117614
     0.025111     0.111100
     0.026785     0.104665
     0.028459     0.098322
     0.030133     0.092084
     0.031807     0.085972
     0.033481     0.080008
     0.035155     0.074227
     0.036829     0.068670
     0.038504     0.063396
     0.040178     0.058481
     0.041852     0.054029
     0.043526     0.050176
     0.045200     0.047096
     0.046874     0.044993
     0.048548     0.044081
     0.050222     0.044532
     0.051896     0.046422
     0.053570     0.049702
     0.055244     0.054215
     0.056918     0.059753
     0.058592     0.066109
     0.060266     0.073103
     0.061940     0.080591
     0.063615     0.088462
     0.065289     0.096634
     0.066963     0.105044
     0.068637     0.113644
     0.070311     0.122398
     0.071985     0.131278
     0.073659     0.140262
     0.075333     0.149332
     0.077007     0.158475
     0.078681     0.167678
     0.080355     0.176933
     0.082029     0.186231
     0.083703     0.195565
     0.085377     0.204930
     0.087051     0.214321
     0.088726     0.223732
     0.090400     0.233161
     0.092074     0.242605
     0.093748     0.252059
     0.095422     0.261521
     0.097096     0.270989
     0.098770     0.280461
     0.100444     0.289935
     0.102118     0.299408
     0.103792     0.308879
     0.105466     0.318347
     0.107140     0.327810
     0.108814     0.337266
     0.110488     0.346715
     0.112163     0.356155
     0.113837     0.365585
     0.115511     0.375005
     0.117185     0.384412
     0.118859     0.393807
     0.120533     0.403188
     0.122207     0.412555
     0.123881     0.421907
     0.125555     0.431243
     0.127229     0.440562
     0.128903     0.449864
     0.130577     0.459148
     0.132251     0.468413
     0.133925     0.477660
     0.135599     0.486887
     0.137274     0.496094
     0.138948     0.505281
     0.140622     0.514446
     0.142296     0.523590
     0.143970     0.532712
     0.145644     0.541811
     0.147318     0.550888
     0.148992     0.559942
     0.150666     0.568973
     0.152340     0.577979
     0.154014     0.586962
     0.155688     0.595920
     0.157362     0.604853
     0.159036     0.613761
     0.160710     0.622644
     0.162385     0.631501
     0.164059     0.640332
     0.165733     0.649137
     0.167407     0.657915


    -0.167407     0.885247
    -0.165733     0.879523
    -0.164059     0.873784
    -0.162385     0.868033
    -0.160710     0.862267
    -0.159036     0.856486
    -0.157362     0.850691
    -0.155688     0.844882
    -0.154014     0.839056
    -0.152340     0.833216
    -0.150666     0.827359
    -0.148992     0.821486
    -0.147318     0.815596
    -0.145644     0.809689
    -0.143970     0.803764
    -0.142296     0.797822
    -0.140622     0.791861
    -0.138948     0.785881
    -0.137274     0.779882
    -0.135599     0.773863
    -0.133925     0.767824
    -0.132251     0.761764
    -0.130577     0.755683
    -0.128903     0.749581
    -0.127229     0.743456
    -0.125555     0.737309
    -0.123881     0.731138
    -0.122207     0.724944
    -0.120533     0.718726
    -0.118859     0.712484
    -0.117185     0.706216
    -0.115511     0.699924
    -0.113837     0.693605
    -0.112163     0.687260
    -0.110488     0.680888
    -0.108814     0.674490
    -0.107140     0.668064
    -0.105466     0.661610
    -0.103792     0.655129
    -0.102118     0.648619
    -0.100444     0.642080
    -0.098770     0.635513
    -0.097096     0.628917
    -0.095422     0.622291
    -0.093748     0.615637
    -0.092074     0.608953
    -0.090400     0.602241
    -0.088726     0.595499
    -0.087051     0.588727
    -0.085377     0.581927
    -0.083703     0.575098
    -0.082029     0.568240
    -0.080355     0.561354
    -0.078681     0.554440
    -0.077007     0.547498
    -0.075333     0.540529
    -0.073659     0.533534
    -0.071985     0.526512
    -0.070311     0.519464
    -0.068637     0.512391
    -0.066963     0.505295
    -0.065289     0.498174
    -0.063615     0.491031
    -0.061940     0.483866
    -0.060266     0.476680
    -0.058592     0.469474
    -0.056918     0.462249
    -0.055244     0.455006
    -0.053570     0.447746
    -0.051896     0.440469
    -0.050222     0.433179
    -0.048548     0.425874
    -0.046874     0.418558
    -0.045200     0.411230
    -0.043526     0.403892
    -0.041852     0.396546
    -0.040178     0.389192
    -0.038504     0.381833
    -0.036829     0.374468
    -0.035155     0.367101
    -0.033481     0.359731
    -0.031807     0.352361
    -0.030133     0.344992
    -0.028459     0.337624
    -0.026785     0.330260
    -0.025111     0.322901
    -0.023437     0.315548
    -0.021763     0.308202
    -0.020089     0.300865
    -0.018415     0.293538
    -0.016741     0.286223
    -0.015067     0.278920
    -0.013393     0.271631
    -0.011718     0.264357
    -0.010044     0.257099
    -0.008370     0.249859
    -0.006696     0.242638
    -0.005022     0.235437
    -0.003348     0.228257
    -0.001674     0.221100
     0.000000     0.213975
     0.001674     0.221106
     0.003348     0.228263
     0.005022     0.235443
     0.006696     0.242645
     0.008370     0.249866
     0.010044     0.257106
     0.011718     0.264364
     0.013393     0.271639
     0.015067     0.278928
     0.016741     0.286231
     0.018415     0.293547
     0.020089     0.300874
     0.021763     0.308212
     0.023437     0.315557
     0.025111     0.322911
     0.026785     0.330270
     0.028459     0.337634
     0.030133     0.345002
     0.031807     0.352371
     0.033481     0.359741
     0.035155     0.367111
     0.036829     0.374479
     0.038504     0.381843
     0.040178     0.389202
     0.041852     0.396556
     0.043526     0.403902
     0.045200     0.411240
     0.046874     0.418568
     0.048548     0.425884
     0.050222     0.433189
     0.051896     0.440479
     0.053570     0.447755
     0.055244     0.455015
     0.056918     0.462258
     0.058592     0.469483
     0.060266     0.476689
     0.061940     0.483875
     0.063615     0.491040
     0.065289     0.498183
     0.066963     0.505303
     0.068637     0.512400
     0.070311     0.519472
     0.071985     0.526519
     0.073659     0.533541
     0.075333     0.540537
     0.077007     0.547505
     0.078681     0.554447
     0.080355     0.561361
     0.082029     0.568247
     0.083703     0.575104
     0.085377     0.581933
     0.087051     0.588733
     0.088726     0.595504
     0.090400     0.602246
     0.092074     0.608958
     0.093748     0.615642
     0.095422     0.622296
     0.097096     0.628921
     0.098770     0.635517
     0.100444     0.642084
     0.102118     0.648622
     0.103792     0.655132
     0.105466     0.661613
     0.107140     0.668067
     0.108814     0.674493
     0.110488     0.680891
     0.112163     0.687263
     0.113837     0.693607
     0.115511     0.699926
     0.117185     0.706219
     0.118859     0.712486
     0.120533     0.718728
     0.122207     0.724946
     0.123881     0.731140
     0.125555     0.737310
     0.127229     0.743458
     0.128903     0.749582
     0.130577     0.755685
     0.132251     0.761765
     0.133925     0.767825
     0.135599     0.773864
     0.137274     0.779883
     0.138948     0.785882
     0.140622     0.791862
     0.142296     0.797823
     0.143970     0.803765
     0.145644     0.809690
     0.147318     0.815597
     0.148992     0.821486
     0.150666     0.827360
     0.152340     0.833216
     0.154014     0.839057
     0.155688     0.844882
     0.157362     0.850692
     0.159036     0.856487
     0.160710     0.862267
     0.162385     0.868033
     0.164059     0.873785
     0.165733     0.879523
     0.167407     0.885248


    -0.167407     1.832211
    -0.165733     1.824308
    -0.164059     1.816422
    -0.162385     1.808554
    -0.160710     1.800707
    -0.159036     1.792882
    -0.157362     1.785081
    -0.155688     1.777307
    -0.154014     1.769562
    -0.152340     1.761846
    -0.150666     1.754164
    -0.148992     1.746516
    -0.147318     1.738906
    -0.145644     1.731335
    -0.143970     1.723805
    -0.142296     1.716319
    -0.140622     1.708880
    -0.138948     1.701489
    -0.137274     1.694149
    -0.135599     1.686862
    -0.133925     1.679631
    -0.132251     1.672458
    -0.130577     1.665346
    -0.128903     1.658296
    -0.127229     1.651313
    -0.125555     1.644397
    -0.123881     1.637552
    -0.122207     1.630780
    -0.120533     1.624083
    -0.118859     1.617464
    -0.117185     1.610926
    -0.115511     1.604471
    -0.113837     1.598101
    -0.112163     1.591820
    -0.110488     1.585628
    -0.108814     1.579529
    -0.107140     1.573526
    -0.105466     1.567619
    -0.103792     1.561813
    -0.102118     1.556108
    -0.100444     1.550508
    -0.098770     1.545014
    -0.097096     1.539629
    -0.095422     1.534354
    -0.093748     1.529193
    -0.092074     1.524145
    -0.090400     1.519215
    -0.088726     1.514403
    -0.087051     1.509711
    -0.085377     1.505141
    -0.083703     1.500694
    -0.082029     1.496373
    -0.080355     1.492178
    -0.078681     1.488111
    -0.077007     1.484174
    -0.075333     1.480367
    -0.073659     1.476692
    -0.071985     1.473149
    -0.070311     1.469740
    -0.068637     1.466466
    -0.066963     1.463327
    -0.065289     1.460324
    -0.063615     1.457457
    -0.061940     1.454728
    -0.060266     1.452136
    -0.058592     1.449682
    -0.056918     1.447366
    -0.055244     1.445188
    -0.053570     1.443149
    -0.051896     1.441247
    -0.050222     1.439484
    -0.048548     1.437859
    -0.046874     1.436371
    -0.045200     1.435020
    -0.043526     1.433806
    -0.041852     1.432728
    -0.040178     1.431786
    -0.038504     1.430978
    -0.036829     1.430305
    -0.035155     1.429765
    -0.033481     1.429357
    -0.031807     1.429081
    -0.030133     1.428935
    -0.028459     1.428918
    -0.026785     1.429030
    -0.025111     1.429268
    -0.023437     1.429633
    -0.021763     1.430121
    -0.020089     1.430733
    -0.018415     1.431466
    -0.016741     1.432320
    -0.015067     1.433293
    -0.013393     1.434383
    -0.011718     1.435589
    -0.010044     1.436910
    -0.008370     1.438343
    -0.006696     1.439887
    -0.005022     1.441541
    -0.003348     1.443303
    -0.001674     1.445172
     0.000000     1.447140
     0.001674     1.445181
     0.003348     1.443313
     0.005022     1.441551
     0.006696     1.439898
     0.008370     1.438353
     0.010044     1.436920
     0.011718     1.435600
     0.013393     1.434395
     0.015067     1.433305
     0.016741     1.432332
     0.018415     1.431479
     0.020089     1.430745
     0.021763     1.430134
     0.023437     1.429645
     0.025111     1.429282
     0.026785     1.429043
     0.028459     1.428932
     0.030133     1.428949
     0.031807     1.429095
     0.033481     1.429372
     0.035155     1.429780
     0.036829     1.430320
     0.038504     1.430994
     0.040178     1.431802
     0.041852     1.432744
     0.043526     1.433822
     0.045200     1.435036
     0.046874     1.436387
     0.048548     1.437875
     0.050222     1.439501
     0.051896     1.441264
     0.053570     1.443166
     0.055244     1.445206
     0.056918     1.447384
     0.058592     1.449700
     0.060266     1.452154
     0.061940     1.454746
     0.063615     1.457475
     0.065289     1.460342
     0.066963     1.463345
     0.068637     1.466484
     0.070311     1.469758
     0.071985     1.473167
     0.073659     1.476710
     0.075333     1.480385
     0.077007     1.484192
     0.078681     1.488130
     0.080355     1.492196
     0.082029     1.496391
     0.083703     1.500712
     0.085377     1.505159
     0.087051     1.509729
     0.088726     1.514421
     0.090400     1.519233
     0.092074     1.524163
     0.093748     1.529210
     0.095422     1.534372
     0.097096     1.539646
     0.098770     1.545031
     0.100444     1.550525
     0.102118     1.556125
     0.103792     1.561829
     0.105466     1.567635
     0.107140     1.573541
     0.108814     1.579545
     0.110488     1.585643
     0.112163     1.591834
     0.113837     1.598116
     0.115511     1.604485
     0.117185     1.610940
     0.118859     1.617477
     0.120533     1.624096
     0.122207     1.630792
     0.123881     1.637564
     0.125555     1.644408
     0.127229     1.651324
     0.128903     1.658307
     0.130577     1.665356
     0.132251     1.672468
     0.133925     1.679640
     0.135599     1.686871
     0.137274     1.694157
     0.138948     1.701497
     0.140622     1.708887
     0.142296     1.716326
     0.143970     1.723812
     0.145644     1.731341
     0.147318     1.738912
     0.148992     1.746522
     0.150666     1.754169
     0.152340     1.761851
     0.154014     1.769566
     0.155688     1.777311
     0.157362     1.785085
     0.159036     1.792885
     0.160710     1.800709
     0.162385     1.808556
     0.164059     1.816424
     0.165733     1.824310
     0.167407     1.832212


    -0.167407     1.946443
    -0.165733     1.939906
    -0.164059     1.933380
    -0.162385     1.926866
    -0.160710     1.920366
    -0.159036     1.913878
    -0.157362     1.907405
    -0.155688     1.900946
    -0.154014     1.894503
    -0.152340     1.888075
    -0.150666     1.881664
    -0.148992     1.875269
    -0.147318     1.868892
    -0.145644     1.862533
    -0.143970     1.856192
    -0.142296     1.849870
    -0.140622     1.843568
    -0.138948     1.837286
    -0.137274     1.831024
    -0.135599     1.824784
    -0.133925     1.818565
    -0.132251     1.812368
    -0.130577     1.806194
    -0.128903     1.800043
    -0.127229     1.793916
    -0.125555     1.787812
    -0.123881     1.781733
    -0.122207     1.775680
    -0.120533     1.769651
    -0.118859     1.763649
    -0.117185     1.757674
    -0.115511     1.751725
    -0.113837     1.745804
    -0.112163     1.739910
    -0.110488     1.734045
    -0.108814     1.728210
    -0.107140     1.722403
    -0.105466     1.716627
    -0.103792     1.710881
    -0.102118     1.705165
    -0.100444     1.699482
    -0.098770     1.693830
    -0.097096     1.688211
    -0.095422     1.682625
    -0.093748     1.677073
    -0.092074     1.671555
    -0.090400     1.666072
    -0.088726     1.660625
    -0.087051     1.655214
    -0.085377     1.649839
    -0.083703     1.644502
    -0.082029     1.639202
    -0.080355     1.633942
    -0.078681     1.628721
    -0.077007     1.623541
    -0.075333     1.618401
    -0.073659     1.613303
    -0.071985     1.608248
    -0.070311     1.603237
    -0.068637     1.598269
    -0.066963     1.593347
    -0.065289     1.588471
    -0.063615     1.583642
    -0.061940     1.578861
    -0.060266     1.574129
    -0.058592     1.569448
    -0.056918     1.564817
    -0.055244     1.560238
    -0.053570     1.555713
    -0.051896     1.551243
    -0.050222     1.546828
    -0.048548     1.542470
    -0.046874     1.538170
    -0.045200     1.533929
    -0.043526     1.529749
    -0.041852     1.525631
    -0.040178     1.521576
    -0.038504     1.517586
    -0.036829     1.513662
    -0.035155     1.509806
    -0.033481     1.506018
    -0.031807     1.502301
    -0.030133     1.498656
    -0.028459     1.495084
    -0.026785     1.491588
    -0.025111     1.488167
    -0.023437     1.484825
    -0.021763     1.481563
    -0.020089     1.478382
    -0.018415     1.475284
    -0.016741     1.472270
    -0.015067     1.469343
    -0.013393     1.466504
    -0.011718     1.463754
    -0.010044     1.461095
    -0.008370     1.458529
    -0.006696     1.456058
    -0.005022     1.453684
    -0.003348     1.451407
    -0.001674     1.449230
     0.000000     1.447159
     0.001674     1.449221
     0.003348     1.451398
     0.005022     1.453675
     0.006696     1.456050
     0.008370     1.458521
     0.010044     1.461087
     0.011718     1.463746
     0.013393     1.466496
     0.015067     1.469336
     0.016741     1.472263
     0.018415     1.475277
     0.020089     1.478375
     0.021763     1.481557
     0.023437     1.484819
     0.025111     1.488161
     0.026785     1.491582
     0.028459     1.495079
     0.030133     1.498651
     0.031807     1.502296
     0.033481     1.506013
     0.035155     1.509801
     0.036829     1.513657
     0.038504     1.517581
     0.040178     1.521571
     0.041852     1.525626
     0.043526     1.529744
     0.045200     1.533924
     0.046874     1.538165
     0.048548     1.542465
     0.050222     1.546823
     0.051896     1.551238
     0.053570     1.555709
     0.055244     1.560234
     0.056918     1.564813
     0.058592     1.569443
     0.060266     1.574125
     0.061940     1.578857
     0.063615     1.583638
     0.065289     1.588467
     0.066963     1.593343
     0.068637     1.598265
     0.070311     1.603233
     0.071985     1.608245
     0.073659     1.613300
     0.075333     1.618397
     0.077007     1.623537
     0.078681     1.628718
     0.080355     1.633939
     0.082029     1.639199
     0.083703     1.644498
     0.085377     1.649835
     0.087051     1.655210
     0.088726     1.660621
     0.090400     1.666069
     0.092074     1.671552
     0.093748     1.677070
     0.095422     1.682622
     0.097096     1.688208
     0.098770     1.693827
     0.100444     1.699478
     0.102118     1.705162
     0.103792     1.710877
     0.105466     1.716623
     0.107140     1.722400
     0.108814     1.728206
     0.110488     1.734042
     0.112163     1.739907
     0.113837     1.745800
     0.115511     1.751722
     0.117185     1.757671
     0.118859     1.763646
     0.120533     1.769649
     0.122207     1.775677
     0.123881     1.781731
     0.125555     1.787809
     0.127229     1.793913
     0.128903     1.800040
     0.130577     1.806191
     0.132251     1.812366
     0.133925     1.818562
     0.135599     1.824781
     0.137274     1.831022
     0.138948     1.837283
     0.140622     1.843566
     0.142296     1.849868
     0.143970     1.856190
     0.145644     1.862530
     0.147318     1.868890
     0.148992     1.875267
     0.150666     1.881662
     0.152340     1.888073
     0.154014     1.894501
     0.155688     1.900944
     0.157362     1.907403
     0.159036     1.913876
     0.160710     1.920364
     0.162385     1.926865
     0.164059     1.933378
     0.165733     1.939904
     0.167407     1.946441


    -0.167407     2.319245
    -0.165733     2.311442
    -0.164059     2.303672
    -0.162385     2.295934
    -0.160710     2.288230
    -0.159036     2.280562
    -0.157362     2.272931
    -0.155688     2.265339
    -0.154014     2.257787
    -0.152340     2.250276
    -0.150666     2.242807
    -0.148992     2.235382
    -0.147318     2.228002
    -0.145644     2.220669
    -0.143970     2.213383
    -0.142296     2.206145
    -0.140622     2.198958
    -0.138948     2.191822
    -0.137274     2.184738
    -0.135599     2.177707
    -0.133925     2.170730
    -0.132251     2.163810
    -0.130577     2.156946
    -0.128903     2.150139
    -0.127229     2.143391
    -0.125555     2.136703
    -0.123881     2.130076
    -0.122207     2.123510
    -0.120533     2.117007
    -0.118859     2.110568
    -0.117185     2.104193
    -0.115511     2.097884
    -0.113837     2.091641
    -0.112163     2.085466
    -0.110488     2.079359
    -0.108814     2.073321
    -0.107140     2.067352
    -0.105466     2.061455
    -0.103792     2.055629
    -0.102118     2.049876
    -0.100444     2.044196
    -0.098770     2.038590
    -0.097096     2.033059
    -0.095422     2.027603
    -0.093748     2.022224
    -0.092074     2.016922
    -0.090400     2.011699
    -0.088726     2.006554
    -0.087051     2.001488
    -0.085377     1.996503
    -0.083703     1.991599
    -0.082029     1.986776
    -0.080355     1.982036
    -0.078681     1.977379
    -0.077007     1.972805
    -0.075333     1.968317
    -0.073659     1.963913
    -0.071985     1.959596
    -0.070311     1.955365
    -0.068637     1.951221
    -0.066963     1.947165
    -0.065289     1.943198
    -0.063615     1.939320
    -0.061940     1.935532
    -0.060266     1.931835
    -0.058592     1.928228
    -0.056918     1.924714
    -0.055244     1.921292
    -0.053570     1.917964
    -0.051896     1.914729
    -0.050222     1.911588
    -0.048548     1.908543
    -0.046874     1.905593
    -0.045200     1.902739
    -0.043526     1.899982
    -0.041852     1.897322
    -0.040178     1.894761
    -0.038504     1.892297
    -0.036829     1.889933
    -0.035155     1.887669
    -0.033481     1.885504
    -0.031807     1.883440
    -0.030133     1.881478
    -0.028459     1.879617
    -0.026785     1.877859
    -0.025111     1.876203
    -0.023437     1.874651
    -0.021763     1.873203
    -0.020089     1.871859
    -0.018415     1.870620
    -0.016741     1.869487
    -0.015067     1.868461
    -0.013393     1.867542
    -0.011718     1.866730
    -0.010044     1.866027
    -0.008370     1.865432
    -0.006696     1.864946
    -0.005022     1.864569
    -0.003348     1.864301
    -0.001674     1.864140
     0.000000     1.864083
     0.001674     1.864133
     0.003348     1.864290
     0.005022     1.864556
     0.006696     1.864931
     0.008370     1.865415
     0.010044     1.866008
     0.011718     1.866709
     0.013393     1.867519
     0.015067     1.868437
     0.016741     1.869461
     0.018415     1.870593
     0.020089     1.871830
     0.021763     1.873173
     0.023437     1.874621
     0.025111     1.876173
     0.026785     1.877828
     0.028459     1.879586
     0.030133     1.881447
     0.031807     1.883409
     0.033481     1.885473
     0.035155     1.887638
     0.036829     1.889902
     0.038504     1.892266
     0.040178     1.894730
     0.041852     1.897292
     0.043526     1.899952
     0.045200     1.902709
     0.046874     1.905563
     0.048548     1.908513
     0.050222     1.911558
     0.051896     1.914699
     0.053570     1.917934
     0.055244     1.921263
     0.056918     1.924685
     0.058592     1.928200
     0.060266     1.931806
     0.061940     1.935504
     0.063615     1.939292
     0.065289     1.943170
     0.066963     1.947137
     0.068637     1.951193
     0.070311     1.955337
     0.071985     1.959569
     0.073659     1.963887
     0.075333     1.968291
     0.077007     1.972780
     0.078681     1.977353
     0.080355     1.982011
     0.082029     1.986751
     0.083703     1.991574
     0.085377     1.996479
     0.087051     2.001465
     0.088726     2.006531
     0.090400     2.011676
     0.092074     2.016901
     0.093748     2.022203
     0.095422     2.027582
     0.097096     2.033038
     0.098770     2.038570
     0.100444     2.044176
     0.102118     2.049857
     0.103792     2.055611
     0.105466     2.061437
     0.107140     2.067335
     0.108814     2.073304
     0.110488     2.079343
     0.112163     2.085451
     0.113837     2.091627
     0.115511     2.097870
     0.117185     2.104180
     0.118859     2.110555
     0.120533     2.116995
     0.122207     2.123499
     0.123881     2.130065
     0.125555     2.136693
     0.127229     2.143382
     0.128903     2.150130
     0.130577     2.156937
     0.132251     2.163802
     0.133925     2.170723
     0.135599     2.177700
     0.137274     2.184732
     0.138948     2.191816
     0.140622     2.198953
     0.142296     2.206141
     0.143970     2.213379
     0.145644     2.220666
     0.147318     2.228000
     0.148992     2.235381
     0.150666     2.242806
     0.152340     2.250275
     0.154014     2.257787
     0.155688     2.265340
     0.157362     2.272933
     0.159036     2.280564
     0.160710     2.288232
     0.162385     2.295937
     0.164059     2.303675
     0.165733     2.311446
     0.167407     2.319249


    -0.167407     2.347596
    -0.165733     2.339696
    -0.164059     2.331809
    -0.162385     2.323936
    -0.160710     2.316079
    -0.159036     2.308240
    -0.157362     2.300420
    -0.155688     2.292621
    -0.154014     2.284845
    -0.152340     2.277094
    -0.150666     2.269368
    -0.148992     2.261671
    -0.147318     2.254002
    -0.145644     2.246366
    -0.143970     2.238762
    -0.142296     2.231192
    -0.140622     2.223659
    -0.138948     2.216164
    -0.137274     2.208708
    -0.135599     2.201294
    -0.133925     2.193923
    -0.132251     2.186596
    -0.130577     2.179316
    -0.128903     2.172084
    -0.127229     2.164901
    -0.125555     2.157769
    -0.123881     2.150691
    -0.122207     2.143667
    -0.120533     2.136699
    -0.118859     2.129788
    -0.117185     2.122937
    -0.115511     2.116147
    -0.113837     2.109420
    -0.112163     2.102757
    -0.110488     2.096159
    -0.108814     2.089628
    -0.107140     2.083167
    -0.105466     2.076775
    -0.103792     2.070455
    -0.102118     2.064209
    -0.100444     2.058037
    -0.098770     2.051941
    -0.097096     2.045923
    -0.095422     2.039984
    -0.093748     2.034125
    -0.092074     2.028348
    -0.090400     2.022654
    -0.088726     2.017045
    -0.087051     2.011521
    -0.085377     2.006085
    -0.083703     2.000736
    -0.082029     1.995477
    -0.080355     1.990309
    -0.078681     1.985233
    -0.077007     1.980249
    -0.075333     1.975360
    -0.073659     1.970566
    -0.071985     1.965868
    -0.070311     1.961267
    -0.068637     1.956765
    -0.066963     1.952362
    -0.065289     1.948059
    -0.063615     1.943856
    -0.061940     1.939756
    -0.060266     1.935758
    -0.058592     1.931864
    -0.056918     1.928073
    -0.055244     1.924388
    -0.053570     1.920808
    -0.051896     1.917334
    -0.050222     1.913967
    -0.048548     1.910707
    -0.046874     1.907555
    -0.045200     1.904512
    -0.043526     1.901577
    -0.041852     1.898751
    -0.040178     1.896035
    -0.038504     1.893429
    -0.036829     1.890933
    -0.035155     1.888547
    -0.033481     1.886273
    -0.031807     1.884109
    -0.030133     1.882057
    -0.028459     1.880116
    -0.026785     1.878287
    -0.025111     1.876569
    -0.023437     1.874963
    -0.021763     1.873468
    -0.020089     1.872085
    -0.018415     1.870814
    -0.016741     1.869653
    -0.015067     1.868603
    -0.013393     1.867664
    -0.011718     1.866835
    -0.010044     1.866115
    -0.008370     1.865506
    -0.006696     1.865006
    -0.005022     1.864616
    -0.003348     1.864337
    -0.001674     1.864169
     0.000000     1.864115
     0.001674     1.864175
     0.003348     1.864346
     0.005022     1.864627
     0.006696     1.865018
     0.008370     1.865519
     0.010044     1.866130
     0.011718     1.866851
     0.013393     1.867681
     0.015067     1.868621
     0.016741     1.869672
     0.018415     1.870834
     0.020089     1.872106
     0.021763     1.873489
     0.023437     1.874984
     0.025111     1.876590
     0.026785     1.878308
     0.028459     1.880136
     0.030133     1.882077
     0.031807     1.884129
     0.033481     1.886292
     0.035155     1.888566
     0.036829     1.890950
     0.038504     1.893446
     0.040178     1.896051
     0.041852     1.898767
     0.043526     1.901592
     0.045200     1.904527
     0.046874     1.907570
     0.048548     1.910721
     0.050222     1.913981
     0.051896     1.917347
     0.053570     1.920821
     0.055244     1.924400
     0.056918     1.928085
     0.058592     1.931875
     0.060266     1.935769
     0.061940     1.939767
     0.063615     1.943867
     0.065289     1.948069
     0.066963     1.952372
     0.068637     1.956774
     0.070311     1.961277
     0.071985     1.965877
     0.073659     1.970574
     0.075333     1.975368
     0.077007     1.980257
     0.078681     1.985240
     0.080355     1.990316
     0.082029     1.995484
     0.083703     2.000743
     0.085377     2.006091
     0.087051     2.011528
     0.088726     2.017051
     0.090400     2.022660
     0.092074     2.028354
     0.093748     2.034131
     0.095422     2.039989
     0.097096     2.045928
     0.098770     2.051946
     0.100444     2.058042
     0.102118     2.064213
     0.103792     2.070460
     0.105466     2.076780
     0.107140     2.083171
     0.108814     2.089633
     0.110488     2.096163
     0.112163     2.102761
     0.113837     2.109424
     0.115511     2.116151
     0.117185     2.122941
     0.118859     2.129792
     0.120533     2.136702
     0.122207     2.143670
     0.123881     2.150694
     0.125555     2.157773
     0.127229     2.164904
     0.128903     2.172087
     0.130577     2.179319
     0.132251     2.186599
     0.133925     2.193926
     0.135599     2.201297
     0.137274     2.208712
     0.138948     2.216167
     0.140622     2.223662
     0.142296     2.231195
     0.143970     2.238765
     0.145644     2.246369
     0.147318     2.254006
     0.148992     2.261674
     0.150666     2.269372
     0.152340     2.277097
     0.154014     2.284849
     0.155688     2.292625
     0.157362     2.300424
     0.159036     2.308244
     0.160710     2.316083
     0.162385     2.323940
     0.164059     2.331813
     0.165733     2.339700
     0.167407     2.347600


