    -0.167407    -4.378149
    -0.165733    -4.379012
    -0.164059    -4.379870
    -0.162385    -4.380723
    -0.160710    -4.381569
    -0.159036    -4.382409
    -0.157362    -4.383243
    -0.155688    -4.384071
    -0.154014    -4.384892
    -0.152340    -4.385706
    -0.150666    -4.386513
    -0.148992    -4.387313
    -0.147318    -4.388106
    -0.145644    -4.388892
    -0.143970    -4.389671
    -0.142296    -4.390441
    -0.140622    -4.391205
    -0.138948    -4.391960
    -0.137274    -4.392707
    -0.135599    -4.393446
    -0.133925    -4.394177
    -0.132251    -4.394900
    -0.130577    -4.395614
    -0.128903    -4.396320
    -0.127229    -4.397017
    -0.125555    -4.397705
    -0.123881    -4.398384
    -0.122207    -4.399054
    -0.120533    -4.399715
    -0.118859    -4.400367
    -0.117185    -4.401009
    -0.115511    -4.401642
    -0.113837    -4.402265
    -0.112163    -4.402879
    -0.110488    -4.403483
    -0.108814    -4.404076
    -0.107140    -4.404660
    -0.105466    -4.405234
    -0.103792    -4.405798
    -0.102118    -4.406351
    -0.100444    -4.406894
    -0.098770    -4.407426
    -0.097096    -4.407948
    -0.095422    -4.408460
    -0.093748    -4.408960
    -0.092074    -4.409450
    -0.090400    -4.409929
    -0.088726    -4.410396
    -0.087051    -4.410853
    -0.085377    -4.411299
    -0.083703    -4.411733
    -0.082029    -4.412156
    -0.080355    -4.412568
    -0.078681    -4.412968
    -0.077007    -4.413357
    -0.075333    -4.413734
    -0.073659    -4.414100
    -0.071985    -4.414453
    -0.070311    -4.414795
    -0.068637    -4.415125
    -0.066963    -4.415444
    -0.065289    -4.415750
    -0.063615    -4.416044
    -0.061940    -4.416326
    -0.060266    -4.416596
    -0.058592    -4.416854
    -0.056918    -4.417099
    -0.055244    -4.417332
    -0.053570    -4.417553
    -0.051896    -4.417761
    -0.050222    -4.417957
    -0.048548    -4.418140
    -0.046874    -4.418311
    -0.045200    -4.418469
    -0.043526    -4.418615
    -0.041852    -4.418748
    -0.040178    -4.418868
    -0.038504    -4.418975
    -0.036829    -4.419069
    -0.035155    -4.419151
    -0.033481    -4.419220
    -0.031807    -4.419275
    -0.030133    -4.419318
    -0.028459    -4.419348
    -0.026785    -4.419365
    -0.025111    -4.419369
    -0.023437    -4.419359
    -0.021763    -4.419337
    -0.020089    -4.419302
    -0.018415    -4.419253
    -0.016741    -4.419191
    -0.015067    -4.419116
    -0.013393    -4.419028
    -0.011718    -4.418927
    -0.010044    -4.418812
    -0.008370    -4.418685
    -0.006696    -4.418544
    -0.005022    -4.418389
    -0.003348    -4.418222
    -0.001674    -4.418041
     0.000000    -4.417863
     0.001674    -4.418054
     0.003348    -4.418235
     0.005022    -4.418403
     0.006696    -4.418558
     0.008370    -4.418699
     0.010044    -4.418827
     0.011718    -4.418942
     0.013393    -4.419043
     0.015067    -4.419132
     0.016741    -4.419207
     0.018415    -4.419269
     0.020089    -4.419317
     0.021763    -4.419353
     0.023437    -4.419375
     0.025111    -4.419385
     0.026785    -4.419381
     0.028459    -4.419364
     0.030133    -4.419334
     0.031807    -4.419292
     0.033481    -4.419236
     0.035155    -4.419167
     0.036829    -4.419085
     0.038504    -4.418991
     0.040178    -4.418884
     0.041852    -4.418764
     0.043526    -4.418631
     0.045200    -4.418485
     0.046874    -4.418327
     0.048548    -4.418156
     0.050222    -4.417973
     0.051896    -4.417777
     0.053570    -4.417568
     0.055244    -4.417347
     0.056918    -4.417114
     0.058592    -4.416868
     0.060266    -4.416610
     0.061940    -4.416340
     0.063615    -4.416058
     0.065289    -4.415763
     0.066963    -4.415457
     0.068637    -4.415138
     0.070311    -4.414808
     0.071985    -4.414465
     0.073659    -4.414111
     0.075333    -4.413745
     0.077007    -4.413368
     0.078681    -4.412979
     0.080355    -4.412578
     0.082029    -4.412166
     0.083703    -4.411742
     0.085377    -4.411307
     0.087051    -4.410861
     0.088726    -4.410404
     0.090400    -4.409936
     0.092074    -4.409456
     0.093748    -4.408966
     0.095422    -4.408465
     0.097096    -4.407953
     0.098770    -4.407431
     0.100444    -4.406898
     0.102118    -4.406354
     0.103792    -4.405800
     0.105466    -4.405236
     0.107140    -4.404662
     0.108814    -4.404077
     0.110488    -4.403483
     0.112163    -4.402878
     0.113837    -4.402264
     0.115511    -4.401640
     0.117185    -4.401007
     0.118859    -4.400364
     0.120533    -4.399712
     0.122207    -4.399050
     0.123881    -4.398379
     0.125555    -4.397699
     0.127229    -4.397011
     0.128903    -4.396313
     0.130577    -4.395607
     0.132251    -4.394892
     0.133925    -4.394169
     0.135599    -4.393437
     0.137274    -4.392697
     0.138948    -4.391949
     0.140622    -4.391193
     0.142296    -4.390430
     0.143970    -4.389658
     0.145644    -4.388879
     0.147318    -4.388093
     0.148992    -4.387299
     0.150666    -4.386498
     0.152340    -4.385690
     0.154014    -4.384876
     0.155688    -4.384054
     0.157362    -4.383226
     0.159036    -4.382392
     0.160710    -4.381551
     0.162385    -4.380704
     0.164059    -4.379852
     0.165733    -4.378993
     0.167407    -4.378129


    -0.167407    -4.334347
    -0.165733    -4.335745
    -0.164059    -4.337133
    -0.162385    -4.338511
    -0.160710    -4.339881
    -0.159036    -4.341240
    -0.157362    -4.342590
    -0.155688    -4.343929
    -0.154014    -4.345259
    -0.152340    -4.346579
    -0.150666    -4.347889
    -0.148992    -4.349189
    -0.147318    -4.350479
    -0.145644    -4.351758
    -0.143970    -4.353028
    -0.142296    -4.354286
    -0.140622    -4.355534
    -0.138948    -4.356772
    -0.137274    -4.357999
    -0.135599    -4.359216
    -0.133925    -4.360422
    -0.132251    -4.361617
    -0.130577    -4.362801
    -0.128903    -4.363974
    -0.127229    -4.365136
    -0.125555    -4.366287
    -0.123881    -4.367428
    -0.122207    -4.368557
    -0.120533    -4.369674
    -0.118859    -4.370781
    -0.117185    -4.371876
    -0.115511    -4.372960
    -0.113837    -4.374032
    -0.112163    -4.375093
    -0.110488    -4.376143
    -0.108814    -4.377180
    -0.107140    -4.378207
    -0.105466    -4.379221
    -0.103792    -4.380224
    -0.102118    -4.381215
    -0.100444    -4.382194
    -0.098770    -4.383161
    -0.097096    -4.384116
    -0.095422    -4.385060
    -0.093748    -4.385991
    -0.092074    -4.386910
    -0.090400    -4.387817
    -0.088726    -4.388712
    -0.087051    -4.389595
    -0.085377    -4.390465
    -0.083703    -4.391323
    -0.082029    -4.392169
    -0.080355    -4.393002
    -0.078681    -4.393823
    -0.077007    -4.394632
    -0.075333    -4.395428
    -0.073659    -4.396212
    -0.071985    -4.396983
    -0.070311    -4.397741
    -0.068637    -4.398487
    -0.066963    -4.399220
    -0.065289    -4.399940
    -0.063615    -4.400648
    -0.061940    -4.401343
    -0.060266    -4.402025
    -0.058592    -4.402694
    -0.056918    -4.403350
    -0.055244    -4.403994
    -0.053570    -4.404624
    -0.051896    -4.405242
    -0.050222    -4.405847
    -0.048548    -4.406438
    -0.046874    -4.407017
    -0.045200    -4.407583
    -0.043526    -4.408135
    -0.041852    -4.408674
    -0.040178    -4.409201
    -0.038504    -4.409714
    -0.036829    -4.410214
    -0.035155    -4.410701
    -0.033481    -4.411174
    -0.031807    -4.411635
    -0.030133    -4.412082
    -0.028459    -4.412516
    -0.026785    -4.412937
    -0.025111    -4.413344
    -0.023437    -4.413738
    -0.021763    -4.414119
    -0.020089    -4.414487
    -0.018415    -4.414841
    -0.016741    -4.415182
    -0.015067    -4.415510
    -0.013393    -4.415824
    -0.011718    -4.416125
    -0.010044    -4.416413
    -0.008370    -4.416688
    -0.006696    -4.416949
    -0.005022    -4.417196
    -0.003348    -4.417431
    -0.001674    -4.417652
     0.000000    -4.417843
     0.001674    -4.417639
     0.003348    -4.417418
     0.005022    -4.417184
     0.006696    -4.416937
     0.008370    -4.416676
     0.010044    -4.416402
     0.011718    -4.416114
     0.013393    -4.415814
     0.015067    -4.415500
     0.016741    -4.415172
     0.018415    -4.414832
     0.020089    -4.414478
     0.021763    -4.414110
     0.023437    -4.413730
     0.025111    -4.413336
     0.026785    -4.412929
     0.028459    -4.412509
     0.030133    -4.412075
     0.031807    -4.411628
     0.033481    -4.411168
     0.035155    -4.410695
     0.036829    -4.410208
     0.038504    -4.409709
     0.040178    -4.409196
     0.041852    -4.408670
     0.043526    -4.408131
     0.045200    -4.407579
     0.046874    -4.407014
     0.048548    -4.406435
     0.050222    -4.405844
     0.051896    -4.405240
     0.053570    -4.404623
     0.055244    -4.403992
     0.056918    -4.403349
     0.058592    -4.402693
     0.060266    -4.402024
     0.061940    -4.401343
     0.063615    -4.400648
     0.065289    -4.399941
     0.066963    -4.399221
     0.068637    -4.398488
     0.070311    -4.397742
     0.071985    -4.396984
     0.073659    -4.396214
     0.075333    -4.395430
     0.077007    -4.394634
     0.078681    -4.393826
     0.080355    -4.393005
     0.082029    -4.392172
     0.083703    -4.391327
     0.085377    -4.390469
     0.087051    -4.389598
     0.088726    -4.388716
     0.090400    -4.387821
     0.092074    -4.386914
     0.093748    -4.385995
     0.095422    -4.385064
     0.097096    -4.384121
     0.098770    -4.383166
     0.100444    -4.382199
     0.102118    -4.381220
     0.103792    -4.380229
     0.105466    -4.379226
     0.107140    -4.378212
     0.108814    -4.377186
     0.110488    -4.376148
     0.112163    -4.375099
     0.113837    -4.374038
     0.115511    -4.372966
     0.117185    -4.371882
     0.118859    -4.370787
     0.120533    -4.369680
     0.122207    -4.368562
     0.123881    -4.367433
     0.125555    -4.366293
     0.127229    -4.365142
     0.128903    -4.363980
     0.130577    -4.362806
     0.132251    -4.361622
     0.133925    -4.360427
     0.135599    -4.359221
     0.137274    -4.358005
     0.138948    -4.356778
     0.140622    -4.355540
     0.142296    -4.354292
     0.143970    -4.353033
     0.145644    -4.351764
     0.147318    -4.350484
     0.148992    -4.349194
     0.150666    -4.347894
     0.152340    -4.346584
     0.154014    -4.345264
     0.155688    -4.343934
     0.157362    -4.342594
     0.159036    -4.341244
     0.160710    -4.339885
     0.162385    -4.338515
     0.164059    -4.337137
     0.165733    -4.335748
     0.167407    -4.334351


    -0.167407    -2.634503
    -0.165733    -2.631221
    -0.164059    -2.628025
    -0.162385    -2.624913
    -0.160710    -2.621880
    -0.159036    -2.618922
    -0.157362    -2.616036
    -0.155688    -2.613218
    -0.154014    -2.610466
    -0.152340    -2.607777
    -0.150666    -2.605147
    -0.148992    -2.602575
    -0.147318    -2.600058
    -0.145644    -2.597594
    -0.143970    -2.595181
    -0.142296    -2.592817
    -0.140622    -2.590500
    -0.138948    -2.588229
    -0.137274    -2.586002
    -0.135599    -2.583817
    -0.133925    -2.581674
    -0.132251    -2.579570
    -0.130577    -2.577506
    -0.128903    -2.575479
    -0.127229    -2.573490
    -0.125555    -2.571536
    -0.123881    -2.569616
    -0.122207    -2.567731
    -0.120533    -2.565879
    -0.118859    -2.564060
    -0.117185    -2.562273
    -0.115511    -2.560516
    -0.113837    -2.558791
    -0.112163    -2.557096
    -0.110488    -2.555430
    -0.108814    -2.553793
    -0.107140    -2.552185
    -0.105466    -2.550605
    -0.103792    -2.549053
    -0.102118    -2.547529
    -0.100444    -2.546032
    -0.098770    -2.544561
    -0.097096    -2.543117
    -0.095422    -2.541699
    -0.093748    -2.540308
    -0.092074    -2.538942
    -0.090400    -2.537601
    -0.088726    -2.536286
    -0.087051    -2.534996
    -0.085377    -2.533731
    -0.083703    -2.532491
    -0.082029    -2.531275
    -0.080355    -2.530084
    -0.078681    -2.528917
    -0.077007    -2.527775
    -0.075333    -2.526656
    -0.073659    -2.525562
    -0.071985    -2.524492
    -0.070311    -2.523445
    -0.068637    -2.522422
    -0.066963    -2.521423
    -0.065289    -2.520448
    -0.063615    -2.519496
    -0.061940    -2.518568
    -0.060266    -2.517663
    -0.058592    -2.516782
    -0.056918    -2.515924
    -0.055244    -2.515089
    -0.053570    -2.514278
    -0.051896    -2.513490
    -0.050222    -2.512726
    -0.048548    -2.511985
    -0.046874    -2.511267
    -0.045200    -2.510573
    -0.043526    -2.509901
    -0.041852    -2.509253
    -0.040178    -2.508629
    -0.038504    -2.508027
    -0.036829    -2.507449
    -0.035155    -2.506894
    -0.033481    -2.506363
    -0.031807    -2.505854
    -0.030133    -2.505369
    -0.028459    -2.504908
    -0.026785    -2.504469
    -0.025111    -2.504054
    -0.023437    -2.503663
    -0.021763    -2.503294
    -0.020089    -2.502949
    -0.018415    -2.502627
    -0.016741    -2.502329
    -0.015067    -2.502054
    -0.013393    -2.501803
    -0.011718    -2.501574
    -0.010044    -2.501370
    -0.008370    -2.501188
    -0.006696    -2.501030
    -0.005022    -2.500896
    -0.003348    -2.500785
    -0.001674    -2.500698
     0.000000    -2.500662
     0.001674    -2.500724
     0.003348    -2.500812
     0.005022    -2.500923
     0.006696    -2.501058
     0.008370    -2.501216
     0.010044    -2.501398
     0.011718    -2.501602
     0.013393    -2.501831
     0.015067    -2.502082
     0.016741    -2.502357
     0.018415    -2.502656
     0.020089    -2.502977
     0.021763    -2.503322
     0.023437    -2.503691
     0.025111    -2.504082
     0.026785    -2.504497
     0.028459    -2.504935
     0.030133    -2.505397
     0.031807    -2.505882
     0.033481    -2.506390
     0.035155    -2.506921
     0.036829    -2.507476
     0.038504    -2.508054
     0.040178    -2.508655
     0.041852    -2.509279
     0.043526    -2.509927
     0.045200    -2.510598
     0.046874    -2.511292
     0.048548    -2.512009
     0.050222    -2.512750
     0.051896    -2.513514
     0.053570    -2.514302
     0.055244    -2.515112
     0.056918    -2.515947
     0.058592    -2.516804
     0.060266    -2.517685
     0.061940    -2.518589
     0.063615    -2.519517
     0.065289    -2.520468
     0.066963    -2.521443
     0.068637    -2.522442
     0.070311    -2.523464
     0.071985    -2.524510
     0.073659    -2.525580
     0.075333    -2.526674
     0.077007    -2.527792
     0.078681    -2.528934
     0.080355    -2.530101
     0.082029    -2.531291
     0.083703    -2.532506
     0.085377    -2.533746
     0.087051    -2.535011
     0.088726    -2.536300
     0.090400    -2.537615
     0.092074    -2.538955
     0.093748    -2.540320
     0.095422    -2.541712
     0.097096    -2.543129
     0.098770    -2.544573
     0.100444    -2.546043
     0.102118    -2.547540
     0.103792    -2.549064
     0.105466    -2.550615
     0.107140    -2.552195
     0.108814    -2.553802
     0.110488    -2.555438
     0.112163    -2.557104
     0.113837    -2.558799
     0.115511    -2.560524
     0.117185    -2.562280
     0.118859    -2.564067
     0.120533    -2.565886
     0.122207    -2.567737
     0.123881    -2.569622
     0.125555    -2.571541
     0.127229    -2.573495
     0.128903    -2.575484
     0.130577    -2.577511
     0.132251    -2.579575
     0.133925    -2.581678
     0.135599    -2.583821
     0.137274    -2.586005
     0.138948    -2.588232
     0.140622    -2.590503
     0.142296    -2.592820
     0.143970    -2.595184
     0.145644    -2.597597
     0.147318    -2.600060
     0.148992    -2.602577
     0.150666    -2.605149
     0.152340    -2.607779
     0.154014    -2.610468
     0.155688    -2.613220
     0.157362    -2.616037
     0.159036    -2.618923
     0.160710    -2.621881
     0.162385    -2.624914
     0.164059    -2.628027
     0.165733    -2.631222
     0.167407    -2.634504


    -0.167407    -2.609619
    -0.165733    -2.607098
    -0.164059    -2.604646
    -0.162385    -2.602257
    -0.160710    -2.599928
    -0.159036    -2.597653
    -0.157362    -2.595429
    -0.155688    -2.593253
    -0.154014    -2.591122
    -0.152340    -2.589032
    -0.150666    -2.586983
    -0.148992    -2.584972
    -0.147318    -2.582996
    -0.145644    -2.581055
    -0.143970    -2.579146
    -0.142296    -2.577269
    -0.140622    -2.575422
    -0.138948    -2.573603
    -0.137274    -2.571813
    -0.135599    -2.570050
    -0.133925    -2.568313
    -0.132251    -2.566602
    -0.130577    -2.564916
    -0.128903    -2.563254
    -0.127229    -2.561616
    -0.125555    -2.560002
    -0.123881    -2.558411
    -0.122207    -2.556842
    -0.120533    -2.555296
    -0.118859    -2.553772
    -0.117185    -2.552270
    -0.115511    -2.550790
    -0.113837    -2.549331
    -0.112163    -2.547894
    -0.110488    -2.546477
    -0.108814    -2.545082
    -0.107140    -2.543708
    -0.105466    -2.542355
    -0.103792    -2.541022
    -0.102118    -2.539711
    -0.100444    -2.538420
    -0.098770    -2.537150
    -0.097096    -2.535901
    -0.095422    -2.534672
    -0.093748    -2.533464
    -0.092074    -2.532277
    -0.090400    -2.531111
    -0.088726    -2.529966
    -0.087051    -2.528842
    -0.085377    -2.527738
    -0.083703    -2.526656
    -0.082029    -2.525594
    -0.080355    -2.524554
    -0.078681    -2.523535
    -0.077007    -2.522537
    -0.075333    -2.521560
    -0.073659    -2.520605
    -0.071985    -2.519671
    -0.070311    -2.518758
    -0.068637    -2.517867
    -0.066963    -2.516998
    -0.065289    -2.516150
    -0.063615    -2.515324
    -0.061940    -2.514520
    -0.060266    -2.513738
    -0.058592    -2.512978
    -0.056918    -2.512240
    -0.055244    -2.511524
    -0.053570    -2.510830
    -0.051896    -2.510159
    -0.050222    -2.509509
    -0.048548    -2.508883
    -0.046874    -2.508278
    -0.045200    -2.507696
    -0.043526    -2.507137
    -0.041852    -2.506600
    -0.040178    -2.506086
    -0.038504    -2.505595
    -0.036829    -2.505126
    -0.035155    -2.504681
    -0.033481    -2.504258
    -0.031807    -2.503858
    -0.030133    -2.503481
    -0.028459    -2.503127
    -0.026785    -2.502796
    -0.025111    -2.502488
    -0.023437    -2.502204
    -0.021763    -2.501942
    -0.020089    -2.501704
    -0.018415    -2.501488
    -0.016741    -2.501297
    -0.015067    -2.501128
    -0.013393    -2.500982
    -0.011718    -2.500860
    -0.010044    -2.500761
    -0.008370    -2.500686
    -0.006696    -2.500634
    -0.005022    -2.500605
    -0.003348    -2.500599
    -0.001674    -2.500616
     0.000000    -2.500628
     0.001674    -2.500590
     0.003348    -2.500572
     0.005022    -2.500578
     0.006696    -2.500608
     0.008370    -2.500660
     0.010044    -2.500736
     0.011718    -2.500835
     0.013393    -2.500958
     0.015067    -2.501103
     0.016741    -2.501272
     0.018415    -2.501465
     0.020089    -2.501680
     0.021763    -2.501919
     0.023437    -2.502181
     0.025111    -2.502467
     0.026785    -2.502775
     0.028459    -2.503106
     0.030133    -2.503461
     0.031807    -2.503838
     0.033481    -2.504239
     0.035155    -2.504662
     0.036829    -2.505109
     0.038504    -2.505578
     0.040178    -2.506070
     0.041852    -2.506584
     0.043526    -2.507122
     0.045200    -2.507682
     0.046874    -2.508264
     0.048548    -2.508869
     0.050222    -2.509497
     0.051896    -2.510147
     0.053570    -2.510819
     0.055244    -2.511514
     0.056918    -2.512230
     0.058592    -2.512969
     0.060266    -2.513730
     0.061940    -2.514513
     0.063615    -2.515318
     0.065289    -2.516144
     0.066963    -2.516993
     0.068637    -2.517863
     0.070311    -2.518754
     0.071985    -2.519668
     0.073659    -2.520602
     0.075333    -2.521558
     0.077007    -2.522536
     0.078681    -2.523535
     0.080355    -2.524555
     0.082029    -2.525596
     0.083703    -2.526658
     0.085377    -2.527741
     0.087051    -2.528845
     0.088726    -2.529970
     0.090400    -2.531116
     0.092074    -2.532283
     0.093748    -2.533470
     0.095422    -2.534679
     0.097096    -2.535908
     0.098770    -2.537158
     0.100444    -2.538428
     0.102118    -2.539720
     0.103792    -2.541032
     0.105466    -2.542365
     0.107140    -2.543719
     0.108814    -2.545093
     0.110488    -2.546489
     0.112163    -2.547906
     0.113837    -2.549344
     0.115511    -2.550803
     0.117185    -2.552284
     0.118859    -2.553787
     0.120533    -2.555311
     0.122207    -2.556857
     0.123881    -2.558426
     0.125555    -2.560018
     0.127229    -2.561633
     0.128903    -2.563271
     0.130577    -2.564933
     0.132251    -2.566619
     0.133925    -2.568331
     0.135599    -2.570068
     0.137274    -2.571831
     0.138948    -2.573622
     0.140622    -2.575440
     0.142296    -2.577288
     0.143970    -2.579166
     0.145644    -2.581074
     0.147318    -2.583016
     0.148992    -2.584992
     0.150666    -2.587003
     0.152340    -2.589052
     0.154014    -2.591142
     0.155688    -2.593273
     0.157362    -2.595449
     0.159036    -2.597673
     0.160710    -2.599948
     0.162385    -2.602277
     0.164059    -2.604666
     0.165733    -2.607118
     0.167407    -2.609639


    -0.167407    -2.330179
    -0.165733    -2.319357
    -0.164059    -2.308538
    -0.162385    -2.297728
    -0.160710    -2.286934
    -0.159036    -2.276164
    -0.157362    -2.265423
    -0.155688    -2.254716
    -0.154014    -2.244051
    -0.152340    -2.233431
    -0.150666    -2.222862
    -0.148992    -2.212348
    -0.147318    -2.201895
    -0.145644    -2.191506
    -0.143970    -2.181186
    -0.142296    -2.170940
    -0.140622    -2.160772
    -0.138948    -2.150685
    -0.137274    -2.140684
    -0.135599    -2.130773
    -0.133925    -2.120957
    -0.132251    -2.111238
    -0.130577    -2.101622
    -0.128903    -2.092112
    -0.127229    -2.082712
    -0.125555    -2.073428
    -0.123881    -2.064262
    -0.122207    -2.055219
    -0.120533    -2.046304
    -0.118859    -2.037521
    -0.117185    -2.028875
    -0.115511    -2.020370
    -0.113837    -2.012011
    -0.112163    -2.003803
    -0.110488    -1.995751
    -0.108814    -1.987860
    -0.107140    -1.980135
    -0.105466    -1.972580
    -0.103792    -1.965202
    -0.102118    -1.958005
    -0.100444    -1.950995
    -0.098770    -1.944175
    -0.097096    -1.937551
    -0.095422    -1.931127
    -0.093748    -1.924907
    -0.092074    -1.918895
    -0.090400    -1.913093
    -0.088726    -1.907503
    -0.087051    -1.902127
    -0.085377    -1.896965
    -0.083703    -1.892017
    -0.082029    -1.887280
    -0.080355    -1.882753
    -0.078681    -1.878433
    -0.077007    -1.874314
    -0.075333    -1.870391
    -0.073659    -1.866659
    -0.071985    -1.863112
    -0.070311    -1.859741
    -0.068637    -1.856541
    -0.066963    -1.853503
    -0.065289    -1.850620
    -0.063615    -1.847884
    -0.061940    -1.845289
    -0.060266    -1.842828
    -0.058592    -1.840492
    -0.056918    -1.838277
    -0.055244    -1.836176
    -0.053570    -1.834183
    -0.051896    -1.832293
    -0.050222    -1.830500
    -0.048548    -1.828800
    -0.046874    -1.827188
    -0.045200    -1.825659
    -0.043526    -1.824210
    -0.041852    -1.822836
    -0.040178    -1.821534
    -0.038504    -1.820301
    -0.036829    -1.819134
    -0.035155    -1.818030
    -0.033481    -1.816987
    -0.031807    -1.816003
    -0.030133    -1.815076
    -0.028459    -1.814205
    -0.026785    -1.813387
    -0.025111    -1.812624
    -0.023437    -1.811912
    -0.021763    -1.811251
    -0.020089    -1.810641
    -0.018415    -1.810080
    -0.016741    -1.809568
    -0.015067    -1.809105
    -0.013393    -1.808690
    -0.011718    -1.808323
    -0.010044    -1.808003
    -0.008370    -1.807730
    -0.006696    -1.807504
    -0.005022    -1.807324
    -0.003348    -1.807191
    -0.001674    -1.807105
     0.000000    -1.807070
     0.001674    -1.807103
     0.003348    -1.807188
     0.005022    -1.807321
     0.006696    -1.807500
     0.008370    -1.807727
     0.010044    -1.808000
     0.011718    -1.808320
     0.013393    -1.808687
     0.015067    -1.809103
     0.016741    -1.809566
     0.018415    -1.810078
     0.020089    -1.810639
     0.021763    -1.811249
     0.023437    -1.811911
     0.025111    -1.812623
     0.026785    -1.813387
     0.028459    -1.814205
     0.030133    -1.815077
     0.031807    -1.816005
     0.033481    -1.816990
     0.035155    -1.818034
     0.036829    -1.819139
     0.038504    -1.820307
     0.040178    -1.821541
     0.041852    -1.822843
     0.043526    -1.824218
     0.045200    -1.825668
     0.046874    -1.827197
     0.048548    -1.828810
     0.050222    -1.830510
     0.051896    -1.832303
     0.053570    -1.834193
     0.055244    -1.836186
     0.056918    -1.838287
     0.058592    -1.840502
     0.060266    -1.842836
     0.061940    -1.845298
     0.063615    -1.847892
     0.065289    -1.850627
     0.066963    -1.853509
     0.068637    -1.856547
     0.070311    -1.859746
     0.071985    -1.863116
     0.073659    -1.866663
     0.075333    -1.870395
     0.077007    -1.874316
     0.078681    -1.878435
     0.080355    -1.882755
     0.082029    -1.887281
     0.083703    -1.892016
     0.085377    -1.896964
     0.087051    -1.902125
     0.088726    -1.907501
     0.090400    -1.913090
     0.092074    -1.918891
     0.093748    -1.924903
     0.095422    -1.931122
     0.097096    -1.937545
     0.098770    -1.944168
     0.100444    -1.950987
     0.102118    -1.957997
     0.103792    -1.965193
     0.105466    -1.972571
     0.107140    -1.980125
     0.108814    -1.987849
     0.110488    -1.995740
     0.112163    -2.003791
     0.113837    -2.011999
     0.115511    -2.020357
     0.117185    -2.028861
     0.118859    -2.037507
     0.120533    -2.046289
     0.122207    -2.055204
     0.123881    -2.064246
     0.125555    -2.073411
     0.127229    -2.082696
     0.128903    -2.092095
     0.130577    -2.101604
     0.132251    -2.111220
     0.133925    -2.120938
     0.135599    -2.130755
     0.137274    -2.140665
     0.138948    -2.150666
     0.140622    -2.160752
     0.142296    -2.170920
     0.143970    -2.181166
     0.145644    -2.191485
     0.147318    -2.201873
     0.148992    -2.212327
     0.150666    -2.222840
     0.152340    -2.233409
     0.154014    -2.244029
     0.155688    -2.254694
     0.157362    -2.265400
     0.159036    -2.276141
     0.160710    -2.286911
     0.162385    -2.297705
     0.164059    -2.308514
     0.165733    -2.319334
     0.167407    -2.330155


    -0.167407    -2.252162
    -0.165733    -2.242469
    -0.164059    -2.232787
    -0.162385    -2.223121
    -0.160710    -2.213479
    -0.159036    -2.203867
    -0.157362    -2.194291
    -0.155688    -2.184757
    -0.154014    -2.175271
    -0.152340    -2.165838
    -0.150666    -2.156464
    -0.148992    -2.147155
    -0.147318    -2.137915
    -0.145644    -2.128750
    -0.143970    -2.119665
    -0.142296    -2.110664
    -0.140622    -2.101752
    -0.138948    -2.092935
    -0.137274    -2.084217
    -0.135599    -2.075602
    -0.133925    -2.067095
    -0.132251    -2.058701
    -0.130577    -2.050424
    -0.128903    -2.042268
    -0.127229    -2.034238
    -0.125555    -2.026339
    -0.123881    -2.018573
    -0.122207    -2.010946
    -0.120533    -2.003462
    -0.118859    -1.996124
    -0.117185    -1.988937
    -0.115511    -1.981903
    -0.113837    -1.975028
    -0.112163    -1.968313
    -0.110488    -1.961762
    -0.108814    -1.955379
    -0.107140    -1.949165
    -0.105466    -1.943122
    -0.103792    -1.937253
    -0.102118    -1.931559
    -0.100444    -1.926041
    -0.098770    -1.920698
    -0.097096    -1.915531
    -0.095422    -1.910539
    -0.093748    -1.905721
    -0.092074    -1.901075
    -0.090400    -1.896599
    -0.088726    -1.892289
    -0.087051    -1.888144
    -0.085377    -1.884158
    -0.083703    -1.880328
    -0.082029    -1.876650
    -0.080355    -1.873118
    -0.078681    -1.869729
    -0.077007    -1.866477
    -0.075333    -1.863358
    -0.073659    -1.860366
    -0.071985    -1.857496
    -0.070311    -1.854744
    -0.068637    -1.852105
    -0.066963    -1.849575
    -0.065289    -1.847148
    -0.063615    -1.844821
    -0.061940    -1.842590
    -0.060266    -1.840450
    -0.058592    -1.838398
    -0.056918    -1.836431
    -0.055244    -1.834545
    -0.053570    -1.832737
    -0.051896    -1.831005
    -0.050222    -1.829346
    -0.048548    -1.827758
    -0.046874    -1.826238
    -0.045200    -1.824786
    -0.043526    -1.823400
    -0.041852    -1.822078
    -0.040178    -1.820819
    -0.038504    -1.819622
    -0.036829    -1.818486
    -0.035155    -1.817410
    -0.033481    -1.816393
    -0.031807    -1.815433
    -0.030133    -1.814531
    -0.028459    -1.813684
    -0.026785    -1.812891
    -0.025111    -1.812153
    -0.023437    -1.811467
    -0.021763    -1.810833
    -0.020089    -1.810251
    -0.018415    -1.809719
    -0.016741    -1.809237
    -0.015067    -1.808804
    -0.013393    -1.808420
    -0.011718    -1.808084
    -0.010044    -1.807797
    -0.008370    -1.807556
    -0.006696    -1.807363
    -0.005022    -1.807217
    -0.003348    -1.807118
    -0.001674    -1.807064
     0.000000    -1.807053
     0.001674    -1.807067
     0.003348    -1.807120
     0.005022    -1.807220
     0.006696    -1.807366
     0.008370    -1.807559
     0.010044    -1.807799
     0.011718    -1.808086
     0.013393    -1.808421
     0.015067    -1.808805
     0.016741    -1.809237
     0.018415    -1.809719
     0.020089    -1.810250
     0.021763    -1.810832
     0.023437    -1.811465
     0.025111    -1.812151
     0.026785    -1.812888
     0.028459    -1.813680
     0.030133    -1.814526
     0.031807    -1.815428
     0.033481    -1.816387
     0.035155    -1.817403
     0.036829    -1.818478
     0.038504    -1.819612
     0.040178    -1.820808
     0.041852    -1.822066
     0.043526    -1.823387
     0.045200    -1.824773
     0.046874    -1.826224
     0.048548    -1.827743
     0.050222    -1.829331
     0.051896    -1.830990
     0.053570    -1.832722
     0.055244    -1.834529
     0.056918    -1.836416
     0.058592    -1.838383
     0.060266    -1.840435
     0.061940    -1.842575
     0.063615    -1.844807
     0.065289    -1.847135
     0.066963    -1.849562
     0.068637    -1.852093
     0.070311    -1.854732
     0.071985    -1.857484
     0.073659    -1.860354
     0.075333    -1.863347
     0.077007    -1.866466
     0.078681    -1.869719
     0.080355    -1.873108
     0.082029    -1.876640
     0.083703    -1.880319
     0.085377    -1.884149
     0.087051    -1.888135
     0.088726    -1.892281
     0.090400    -1.896591
     0.092074    -1.901067
     0.093748    -1.905713
     0.095422    -1.910531
     0.097096    -1.915523
     0.098770    -1.920690
     0.100444    -1.926033
     0.102118    -1.931551
     0.103792    -1.937246
     0.105466    -1.943115
     0.107140    -1.949157
     0.108814    -1.955371
     0.110488    -1.961754
     0.112163    -1.968305
     0.113837    -1.975019
     0.115511    -1.981895
     0.117185    -1.988928
     0.118859    -1.996115
     0.120533    -2.003453
     0.122207    -2.010937
     0.123881    -2.018564
     0.125555    -2.026329
     0.127229    -2.034229
     0.128903    -2.042258
     0.130577    -2.050414
     0.132251    -2.058691
     0.133925    -2.067085
     0.135599    -2.075592
     0.137274    -2.084206
     0.138948    -2.092925
     0.140622    -2.101742
     0.142296    -2.110653
     0.143970    -2.119654
     0.145644    -2.128739
     0.147318    -2.137904
     0.148992    -2.147144
     0.150666    -2.156453
     0.152340    -2.165827
     0.154014    -2.175260
     0.155688    -2.184746
     0.157362    -2.194280
     0.159036    -2.203856
     0.160710    -2.213468
     0.162385    -2.223110
     0.164059    -2.232776
     0.165733    -2.242459
     0.167407    -2.252152


    -0.167407    -1.907074
    -0.165733    -1.904203
    -0.164059    -1.901696
    -0.162385    -1.899218
    -0.160710    -1.896747
    -0.159036    -1.894282
    -0.157362    -1.891824
    -0.155688    -1.889372
    -0.154014    -1.886925
    -0.152340    -1.884484
    -0.150666    -1.882049
    -0.148992    -1.879617
    -0.147318    -1.877190
    -0.145644    -1.874767
    -0.143970    -1.872347
    -0.142296    -1.869929
    -0.140622    -1.867514
    -0.138948    -1.865099
    -0.137274    -1.862686
    -0.135599    -1.860271
    -0.133925    -1.857856
    -0.132251    -1.855438
    -0.130577    -1.853017
    -0.128903    -1.850591
    -0.127229    -1.848159
    -0.125555    -1.845719
    -0.123881    -1.843271
    -0.122207    -1.840811
    -0.120533    -1.838340
    -0.118859    -1.835853
    -0.117185    -1.833350
    -0.115511    -1.830828
    -0.113837    -1.828284
    -0.112163    -1.825717
    -0.110488    -1.823122
    -0.108814    -1.820498
    -0.107140    -1.817841
    -0.105466    -1.815148
    -0.103792    -1.812415
    -0.102118    -1.809641
    -0.100444    -1.806821
    -0.098770    -1.803952
    -0.097096    -1.801031
    -0.095422    -1.798056
    -0.093748    -1.795024
    -0.092074    -1.791933
    -0.090400    -1.788781
    -0.088726    -1.785568
    -0.087051    -1.782294
    -0.085377    -1.778959
    -0.083703    -1.775565
    -0.082029    -1.772115
    -0.080355    -1.768612
    -0.078681    -1.765060
    -0.077007    -1.761465
    -0.075333    -1.757832
    -0.073659    -1.754169
    -0.071985    -1.750482
    -0.070311    -1.746779
    -0.068637    -1.743067
    -0.066963    -1.739355
    -0.065289    -1.735651
    -0.063615    -1.731962
    -0.061940    -1.728296
    -0.060266    -1.724660
    -0.058592    -1.721062
    -0.056918    -1.717507
    -0.055244    -1.714003
    -0.053570    -1.710556
    -0.051896    -1.707170
    -0.050222    -1.703851
    -0.048548    -1.700603
    -0.046874    -1.697430
    -0.045200    -1.694338
    -0.043526    -1.691328
    -0.041852    -1.688404
    -0.040178    -1.685570
    -0.038504    -1.682827
    -0.036829    -1.680179
    -0.035155    -1.677627
    -0.033481    -1.675173
    -0.031807    -1.672819
    -0.030133    -1.670566
    -0.028459    -1.668416
    -0.026785    -1.666370
    -0.025111    -1.664429
    -0.023437    -1.662594
    -0.021763    -1.660865
    -0.020089    -1.659244
    -0.018415    -1.657730
    -0.016741    -1.656325
    -0.015067    -1.655028
    -0.013393    -1.653841
    -0.011718    -1.652763
    -0.010044    -1.651794
    -0.008370    -1.650935
    -0.006696    -1.650185
    -0.005022    -1.649546
    -0.003348    -1.649015
    -0.001674    -1.648595
     0.000000    -1.648293
     0.001674    -1.648602
     0.003348    -1.649022
     0.005022    -1.649552
     0.006696    -1.650192
     0.008370    -1.650941
     0.010044    -1.651800
     0.011718    -1.652768
     0.013393    -1.653846
     0.015067    -1.655034
     0.016741    -1.656330
     0.018415    -1.657735
     0.020089    -1.659249
     0.021763    -1.660870
     0.023437    -1.662598
     0.025111    -1.664434
     0.026785    -1.666375
     0.028459    -1.668420
     0.030133    -1.670570
     0.031807    -1.672823
     0.033481    -1.675177
     0.035155    -1.677630
     0.036829    -1.680182
     0.038504    -1.682831
     0.040178    -1.685573
     0.041852    -1.688407
     0.043526    -1.691330
     0.045200    -1.694340
     0.046874    -1.697433
     0.048548    -1.700605
     0.050222    -1.703852
     0.051896    -1.707171
     0.053570    -1.710557
     0.055244    -1.714005
     0.056918    -1.717508
     0.058592    -1.721062
     0.060266    -1.724660
     0.061940    -1.728296
     0.063615    -1.731962
     0.065289    -1.735651
     0.066963    -1.739355
     0.068637    -1.743067
     0.070311    -1.746778
     0.071985    -1.750481
     0.073659    -1.754168
     0.075333    -1.757831
     0.077007    -1.761464
     0.078681    -1.765059
     0.080355    -1.768611
     0.082029    -1.772114
     0.083703    -1.775564
     0.085377    -1.778958
     0.087051    -1.782292
     0.088726    -1.785566
     0.090400    -1.788779
     0.092074    -1.791931
     0.093748    -1.795022
     0.095422    -1.798054
     0.097096    -1.801029
     0.098770    -1.803950
     0.100444    -1.806819
     0.102118    -1.809639
     0.103792    -1.812413
     0.105466    -1.815145
     0.107140    -1.817838
     0.108814    -1.820495
     0.110488    -1.823120
     0.112163    -1.825714
     0.113837    -1.828282
     0.115511    -1.830825
     0.117185    -1.833347
     0.118859    -1.835851
     0.120533    -1.838337
     0.122207    -1.840809
     0.123881    -1.843268
     0.125555    -1.845716
     0.127229    -1.848156
     0.128903    -1.850588
     0.130577    -1.853014
     0.132251    -1.855435
     0.133925    -1.857853
     0.135599    -1.860269
     0.137274    -1.862683
     0.138948    -1.865097
     0.140622    -1.867511
     0.142296    -1.869926
     0.143970    -1.872344
     0.145644    -1.874764
     0.147318    -1.877187
     0.148992    -1.879614
     0.150666    -1.882046
     0.152340    -1.884482
     0.154014    -1.886923
     0.155688    -1.889369
     0.157362    -1.891822
     0.159036    -1.894280
     0.160710    -1.896745
     0.162385    -1.899216
     0.164059    -1.901694
     0.165733    -1.904197
     0.167407    -1.907064


    -0.167407    -1.906671
    -0.165733    -1.904166
    -0.164059    -1.901311
    -0.162385    -1.898442
    -0.160710    -1.895581
    -0.159036    -1.892726
    -0.157362    -1.889877
    -0.155688    -1.887034
    -0.154014    -1.884195
    -0.152340    -1.881360
    -0.150666    -1.878529
    -0.148992    -1.875700
    -0.147318    -1.872872
    -0.145644    -1.870045
    -0.143970    -1.867218
    -0.142296    -1.864389
    -0.140622    -1.861558
    -0.138948    -1.858723
    -0.137274    -1.855883
    -0.135599    -1.853036
    -0.133925    -1.850181
    -0.132251    -1.847317
    -0.130577    -1.844442
    -0.128903    -1.841555
    -0.127229    -1.838653
    -0.125555    -1.835735
    -0.123881    -1.832799
    -0.122207    -1.829843
    -0.120533    -1.826866
    -0.118859    -1.823865
    -0.117185    -1.820839
    -0.115511    -1.817785
    -0.113837    -1.814703
    -0.112163    -1.811591
    -0.110488    -1.808446
    -0.108814    -1.805268
    -0.107140    -1.802055
    -0.105466    -1.798807
    -0.103792    -1.795524
    -0.102118    -1.792205
    -0.100444    -1.788850
    -0.098770    -1.785460
    -0.097096    -1.782037
    -0.095422    -1.778581
    -0.093748    -1.775095
    -0.092074    -1.771582
    -0.090400    -1.768044
    -0.088726    -1.764485
    -0.087051    -1.760909
    -0.085377    -1.757321
    -0.083703    -1.753723
    -0.082029    -1.750122
    -0.080355    -1.746522
    -0.078681    -1.742929
    -0.077007    -1.739348
    -0.075333    -1.735783
    -0.073659    -1.732240
    -0.071985    -1.728724
    -0.070311    -1.725240
    -0.068637    -1.721793
    -0.066963    -1.718388
    -0.065289    -1.715029
    -0.063615    -1.711721
    -0.061940    -1.708467
    -0.060266    -1.705272
    -0.058592    -1.702138
    -0.056918    -1.699071
    -0.055244    -1.696072
    -0.053570    -1.693146
    -0.051896    -1.690294
    -0.050222    -1.687520
    -0.048548    -1.684825
    -0.046874    -1.682213
    -0.045200    -1.679686
    -0.043526    -1.677245
    -0.041852    -1.674892
    -0.040178    -1.672629
    -0.038504    -1.670458
    -0.036829    -1.668381
    -0.035155    -1.666398
    -0.033481    -1.664511
    -0.031807    -1.662721
    -0.030133    -1.661029
    -0.028459    -1.659436
    -0.026785    -1.657944
    -0.025111    -1.656553
    -0.023437    -1.655264
    -0.021763    -1.654078
    -0.020089    -1.652996
    -0.018415    -1.652017
    -0.016741    -1.651144
    -0.015067    -1.650376
    -0.013393    -1.649714
    -0.011718    -1.649159
    -0.010044    -1.648711
    -0.008370    -1.648370
    -0.006696    -1.648137
    -0.005022    -1.648012
    -0.003348    -1.647996
    -0.001674    -1.648089
     0.000000    -1.648282
     0.001674    -1.648082
     0.003348    -1.647989
     0.005022    -1.648005
     0.006696    -1.648130
     0.008370    -1.648362
     0.010044    -1.648703
     0.011718    -1.649151
     0.013393    -1.649706
     0.015067    -1.650368
     0.016741    -1.651135
     0.018415    -1.652008
     0.020089    -1.652986
     0.021763    -1.654069
     0.023437    -1.655254
     0.025111    -1.656543
     0.026785    -1.657934
     0.028459    -1.659426
     0.030133    -1.661018
     0.031807    -1.662709
     0.033481    -1.664499
     0.035155    -1.666386
     0.036829    -1.668368
     0.038504    -1.670445
     0.040178    -1.672616
     0.041852    -1.674878
     0.043526    -1.677230
     0.045200    -1.679671
     0.046874    -1.682198
     0.048548    -1.684810
     0.050222    -1.687504
     0.051896    -1.690277
     0.053570    -1.693129
     0.055244    -1.696055
     0.056918    -1.699053
     0.058592    -1.702120
     0.060266    -1.705253
     0.061940    -1.708447
     0.063615    -1.711701
     0.065289    -1.715009
     0.066963    -1.718367
     0.068637    -1.721772
     0.070311    -1.725218
     0.071985    -1.728701
     0.073659    -1.732217
     0.075333    -1.735759
     0.077007    -1.739324
     0.078681    -1.742905
     0.080355    -1.746498
     0.082029    -1.750097
     0.083703    -1.753698
     0.085377    -1.757295
     0.087051    -1.760883
     0.088726    -1.764459
     0.090400    -1.768018
     0.092074    -1.771555
     0.093748    -1.775068
     0.095422    -1.778554
     0.097096    -1.782010
     0.098770    -1.785433
     0.100444    -1.788823
     0.102118    -1.792178
     0.103792    -1.795497
     0.105466    -1.798781
     0.107140    -1.802029
     0.108814    -1.805241
     0.110488    -1.808420
     0.112163    -1.811565
     0.113837    -1.814678
     0.115511    -1.817760
     0.117185    -1.820814
     0.118859    -1.823840
     0.120533    -1.826841
     0.122207    -1.829819
     0.123881    -1.832775
     0.125555    -1.835711
     0.127229    -1.838630
     0.128903    -1.841532
     0.130577    -1.844420
     0.132251    -1.847296
     0.133925    -1.850160
     0.135599    -1.853015
     0.137274    -1.855863
     0.138948    -1.858703
     0.140622    -1.861539
     0.142296    -1.864371
     0.143970    -1.867200
     0.145644    -1.870028
     0.147318    -1.872855
     0.148992    -1.875683
     0.150666    -1.878513
     0.152340    -1.881345
     0.154014    -1.884180
     0.155688    -1.887019
     0.157362    -1.889863
     0.159036    -1.892713
     0.160710    -1.895568
     0.162385    -1.898431
     0.164059    -1.901300
     0.165733    -1.904159
     0.167407    -1.906669


    -0.167407    -1.449329
    -0.165733    -1.442327
    -0.164059    -1.435277
    -0.162385    -1.428180
    -0.160710    -1.421035
    -0.159036    -1.413842
    -0.157362    -1.406601
    -0.155688    -1.399312
    -0.154014    -1.391974
    -0.152340    -1.384587
    -0.150666    -1.377152
    -0.148992    -1.369668
    -0.147318    -1.362136
    -0.145644    -1.354554
    -0.143970    -1.346924
    -0.142296    -1.339246
    -0.140622    -1.331519
    -0.138948    -1.323745
    -0.137274    -1.315922
    -0.135599    -1.308053
    -0.133925    -1.300137
    -0.132251    -1.292175
    -0.130577    -1.284167
    -0.128903    -1.276114
    -0.127229    -1.268018
    -0.125555    -1.259878
    -0.123881    -1.251696
    -0.122207    -1.243472
    -0.120533    -1.235209
    -0.118859    -1.226907
    -0.117185    -1.218568
    -0.115511    -1.210193
    -0.113837    -1.201784
    -0.112163    -1.193342
    -0.110488    -1.184870
    -0.108814    -1.176368
    -0.107140    -1.167841
    -0.105466    -1.159290
    -0.103792    -1.150718
    -0.102118    -1.142130
    -0.100444    -1.133531
    -0.098770    -1.124935
    -0.097096    -1.116384
    -0.095422    -1.107984
    -0.093748    -1.099748
    -0.092074    -1.091561
    -0.090400    -1.083375
    -0.088726    -1.075177
    -0.087051    -1.066965
    -0.085377    -1.058740
    -0.083703    -1.050504
    -0.082029    -1.042258
    -0.080355    -1.034005
    -0.078681    -1.025749
    -0.077007    -1.017492
    -0.075333    -1.009239
    -0.073659    -1.000994
    -0.071985    -0.992759
    -0.070311    -0.984541
    -0.068637    -0.976343
    -0.066963    -0.968170
    -0.065289    -0.960028
    -0.063615    -0.951921
    -0.061940    -0.943857
    -0.060266    -0.935840
    -0.058592    -0.927878
    -0.056918    -0.919977
    -0.055244    -0.912144
    -0.053570    -0.904387
    -0.051896    -0.896714
    -0.050222    -0.889132
    -0.048548    -0.881650
    -0.046874    -0.874277
    -0.045200    -0.867022
    -0.043526    -0.859896
    -0.041852    -0.852908
    -0.040178    -0.846067
    -0.038504    -0.839386
    -0.036829    -0.832875
    -0.035155    -0.826545
    -0.033481    -0.820407
    -0.031807    -0.814474
    -0.030133    -0.808756
    -0.028459    -0.803267
    -0.026785    -0.798016
    -0.025111    -0.793018
    -0.023437    -0.788282
    -0.021763    -0.783820
    -0.020089    -0.779643
    -0.018415    -0.775761
    -0.016741    -0.772184
    -0.015067    -0.768922
    -0.013393    -0.765983
    -0.011718    -0.763374
    -0.010044    -0.761101
    -0.008370    -0.759170
    -0.006696    -0.757586
    -0.005022    -0.756351
    -0.003348    -0.755467
    -0.001674    -0.754936
     0.000000    -0.754759
     0.001674    -0.754934
     0.003348    -0.755461
     0.005022    -0.756337
     0.006696    -0.757565
     0.008370    -0.759146
     0.010044    -0.761075
     0.011718    -0.763346
     0.013393    -0.765955
     0.015067    -0.768894
     0.016741    -0.772156
     0.018415    -0.775733
     0.020089    -0.779615
     0.021763    -0.783792
     0.023437    -0.788254
     0.025111    -0.792990
     0.026785    -0.797989
     0.028459    -0.803240
     0.030133    -0.808730
     0.031807    -0.814448
     0.033481    -0.820382
     0.035155    -0.826520
     0.036829    -0.832851
     0.038504    -0.839363
     0.040178    -0.846045
     0.041852    -0.852885
     0.043526    -0.859874
     0.045200    -0.867002
     0.046874    -0.874257
     0.048548    -0.881630
     0.050222    -0.889113
     0.051896    -0.896695
     0.053570    -0.904370
     0.055244    -0.912128
     0.056918    -0.919961
     0.058592    -0.927863
     0.060266    -0.935826
     0.061940    -0.943843
     0.063615    -0.951908
     0.065289    -0.960015
     0.066963    -0.968158
     0.068637    -0.976331
     0.070311    -0.984530
     0.071985    -0.992749
     0.073659    -1.000984
     0.075333    -1.009230
     0.077007    -1.017484
     0.078681    -1.025741
     0.080355    -1.033997
     0.082029    -1.042250
     0.083703    -1.050497
     0.085377    -1.058734
     0.087051    -1.066959
     0.088726    -1.075170
     0.090400    -1.083367
     0.092074    -1.091553
     0.093748    -1.099738
     0.095422    -1.107970
     0.097096    -1.116369
     0.098770    -1.124922
     0.100444    -1.133519
     0.102118    -1.142119
     0.103792    -1.150707
     0.105466    -1.159279
     0.107140    -1.167830
     0.108814    -1.176357
     0.110488    -1.184858
     0.112163    -1.193330
     0.113837    -1.201771
     0.115511    -1.210180
     0.117185    -1.218554
     0.118859    -1.226893
     0.120533    -1.235194
     0.122207    -1.243457
     0.123881    -1.251680
     0.125555    -1.259861
     0.127229    -1.268000
     0.128903    -1.276097
     0.130577    -1.284149
     0.132251    -1.292156
     0.133925    -1.300118
     0.135599    -1.308033
     0.137274    -1.315902
     0.138948    -1.323724
     0.140622    -1.331498
     0.142296    -1.339224
     0.143970    -1.346902
     0.145644    -1.354531
     0.147318    -1.362112
     0.148992    -1.369644
     0.150666    -1.377128
     0.152340    -1.384562
     0.154014    -1.391948
     0.155688    -1.399286
     0.157362    -1.406575
     0.159036    -1.413815
     0.160710    -1.421008
     0.162385    -1.428152
     0.164059    -1.435249
     0.165733    -1.442298
     0.167407    -1.449300


    -0.167407    -1.423298
    -0.165733    -1.416693
    -0.164059    -1.410059
    -0.162385    -1.403394
    -0.160710    -1.396699
    -0.159036    -1.389972
    -0.157362    -1.383215
    -0.155688    -1.376424
    -0.154014    -1.369602
    -0.152340    -1.362746
    -0.150666    -1.355856
    -0.148992    -1.348933
    -0.147318    -1.341974
    -0.145644    -1.334981
    -0.143970    -1.327952
    -0.142296    -1.320887
    -0.140622    -1.313785
    -0.138948    -1.306647
    -0.137274    -1.299471
    -0.135599    -1.292258
    -0.133925    -1.285007
    -0.132251    -1.277717
    -0.130577    -1.270389
    -0.128903    -1.263022
    -0.127229    -1.255616
    -0.125555    -1.248170
    -0.123881    -1.240686
    -0.122207    -1.233162
    -0.120533    -1.225599
    -0.118859    -1.217997
    -0.117185    -1.210356
    -0.115511    -1.202676
    -0.113837    -1.194957
    -0.112163    -1.187200
    -0.110488    -1.179405
    -0.108814    -1.171572
    -0.107140    -1.163703
    -0.105466    -1.155797
    -0.103792    -1.147854
    -0.102118    -1.139873
    -0.100444    -1.131852
    -0.098770    -1.123782
    -0.097096    -1.115624
    -0.095422    -1.107276
    -0.093748    -1.098731
    -0.092074    -1.090108
    -0.090400    -1.081460
    -0.088726    -1.072805
    -0.087051    -1.064152
    -0.085377    -1.055505
    -0.083703    -1.046870
    -0.082029    -1.038250
    -0.080355    -1.029649
    -0.078681    -1.021073
    -0.077007    -1.012526
    -0.075333    -1.004011
    -0.073659    -0.995533
    -0.071985    -0.987097
    -0.070311    -0.978707
    -0.068637    -0.970370
    -0.066963    -0.962088
    -0.065289    -0.953868
    -0.063615    -0.945716
    -0.061940    -0.937635
    -0.060266    -0.929633
    -0.058592    -0.921715
    -0.056918    -0.913887
    -0.055244    -0.906154
    -0.053570    -0.898524
    -0.051896    -0.891003
    -0.050222    -0.883597
    -0.048548    -0.876313
    -0.046874    -0.869159
    -0.045200    -0.862141
    -0.043526    -0.855267
    -0.041852    -0.848545
    -0.040178    -0.841982
    -0.038504    -0.835586
    -0.036829    -0.829367
    -0.035155    -0.823331
    -0.033481    -0.817487
    -0.031807    -0.811845
    -0.030133    -0.806413
    -0.028459    -0.801200
    -0.026785    -0.796216
    -0.025111    -0.791469
    -0.023437    -0.786968
    -0.021763    -0.782724
    -0.020089    -0.778744
    -0.018415    -0.775040
    -0.016741    -0.771618
    -0.015067    -0.768488
    -0.013393    -0.765660
    -0.011718    -0.763140
    -0.010044    -0.760937
    -0.008370    -0.759057
    -0.006696    -0.757509
    -0.005022    -0.756298
    -0.003348    -0.755428
    -0.001674    -0.754905
     0.000000    -0.754731
     0.001674    -0.754906
     0.003348    -0.755433
     0.005022    -0.756309
     0.006696    -0.757526
     0.008370    -0.759078
     0.010044    -0.760958
     0.011718    -0.763161
     0.013393    -0.765681
     0.015067    -0.768510
     0.016741    -0.771639
     0.018415    -0.775060
     0.020089    -0.778764
     0.021763    -0.782743
     0.023437    -0.786987
     0.025111    -0.791487
     0.026785    -0.796233
     0.028459    -0.801217
     0.030133    -0.806429
     0.031807    -0.811861
     0.033481    -0.817502
     0.035155    -0.823345
     0.036829    -0.829380
     0.038504    -0.835600
     0.040178    -0.841995
     0.041852    -0.848557
     0.043526    -0.855279
     0.045200    -0.862152
     0.046874    -0.869169
     0.048548    -0.876323
     0.050222    -0.883606
     0.051896    -0.891012
     0.053570    -0.898533
     0.055244    -0.906162
     0.056918    -0.913894
     0.058592    -0.921722
     0.060266    -0.929640
     0.061940    -0.937642
     0.063615    -0.945721
     0.065289    -0.953874
     0.066963    -0.962093
     0.068637    -0.970374
     0.070311    -0.978711
     0.071985    -0.987100
     0.073659    -0.995536
     0.075333    -1.004013
     0.077007    -1.012528
     0.078681    -1.021075
     0.080355    -1.029651
     0.082029    -1.038251
     0.083703    -1.046870
     0.085377    -1.055505
     0.087051    -1.064152
     0.088726    -1.072806
     0.090400    -1.081460
     0.092074    -1.090109
     0.093748    -1.098734
     0.095422    -1.107283
     0.097096    -1.115631
     0.098770    -1.123786
     0.100444    -1.131855
     0.102118    -1.139875
     0.103792    -1.147855
     0.105466    -1.155798
     0.107140    -1.163704
     0.108814    -1.171574
     0.110488    -1.179406
     0.112163    -1.187201
     0.113837    -1.194958
     0.115511    -1.202676
     0.117185    -1.210356
     0.118859    -1.217998
     0.120533    -1.225600
     0.122207    -1.233162
     0.123881    -1.240686
     0.125555    -1.248170
     0.127229    -1.255615
     0.128903    -1.263021
     0.130577    -1.270388
     0.132251    -1.277716
     0.133925    -1.285005
     0.135599    -1.292256
     0.137274    -1.299469
     0.138948    -1.306645
     0.140622    -1.313783
     0.142296    -1.320884
     0.143970    -1.327949
     0.145644    -1.334977
     0.147318    -1.341970
     0.148992    -1.348928
     0.150666    -1.355851
     0.152340    -1.362741
     0.154014    -1.369596
     0.155688    -1.376418
     0.157362    -1.383208
     0.159036    -1.389965
     0.160710    -1.396691
     0.162385    -1.403386
     0.164059    -1.410050
     0.165733    -1.416684
     0.167407    -1.423288


    -0.167407    -0.544375
    -0.165733    -0.538516
    -0.164059    -0.532698
    -0.162385    -0.526921
    -0.160710    -0.521187
    -0.159036    -0.515496
    -0.157362    -0.509850
    -0.155688    -0.504250
    -0.154014    -0.498697
    -0.152340    -0.493192
    -0.150666    -0.487736
    -0.148992    -0.482330
    -0.147318    -0.476975
    -0.145644    -0.471673
    -0.143970    -0.466424
    -0.142296    -0.461231
    -0.140622    -0.456093
    -0.138948    -0.451013
    -0.137274    -0.445990
    -0.135599    -0.441028
    -0.133925    -0.436126
    -0.132251    -0.431285
    -0.130577    -0.426508
    -0.128903    -0.421795
    -0.127229    -0.417147
    -0.125555    -0.412566
    -0.123881    -0.408052
    -0.122207    -0.403607
    -0.120533    -0.399231
    -0.118859    -0.394927
    -0.117185    -0.390695
    -0.115511    -0.386535
    -0.113837    -0.382450
    -0.112163    -0.378440
    -0.110488    -0.374505
    -0.108814    -0.370648
    -0.107140    -0.366868
    -0.105466    -0.363167
    -0.103792    -0.359545
    -0.102118    -0.356002
    -0.100444    -0.352541
    -0.098770    -0.349160
    -0.097096    -0.345861
    -0.095422    -0.342644
    -0.093748    -0.339509
    -0.092074    -0.336456
    -0.090400    -0.333486
    -0.088726    -0.330599
    -0.087051    -0.327793
    -0.085377    -0.325070
    -0.083703    -0.322428
    -0.082029    -0.319867
    -0.080355    -0.317386
    -0.078681    -0.314984
    -0.077007    -0.312660
    -0.075333    -0.310413
    -0.073659    -0.308241
    -0.071985    -0.306143
    -0.070311    -0.304116
    -0.068637    -0.302158
    -0.066963    -0.300266
    -0.065289    -0.298439
    -0.063615    -0.296672
    -0.061940    -0.294962
    -0.060266    -0.293305
    -0.058592    -0.291697
    -0.056918    -0.290135
    -0.055244    -0.288612
    -0.053570    -0.287124
    -0.051896    -0.285665
    -0.050222    -0.284229
    -0.048548    -0.282809
    -0.046874    -0.281399
    -0.045200    -0.279992
    -0.043526    -0.278578
    -0.041852    -0.277152
    -0.040178    -0.275702
    -0.038504    -0.274222
    -0.036829    -0.272701
    -0.035155    -0.271130
    -0.033481    -0.269498
    -0.031807    -0.267795
    -0.030133    -0.266012
    -0.028459    -0.264136
    -0.026785    -0.262158
    -0.025111    -0.260066
    -0.023437    -0.257850
    -0.021763    -0.255499
    -0.020089    -0.253004
    -0.018415    -0.250354
    -0.016741    -0.247540
    -0.015067    -0.244553
    -0.013393    -0.241385
    -0.011718    -0.238029
    -0.010044    -0.234479
    -0.008370    -0.230729
    -0.006696    -0.226775
    -0.005022    -0.222613
    -0.003348    -0.218241
    -0.001674    -0.213658
     0.000000    -0.208889
     0.001674    -0.213683
     0.003348    -0.218267
     0.005022    -0.222640
     0.006696    -0.226803
     0.008370    -0.230758
     0.010044    -0.234509
     0.011718    -0.238060
     0.013393    -0.241416
     0.015067    -0.244585
     0.016741    -0.247572
     0.018415    -0.250387
     0.020089    -0.253037
     0.021763    -0.255533
     0.023437    -0.257884
     0.025111    -0.260100
     0.026785    -0.262192
     0.028459    -0.264171
     0.030133    -0.266046
     0.031807    -0.267830
     0.033481    -0.269533
     0.035155    -0.271164
     0.036829    -0.272736
     0.038504    -0.274256
     0.040178    -0.275737
     0.041852    -0.277185
     0.043526    -0.278612
     0.045200    -0.280025
     0.046874    -0.281432
     0.048548    -0.282842
     0.050222    -0.284261
     0.051896    -0.285697
     0.053570    -0.287155
     0.055244    -0.288643
     0.056918    -0.290165
     0.058592    -0.291727
     0.060266    -0.293334
     0.061940    -0.294990
     0.063615    -0.296700
     0.065289    -0.298466
     0.066963    -0.300293
     0.068637    -0.302184
     0.070311    -0.304142
     0.071985    -0.306168
     0.073659    -0.308266
     0.075333    -0.310437
     0.077007    -0.312684
     0.078681    -0.315007
     0.080355    -0.317408
     0.082029    -0.319888
     0.083703    -0.322449
     0.085377    -0.325090
     0.087051    -0.327813
     0.088726    -0.330618
     0.090400    -0.333505
     0.092074    -0.336475
     0.093748    -0.339527
     0.095422    -0.342661
     0.097096    -0.345878
     0.098770    -0.349176
     0.100444    -0.352556
     0.102118    -0.356018
     0.103792    -0.359559
     0.105466    -0.363181
     0.107140    -0.366882
     0.108814    -0.370661
     0.110488    -0.374519
     0.112163    -0.378453
     0.113837    -0.382462
     0.115511    -0.386547
     0.117185    -0.390706
     0.118859    -0.394938
     0.120533    -0.399242
     0.122207    -0.403617
     0.123881    -0.408062
     0.125555    -0.412575
     0.127229    -0.417156
     0.128903    -0.421804
     0.130577    -0.426517
     0.132251    -0.431294
     0.133925    -0.436134
     0.135599    -0.441036
     0.137274    -0.445998
     0.138948    -0.451020
     0.140622    -0.456101
     0.142296    -0.461238
     0.143970    -0.466432
     0.145644    -0.471680
     0.147318    -0.476982
     0.148992    -0.482336
     0.150666    -0.487742
     0.152340    -0.493198
     0.154014    -0.498703
     0.155688    -0.504257
     0.157362    -0.509857
     0.159036    -0.515502
     0.160710    -0.521193
     0.162385    -0.526927
     0.164059    -0.532704
     0.165733    -0.538522
     0.167407    -0.544381


    -0.167407    -0.525840
    -0.165733    -0.518490
    -0.164059    -0.511142
    -0.162385    -0.503797
    -0.160710    -0.496455
    -0.159036    -0.489116
    -0.157362    -0.481780
    -0.155688    -0.474449
    -0.154014    -0.467120
    -0.152340    -0.459796
    -0.150666    -0.452476
    -0.148992    -0.445160
    -0.147318    -0.437848
    -0.145644    -0.430541
    -0.143970    -0.423238
    -0.142296    -0.415941
    -0.140622    -0.408648
    -0.138948    -0.401361
    -0.137274    -0.394079
    -0.135599    -0.386803
    -0.133925    -0.379532
    -0.132251    -0.372267
    -0.130577    -0.365009
    -0.128903    -0.357756
    -0.127229    -0.350510
    -0.125555    -0.343271
    -0.123881    -0.336038
    -0.122207    -0.328812
    -0.120533    -0.321593
    -0.118859    -0.314381
    -0.117185    -0.307177
    -0.115511    -0.299980
    -0.113837    -0.292791
    -0.112163    -0.285611
    -0.110488    -0.278438
    -0.108814    -0.271274
    -0.107140    -0.264119
    -0.105466    -0.256973
    -0.103792    -0.249836
    -0.102118    -0.242709
    -0.100444    -0.235592
    -0.098770    -0.228485
    -0.097096    -0.221390
    -0.095422    -0.214305
    -0.093748    -0.207233
    -0.092074    -0.200173
    -0.090400    -0.193127
    -0.088726    -0.186095
    -0.087051    -0.179079
    -0.085377    -0.172079
    -0.083703    -0.165098
    -0.082029    -0.158136
    -0.080355    -0.151196
    -0.078681    -0.144281
    -0.077007    -0.137394
    -0.075333    -0.130537
    -0.073659    -0.123717
    -0.071985    -0.116938
    -0.070311    -0.110208
    -0.068637    -0.103536
    -0.066963    -0.096933
    -0.065289    -0.090414
    -0.063615    -0.084000
    -0.061940    -0.077717
    -0.060266    -0.071599
    -0.058592    -0.065695
    -0.056918    -0.060072
    -0.055244    -0.054822
    -0.053570    -0.050074
    -0.051896    -0.046002
    -0.050222    -0.042833
    -0.048548    -0.040831
    -0.046874    -0.040246
    -0.045200    -0.041229
    -0.043526    -0.043758
    -0.041852    -0.047644
    -0.040178    -0.052614
    -0.038504    -0.058392
    -0.036829    -0.064745
    -0.035155    -0.071496
    -0.033481    -0.078512
    -0.031807    -0.085696
    -0.030133    -0.092977
    -0.028459    -0.100300
    -0.026785    -0.107624
    -0.025111    -0.114917
    -0.023437    -0.122151
    -0.021763    -0.129305
    -0.020089    -0.136361
    -0.018415    -0.143301
    -0.016741    -0.150112
    -0.015067    -0.156782
    -0.013393    -0.163298
    -0.011718    -0.169650
    -0.010044    -0.175830
    -0.008370    -0.181829
    -0.006696    -0.187640
    -0.005022    -0.193256
    -0.003348    -0.198672
    -0.001674    -0.203884
     0.000000    -0.208864
     0.001674    -0.203861
     0.003348    -0.198650
     0.005022    -0.193235
     0.006696    -0.187620
     0.008370    -0.181811
     0.010044    -0.175813
     0.011718    -0.169634
     0.013393    -0.163283
     0.015067    -0.156768
     0.016741    -0.150100
     0.018415    -0.143290
     0.020089    -0.136351
     0.021763    -0.129297
     0.023437    -0.122144
     0.025111    -0.114911
     0.026785    -0.107619
     0.028459    -0.100296
     0.030133    -0.092974
     0.031807    -0.085695
     0.033481    -0.078512
     0.035155    -0.071497
     0.036829    -0.064747
     0.038504    -0.058394
     0.040178    -0.052617
     0.041852    -0.047648
     0.043526    -0.043762
     0.045200    -0.041233
     0.046874    -0.040249
     0.048548    -0.040832
     0.050222    -0.042833
     0.051896    -0.046001
     0.053570    -0.050072
     0.055244    -0.054819
     0.056918    -0.060068
     0.058592    -0.065691
     0.060266    -0.071594
     0.061940    -0.077711
     0.063615    -0.083995
     0.065289    -0.090408
     0.066963    -0.096927
     0.068637    -0.103529
     0.070311    -0.110201
     0.071985    -0.116931
     0.073659    -0.123710
     0.075333    -0.130531
     0.077007    -0.137387
     0.078681    -0.144275
     0.080355    -0.151190
     0.082029    -0.158130
     0.083703    -0.165092
     0.085377    -0.172074
     0.087051    -0.179074
     0.088726    -0.186090
     0.090400    -0.193122
     0.092074    -0.200169
     0.093748    -0.207229
     0.095422    -0.214301
     0.097096    -0.221386
     0.098770    -0.228482
     0.100444    -0.235589
     0.102118    -0.242707
     0.103792    -0.249834
     0.105466    -0.256971
     0.107140    -0.264118
     0.108814    -0.271274
     0.110488    -0.278438
     0.112163    -0.285611
     0.113837    -0.292792
     0.115511    -0.299981
     0.117185    -0.307179
     0.118859    -0.314383
     0.120533    -0.321595
     0.122207    -0.328815
     0.123881    -0.336041
     0.125555    -0.343275
     0.127229    -0.350515
     0.128903    -0.357762
     0.130577    -0.365015
     0.132251    -0.372274
     0.133925    -0.379539
     0.135599    -0.386810
     0.137274    -0.394087
     0.138948    -0.401370
     0.140622    -0.408657
     0.142296    -0.415950
     0.143970    -0.423248
     0.145644    -0.430551
     0.147318    -0.437859
     0.148992    -0.445171
     0.150666    -0.452488
     0.152340    -0.459808
     0.154014    -0.467133
     0.155688    -0.474462
     0.157362    -0.481794
     0.159036    -0.489130
     0.160710    -0.496469
     0.162385    -0.503811
     0.164059    -0.511157
     0.165733    -0.518505
     0.167407    -0.525856


    -0.167407     0.687407
    -0.165733     0.678539
    -0.164059     0.669644
    -0.162385     0.660723
    -0.160710     0.651775
    -0.159036     0.642802
    -0.157362     0.633802
    -0.155688     0.624776
    -0.154014     0.615726
    -0.152340     0.606650
    -0.150666     0.597549
    -0.148992     0.588424
    -0.147318     0.579274
    -0.145644     0.570101
    -0.143970     0.560904
    -0.142296     0.551684
    -0.140622     0.542440
    -0.138948     0.533175
    -0.137274     0.523887
    -0.135599     0.514578
    -0.133925     0.505247
    -0.132251     0.495896
    -0.130577     0.486524
    -0.128903     0.477132
    -0.127229     0.467722
    -0.125555     0.458292
    -0.123881     0.448844
    -0.122207     0.439379
    -0.120533     0.429897
    -0.118859     0.420399
    -0.117185     0.410885
    -0.115511     0.401357
    -0.113837     0.391814
    -0.112163     0.382259
    -0.110488     0.372691
    -0.108814     0.363113
    -0.107140     0.353524
    -0.105466     0.343926
    -0.103792     0.334320
    -0.102118     0.324707
    -0.100444     0.315089
    -0.098770     0.305467
    -0.097096     0.295843
    -0.095422     0.286218
    -0.093748     0.276593
    -0.092074     0.266972
    -0.090400     0.257356
    -0.088726     0.247747
    -0.087051     0.238148
    -0.085377     0.228562
    -0.083703     0.218991
    -0.082029     0.209440
    -0.080355     0.199912
    -0.078681     0.190411
    -0.077007     0.180943
    -0.075333     0.171514
    -0.073659     0.162129
    -0.071985     0.152798
    -0.070311     0.143530
    -0.068637     0.134337
    -0.066963     0.125232
    -0.065289     0.116233
    -0.063615     0.107364
    -0.061940     0.098654
    -0.060266     0.090141
    -0.058592     0.081877
    -0.056918     0.073932
    -0.055244     0.066402
    -0.053570     0.059420
    -0.051896     0.053164
    -0.050222     0.047866
    -0.048548     0.043793
    -0.046874     0.041202
    -0.045200     0.040246
    -0.043526     0.040909
    -0.041852     0.043009
    -0.040178     0.046276
    -0.038504     0.050441
    -0.036829     0.055277
    -0.035155     0.060613
    -0.033481     0.066321
    -0.031807     0.072312
    -0.030133     0.078520
    -0.028459     0.084899
    -0.026785     0.091414
    -0.025111     0.098038
    -0.023437     0.104754
    -0.021763     0.111545
    -0.020089     0.118400
    -0.018415     0.125311
    -0.016741     0.132270
    -0.015067     0.139271
    -0.013393     0.146309
    -0.011718     0.153381
    -0.010044     0.160482
    -0.008370     0.167611
    -0.006696     0.174765
    -0.005022     0.181941
    -0.003348     0.189138
    -0.001674     0.196354
     0.000000     0.203573
     0.001674     0.196351
     0.003348     0.189135
     0.005022     0.181939
     0.006696     0.174763
     0.008370     0.167610
     0.010044     0.160482
     0.011718     0.153381
     0.013393     0.146310
     0.015067     0.139272
     0.016741     0.132272
     0.018415     0.125314
     0.020089     0.118404
     0.021763     0.111549
     0.023437     0.104758
     0.025111     0.098043
     0.026785     0.091419
     0.028459     0.084905
     0.030133     0.078527
     0.031807     0.072319
     0.033481     0.066329
     0.035155     0.060621
     0.036829     0.055287
     0.038504     0.050451
     0.040178     0.046286
     0.041852     0.043019
     0.043526     0.040919
     0.045200     0.040255
     0.046874     0.041210
     0.048548     0.043800
     0.050222     0.047871
     0.051896     0.053168
     0.053570     0.059422
     0.055244     0.066403
     0.056918     0.073931
     0.058592     0.081876
     0.060266     0.090139
     0.061940     0.098651
     0.063615     0.107361
     0.065289     0.116229
     0.066963     0.125227
     0.068637     0.134332
     0.070311     0.143525
     0.071985     0.152793
     0.073659     0.162124
     0.075333     0.171508
     0.077007     0.180937
     0.078681     0.190405
     0.080355     0.199906
     0.082029     0.209434
     0.083703     0.218985
     0.085377     0.228556
     0.087051     0.238142
     0.088726     0.247741
     0.090400     0.257350
     0.092074     0.266967
     0.093748     0.276588
     0.095422     0.286213
     0.097096     0.295838
     0.098770     0.305463
     0.100444     0.315085
     0.102118     0.324703
     0.103792     0.334316
     0.105466     0.343923
     0.107140     0.353521
     0.108814     0.363111
     0.110488     0.372690
     0.112163     0.382258
     0.113837     0.391814
     0.115511     0.401357
     0.117185     0.410886
     0.118859     0.420400
     0.120533     0.429899
     0.122207     0.439381
     0.123881     0.448847
     0.125555     0.458295
     0.127229     0.467726
     0.128903     0.477137
     0.130577     0.486529
     0.132251     0.495902
     0.133925     0.505254
     0.135599     0.514585
     0.137274     0.523895
     0.138948     0.533184
     0.140622     0.542450
     0.142296     0.551694
     0.143970     0.560915
     0.145644     0.570112
     0.147318     0.579286
     0.148992     0.588437
     0.150666     0.597563
     0.152340     0.606664
     0.154014     0.615741
     0.155688     0.624792
     0.157362     0.633818
     0.159036     0.642818
     0.160710     0.651793
     0.162385     0.660741
     0.164059     0.669663
     0.165733     0.678558
     0.167407     0.687426


    -0.167407     0.876479
    -0.165733     0.870477
    -0.164059     0.864468
    -0.162385     0.858451
    -0.160710     0.852426
    -0.159036     0.846393
    -0.157362     0.840352
    -0.155688     0.834303
    -0.154014     0.828246
    -0.152340     0.822180
    -0.150666     0.816106
    -0.148992     0.810023
    -0.147318     0.803931
    -0.145644     0.797830
    -0.143970     0.791719
    -0.142296     0.785599
    -0.140622     0.779469
    -0.138948     0.773328
    -0.137274     0.767176
    -0.135599     0.761014
    -0.133925     0.754840
    -0.132251     0.748655
    -0.130577     0.742458
    -0.128903     0.736248
    -0.127229     0.730025
    -0.125555     0.723788
    -0.123881     0.717538
    -0.122207     0.711274
    -0.120533     0.704995
    -0.118859     0.698701
    -0.117185     0.692391
    -0.115511     0.686065
    -0.113837     0.679722
    -0.112163     0.673362
    -0.110488     0.666984
    -0.108814     0.660588
    -0.107140     0.654173
    -0.105466     0.647739
    -0.103792     0.641285
    -0.102118     0.634811
    -0.100444     0.628317
    -0.098770     0.621801
    -0.097096     0.615263
    -0.095422     0.608704
    -0.093748     0.602122
    -0.092074     0.595518
    -0.090400     0.588890
    -0.088726     0.582238
    -0.087051     0.575563
    -0.085377     0.568864
    -0.083703     0.562141
    -0.082029     0.555393
    -0.080355     0.548621
    -0.078681     0.541823
    -0.077007     0.535002
    -0.075333     0.528155
    -0.073659     0.521284
    -0.071985     0.514388
    -0.070311     0.507467
    -0.068637     0.500522
    -0.066963     0.493554
    -0.065289     0.486561
    -0.063615     0.479545
    -0.061940     0.472506
    -0.060266     0.465445
    -0.058592     0.458362
    -0.056918     0.451257
    -0.055244     0.444132
    -0.053570     0.436987
    -0.051896     0.429822
    -0.050222     0.422639
    -0.048548     0.415438
    -0.046874     0.408220
    -0.045200     0.400986
    -0.043526     0.393737
    -0.041852     0.386475
    -0.040178     0.379199
    -0.038504     0.371911
    -0.036829     0.364612
    -0.035155     0.357304
    -0.033481     0.349987
    -0.031807     0.342662
    -0.030133     0.335330
    -0.028459     0.327994
    -0.026785     0.320653
    -0.025111     0.313310
    -0.023437     0.305964
    -0.021763     0.298618
    -0.020089     0.291272
    -0.018415     0.283928
    -0.016741     0.276587
    -0.015067     0.269250
    -0.013393     0.261918
    -0.011718     0.254592
    -0.010044     0.247273
    -0.008370     0.239963
    -0.006696     0.232663
    -0.005022     0.225374
    -0.003348     0.218097
    -0.001674     0.210833
     0.000000     0.203599
     0.001674     0.210838
     0.003348     0.218102
     0.005022     0.225380
     0.006696     0.232669
     0.008370     0.239970
     0.010044     0.247281
     0.011718     0.254600
     0.013393     0.261926
     0.015067     0.269259
     0.016741     0.276596
     0.018415     0.283938
     0.020089     0.291282
     0.021763     0.298628
     0.023437     0.305975
     0.025111     0.313321
     0.026785     0.320665
     0.028459     0.328006
     0.030133     0.335343
     0.031807     0.342674
     0.033481     0.349999
     0.035155     0.357317
     0.036829     0.364625
     0.038504     0.371924
     0.040178     0.379212
     0.041852     0.386488
     0.043526     0.393751
     0.045200     0.401000
     0.046874     0.408234
     0.048548     0.415452
     0.050222     0.422653
     0.051896     0.429836
     0.053570     0.437001
     0.055244     0.444146
     0.056918     0.451271
     0.058592     0.458376
     0.060266     0.465459
     0.061940     0.472520
     0.063615     0.479559
     0.065289     0.486575
     0.066963     0.493567
     0.068637     0.500536
     0.070311     0.507480
     0.071985     0.514401
     0.073659     0.521296
     0.075333     0.528168
     0.077007     0.535014
     0.078681     0.541836
     0.080355     0.548633
     0.082029     0.555405
     0.083703     0.562153
     0.085377     0.568876
     0.087051     0.575575
     0.088726     0.582250
     0.090400     0.588901
     0.092074     0.595529
     0.093748     0.602133
     0.095422     0.608715
     0.097096     0.615274
     0.098770     0.621812
     0.100444     0.628327
     0.102118     0.634822
     0.103792     0.641296
     0.105466     0.647749
     0.107140     0.654183
     0.108814     0.660598
     0.110488     0.666994
     0.112163     0.673372
     0.113837     0.679732
     0.115511     0.686074
     0.117185     0.692401
     0.118859     0.698711
     0.120533     0.705005
     0.122207     0.711284
     0.123881     0.717548
     0.125555     0.723798
     0.127229     0.730034
     0.128903     0.736257
     0.130577     0.742467
     0.132251     0.748665
     0.133925     0.754850
     0.135599     0.761024
     0.137274     0.767186
     0.138948     0.773338
     0.140622     0.779478
     0.142296     0.785609
     0.143970     0.791729
     0.145644     0.797840
     0.147318     0.803941
     0.148992     0.810033
     0.150666     0.816116
     0.152340     0.822191
     0.154014     0.828256
     0.155688     0.834314
     0.157362     0.840363
     0.159036     0.846403
     0.160710     0.852436
     0.162385     0.858461
     0.164059     0.864478
     0.165733     0.870488
     0.167407     0.876490


    -0.167407     1.841492
    -0.165733     1.833102
    -0.164059     1.824722
    -0.162385     1.816352
    -0.160710     1.807996
    -0.159036     1.799653
    -0.157362     1.791328
    -0.155688     1.783020
    -0.154014     1.774732
    -0.152340     1.766467
    -0.150666     1.758226
    -0.148992     1.750011
    -0.147318     1.741825
    -0.145644     1.733669
    -0.143970     1.725546
    -0.142296     1.717458
    -0.140622     1.709407
    -0.138948     1.701396
    -0.137274     1.693428
    -0.135599     1.685504
    -0.133925     1.677627
    -0.132251     1.669799
    -0.130577     1.662024
    -0.128903     1.654304
    -0.127229     1.646641
    -0.125555     1.639038
    -0.123881     1.631498
    -0.122207     1.624024
    -0.120533     1.616618
    -0.118859     1.609284
    -0.117185     1.602023
    -0.115511     1.594840
    -0.113837     1.587736
    -0.112163     1.580715
    -0.110488     1.573780
    -0.108814     1.566933
    -0.107140     1.560177
    -0.105466     1.553516
    -0.103792     1.546952
    -0.102118     1.540488
    -0.100444     1.534127
    -0.098770     1.527872
    -0.097096     1.521725
    -0.095422     1.515691
    -0.093748     1.509770
    -0.092074     1.503966
    -0.090400     1.498282
    -0.088726     1.492721
    -0.087051     1.487284
    -0.085377     1.481975
    -0.083703     1.476795
    -0.082029     1.471748
    -0.080355     1.466835
    -0.078681     1.462059
    -0.077007     1.457421
    -0.075333     1.452925
    -0.073659     1.448572
    -0.071985     1.444363
    -0.070311     1.440300
    -0.068637     1.436386
    -0.066963     1.432621
    -0.065289     1.429006
    -0.063615     1.425544
    -0.061940     1.422236
    -0.060266     1.419081
    -0.058592     1.416082
    -0.056918     1.413239
    -0.055244     1.410552
    -0.053570     1.408022
    -0.051896     1.405650
    -0.050222     1.403436
    -0.048548     1.401379
    -0.046874     1.399479
    -0.045200     1.397738
    -0.043526     1.396153
    -0.041852     1.394726
    -0.040178     1.393454
    -0.038504     1.392338
    -0.036829     1.391377
    -0.035155     1.390570
    -0.033481     1.389916
    -0.031807     1.389413
    -0.030133     1.389060
    -0.028459     1.388856
    -0.026785     1.388800
    -0.025111     1.388890
    -0.023437     1.389124
    -0.021763     1.389501
    -0.020089     1.390018
    -0.018415     1.390674
    -0.016741     1.391467
    -0.015067     1.392394
    -0.013393     1.393454
    -0.011718     1.394645
    -0.010044     1.395963
    -0.008370     1.397408
    -0.006696     1.398975
    -0.005022     1.400664
    -0.003348     1.402472
    -0.001674     1.404396
     0.000000     1.406433
     0.001674     1.404406
     0.003348     1.402482
     0.005022     1.400674
     0.006696     1.398986
     0.008370     1.397418
     0.010044     1.395974
     0.011718     1.394656
     0.013393     1.393465
     0.015067     1.392406
     0.016741     1.391478
     0.018415     1.390686
     0.020089     1.390030
     0.021763     1.389513
     0.023437     1.389137
     0.025111     1.388903
     0.026785     1.388814
     0.028459     1.388870
     0.030133     1.389074
     0.031807     1.389427
     0.033481     1.389930
     0.035155     1.390585
     0.036829     1.391393
     0.038504     1.392354
     0.040178     1.393470
     0.041852     1.394742
     0.043526     1.396170
     0.045200     1.397755
     0.046874     1.399497
     0.048548     1.401396
     0.050222     1.403453
     0.051896     1.405668
     0.053570     1.408041
     0.055244     1.410571
     0.056918     1.413258
     0.058592     1.416101
     0.060266     1.419101
     0.061940     1.422255
     0.063615     1.425564
     0.065289     1.429027
     0.066963     1.432641
     0.068637     1.436406
     0.070311     1.440321
     0.071985     1.444383
     0.073659     1.448592
     0.075333     1.452946
     0.077007     1.457443
     0.078681     1.462080
     0.080355     1.466856
     0.082029     1.471769
     0.083703     1.476816
     0.085377     1.481996
     0.087051     1.487305
     0.088726     1.492742
     0.090400     1.498304
     0.092074     1.503987
     0.093748     1.509791
     0.095422     1.515712
     0.097096     1.521746
     0.098770     1.527892
     0.100444     1.534147
     0.102118     1.540508
     0.103792     1.546972
     0.105466     1.553536
     0.107140     1.560197
     0.108814     1.566952
     0.110488     1.573798
     0.112163     1.580734
     0.113837     1.587754
     0.115511     1.594858
     0.117185     1.602041
     0.118859     1.609301
     0.120533     1.616635
     0.122207     1.624040
     0.123881     1.631514
     0.125555     1.639054
     0.127229     1.646656
     0.128903     1.654318
     0.130577     1.662038
     0.132251     1.669813
     0.133925     1.677640
     0.135599     1.685516
     0.137274     1.693440
     0.138948     1.701408
     0.140622     1.709418
     0.142296     1.717468
     0.143970     1.725556
     0.145644     1.733678
     0.147318     1.741833
     0.148992     1.750019
     0.150666     1.758234
     0.152340     1.766474
     0.154014     1.774739
     0.155688     1.783026
     0.157362     1.791333
     0.159036     1.799658
     0.160710     1.808000
     0.162385     1.816356
     0.164059     1.824725
     0.165733     1.833105
     0.167407     1.841494


    -0.167407     1.923916
    -0.165733     1.916864
    -0.164059     1.909830
    -0.162385     1.902815
    -0.160710     1.895820
    -0.159036     1.888846
    -0.157362     1.881893
    -0.155688     1.874963
    -0.154014     1.868056
    -0.152340     1.861172
    -0.150666     1.854314
    -0.148992     1.847481
    -0.147318     1.840674
    -0.145644     1.833895
    -0.143970     1.827143
    -0.142296     1.820420
    -0.140622     1.813726
    -0.138948     1.807061
    -0.137274     1.800428
    -0.135599     1.793825
    -0.133925     1.787255
    -0.132251     1.780717
    -0.130577     1.774212
    -0.128903     1.767741
    -0.127229     1.761304
    -0.125555     1.754903
    -0.123881     1.748536
    -0.122207     1.742206
    -0.120533     1.735911
    -0.118859     1.729654
    -0.117185     1.723434
    -0.115511     1.717252
    -0.113837     1.711109
    -0.112163     1.705004
    -0.110488     1.698938
    -0.108814     1.692911
    -0.107140     1.686924
    -0.105466     1.680977
    -0.103792     1.675071
    -0.102118     1.669206
    -0.100444     1.663381
    -0.098770     1.657598
    -0.097096     1.651856
    -0.095422     1.646156
    -0.093748     1.640498
    -0.092074     1.634882
    -0.090400     1.629309
    -0.088726     1.623778
    -0.087051     1.618290
    -0.085377     1.612845
    -0.083703     1.607444
    -0.082029     1.602086
    -0.080355     1.596771
    -0.078681     1.591501
    -0.077007     1.586274
    -0.075333     1.581092
    -0.073659     1.575955
    -0.071985     1.570862
    -0.070311     1.565815
    -0.068637     1.560813
    -0.066963     1.555857
    -0.065289     1.550947
    -0.063615     1.546084
    -0.061940     1.541269
    -0.060266     1.536501
    -0.058592     1.531782
    -0.056918     1.527111
    -0.055244     1.522491
    -0.053570     1.517920
    -0.051896     1.513401
    -0.050222     1.508934
    -0.048548     1.504521
    -0.046874     1.500161
    -0.045200     1.495857
    -0.043526     1.491608
    -0.041852     1.487418
    -0.040178     1.483286
    -0.038504     1.479215
    -0.036829     1.475206
    -0.035155     1.471259
    -0.033481     1.467378
    -0.031807     1.463563
    -0.030133     1.459817
    -0.028459     1.456141
    -0.026785     1.452537
    -0.025111     1.449007
    -0.023437     1.445553
    -0.021763     1.442178
    -0.020089     1.438882
    -0.018415     1.435669
    -0.016741     1.432541
    -0.015067     1.429500
    -0.013393     1.426549
    -0.011718     1.423689
    -0.010044     1.420923
    -0.008370     1.418254
    -0.006696     1.415684
    -0.005022     1.413216
    -0.003348     1.410851
    -0.001674     1.408593
     0.000000     1.406445
     0.001674     1.408583
     0.003348     1.410842
     0.005022     1.413206
     0.006696     1.415675
     0.008370     1.418245
     0.010044     1.420914
     0.011718     1.423680
     0.013393     1.426540
     0.015067     1.429491
     0.016741     1.432532
     0.018415     1.435660
     0.020089     1.438873
     0.021763     1.442168
     0.023437     1.445544
     0.025111     1.448998
     0.026785     1.452528
     0.028459     1.456132
     0.030133     1.459808
     0.031807     1.463554
     0.033481     1.467368
     0.035155     1.471249
     0.036829     1.475195
     0.038504     1.479205
     0.040178     1.483276
     0.041852     1.487407
     0.043526     1.491597
     0.045200     1.495845
     0.046874     1.500150
     0.048548     1.504509
     0.050222     1.508922
     0.051896     1.513389
     0.053570     1.517908
     0.055244     1.522478
     0.056918     1.527098
     0.058592     1.531768
     0.060266     1.536487
     0.061940     1.541255
     0.063615     1.546070
     0.065289     1.550933
     0.066963     1.555842
     0.068637     1.560798
     0.070311     1.565799
     0.071985     1.570846
     0.073659     1.575938
     0.075333     1.581076
     0.077007     1.586257
     0.078681     1.591484
     0.080355     1.596754
     0.082029     1.602068
     0.083703     1.607426
     0.085377     1.612827
     0.087051     1.618272
     0.088726     1.623759
     0.090400     1.629290
     0.092074     1.634863
     0.093748     1.640478
     0.095422     1.646136
     0.097096     1.651836
     0.098770     1.657578
     0.100444     1.663361
     0.102118     1.669185
     0.103792     1.675050
     0.105466     1.680957
     0.107140     1.686903
     0.108814     1.692890
     0.110488     1.698916
     0.112163     1.704982
     0.113837     1.711087
     0.115511     1.717231
     0.117185     1.723412
     0.118859     1.729632
     0.120533     1.735889
     0.122207     1.742183
     0.123881     1.748514
     0.125555     1.754880
     0.127229     1.761282
     0.128903     1.767719
     0.130577     1.774190
     0.132251     1.780695
     0.133925     1.787232
     0.135599     1.793803
     0.137274     1.800405
     0.138948     1.807039
     0.140622     1.813703
     0.142296     1.820397
     0.143970     1.827121
     0.145644     1.833873
     0.147318     1.840652
     0.148992     1.847459
     0.150666     1.854292
     0.152340     1.861151
     0.154014     1.868034
     0.155688     1.874941
     0.157362     1.881872
     0.159036     1.888825
     0.160710     1.895799
     0.162385     1.902794
     0.164059     1.909809
     0.165733     1.916844
     0.167407     1.923896


    -0.167407     2.322808
    -0.165733     2.313795
    -0.164059     2.304801
    -0.162385     2.295829
    -0.160710     2.286881
    -0.159036     2.277958
    -0.157362     2.269063
    -0.155688     2.260197
    -0.154014     2.251363
    -0.152340     2.242561
    -0.150666     2.233795
    -0.148992     2.225065
    -0.147318     2.216374
    -0.145644     2.207723
    -0.143970     2.199115
    -0.142296     2.190550
    -0.140622     2.182030
    -0.138948     2.173558
    -0.137274     2.165135
    -0.135599     2.156763
    -0.133925     2.148442
    -0.132251     2.140176
    -0.130577     2.131965
    -0.128903     2.123810
    -0.127229     2.115715
    -0.125555     2.107679
    -0.123881     2.099705
    -0.122207     2.091794
    -0.120533     2.083948
    -0.118859     2.076167
    -0.117185     2.068454
    -0.115511     2.060810
    -0.113837     2.053236
    -0.112163     2.045733
    -0.110488     2.038304
    -0.108814     2.030948
    -0.107140     2.023669
    -0.105466     2.016466
    -0.103792     2.009342
    -0.102118     2.002297
    -0.100444     1.995333
    -0.098770     1.988450
    -0.097096     1.981651
    -0.095422     1.974937
    -0.093748     1.968308
    -0.092074     1.961767
    -0.090400     1.955313
    -0.088726     1.948949
    -0.087051     1.942675
    -0.085377     1.936492
    -0.083703     1.930403
    -0.082029     1.924407
    -0.080355     1.918507
    -0.078681     1.912703
    -0.077007     1.906996
    -0.075333     1.901387
    -0.073659     1.895878
    -0.071985     1.890470
    -0.070311     1.885164
    -0.068637     1.879960
    -0.066963     1.874861
    -0.065289     1.869866
    -0.063615     1.864978
    -0.061940     1.860197
    -0.060266     1.855525
    -0.058592     1.850962
    -0.056918     1.846509
    -0.055244     1.842168
    -0.053570     1.837940
    -0.051896     1.833825
    -0.050222     1.829825
    -0.048548     1.825942
    -0.046874     1.822175
    -0.045200     1.818526
    -0.043526     1.814996
    -0.041852     1.811587
    -0.040178     1.808298
    -0.038504     1.805132
    -0.036829     1.802089
    -0.035155     1.799171
    -0.033481     1.796378
    -0.031807     1.793711
    -0.030133     1.791172
    -0.028459     1.788761
    -0.026785     1.786479
    -0.025111     1.784328
    -0.023437     1.782308
    -0.021763     1.780420
    -0.020089     1.778665
    -0.018415     1.777045
    -0.016741     1.775561
    -0.015067     1.774213
    -0.013393     1.773003
    -0.011718     1.771933
    -0.010044     1.771005
    -0.008370     1.770220
    -0.006696     1.769578
    -0.005022     1.769081
    -0.003348     1.768729
    -0.001674     1.768521
     0.000000     1.768454
     0.001674     1.768523
     0.003348     1.768730
     0.005022     1.769081
     0.006696     1.769577
     0.008370     1.770216
     0.010044     1.770998
     0.011718     1.771924
     0.013393     1.772990
     0.015067     1.774197
     0.016741     1.775542
     0.018415     1.777025
     0.020089     1.778643
     0.021763     1.780396
     0.023437     1.782282
     0.025111     1.784302
     0.026785     1.786452
     0.028459     1.788733
     0.030133     1.791144
     0.031807     1.793683
     0.033481     1.796350
     0.035155     1.799143
     0.036829     1.802061
     0.038504     1.805104
     0.040178     1.808270
     0.041852     1.811558
     0.043526     1.814967
     0.045200     1.818497
     0.046874     1.822146
     0.048548     1.825913
     0.050222     1.829796
     0.051896     1.833796
     0.053570     1.837911
     0.055244     1.842139
     0.056918     1.846480
     0.058592     1.850933
     0.060266     1.855496
     0.061940     1.860169
     0.063615     1.864950
     0.065289     1.869838
     0.066963     1.874833
     0.068637     1.879932
     0.070311     1.885136
     0.071985     1.890443
     0.073659     1.895851
     0.075333     1.901360
     0.077007     1.906969
     0.078681     1.912676
     0.080355     1.918481
     0.082029     1.924382
     0.083703     1.930378
     0.085377     1.936467
     0.087051     1.942650
     0.088726     1.948924
     0.090400     1.955289
     0.092074     1.961743
     0.093748     1.968285
     0.095422     1.974914
     0.097096     1.981629
     0.098770     1.988429
     0.100444     1.995311
     0.102118     2.002276
     0.103792     2.009321
     0.105466     2.016446
     0.107140     2.023649
     0.108814     2.030929
     0.110488     2.038285
     0.112163     2.045715
     0.113837     2.053218
     0.115511     2.060792
     0.117185     2.068437
     0.118859     2.076151
     0.120533     2.083932
     0.122207     2.091779
     0.123881     2.099690
     0.125555     2.107664
     0.127229     2.115701
     0.128903     2.123797
     0.130577     2.131951
     0.132251     2.140163
     0.133925     2.148430
     0.135599     2.156751
     0.137274     2.165124
     0.138948     2.173547
     0.140622     2.182020
     0.142296     2.190539
     0.143970     2.199105
     0.145644     2.207714
     0.147318     2.216365
     0.148992     2.225057
     0.150666     2.233787
     0.152340     2.242553
     0.154014     2.251355
     0.155688     2.260190
     0.157362     2.269056
     0.159036     2.277952
     0.160710     2.286875
     0.162385     2.295823
     0.164059     2.304796
     0.165733     2.313790
     0.167407     2.322804


    -0.167407     2.364857
    -0.165733     2.355877
    -0.164059     2.346892
    -0.162385     2.337903
    -0.160710     2.328912
    -0.159036     2.319920
    -0.157362     2.310931
    -0.155688     2.301945
    -0.154014     2.292966
    -0.152340     2.283994
    -0.150666     2.275032
    -0.148992     2.266081
    -0.147318     2.257144
    -0.145644     2.248223
    -0.143970     2.239320
    -0.142296     2.230436
    -0.140622     2.221574
    -0.138948     2.212736
    -0.137274     2.203923
    -0.135599     2.195138
    -0.133925     2.186383
    -0.132251     2.177660
    -0.130577     2.168971
    -0.128903     2.160318
    -0.127229     2.151704
    -0.125555     2.143129
    -0.123881     2.134597
    -0.122207     2.126110
    -0.120533     2.117669
    -0.118859     2.109277
    -0.117185     2.100936
    -0.115511     2.092648
    -0.113837     2.084416
    -0.112163     2.076241
    -0.110488     2.068126
    -0.108814     2.060074
    -0.107140     2.052085
    -0.105466     2.044163
    -0.103792     2.036310
    -0.102118     2.028528
    -0.100444     2.020820
    -0.098770     2.013187
    -0.097096     2.005632
    -0.095422     1.998157
    -0.093748     1.990765
    -0.092074     1.983458
    -0.090400     1.976238
    -0.088726     1.969108
    -0.087051     1.962069
    -0.085377     1.955125
    -0.083703     1.948277
    -0.082029     1.941528
    -0.080355     1.934880
    -0.078681     1.928336
    -0.077007     1.921897
    -0.075333     1.915565
    -0.073659     1.909344
    -0.071985     1.903235
    -0.070311     1.897240
    -0.068637     1.891362
    -0.066963     1.885602
    -0.065289     1.879963
    -0.063615     1.874447
    -0.061940     1.869055
    -0.060266     1.863789
    -0.058592     1.858652
    -0.056918     1.853644
    -0.055244     1.848769
    -0.053570     1.844026
    -0.051896     1.839419
    -0.050222     1.834949
    -0.048548     1.830616
    -0.046874     1.826422
    -0.045200     1.822370
    -0.043526     1.818458
    -0.041852     1.814690
    -0.040178     1.811066
    -0.038504     1.807587
    -0.036829     1.804254
    -0.035155     1.801067
    -0.033481     1.798027
    -0.031807     1.795136
    -0.030133     1.792393
    -0.028459     1.789799
    -0.026785     1.787355
    -0.025111     1.785060
    -0.023437     1.782915
    -0.021763     1.780920
    -0.020089     1.779076
    -0.018415     1.777381
    -0.016741     1.775837
    -0.015067     1.774442
    -0.013393     1.773195
    -0.011718     1.772096
    -0.010044     1.771143
    -0.008370     1.770336
    -0.006696     1.769675
    -0.005022     1.769157
    -0.003348     1.768785
    -0.001674     1.768558
     0.000000     1.768480
     0.001674     1.768555
     0.003348     1.768782
     0.005022     1.769155
     0.006696     1.769673
     0.008370     1.770337
     0.010044     1.771146
     0.011718     1.772101
     0.013393     1.773202
     0.015067     1.774451
     0.016741     1.775848
     0.018415     1.777395
     0.020089     1.779090
     0.021763     1.780935
     0.023437     1.782930
     0.025111     1.785076
     0.026785     1.787370
     0.028459     1.789815
     0.030133     1.792409
     0.031807     1.795151
     0.033481     1.798043
     0.035155     1.801082
     0.036829     1.804268
     0.038504     1.807601
     0.040178     1.811080
     0.041852     1.814704
     0.043526     1.818472
     0.045200     1.822383
     0.046874     1.826435
     0.048548     1.830628
     0.050222     1.834961
     0.051896     1.839431
     0.053570     1.844038
     0.055244     1.848780
     0.056918     1.853655
     0.058592     1.858663
     0.060266     1.863800
     0.061940     1.869065
     0.063615     1.874457
     0.065289     1.879973
     0.066963     1.885612
     0.068637     1.891372
     0.070311     1.897250
     0.071985     1.903244
     0.073659     1.909353
     0.075333     1.915574
     0.077007     1.921905
     0.078681     1.928344
     0.080355     1.934889
     0.082029     1.941536
     0.083703     1.948285
     0.085377     1.955133
     0.087051     1.962077
     0.088726     1.969115
     0.090400     1.976246
     0.092074     1.983465
     0.093748     1.990772
     0.095422     1.998164
     0.097096     2.005639
     0.098770     2.013194
     0.100444     2.020826
     0.102118     2.028535
     0.103792     2.036317
     0.105466     2.044170
     0.107140     2.052092
     0.108814     2.060080
     0.110488     2.068133
     0.112163     2.076248
     0.113837     2.084422
     0.115511     2.092654
     0.117185     2.100942
     0.118859     2.109283
     0.120533     2.117675
     0.122207     2.126116
     0.123881     2.134603
     0.125555     2.143135
     0.127229     2.151710
     0.128903     2.160324
     0.130577     2.168977
     0.132251     2.177666
     0.133925     2.186389
     0.135599     2.195144
     0.137274     2.203929
     0.138948     2.212742
     0.140622     2.221580
     0.142296     2.230442
     0.143970     2.239326
     0.145644     2.248229
     0.147318     2.257150
     0.148992     2.266087
     0.150666     2.275038
     0.152340     2.284000
     0.154014     2.292972
     0.155688     2.301952
     0.157362     2.310937
     0.159036     2.319927
     0.160710     2.328918
     0.162385     2.337909
     0.164059     2.346898
     0.165733     2.355884
     0.167407     2.364864


